# Ref time     : 0.0000000e+00
# Ref step     : 0

# Mass_Psi     : total ELBDM mass
# MomX/Y/Z_Psi : total ELBDM momentum
# Ekin_Psi     : total ELBDM kinetic energy
# Epot_Psi     : total ELBDM potential energy
# Esel_Psi     : total ELBDM self-interaction energy
# Etot_Psi     : total ELBDM energy

# AErr         : absolute error --> (now - ref)
# RErr         : relative error --> (now - ref) / abs(ref)
#---------------------------------------------------------------------------------------------------------------------------------------------------------------------------------------

#        [ 1]        [ 2]            [ 3]            [ 4]            [ 5]            [ 6]            [ 7]            [ 8]            [ 9]            [10]            [11]            [12]            [13]            [14]            [15]            [16]            [17]            [18]            [19]            [20]            [21]            [22]            [23]            [24]            [25]            [26]            [27]            [28]            [29]            [30]            [31]            [32]            [33]            [34]            [35]            [36]            [37]            [38]            [39]            [40]            [41]            [42]            [43]            [44]            [45]            [46]            [47]            [48]            [49]            [50]            [51]            [52]            [53]            [54]            [55]            [56]            [57]            [58]            [59]            [60]            [61]            [62]            [63]            [64]            [65]            [66]            [67]            [68]            [69]            [70]            [71]            [72]            [73]            [74]            [75]            [76]            [77]            [78]            [79]            [80]
#        Time        Step        Mass_Psi   Mass_Psi_AErr   Mass_Psi_RErr        MomX_Psi   MomX_Psi_AErr   MomX_Psi_RErr        MomY_Psi   MomY_Psi_AErr   MomY_Psi_RErr        MomZ_Psi   MomZ_Psi_AErr   MomZ_Psi_RErr        Ekin_Psi   Ekin_Psi_AErr   Ekin_Psi_RErr        Epot_Psi   Epot_Psi_AErr   Epot_Psi_RErr        Esel_Psi   Esel_Psi_AErr   Esel_Psi_RErr        Etot_Psi   Etot_Psi_AErr   Etot_Psi_RErr
0.0000000e+00           0   1.5625000e-02   0.0000000e+00   0.0000000e+00   1.0262318e-03   0.0000000e+00   0.0000000e+00   0.0000000e+00   0.0000000e+00            -nan   0.0000000e+00   0.0000000e+00            -nan   1.1307476e-04   0.0000000e+00   0.0000000e+00   0.0000000e+00   0.0000000e+00            -nan   0.0000000e+00   0.0000000e+00            -nan   1.1307476e-04   0.0000000e+00   0.0000000e+00
1.0879732e-03           1   1.5625000e-02  -1.0122111e-14  -6.4781513e-13   1.0262318e-03  -3.1446200e-15  -3.0642396e-12   0.0000000e+00   0.0000000e+00            -nan   0.0000000e+00   0.0000000e+00            -nan   1.1307476e-04  -5.3051368e-16  -4.6917073e-12   0.0000000e+00   0.0000000e+00            -nan   0.0000000e+00   0.0000000e+00            -nan   1.1307476e-04  -5.3051368e-16  -4.6917073e-12
2.1759465e-03           2   1.5625000e-02  -2.2166297e-14  -1.4186430e-12   1.0262318e-03  -6.2588823e-15  -6.0988975e-12   0.0000000e+00   0.0000000e+00            -nan   0.0000000e+00   0.0000000e+00            -nan   1.1307476e-04  -1.0736041e-15  -9.4946396e-12   0.0000000e+00   0.0000000e+00            -nan   0.0000000e+00   0.0000000e+00            -nan   1.1307476e-04  -1.0736041e-15  -9.4946396e-12
3.2639197e-03           3   1.5625000e-02  -2.9901429e-14  -1.9136914e-12   1.0262318e-03  -8.9531247e-15  -8.7242717e-12   0.0000000e+00   0.0000000e+00            -nan   0.0000000e+00   0.0000000e+00            -nan   1.1307476e-04  -1.6014208e-15  -1.4162496e-11   0.0000000e+00   0.0000000e+00            -nan   0.0000000e+00   0.0000000e+00            -nan   1.1307476e-04  -1.6014208e-15  -1.4162496e-11
4.3518930e-03           4   1.5625000e-02  -4.0268136e-14  -2.5771607e-12   1.0262318e-03  -1.1830814e-14  -1.1528404e-11   0.0000000e+00   0.0000000e+00            -nan   0.0000000e+00   0.0000000e+00            -nan   1.1307476e-04  -2.1313111e-15  -1.8848690e-11   0.0000000e+00   0.0000000e+00            -nan   0.0000000e+00   0.0000000e+00            -nan   1.1307476e-04  -2.1313111e-15  -1.8848690e-11
5.4398662e-03           5   1.5625000e-02  -4.7625098e-14  -3.0480063e-12   1.0262318e-03  -1.4919056e-14  -1.4537706e-11   0.0000000e+00   0.0000000e+00            -nan   0.0000000e+00   0.0000000e+00            -nan   1.1307476e-04  -2.6598190e-15  -2.3522659e-11   0.0000000e+00   0.0000000e+00            -nan   0.0000000e+00   0.0000000e+00            -nan   1.1307476e-04  -2.6598190e-15  -2.3522659e-11
6.5278395e-03           6   1.5625000e-02  -5.8300587e-14  -3.7312375e-12   1.0262318e-03  -1.8071482e-14  -1.7609552e-11   0.0000000e+00   0.0000000e+00            -nan   0.0000000e+00   0.0000000e+00            -nan   1.1307476e-04  -3.2076934e-15  -2.8367900e-11   0.0000000e+00   0.0000000e+00            -nan   0.0000000e+00   0.0000000e+00            -nan   1.1307476e-04  -3.2076934e-15  -2.8367900e-11
7.6158127e-03           7   1.5625000e-02  -6.8459127e-14  -4.3813841e-12   1.0262318e-03  -2.1425353e-14  -2.0877694e-11   0.0000000e+00   0.0000000e+00            -nan   0.0000000e+00   0.0000000e+00            -nan   1.1307476e-04  -3.7245326e-15  -3.2938674e-11   0.0000000e+00   0.0000000e+00            -nan   0.0000000e+00   0.0000000e+00            -nan   1.1307476e-04  -3.7245326e-15  -3.2938674e-11
8.7037860e-03           8   1.5625000e-02  -7.7972351e-14  -4.9902305e-12   1.0262318e-03  -2.4053459e-14  -2.3438622e-11   0.0000000e+00   0.0000000e+00            -nan   0.0000000e+00   0.0000000e+00            -nan   1.1307476e-04  -4.2547346e-15  -3.7627624e-11   0.0000000e+00   0.0000000e+00            -nan   0.0000000e+00   0.0000000e+00            -nan   1.1307476e-04  -4.2547346e-15  -3.7627624e-11
9.7917592e-03           9   1.5625000e-02  -8.7482105e-14  -5.5988547e-12   1.0262318e-03  -2.7341194e-14  -2.6642319e-11   0.0000000e+00   0.0000000e+00            -nan   0.0000000e+00   0.0000000e+00            -nan   1.1307476e-04  -4.7904660e-15  -4.2365476e-11   0.0000000e+00   0.0000000e+00            -nan   0.0000000e+00   0.0000000e+00            -nan   1.1307476e-04  -4.7904660e-15  -4.2365476e-11
1.0879732e-02          10   1.5625000e-02  -9.7408193e-14  -6.2341243e-12   1.0262318e-03  -2.9956506e-14  -2.9190780e-11   0.0000000e+00   0.0000000e+00            -nan   0.0000000e+00   0.0000000e+00            -nan   1.1307476e-04  -5.3212914e-15  -4.7059940e-11   0.0000000e+00   0.0000000e+00            -nan   0.0000000e+00   0.0000000e+00            -nan   1.1307476e-04  -5.3212914e-15  -4.7059940e-11
1.1967706e-02          11   1.5625000e-02  -1.0554405e-13  -6.7548189e-12   1.0262318e-03  -3.2959312e-14  -3.2116831e-11   0.0000000e+00   0.0000000e+00            -nan   0.0000000e+00   0.0000000e+00            -nan   1.1307476e-04  -5.8706024e-15  -5.1917885e-11   0.0000000e+00   0.0000000e+00            -nan   0.0000000e+00   0.0000000e+00            -nan   1.1307476e-04  -5.8706024e-15  -5.1917885e-11
1.3055679e-02          12   1.5625000e-02  -1.1541983e-13  -7.3868689e-12   1.0262318e-03  -3.5962769e-14  -3.5043516e-11   0.0000000e+00   0.0000000e+00            -nan   0.0000000e+00   0.0000000e+00            -nan   1.1307476e-04  -6.3907348e-15  -5.6517784e-11   0.0000000e+00   0.0000000e+00            -nan   0.0000000e+00   0.0000000e+00            -nan   1.1307476e-04  -6.3907348e-15  -5.6517784e-11
1.4143652e-02          13   1.5625000e-02  -1.2373262e-13  -7.9188878e-12   1.0262318e-03  -3.9148806e-14  -3.8148113e-11   0.0000000e+00   0.0000000e+00            -nan   0.0000000e+00   0.0000000e+00            -nan   1.1307476e-04  -6.9363054e-15  -6.1342650e-11   0.0000000e+00   0.0000000e+00            -nan   0.0000000e+00   0.0000000e+00            -nan   1.1307476e-04  -6.9363054e-15  -6.1342650e-11
1.5231625e-02          14   1.5625000e-02  -1.3503088e-13  -8.6419760e-12   1.0262318e-03  -4.2309472e-14  -4.1227989e-11   0.0000000e+00   0.0000000e+00            -nan   0.0000000e+00   0.0000000e+00            -nan   1.1307476e-04  -7.4566953e-15  -6.5944826e-11   0.0000000e+00   0.0000000e+00            -nan   0.0000000e+00   0.0000000e+00            -nan   1.1307476e-04  -7.4566953e-15  -6.5944826e-11
1.6319599e-02          15   1.5625000e-02  -1.4610882e-13  -9.3509644e-12   1.0262318e-03  -4.5302087e-14  -4.4144109e-11   0.0000000e+00   0.0000000e+00            -nan   0.0000000e+00   0.0000000e+00            -nan   1.1307476e-04  -7.9987151e-15  -7.0738289e-11   0.0000000e+00   0.0000000e+00            -nan   0.0000000e+00   0.0000000e+00            -nan   1.1307476e-04  -7.9987151e-15  -7.0738289e-11
1.7407572e-02          16   1.5625000e-02  -1.5384222e-13  -9.8459019e-12   1.0262318e-03  -4.8296003e-14  -4.7061497e-11   0.0000000e+00   0.0000000e+00            -nan   0.0000000e+00   0.0000000e+00            -nan   1.1307476e-04  -8.5087238e-15  -7.5248657e-11   0.0000000e+00   0.0000000e+00            -nan   0.0000000e+00   0.0000000e+00            -nan   1.1307476e-04  -8.5087238e-15  -7.5248657e-11
1.8495545e-02          17   1.5625000e-02  -1.6444658e-13  -1.0524581e-11   1.0262318e-03  -5.1065922e-14  -4.9760614e-11   0.0000000e+00   0.0000000e+00            -nan   0.0000000e+00   0.0000000e+00            -nan   1.1307476e-04  -9.0551210e-15  -8.0080834e-11   0.0000000e+00   0.0000000e+00            -nan   0.0000000e+00   0.0000000e+00            -nan   1.1307476e-04  -9.0551210e-15  -8.0080834e-11
1.9583518e-02          18   1.5625000e-02  -1.7464155e-13  -1.1177059e-11   1.0262318e-03  -5.3975921e-14  -5.2596229e-11   0.0000000e+00   0.0000000e+00            -nan   0.0000000e+00   0.0000000e+00            -nan   1.1307476e-04  -9.5742099e-15  -8.4671503e-11   0.0000000e+00   0.0000000e+00            -nan   0.0000000e+00   0.0000000e+00            -nan   1.1307476e-04  -9.5742099e-15  -8.4671503e-11
2.0671492e-02          19   1.5625000e-02  -1.8174524e-13  -1.1631696e-11   1.0262318e-03  -5.7121842e-14  -5.5661737e-11   0.0000000e+00   0.0000000e+00            -nan   0.0000000e+00   0.0000000e+00            -nan   1.1307476e-04  -1.0127153e-14  -8.9561570e-11   0.0000000e+00   0.0000000e+00            -nan   0.0000000e+00   0.0000000e+00            -nan   1.1307476e-04  -1.0127153e-14  -8.9561570e-11
2.1759465e-02          20   1.5625000e-02  -1.9314411e-13  -1.2361223e-11   1.0262318e-03  -6.0229599e-14  -5.8690055e-11   0.0000000e+00   0.0000000e+00            -nan   0.0000000e+00   0.0000000e+00            -nan   1.1307476e-04  -1.0644860e-14  -9.4140015e-11   0.0000000e+00   0.0000000e+00            -nan   0.0000000e+00   0.0000000e+00            -nan   1.1307476e-04  -1.0644860e-14  -9.4140015e-11
2.2847438e-02          21   1.5625000e-02  -2.0245958e-13  -1.2957413e-11   1.0262318e-03  -6.2883726e-14  -6.1276340e-11   0.0000000e+00   0.0000000e+00            -nan   0.0000000e+00   0.0000000e+00            -nan   1.1307476e-04  -1.1204687e-14  -9.9090967e-11   0.0000000e+00   0.0000000e+00            -nan   0.0000000e+00   0.0000000e+00            -nan   1.1307476e-04  -1.1204687e-14  -9.9090967e-11
2.3935411e-02          22   1.5625000e-02  -2.1369018e-13  -1.3676171e-11   1.0262318e-03  -6.6105975e-14  -6.4416224e-11   0.0000000e+00   0.0000000e+00            -nan   0.0000000e+00   0.0000000e+00            -nan   1.1307476e-04  -1.1713151e-14  -1.0358767e-10   0.0000000e+00   0.0000000e+00            -nan   0.0000000e+00   0.0000000e+00            -nan   1.1307476e-04  -1.1713151e-14  -1.0358767e-10
2.5023385e-02          23   1.5625000e-02  -2.2211052e-13  -1.4215074e-11   1.0262318e-03  -6.8892808e-14  -6.7131822e-11   0.0000000e+00   0.0000000e+00            -nan   0.0000000e+00   0.0000000e+00            -nan   1.1307476e-04  -1.2273941e-14  -1.0854713e-10   0.0000000e+00   0.0000000e+00            -nan   0.0000000e+00   0.0000000e+00            -nan   1.1307476e-04  -1.2273941e-14  -1.0854713e-10
2.6111358e-02          24   1.5625000e-02  -2.3066792e-13  -1.4762747e-11   1.0262318e-03  -7.2262725e-14  -7.0415600e-11   0.0000000e+00   0.0000000e+00            -nan   0.0000000e+00   0.0000000e+00            -nan   1.1307476e-04  -1.2780345e-14  -1.1302562e-10   0.0000000e+00   0.0000000e+00            -nan   0.0000000e+00   0.0000000e+00            -nan   1.1307476e-04  -1.2780345e-14  -1.1302562e-10
2.7199331e-02          25   1.5625000e-02  -2.4101728e-13  -1.5425106e-11   1.0262318e-03  -7.4724732e-14  -7.2814674e-11   0.0000000e+00   0.0000000e+00            -nan   0.0000000e+00   0.0000000e+00            -nan   1.1307476e-04  -1.3344957e-14  -1.1801888e-10   0.0000000e+00   0.0000000e+00            -nan   0.0000000e+00   0.0000000e+00            -nan   1.1307476e-04  -1.3344957e-14  -1.1801888e-10
2.8287304e-02          26   1.5625000e-02  -2.5026335e-13  -1.6016855e-11   1.0262318e-03  -7.8099202e-14  -7.6102890e-11   0.0000000e+00   0.0000000e+00            -nan   0.0000000e+00   0.0000000e+00            -nan   1.1307476e-04  -1.3859614e-14  -1.2257036e-10   0.0000000e+00   0.0000000e+00            -nan   0.0000000e+00   0.0000000e+00            -nan   1.1307476e-04  -1.3859614e-14  -1.2257036e-10
2.9375278e-02          27   1.5625000e-02  -2.5736878e-13  -1.6471602e-11   1.0262318e-03  -8.1115019e-14  -7.9041618e-11   0.0000000e+00   0.0000000e+00            -nan   0.0000000e+00   0.0000000e+00            -nan   1.1307476e-04  -1.4379679e-14  -1.2716966e-10   0.0000000e+00   0.0000000e+00            -nan   0.0000000e+00   0.0000000e+00            -nan   1.1307476e-04  -1.4379679e-14  -1.2716966e-10
3.0463251e-02          28   1.5625000e-02  -2.7129687e-13  -1.7363000e-11   1.0262318e-03  -8.4062531e-14  -8.1913788e-11   0.0000000e+00   0.0000000e+00            -nan   0.0000000e+00   0.0000000e+00            -nan   1.1307476e-04  -1.4914543e-14  -1.3189984e-10   0.0000000e+00   0.0000000e+00            -nan   0.0000000e+00   0.0000000e+00            -nan   1.1307476e-04  -1.4914543e-14  -1.3189984e-10
3.1551224e-02          29   1.5625000e-02  -2.8200879e-13  -1.8048563e-11   1.0262318e-03  -8.7229269e-14  -8.4999580e-11   0.0000000e+00   0.0000000e+00            -nan   0.0000000e+00   0.0000000e+00            -nan   1.1307476e-04  -1.5456779e-14  -1.3669522e-10   0.0000000e+00   0.0000000e+00            -nan   0.0000000e+00   0.0000000e+00            -nan   1.1307476e-04  -1.5456779e-14  -1.3669522e-10
3.2639197e-02          30   1.5625000e-02  -2.9064771e-13  -1.8601454e-11   1.0262318e-03  -9.0297778e-14  -8.7989654e-11   0.0000000e+00   0.0000000e+00            -nan   0.0000000e+00   0.0000000e+00            -nan   1.1307476e-04  -1.5979026e-14  -1.4131382e-10   0.0000000e+00   0.0000000e+00            -nan   0.0000000e+00   0.0000000e+00            -nan   1.1307476e-04  -1.5979026e-14  -1.4131382e-10
3.3727171e-02          31   1.5625000e-02  -2.9824060e-13  -1.9087398e-11   1.0262318e-03  -9.3482947e-14  -9.1093406e-11   0.0000000e+00   0.0000000e+00            -nan   0.0000000e+00   0.0000000e+00            -nan   1.1307476e-04  -1.6513537e-14  -1.4604088e-10   0.0000000e+00   0.0000000e+00            -nan   0.0000000e+00   0.0000000e+00            -nan   1.1307476e-04  -1.6513537e-14  -1.4604088e-10
3.4815144e-02          32   1.5625000e-02  -3.0664360e-13  -1.9625190e-11   1.0262318e-03  -9.6278671e-14  -9.3817668e-11   0.0000000e+00   0.0000000e+00            -nan   0.0000000e+00   0.0000000e+00            -nan   1.1307476e-04  -1.7041720e-14  -1.5071197e-10   0.0000000e+00   0.0000000e+00            -nan   0.0000000e+00   0.0000000e+00            -nan   1.1307476e-04  -1.7041720e-14  -1.5071197e-10
3.5903117e-02          33   1.5625000e-02  -3.1874156e-13  -2.0399460e-11   1.0262318e-03  -9.9047073e-14  -9.6515306e-11   0.0000000e+00   0.0000000e+00            -nan   0.0000000e+00   0.0000000e+00            -nan   1.1307476e-04  -1.7580569e-14  -1.5547739e-10   0.0000000e+00   0.0000000e+00            -nan   0.0000000e+00   0.0000000e+00            -nan   1.1307476e-04  -1.7580569e-14  -1.5547739e-10
3.6991090e-02          34   1.5625000e-02  -3.2750018e-13  -2.0960012e-11   1.0262318e-03  -1.0235432e-13  -9.9738019e-11   0.0000000e+00   0.0000000e+00            -nan   0.0000000e+00   0.0000000e+00            -nan   1.1307476e-04  -1.8116490e-14  -1.6021692e-10   0.0000000e+00   0.0000000e+00            -nan   0.0000000e+00   0.0000000e+00            -nan   1.1307476e-04  -1.8116490e-14  -1.6021692e-10
3.8079064e-02          35   1.5625000e-02  -3.3742800e-13  -2.1595392e-11   1.0262318e-03  -1.0549612e-13  -1.0279951e-10   0.0000000e+00   0.0000000e+00            -nan   0.0000000e+00   0.0000000e+00            -nan   1.1307476e-04  -1.8658848e-14  -1.6501338e-10   0.0000000e+00   0.0000000e+00            -nan   0.0000000e+00   0.0000000e+00            -nan   1.1307476e-04  -1.8658848e-14  -1.6501338e-10
3.9167037e-02          36   1.5625000e-02  -3.4462190e-13  -2.2055802e-11   1.0262318e-03  -1.0798719e-13  -1.0522690e-10   0.0000000e+00   0.0000000e+00            -nan   0.0000000e+00   0.0000000e+00            -nan   1.1307476e-04  -1.9175715e-14  -1.6958439e-10   0.0000000e+00   0.0000000e+00            -nan   0.0000000e+00   0.0000000e+00            -nan   1.1307476e-04  -1.9175715e-14  -1.6958439e-10
4.0255010e-02          37   1.5625000e-02  -3.5320011e-13  -2.2604807e-11   1.0262318e-03  -1.1143972e-13  -1.0859118e-10   0.0000000e+00   0.0000000e+00            -nan   0.0000000e+00   0.0000000e+00            -nan   1.1307476e-04  -1.9712286e-14  -1.7432968e-10   0.0000000e+00   0.0000000e+00            -nan   0.0000000e+00   0.0000000e+00            -nan   1.1307476e-04  -1.9712286e-14  -1.7432968e-10
4.1342983e-02          38   1.5625000e-02  -3.6612033e-13  -2.3431701e-11   1.0262318e-03  -1.1443884e-13  -1.1151364e-10   0.0000000e+00   0.0000000e+00            -nan   0.0000000e+00   0.0000000e+00            -nan   1.1307476e-04  -2.0236634e-14  -1.7896685e-10   0.0000000e+00   0.0000000e+00            -nan   0.0000000e+00   0.0000000e+00            -nan   1.1307476e-04  -2.0236634e-14  -1.7896685e-10
4.2430957e-02          39   1.5625000e-02  -3.7252319e-13  -2.3841484e-11   1.0262318e-03  -1.1722676e-13  -1.1423030e-10   0.0000000e+00   0.0000000e+00            -nan   0.0000000e+00   0.0000000e+00            -nan   1.1307476e-04  -2.0768435e-14  -1.8366994e-10   0.0000000e+00   0.0000000e+00            -nan   0.0000000e+00   0.0000000e+00            -nan   1.1307476e-04  -2.0768435e-14  -1.8366994e-10
4.3518930e-02          40   1.5625000e-02  -3.8445115e-13  -2.4604874e-11   1.0262318e-03  -1.2042038e-13  -1.1734229e-10   0.0000000e+00   0.0000000e+00            -nan   0.0000000e+00   0.0000000e+00            -nan   1.1307476e-04  -2.1310346e-14  -1.8846245e-10   0.0000000e+00   0.0000000e+00            -nan   0.0000000e+00   0.0000000e+00            -nan   1.1307476e-04  -2.1310346e-14  -1.8846245e-10
4.4606903e-02          41   1.5625000e-02  -3.9346477e-13  -2.5181746e-11   1.0262318e-03  -1.2331477e-13  -1.2016269e-10   0.0000000e+00   0.0000000e+00            -nan   0.0000000e+00   0.0000000e+00            -nan   1.1307476e-04  -2.1863845e-14  -1.9335743e-10   0.0000000e+00   0.0000000e+00            -nan   0.0000000e+00   0.0000000e+00            -nan   1.1307476e-04  -2.1863845e-14  -1.9335743e-10
4.5694876e-02          42   1.5625000e-02  -4.0459823e-13  -2.5894287e-11   1.0262318e-03  -1.2667385e-13  -1.2343590e-10   0.0000000e+00   0.0000000e+00            -nan   0.0000000e+00   0.0000000e+00            -nan   1.1307476e-04  -2.2398045e-14  -1.9808174e-10   0.0000000e+00   0.0000000e+00            -nan   0.0000000e+00   0.0000000e+00            -nan   1.1307476e-04  -2.2398045e-14  -1.9808174e-10
4.6782849e-02          43   1.5625000e-02  -4.1423635e-13  -2.6511127e-11   1.0262318e-03  -1.2948366e-13  -1.2617390e-10   0.0000000e+00   0.0000000e+00            -nan   0.0000000e+00   0.0000000e+00            -nan   1.1307476e-04  -2.2897835e-14  -2.0250173e-10   0.0000000e+00   0.0000000e+00            -nan   0.0000000e+00   0.0000000e+00            -nan   1.1307476e-04  -2.2897835e-14  -2.0250173e-10
4.7870823e-02          44   1.5625000e-02  -4.2323783e-13  -2.7087221e-11   1.0262318e-03  -1.3222648e-13  -1.2884660e-10   0.0000000e+00   0.0000000e+00            -nan   0.0000000e+00   0.0000000e+00            -nan   1.1307476e-04  -2.3440166e-14  -2.0729795e-10   0.0000000e+00   0.0000000e+00            -nan   0.0000000e+00   0.0000000e+00            -nan   1.1307476e-04  -2.3440166e-14  -2.0729795e-10
4.8958796e-02          45   1.5625000e-02  -4.3493334e-13  -2.7835734e-11   1.0262318e-03  -1.3544027e-13  -1.3197825e-10   0.0000000e+00   0.0000000e+00            -nan   0.0000000e+00   0.0000000e+00            -nan   1.1307476e-04  -2.3968159e-14  -2.1196737e-10   0.0000000e+00   0.0000000e+00            -nan   0.0000000e+00   0.0000000e+00            -nan   1.1307476e-04  -2.3968159e-14  -2.1196737e-10
5.0046769e-02          46   1.5625000e-02  -4.4161202e-13  -2.8263170e-11   1.0262318e-03  -1.3823599e-13  -1.3470251e-10   0.0000000e+00   0.0000000e+00            -nan   0.0000000e+00   0.0000000e+00            -nan   1.1307476e-04  -2.4514950e-14  -2.1680302e-10   0.0000000e+00   0.0000000e+00            -nan   0.0000000e+00   0.0000000e+00            -nan   1.1307476e-04  -2.4514950e-14  -2.1680302e-10
5.1134742e-02          47   1.5625000e-02  -4.5107321e-13  -2.8868685e-11   1.0262318e-03  -1.4115575e-13  -1.3754763e-10   0.0000000e+00   0.0000000e+00            -nan   0.0000000e+00   0.0000000e+00            -nan   1.1307476e-04  -2.5047022e-14  -2.2150851e-10   0.0000000e+00   0.0000000e+00            -nan   0.0000000e+00   0.0000000e+00            -nan   1.1307476e-04  -2.5047022e-14  -2.2150851e-10
5.2222716e-02          48   1.5625000e-02  -4.5997234e-13  -2.9438230e-11   1.0262318e-03  -1.4443438e-13  -1.4074245e-10   0.0000000e+00   0.0000000e+00            -nan   0.0000000e+00   0.0000000e+00            -nan   1.1307476e-04  -2.5585382e-14  -2.2626961e-10   0.0000000e+00   0.0000000e+00            -nan   0.0000000e+00   0.0000000e+00            -nan   1.1307476e-04  -2.5585382e-14  -2.2626961e-10
5.3310689e-02          49   1.5625000e-02  -4.7046568e-13  -3.0109804e-11   1.0262318e-03  -1.4733570e-13  -1.4356962e-10   0.0000000e+00   0.0000000e+00            -nan   0.0000000e+00   0.0000000e+00            -nan   1.1307476e-04  -2.6095662e-14  -2.3078238e-10   0.0000000e+00   0.0000000e+00            -nan   0.0000000e+00   0.0000000e+00            -nan   1.1307476e-04  -2.6095662e-14  -2.3078238e-10
5.4398662e-02          50   1.5625000e-02  -4.8158005e-13  -3.0821123e-11   1.0262318e-03  -1.5056554e-13  -1.4671690e-10   0.0000000e+00   0.0000000e+00            -nan   0.0000000e+00   0.0000000e+00            -nan   1.1307476e-04  -2.6629483e-14  -2.3550333e-10   0.0000000e+00   0.0000000e+00            -nan   0.0000000e+00   0.0000000e+00            -nan   1.1307476e-04  -2.6629483e-14  -2.3550333e-10
5.5486635e-02          51   1.5625000e-02  -4.9318188e-13  -3.1563641e-11   1.0262318e-03  -1.5351739e-13  -1.4959329e-10   0.0000000e+00   0.0000000e+00            -nan   0.0000000e+00   0.0000000e+00            -nan   1.1307476e-04  -2.7171258e-14  -2.4029464e-10   0.0000000e+00   0.0000000e+00            -nan   0.0000000e+00   0.0000000e+00            -nan   1.1307476e-04  -2.7171258e-14  -2.4029464e-10
5.6574609e-02          52   1.5625000e-02  -4.9926209e-13  -3.1952774e-11   1.0262318e-03  -1.5638250e-13  -1.5238517e-10   0.0000000e+00   0.0000000e+00            -nan   0.0000000e+00   0.0000000e+00            -nan   1.1307476e-04  -2.7703290e-14  -2.4499977e-10   0.0000000e+00   0.0000000e+00            -nan   0.0000000e+00   0.0000000e+00            -nan   1.1307476e-04  -2.7703290e-14  -2.4499977e-10
5.7662582e-02          53   1.5625000e-02  -5.0713427e-13  -3.2456593e-11   1.0262318e-03  -1.5938141e-13  -1.5530742e-10   0.0000000e+00   0.0000000e+00            -nan   0.0000000e+00   0.0000000e+00            -nan   1.1307476e-04  -2.8234034e-14  -2.4969351e-10   0.0000000e+00   0.0000000e+00            -nan   0.0000000e+00   0.0000000e+00            -nan   1.1307476e-04  -2.8234034e-14  -2.4969351e-10
5.8750555e-02          54   1.5625000e-02  -5.1983765e-13  -3.3269609e-11   1.0262318e-03  -1.6251648e-13  -1.5836236e-10   0.0000000e+00   0.0000000e+00            -nan   0.0000000e+00   0.0000000e+00            -nan   1.1307476e-04  -2.8750074e-14  -2.5425722e-10   0.0000000e+00   0.0000000e+00            -nan   0.0000000e+00   0.0000000e+00            -nan   1.1307476e-04  -2.8750074e-14  -2.5425722e-10
5.9838528e-02          55   1.5625000e-02  -5.2955383e-13  -3.3891445e-11   1.0262318e-03  -1.6543624e-13  -1.6120748e-10   0.0000000e+00   0.0000000e+00            -nan   0.0000000e+00   0.0000000e+00            -nan   1.1307476e-04  -2.9298029e-14  -2.5910318e-10   0.0000000e+00   0.0000000e+00            -nan   0.0000000e+00   0.0000000e+00            -nan   1.1307476e-04  -2.9298029e-14  -2.5910318e-10
6.0926502e-02          56   1.5625000e-02  -5.3860388e-13  -3.4470649e-11   1.0262318e-03  -1.6863008e-13  -1.6431969e-10   0.0000000e+00   0.0000000e+00            -nan   0.0000000e+00   0.0000000e+00            -nan   1.1307476e-04  -2.9839887e-14  -2.6389520e-10   0.0000000e+00   0.0000000e+00            -nan   0.0000000e+00   0.0000000e+00            -nan   1.1307476e-04  -2.9839887e-14  -2.6389520e-10
6.2014475e-02          57   1.5625000e-02  -5.4672412e-13  -3.4990344e-11   1.0262318e-03  -1.7171421e-13  -1.6732498e-10   0.0000000e+00   0.0000000e+00            -nan   0.0000000e+00   0.0000000e+00            -nan   1.1307476e-04  -3.0358000e-14  -2.6847724e-10   0.0000000e+00   0.0000000e+00            -nan   0.0000000e+00   0.0000000e+00            -nan   1.1307476e-04  -3.0358000e-14  -2.6847724e-10
6.3102448e-02          58   1.5625000e-02  -5.5820279e-13  -3.5724979e-11   1.0262318e-03  -1.7429764e-13  -1.6984238e-10   0.0000000e+00   0.0000000e+00            -nan   0.0000000e+00   0.0000000e+00            -nan   1.1307476e-04  -3.0890289e-14  -2.7318465e-10   0.0000000e+00   0.0000000e+00            -nan   0.0000000e+00   0.0000000e+00            -nan   1.1307476e-04  -3.0890289e-14  -2.7318465e-10
6.4190421e-02          59   1.5625000e-02  -5.6520413e-13  -3.6173065e-11   1.0262318e-03  -1.7717577e-13  -1.7264693e-10   0.0000000e+00   0.0000000e+00            -nan   0.0000000e+00   0.0000000e+00            -nan   1.1307476e-04  -3.1428026e-14  -2.7794024e-10   0.0000000e+00   0.0000000e+00            -nan   0.0000000e+00   0.0000000e+00            -nan   1.1307476e-04  -3.1428026e-14  -2.7794024e-10
6.5278395e-02          60   1.5625000e-02  -5.7678341e-13  -3.6914138e-11   1.0262318e-03  -1.8066321e-13  -1.7604523e-10   0.0000000e+00   0.0000000e+00            -nan   0.0000000e+00   0.0000000e+00            -nan   1.1307476e-04  -3.1961779e-14  -2.8266059e-10   0.0000000e+00   0.0000000e+00            -nan   0.0000000e+00   0.0000000e+00            -nan   1.1307476e-04  -3.1961779e-14  -2.8266059e-10
6.6366368e-02          61   1.5625000e-02  -5.8824647e-13  -3.7647774e-11   1.0262318e-03  -1.8349710e-13  -1.7880668e-10   0.0000000e+00   0.0000000e+00            -nan   0.0000000e+00   0.0000000e+00            -nan   1.1307476e-04  -3.2501481e-14  -2.8743356e-10   0.0000000e+00   0.0000000e+00            -nan   0.0000000e+00   0.0000000e+00            -nan   1.1307476e-04  -3.2501481e-14  -2.8743356e-10
6.7454341e-02          62   1.5625000e-02  -5.9683682e-13  -3.8197556e-11   1.0262318e-03  -1.8641057e-13  -1.8164568e-10   0.0000000e+00   0.0000000e+00            -nan   0.0000000e+00   0.0000000e+00            -nan   1.1307476e-04  -3.3035722e-14  -2.9215823e-10   0.0000000e+00   0.0000000e+00            -nan   0.0000000e+00   0.0000000e+00            -nan   1.1307476e-04  -3.3035722e-14  -2.9215823e-10
6.8542314e-02          63   1.5625000e-02  -6.0650443e-13  -3.8816284e-11   1.0262318e-03  -1.8952678e-13  -1.8468224e-10   0.0000000e+00   0.0000000e+00            -nan   0.0000000e+00   0.0000000e+00            -nan   1.1307476e-04  -3.3568065e-14  -2.9686612e-10   0.0000000e+00   0.0000000e+00            -nan   0.0000000e+00   0.0000000e+00            -nan   1.1307476e-04  -3.3568065e-14  -2.9686612e-10
6.9630288e-02          64   1.5625000e-02  -6.1628654e-13  -3.9442338e-11   1.0262318e-03  -1.9276681e-13  -1.8783945e-10   0.0000000e+00   0.0000000e+00            -nan   0.0000000e+00   0.0000000e+00            -nan   1.1307476e-04  -3.4088821e-14  -3.0147153e-10   0.0000000e+00   0.0000000e+00            -nan   0.0000000e+00   0.0000000e+00            -nan   1.1307476e-04  -3.4088821e-14  -3.0147153e-10
7.0718261e-02          65   1.5625000e-02  -6.2558292e-13  -4.0037307e-11   1.0262318e-03  -1.9544522e-13  -1.9044940e-10   0.0000000e+00   0.0000000e+00            -nan   0.0000000e+00   0.0000000e+00            -nan   1.1307476e-04  -3.4620622e-14  -3.0617462e-10   0.0000000e+00   0.0000000e+00            -nan   0.0000000e+00   0.0000000e+00            -nan   1.1307476e-04  -3.4620622e-14  -3.0617462e-10
7.1806234e-02          66   1.5625000e-02  -6.3291213e-13  -4.0506376e-11   1.0262318e-03  -1.9850289e-13  -1.9342891e-10   0.0000000e+00   0.0000000e+00            -nan   0.0000000e+00   0.0000000e+00            -nan   1.1307476e-04  -3.5163211e-14  -3.1097312e-10   0.0000000e+00   0.0000000e+00            -nan   0.0000000e+00   0.0000000e+00            -nan   1.1307476e-04  -3.5163211e-14  -3.1097312e-10
7.2894207e-02          67   1.5625000e-02  -6.4296138e-13  -4.1149528e-11   1.0262318e-03  -2.0163580e-13  -1.9648174e-10   0.0000000e+00   0.0000000e+00            -nan   0.0000000e+00   0.0000000e+00            -nan   1.1307476e-04  -3.5700894e-14  -3.1572823e-10   0.0000000e+00   0.0000000e+00            -nan   0.0000000e+00   0.0000000e+00            -nan   1.1307476e-04  -3.5700894e-14  -3.1572823e-10
7.3982181e-02          68   1.5625000e-02  -6.5298114e-13  -4.1790793e-11   1.0262318e-03  -2.0466766e-13  -1.9943610e-10   0.0000000e+00   0.0000000e+00            -nan   0.0000000e+00   0.0000000e+00            -nan   1.1307476e-04  -3.6237208e-14  -3.2047123e-10   0.0000000e+00   0.0000000e+00            -nan   0.0000000e+00   0.0000000e+00            -nan   1.1307476e-04  -3.6237208e-14  -3.2047123e-10
7.5070154e-02          69   1.5625000e-02  -6.6417878e-13  -4.2507442e-11   1.0262318e-03  -2.0731312e-13  -2.0201393e-10   0.0000000e+00   0.0000000e+00            -nan   0.0000000e+00   0.0000000e+00            -nan   1.1307476e-04  -3.6764591e-14  -3.2513526e-10   0.0000000e+00   0.0000000e+00            -nan   0.0000000e+00   0.0000000e+00            -nan   1.1307476e-04  -3.6764591e-14  -3.2513526e-10
7.6158127e-02          70   1.5625000e-02  -6.7314210e-13  -4.3081094e-11   1.0262318e-03  -2.1081552e-13  -2.0542682e-10   0.0000000e+00   0.0000000e+00            -nan   0.0000000e+00   0.0000000e+00            -nan   1.1307476e-04  -3.7281403e-14  -3.2970579e-10   0.0000000e+00   0.0000000e+00            -nan   0.0000000e+00   0.0000000e+00            -nan   1.1307476e-04  -3.7281403e-14  -3.2970579e-10
7.7246100e-02          71   1.5625000e-02  -6.8299706e-13  -4.3711812e-11   1.0262318e-03  -2.1367782e-13  -2.0821595e-10   0.0000000e+00   0.0000000e+00            -nan   0.0000000e+00   0.0000000e+00            -nan   1.1307476e-04  -3.7832449e-14  -3.3457908e-10   0.0000000e+00   0.0000000e+00            -nan   0.0000000e+00   0.0000000e+00            -nan   1.1307476e-04  -3.7832449e-14  -3.3457908e-10
7.8334074e-02          72   1.5625000e-02  -6.9283121e-13  -4.4341197e-11   1.0262318e-03  -2.1687318e-13  -2.1132963e-10   0.0000000e+00   0.0000000e+00            -nan   0.0000000e+00   0.0000000e+00            -nan   1.1307476e-04  -3.8368871e-14  -3.3932304e-10   0.0000000e+00   0.0000000e+00            -nan   0.0000000e+00   0.0000000e+00            -nan   1.1307476e-04  -3.8368871e-14  -3.3932304e-10
7.9422047e-02          73   1.5625000e-02  -7.0145278e-13  -4.4892978e-11   1.0262318e-03  -2.1946984e-13  -2.1385992e-10   0.0000000e+00   0.0000000e+00            -nan   0.0000000e+00   0.0000000e+00            -nan   1.1307476e-04  -3.8900835e-14  -3.4402757e-10   0.0000000e+00   0.0000000e+00            -nan   0.0000000e+00   0.0000000e+00            -nan   1.1307476e-04  -3.8900835e-14  -3.4402757e-10
8.0510020e-02          74   1.5625000e-02  -7.1217164e-13  -4.5578985e-11   1.0262318e-03  -2.2257760e-13  -2.1688824e-10   0.0000000e+00   0.0000000e+00            -nan   0.0000000e+00   0.0000000e+00            -nan   1.1307476e-04  -3.9420344e-14  -3.4862196e-10   0.0000000e+00   0.0000000e+00            -nan   0.0000000e+00   0.0000000e+00            -nan   1.1307476e-04  -3.9420344e-14  -3.4862196e-10
8.1597993e-02          75   1.5625000e-02  -7.2059719e-13  -4.6118220e-11   1.0262318e-03  -2.2568059e-13  -2.1991191e-10   0.0000000e+00   0.0000000e+00            -nan   0.0000000e+00   0.0000000e+00            -nan   1.1307476e-04  -3.9946142e-14  -3.5327196e-10   0.0000000e+00   0.0000000e+00            -nan   0.0000000e+00   0.0000000e+00            -nan   1.1307476e-04  -3.9946142e-14  -3.5327196e-10
8.2685967e-02          76   1.5625000e-02  -7.3000633e-13  -4.6720405e-11   1.0262318e-03  -2.2860099e-13  -2.2275767e-10   0.0000000e+00   0.0000000e+00            -nan   0.0000000e+00   0.0000000e+00            -nan   1.1307476e-04  -4.0479854e-14  -3.5799195e-10   0.0000000e+00   0.0000000e+00            -nan   0.0000000e+00   0.0000000e+00            -nan   1.1307476e-04  -4.0479854e-14  -3.5799195e-10
8.3773940e-02          77   1.5625000e-02  -7.3796698e-13  -4.7229887e-11   1.0262318e-03  -2.3166907e-13  -2.2574732e-10   0.0000000e+00   0.0000000e+00            -nan   0.0000000e+00   0.0000000e+00            -nan   1.1307476e-04  -4.1011899e-14  -3.6269720e-10   0.0000000e+00   0.0000000e+00            -nan   0.0000000e+00   0.0000000e+00            -nan   1.1307476e-04  -4.1011899e-14  -3.6269720e-10
8.4861913e-02          78   1.5625000e-02  -7.4924442e-13  -4.7951643e-11   1.0262318e-03  -2.3480610e-13  -2.2880416e-10   0.0000000e+00   0.0000000e+00            -nan   0.0000000e+00   0.0000000e+00            -nan   1.1307476e-04  -4.1546925e-14  -3.6742882e-10   0.0000000e+00   0.0000000e+00            -nan   0.0000000e+00   0.0000000e+00            -nan   1.1307476e-04  -4.1546925e-14  -3.6742882e-10
8.5949886e-02          79   1.5625000e-02  -7.5983317e-13  -4.8629323e-11   1.0262318e-03  -2.3770027e-13  -2.3162435e-10   0.0000000e+00   0.0000000e+00            -nan   0.0000000e+00   0.0000000e+00            -nan   1.1307476e-04  -4.2070595e-14  -3.7206000e-10   0.0000000e+00   0.0000000e+00            -nan   0.0000000e+00   0.0000000e+00            -nan   1.1307476e-04  -4.2070595e-14  -3.7206000e-10
8.7037860e-02          80   1.5625000e-02  -7.7055376e-13  -4.9315441e-11   1.0262318e-03  -2.4065103e-13  -2.3449969e-10   0.0000000e+00   0.0000000e+00            -nan   0.0000000e+00   0.0000000e+00            -nan   1.1307476e-04  -4.2599279e-14  -3.7673553e-10   0.0000000e+00   0.0000000e+00            -nan   0.0000000e+00   0.0000000e+00            -nan   1.1307476e-04  -4.2599279e-14  -3.7673553e-10
8.8125833e-02          81   1.5625000e-02  -7.7769041e-13  -4.9772186e-11   1.0262318e-03  -2.4382839e-13  -2.3759584e-10   0.0000000e+00   0.0000000e+00            -nan   0.0000000e+00   0.0000000e+00            -nan   1.1307476e-04  -4.3134224e-14  -3.8146643e-10   0.0000000e+00   0.0000000e+00            -nan   0.0000000e+00   0.0000000e+00            -nan   1.1307476e-04  -4.3134224e-14  -3.8146643e-10
8.9213806e-02          82   1.5625000e-02  -7.8942582e-13  -5.0523252e-11   1.0262318e-03  -2.4666098e-13  -2.4035602e-10   0.0000000e+00   0.0000000e+00            -nan   0.0000000e+00   0.0000000e+00            -nan   1.1307476e-04  -4.3687588e-14  -3.8636021e-10   0.0000000e+00   0.0000000e+00            -nan   0.0000000e+00   0.0000000e+00            -nan   1.1307476e-04  -4.3687588e-14  -3.8636021e-10
9.0301779e-02          83   1.5625000e-02  -7.9659716e-13  -5.0982218e-11   1.0262318e-03  -2.4965620e-13  -2.4327467e-10   0.0000000e+00   0.0000000e+00            -nan   0.0000000e+00   0.0000000e+00            -nan   1.1307476e-04  -4.4223699e-14  -3.9110142e-10   0.0000000e+00   0.0000000e+00            -nan   0.0000000e+00   0.0000000e+00            -nan   1.1307476e-04  -4.4223699e-14  -3.9110142e-10
9.1389752e-02          84   1.5625000e-02  -8.0546854e-13  -5.1549987e-11   1.0262318e-03  -2.5262626e-13  -2.4616882e-10   0.0000000e+00   0.0000000e+00            -nan   0.0000000e+00   0.0000000e+00            -nan   1.1307476e-04  -4.4745999e-14  -3.9572049e-10   0.0000000e+00   0.0000000e+00            -nan   0.0000000e+00   0.0000000e+00            -nan   1.1307476e-04  -4.4745999e-14  -3.9572049e-10
9.2477726e-02          85   1.5625000e-02  -8.1717792e-13  -5.2299387e-11   1.0262318e-03  -2.5604367e-13  -2.4949887e-10   0.0000000e+00   0.0000000e+00            -nan   0.0000000e+00   0.0000000e+00            -nan   1.1307476e-04  -4.5284360e-14  -4.0048159e-10   0.0000000e+00   0.0000000e+00            -nan   0.0000000e+00   0.0000000e+00            -nan   1.1307476e-04  -4.5284360e-14  -4.0048159e-10
9.3565699e-02          86   1.5625000e-02  -8.2472223e-13  -5.2782223e-11   1.0262318e-03  -2.5828645e-13  -2.5168432e-10   0.0000000e+00   0.0000000e+00            -nan   0.0000000e+00   0.0000000e+00            -nan   1.1307476e-04  -4.5815755e-14  -4.0518109e-10   0.0000000e+00   0.0000000e+00            -nan   0.0000000e+00   0.0000000e+00            -nan   1.1307476e-04  -4.5815755e-14  -4.0518109e-10
9.4653672e-02          87   1.5625000e-02  -8.3575161e-13  -5.3488103e-11   1.0262318e-03  -2.6185217e-13  -2.5515890e-10   0.0000000e+00   0.0000000e+00            -nan   0.0000000e+00   0.0000000e+00            -nan   1.1307476e-04  -4.6340048e-14  -4.0981779e-10   0.0000000e+00   0.0000000e+00            -nan   0.0000000e+00   0.0000000e+00            -nan   1.1307476e-04  -4.6340048e-14  -4.0981779e-10
9.5741645e-02          88   1.5625000e-02  -8.4438706e-13  -5.4040772e-11   1.0262318e-03  -2.6474461e-13  -2.5797740e-10   0.0000000e+00   0.0000000e+00            -nan   0.0000000e+00   0.0000000e+00            -nan   1.1307476e-04  -4.6884805e-14  -4.1463546e-10   0.0000000e+00   0.0000000e+00            -nan   0.0000000e+00   0.0000000e+00            -nan   1.1307476e-04  -4.6884805e-14  -4.1463546e-10
9.6829619e-02          89   1.5625000e-02  -8.5529674e-13  -5.4738991e-11   1.0262318e-03  -2.6761210e-13  -2.6077161e-10   0.0000000e+00   0.0000000e+00            -nan   0.0000000e+00   0.0000000e+00            -nan   1.1307476e-04  -4.7404517e-14  -4.1923164e-10   0.0000000e+00   0.0000000e+00            -nan   0.0000000e+00   0.0000000e+00            -nan   1.1307476e-04  -4.7404517e-14  -4.1923164e-10
9.7917592e-02          90   1.5625000e-02  -8.6169093e-13  -5.5148219e-11   1.0262318e-03  -2.7048567e-13  -2.6357172e-10   0.0000000e+00   0.0000000e+00            -nan   0.0000000e+00   0.0000000e+00            -nan   1.1307476e-04  -4.7951836e-14  -4.2407197e-10   0.0000000e+00   0.0000000e+00            -nan   0.0000000e+00   0.0000000e+00            -nan   1.1307476e-04  -4.7951836e-14  -4.2407197e-10
9.9005565e-02          91   1.5625000e-02  -8.7330664e-13  -5.5891625e-11   1.0262318e-03  -2.7374782e-13  -2.6675049e-10   0.0000000e+00   0.0000000e+00            -nan   0.0000000e+00   0.0000000e+00            -nan   1.1307476e-04  -4.8458186e-14  -4.2854998e-10   0.0000000e+00   0.0000000e+00            -nan   0.0000000e+00   0.0000000e+00            -nan   1.1307476e-04  -4.8458186e-14  -4.2854998e-10
1.0009354e-01          92   1.5625000e-02  -8.8413131e-13  -5.6584404e-11   1.0262318e-03  -2.7666259e-13  -2.6959075e-10   0.0000000e+00   0.0000000e+00            -nan   0.0000000e+00   0.0000000e+00            -nan   1.1307476e-04  -4.9012972e-14  -4.3345634e-10   0.0000000e+00   0.0000000e+00            -nan   0.0000000e+00   0.0000000e+00            -nan   1.1307476e-04  -4.9012972e-14  -4.3345634e-10
1.0118151e-01          93   1.5625000e-02  -8.9398107e-13  -5.7214788e-11   1.0262318e-03  -2.7993862e-13  -2.7278304e-10   0.0000000e+00   0.0000000e+00            -nan   0.0000000e+00   0.0000000e+00            -nan   1.1307476e-04  -4.9534527e-14  -4.3806883e-10   0.0000000e+00   0.0000000e+00            -nan   0.0000000e+00   0.0000000e+00            -nan   1.1307476e-04  -4.9534527e-14  -4.3806883e-10
1.0226948e-01          94   1.5625000e-02  -9.0201978e-13  -5.7729266e-11   1.0262318e-03  -2.8276773e-13  -2.7553984e-10   0.0000000e+00   0.0000000e+00            -nan   0.0000000e+00   0.0000000e+00            -nan   1.1307476e-04  -5.0062981e-14  -4.4274232e-10   0.0000000e+00   0.0000000e+00            -nan   0.0000000e+00   0.0000000e+00            -nan   1.1307476e-04  -5.0062981e-14  -4.4274232e-10
1.0335746e-01          95   1.5625000e-02  -9.1337875e-13  -5.8456240e-11   1.0262318e-03  -2.8573866e-13  -2.7843483e-10   0.0000000e+00   0.0000000e+00            -nan   0.0000000e+00   0.0000000e+00            -nan   1.1307476e-04  -5.0600163e-14  -4.4749299e-10   0.0000000e+00   0.0000000e+00            -nan   0.0000000e+00   0.0000000e+00            -nan   1.1307476e-04  -5.0600163e-14  -4.4749299e-10
1.0444543e-01          96   1.5625000e-02  -9.2383566e-13  -5.9125482e-11   1.0262318e-03  -2.8912072e-13  -2.8173044e-10   0.0000000e+00   0.0000000e+00            -nan   0.0000000e+00   0.0000000e+00            -nan   1.1307476e-04  -5.1161319e-14  -4.5245569e-10   0.0000000e+00   0.0000000e+00            -nan   0.0000000e+00   0.0000000e+00            -nan   1.1307476e-04  -5.1161319e-14  -4.5245569e-10
1.0553340e-01          97   1.5625000e-02  -9.3177896e-13  -5.9633853e-11   1.0262318e-03  -2.9173213e-13  -2.8427510e-10   0.0000000e+00   0.0000000e+00            -nan   0.0000000e+00   0.0000000e+00            -nan   1.1307476e-04  -5.1675501e-14  -4.5700297e-10   0.0000000e+00   0.0000000e+00            -nan   0.0000000e+00   0.0000000e+00            -nan   1.1307476e-04  -5.1675501e-14  -4.5700297e-10
1.0662138e-01          98   1.5625000e-02  -9.4086544e-13  -6.0215388e-11   1.0262318e-03  -2.9460722e-13  -2.8707669e-10   0.0000000e+00   0.0000000e+00            -nan   0.0000000e+00   0.0000000e+00            -nan   1.1307476e-04  -5.2206611e-14  -4.6169995e-10   0.0000000e+00   0.0000000e+00            -nan   0.0000000e+00   0.0000000e+00            -nan   1.1307476e-04  -5.2206611e-14  -4.6169995e-10
1.0770935e-01          99   1.5625000e-02  -9.4993978e-13  -6.0796146e-11   1.0262318e-03  -2.9773861e-13  -2.9012804e-10   0.0000000e+00   0.0000000e+00            -nan   0.0000000e+00   0.0000000e+00            -nan   1.1307476e-04  -5.2739768e-14  -4.6641503e-10   0.0000000e+00   0.0000000e+00            -nan   0.0000000e+00   0.0000000e+00            -nan   1.1307476e-04  -5.2739768e-14  -4.6641503e-10
1.0879732e-01         100   1.5625000e-02  -9.6151039e-13  -6.1536665e-11   1.0262318e-03  -3.0105194e-13  -2.9335667e-10   0.0000000e+00   0.0000000e+00            -nan   0.0000000e+00   0.0000000e+00            -nan   1.1307476e-04  -5.3279280e-14  -4.7118632e-10   0.0000000e+00   0.0000000e+00            -nan   0.0000000e+00   0.0000000e+00            -nan   1.1307476e-04  -5.3279280e-14  -4.7118632e-10
