#                  Coord.                Numerical               Analytical                    Error
   5.0781250000000000e-01   1.9029003962811806e+00   1.9029000273446917e+00   3.6893648891478392e-07
   5.2343750000000000e-01   1.2426874947604676e+00   1.2426866577229987e+00   8.3703746889263186e-07
   5.3906250000000000e-01   4.0501823737189202e-01   4.0501754428648329e-01   6.9308540873169733e-07
   5.5468750000000000e-01   2.4076364173157838e-03   2.4075940773273796e-03   4.2339988404194173e-08
   5.7031250000000000e-01   3.2924997104851172e-01   3.2925061041351178e-01   6.3936500005468133e-07
   5.8593750000000000e-01   1.1465537361438614e+00   1.1465545897015741e+00   8.5355771273221137e-07
   6.0156250000000000e-01   1.8566954409090382e+00   1.8566958845265995e+00   4.4361756135202768e-07
   6.1718750000000000e-01   1.9404099324287234e+00   1.9404096417270136e+00   2.9070170981526644e-07
   6.3281250000000000e-01   1.3364840500781221e+00   1.3364832376221365e+00   8.1245598559931409e-07
   6.4843750000000000e-01   4.8651651076673508e-01   4.8651577063520235e-01   7.4013153272822763e-07
   6.6406250000000000e-01   1.2014995724897504e-02   1.2014869111936166e-02   1.2661296133753552e-07
   6.7968750000000000e-01   2.5994138610022977e-01   2.5994196558693772e-01   5.7948670795227031e-07
   6.9531250000000000e-01   1.0490085751841787e+00   1.0490094370420915e+00   8.6185791281501167e-07
   7.1093750000000000e-01   1.8022400358262787e+00   1.8022405498533143e+00   5.1402703560299301e-07
   7.2656250000000000e-01   1.9688628068466236e+00   1.9688625971793097e+00   2.0966731395510863e-07
   7.4218750000000000e-01   1.4270400800525798e+00   1.4270393000024724e+00   7.8005010739623515e-07
   7.5781250000000000e-01   5.7295991086152354e-01   5.7295913081173855e-01   7.8004978498746880e-07
   7.7343750000000000e-01   3.1137190711209461e-02   3.1136981044627032e-02   2.0966658242915770e-07
   7.8906250000000000e-01   1.9775997016102920e-01   1.9776048418867065e-01   5.1402764145169755e-07
   8.0468750000000000e-01   9.5099143485460425e-01   9.5099229671255370e-01   8.6185794945237149e-07
   8.2031250000000000e-01   1.7400586206494966e+00   1.7400592001356454e+00   5.7948614884395511e-07
   8.3593750000000000e-01   1.9879850028003223e+00   1.9879848761866148e+00   1.2661370751843037e-07
   8.5156250000000000e-01   1.5134834806123298e+00   1.5134827404804092e+00   7.4013192064015243e-07
   8.6718750000000000e-01   6.6351594045857554e-01   6.6351512800284407e-01   8.1245573146926375e-07
   8.8281250000000000e-01   5.9590064185214953e-02   5.9589773484215347e-02   2.9070099960559759e-07
   8.9843750000000000e-01   1.4330456425815163e-01   1.4330500787635969e-01   4.4361820805693952e-07
   9.1406250000000000e-01   8.5344627379818649e-01   8.5344712735600980e-01   8.5355782331042462e-07
   9.2968750000000000e-01   1.6707500363987482e+00   1.6707506757632418e+00   6.3936449357093750e-07
   9.4531250000000000e-01   1.9975923630895100e+00   1.9975923207487687e+00   4.2340741357449474e-08
   9.6093750000000000e-01   1.5949817545551579e+00   1.5949810614692999e+00   6.9308585803895539e-07
   9.7656250000000000e-01   7.5731249548980051e-01   7.5731165845251480e-01   8.3703728570583280e-07
   9.9218750000000000e-01   9.7099599421509808e-02   9.7099230485703125e-02   3.6893580668273529e-07
   7.8125000000000000e-03   9.7099603718812988e-02   9.7099972655302014e-02   3.6893648902580622e-07
   2.3437500000000000e-02   7.5731250523949756e-01   7.5731334227696645e-01   8.3703746889263186e-07
   3.9062500000000000e-02   1.5949817626280618e+00   1.5949824557134709e+00   6.9308540906476424e-07
   5.4687500000000000e-02   1.9975923635826833e+00   1.9975924059226717e+00   4.2339988404194173e-08
   7.0312500000000000e-02   1.6707500289515225e+00   1.6707493895865226e+00   6.3936499983263673e-07
   8.5937500000000000e-02   8.5344626385614275e-01   8.5344541029842980e-01   8.5355771295425598e-07
   1.0156250000000000e-01   1.4330455909097839e-01   1.4330411547341704e-01   4.4361756135202768e-07
   1.1718750000000000e-01   5.9590067571260397e-02   5.9590358272970656e-02   2.9070171025935565e-07
   1.3281250000000000e-01   6.6351594992186080e-01   6.6351676237784663e-01   8.1245598582135869e-07
   1.4843750000000000e-01   1.5134834892332374e+00   1.5134842293647699e+00   7.4013153250618302e-07
   1.6406250000000000e-01   1.9879850042750933e+00   1.9879851308880550e+00   1.2661296167060243e-07
   1.7968750000000000e-01   1.7400586138997916e+00   1.7400580344130840e+00   5.7948670750818110e-07
   1.9531250000000000e-01   9.5099142481585319e-01   9.5099056295794082e-01   8.6185791237092246e-07
   2.1093750000000000e-01   1.9775996417372355e-01   1.9775945014668794e-01   5.1402703560299301e-07
   2.2656250000000000e-01   3.1137193153354725e-02   3.1137402820668680e-02   2.0966731395510863e-07
   2.4218750000000000e-01   5.7295991994736484e-01   5.7296069999747279e-01   7.8005010795134666e-07
   2.5781250000000000e-01   1.4270400891384729e+00   1.4270408691882579e+00   7.8004978498746880e-07
   2.7343750000000000e-01   1.9688628092887968e+00   1.9688630189553789e+00   2.0966658209609079e-07
   2.8906250000000000e-01   1.8022400298390069e+00   1.8022395158113655e+00   5.1402764134067525e-07
   3.0468750000000000e-01   1.0490085651454282e+00   1.0490077032874785e+00   8.6185794967441609e-07
   3.2031250000000000e-01   2.5994137935048678e-01   2.5994079986433793e-01   5.7948614884395511e-07
   3.3593750000000000e-01   1.2014997199668587e-02   1.2015123813376216e-02   1.2661370762945268e-07
   3.5156250000000000e-01   4.8651651938764284e-01   4.8651725951956293e-01   7.4013192008504092e-07
   3.6718750000000000e-01   1.3364840595414473e+00   1.3364848719971789e+00   8.1245573158028606e-07
   3.8281250000000000e-01   1.9404099358147551e+00   1.9404102265157548e+00   2.9070099971661989e-07
   3.9843750000000000e-01   1.8566954357418652e+00   1.8566949921236571e+00   4.4361820816796182e-07
   4.1406250000000000e-01   1.1465537262017893e+00   1.1465528726439660e+00   8.5355782331042462e-07
   4.2968750000000000e-01   3.2924996360131720e-01   3.2924932423682407e-01   6.3936449312684829e-07
   4.4531250000000000e-01   2.4076369104881756e-03   2.4076792512297551e-03   4.2340741579494079e-08
   4.6093750000000000e-01   4.0501824544481635e-01   4.0501893853067428e-01   6.9308585792793309e-07
   4.7656250000000000e-01   1.2426875045101129e+00   1.2426883415473988e+00   8.3703728592787741e-07
   4.9218750000000000e-01   1.9029004005784760e+00   1.9029007695142830e+00   3.6893580701580220e-07
