{
 "cells": [
  {
   "cell_type": "code",
   "execution_count": null,
   "metadata": {},
   "outputs": [],
   "source": [
    "\n"
   ]
  },
  {
   "cell_type": "code",
   "execution_count": null,
   "metadata": {},
   "outputs": [
    {
     "ename": "KeyboardInterrupt",
     "evalue": "",
     "output_type": "error",
     "traceback": [
      "\u001b[0;31m---------------------------------------------------------------------------\u001b[0m",
      "\u001b[0;31mKeyboardInterrupt\u001b[0m                         Traceback (most recent call last)",
      "Cell \u001b[0;32mIn[7], line 121\u001b[0m\n\u001b[1;32m    118\u001b[0m x, y, z \u001b[38;5;241m=\u001b[39m np\u001b[38;5;241m.\u001b[39mmeshgrid(X, X, X)\n\u001b[1;32m    119\u001b[0m wavelengths \u001b[38;5;241m=\u001b[39m np\u001b[38;5;241m.\u001b[39marange(\u001b[38;5;241m1\u001b[39m, \u001b[38;5;241m32\u001b[39m) \n\u001b[0;32m--> 121\u001b[0m slopes \u001b[38;5;241m=\u001b[39m [prepare_for_spectral_criterion(np\u001b[38;5;241m.\u001b[39mexp(\u001b[38;5;241m1\u001b[39mj\u001b[38;5;241m*\u001b[39m x \u001b[38;5;241m*\u001b[39m k)) \u001b[38;5;28;01mfor\u001b[39;00m k \u001b[38;5;129;01min\u001b[39;00m wavelengths]\n",
      "Cell \u001b[0;32mIn[7], line 121\u001b[0m, in \u001b[0;36m<listcomp>\u001b[0;34m(.0)\u001b[0m\n\u001b[1;32m    118\u001b[0m x, y, z \u001b[38;5;241m=\u001b[39m np\u001b[38;5;241m.\u001b[39mmeshgrid(X, X, X)\n\u001b[1;32m    119\u001b[0m wavelengths \u001b[38;5;241m=\u001b[39m np\u001b[38;5;241m.\u001b[39marange(\u001b[38;5;241m1\u001b[39m, \u001b[38;5;241m32\u001b[39m) \n\u001b[0;32m--> 121\u001b[0m slopes \u001b[38;5;241m=\u001b[39m [\u001b[43mprepare_for_spectral_criterion\u001b[49m\u001b[43m(\u001b[49m\u001b[43mnp\u001b[49m\u001b[38;5;241;43m.\u001b[39;49m\u001b[43mexp\u001b[49m\u001b[43m(\u001b[49m\u001b[38;5;241;43m1\u001b[39;49m\u001b[43mj\u001b[49m\u001b[38;5;241;43m*\u001b[39;49m\u001b[43m \u001b[49m\u001b[43mx\u001b[49m\u001b[43m \u001b[49m\u001b[38;5;241;43m*\u001b[39;49m\u001b[43m \u001b[49m\u001b[43mk\u001b[49m\u001b[43m)\u001b[49m\u001b[43m)\u001b[49m \u001b[38;5;28;01mfor\u001b[39;00m k \u001b[38;5;129;01min\u001b[39;00m wavelengths]\n",
      "Cell \u001b[0;32mIn[7], line 92\u001b[0m, in \u001b[0;36mprepare_for_spectral_criterion\u001b[0;34m(var1d)\u001b[0m\n\u001b[1;32m     90\u001b[0m     ar_re[i] \u001b[38;5;241m+\u001b[39m\u001b[38;5;241m=\u001b[39m flag_spectral_polynomials[i][:] \u001b[38;5;241m@\u001b[39m row_re[size_1d \u001b[38;5;241m-\u001b[39m max_order:]  \u001b[38;5;66;03m# right boundary\u001b[39;00m\n\u001b[1;32m     91\u001b[0m     ar_im[i] \u001b[38;5;241m+\u001b[39m\u001b[38;5;241m=\u001b[39m flag_spectral_polynomials[i][:] \u001b[38;5;241m@\u001b[39m row_im[size_1d \u001b[38;5;241m-\u001b[39m max_order:]  \u001b[38;5;66;03m# right boundary\u001b[39;00m\n\u001b[0;32m---> 92\u001b[0m     ar_de[i] \u001b[38;5;241m+\u001b[39m\u001b[38;5;241m=\u001b[39m flag_spectral_polynomials[i][:] \u001b[38;5;241m@\u001b[39m row_de[size_1d \u001b[38;5;241m-\u001b[39m max_order:]  \u001b[38;5;66;03m# right boundary\u001b[39;00m\n\u001b[1;32m     94\u001b[0m order \u001b[38;5;241m=\u001b[39m np\u001b[38;5;241m.\u001b[39marange(\u001b[38;5;241m1\u001b[39m, max_order\u001b[38;5;241m+\u001b[39m\u001b[38;5;241m1\u001b[39m)\n\u001b[1;32m     95\u001b[0m al_re_log \u001b[38;5;241m=\u001b[39m np\u001b[38;5;241m.\u001b[39mlog(np\u001b[38;5;241m.\u001b[39mabs(al_re) \u001b[38;5;241m+\u001b[39m \u001b[38;5;241m1e-14\u001b[39m)\n",
      "\u001b[0;31mKeyboardInterrupt\u001b[0m: "
     ]
    }
   ],
   "source": [
    "import numpy as np\n",
    "import cmath\n",
    "import matplotlib.pyplot as plt\n",
    "\n",
    "\n",
    "\n",
    "# GramFE parameters for extension of size 14\n",
    "FLAG_SPECTRAL_ORDER = 14\n",
    "FLAG_SPECTRAL_NDELTA = 14\n",
    "FLAG_SPECTRAL_ND = 32\n",
    "\n",
    "\n",
    "flag_spectral_polynomials = np.array([\n",
    "[0.2672612419124243965384835064469370990991592407226562500000000000, 0.2672612419124243965384835064469370990991592407226562500000000000, 0.2672612419124243965384835064469370990991592407226562500000000000, 0.2672612419124243965384835064469370990991592407226562500000000000, 0.2672612419124243965384835064469370990991592407226562500000000000, 0.2672612419124243965384835064469370990991592407226562500000000000, 0.2672612419124243965384835064469370990991592407226562500000000000, 0.2672612419124243965384835064469370990991592407226562500000000000, 0.2672612419124243965384835064469370990991592407226562500000000000, 0.2672612419124243965384835064469370990991592407226562500000000000, 0.2672612419124243965384835064469370990991592407226562500000000000, 0.2672612419124243965384835064469370990991592407226562500000000000, 0.2672612419124243965384835064469370990991592407226562500000000000, 0.2672612419124243965384835064469370990991592407226562500000000000],\n",
    "[-0.4309458036856673168735198942158604040741920471191406250000000000, -0.3646464492724877382023862537607783451676368713378906250000000000, -0.2983470948593081595312526133056962862610816955566406250000000000, -0.2320477404461285531045433572217007167637348175048828125000000000, -0.1657483860329489744334097167666186578571796417236328125000000000, -0.0994490316197693818844882684970798436552286148071289062500000000, -0.0331496772065897962744607241347694071009755134582519531250000000, 0.0331496772065897962744607241347694071009755134582519531250000000, 0.0994490316197693818844882684970798436552286148071289062500000000, 0.1657483860329489744334097167666186578571796417236328125000000000, 0.2320477404461285531045433572217007167637348175048828125000000000, 0.2983470948593081595312526133056962862610816955566406250000000000, 0.3646464492724877382023862537607783451676368713378906250000000000, 0.4309458036856673168735198942158604040741920471191406250000000000],\n",
    "[0.4818120558297157574045854744326788932085037231445312500000000000, 0.2594372608313854078332383323868270963430404663085937500000000000, 0.0741249316661101165237823806819505989551544189453125000000000000, -0.0741249316661101165237823806819505989551544189453125000000000000, -0.1853123291652752913094559517048764973878860473632812500000000000, -0.2594372608313854078332383323868270963430404663085937500000000000, -0.2964997266644404660951295227278023958206176757812500000000000000, -0.2964997266644404660951295227278023958206176757812500000000000000, -0.2594372608313854078332383323868270963430404663085937500000000000, -0.1853123291652752913094559517048764973878860473632812500000000000, -0.0741249316661101165237823806819505989551544189453125000000000000, 0.0741249316661101165237823806819505989551544189453125000000000000, 0.2594372608313854078332383323868270963430404663085937500000000000, 0.4818120558297157574045854744326788932085037231445312500000000000],\n",
    "[-0.4585783658733355583336788185988552868366241455078125000000000000, -0.0352752589133335028859228543751669349148869514465332031250000000, 0.2116515534800010311933249340654583647847175598144531250000000000, 0.3142704885006075699038774473592638969421386718750000000000000000, 0.3046499633424257225122744330292334780097007751464843750000000000, 0.2148583951993949803238592721754685044288635253906250000000000000, 0.0769642012654549179107021927848109044134616851806640625000000000, -0.0769642012654549179107021927848109044134616851806640625000000000, -0.2148583951993949803238592721754685044288635253906250000000000000, -0.3046499633424257225122744330292334780097007751464843750000000000, -0.3142704885006075699038774473592638969421386718750000000000000000, -0.2116515534800010311933249340654583647847175598144531250000000000, 0.0352752589133335028859228543751669349148869514465332031250000000, 0.4585783658733355583336788185988552868366241455078125000000000000],\n",
    "[0.3875694570442999031811837085115257650613784790039062500000000000, -0.2086912461007768837539799733349354937672615051269531250000000000, -0.3577564218870460943655587016110075637698173522949218750000000000, -0.2493453849515775699874353676932514645159244537353515625000000000, -0.0352335870040272683412219123511022189632058143615722656250000000, 0.1707473831733629099360882719338405877351760864257812500000000000, 0.2927097997257649963920300706377020105719566345214843750000000000, 0.2927097997257649963920300706377020105719566345214843750000000000, 0.1707473831733629099360882719338405877351760864257812500000000000, -0.0352335870040272683412219123511022189632058143615722656250000000, -0.2493453849515775699874353676932514645159244537353515625000000000, -0.3577564218870460943655587016110075637698173522949218750000000000, -0.2086912461007768837539799733349354937672615051269531250000000000, 0.3875694570442999031811837085115257650613784790039062500000000000],\n",
    "[-0.2948961391092899120280890201684087514877319335937500000000000000, 0.3856334126813791285393051566643407568335533142089843750000000000, 0.2722118207162676495336484094877960160374641418457031250000000000, -0.0577419013640567690970328840194270014762878417968750000000000000, -0.2866472960572818418079066304926527664065361022949218750000000000, -0.2990205606352939748937558306352002546191215515136718750000000000, -0.1237326457801216500476115811579802539199590682983398437500000000, 0.1237326457801216500476115811579802539199590682983398437500000000, 0.2990205606352939748937558306352002546191215515136718750000000000, 0.2866472960572818418079066304926527664065361022949218750000000000, 0.0577419013640567690970328840194270014762878417968750000000000000, -0.2722118207162676495336484094877960160374641418457031250000000000, -0.3856334126813791285393051566643407568335533142089843750000000000, 0.2948961391092899120280890201684087514877319335937500000000000000],\n",
    "[0.2027563273040598468277551091887289658188819885253906250000000000, -0.4523025762936719873508195632894057780504226684570312500000000000, -0.0155966405618507587826915283812923007644712924957275390625000000, 0.3218579461400111196844875394162954762578010559082031250000000000, 0.2623071367220354832561213243025122210383415222167968750000000000, -0.0354469103678426294967707121941202785819768905639648437500000000, -0.2835752829427410359741656975529622286558151245117187500000000000, -0.2835752829427410359741656975529622286558151245117187500000000000, -0.0354469103678426294967707121941202785819768905639648437500000000, 0.2623071367220354832561213243025122210383415222167968750000000000, 0.3218579461400111196844875394162954762578010559082031250000000000, -0.0155966405618507587826915283812923007644712924957275390625000000, -0.4523025762936719873508195632894057780504226684570312500000000000, 0.2027563273040598468277551091887289658188819885253906250000000000],\n",
    "[-0.1257441362172087295778766247167368419468402862548828125000000000, 0.4159229121030749709575502492953091859817504882812500000000000000, -0.2611608982972796755284150549414334818720817565917968750000000000, -0.3104033572354872316800822318327846005558967590332031250000000000, 0.0835363142701736199891016099172702524811029434204101562500000000, 0.3297486089612116644254058428487041965126991271972656250000000000, 0.1758659247793128987957800291042076423764228820800781250000000000, -0.1758659247793128987957800291042076423764228820800781250000000000, -0.3297486089612116644254058428487041965126991271972656250000000000, -0.0835363142701736199891016099172702524811029434204101562500000000, 0.3104033572354872316800822318327846005558967590332031250000000000, 0.2611608982972796755284150549414334818720817565917968750000000000, -0.4159229121030749709575502492953091859817504882812500000000000000, 0.1257441362172087295778766247167368419468402862548828125000000000],\n",
    "[0.0699086407042275592704783093722653575241565704345703125000000000, -0.3172776770422635062018912321946118026971817016601562500000000000, 0.4248294319718443623479231519013410434126853942871093750000000000, 0.0376431142253532968755536103344638831913471221923828125000000000, -0.3495432035211377685968159312324132770299911499023437500000000000, -0.1344396936619760840603277074478683061897754669189453125000000000, 0.2688793873239521681206554148957366123795509338378906250000000000, 0.2688793873239521681206554148957366123795509338378906250000000000, -0.1344396936619760840603277074478683061897754669189453125000000000, -0.3495432035211377685968159312324132770299911499023437500000000000, 0.0376431142253532968755536103344638831913471221923828125000000000, 0.4248294319718443623479231519013410434126853942871093750000000000, -0.3172776770422635062018912321946118026971817016601562500000000000, 0.0699086407042275592704783093722653575241565704345703125000000000],\n",
    "[-0.0344591278812576007339885109104216098785400390625000000000000000, 0.2041040651428334962158572807311429642140865325927734375000000000, -0.4320644495880761049022567021893337368965148925781250000000000000, 0.2836251294841972137028562883642734959721565246582031250000000000, 0.2359124908793789887617720069101778790354728698730468750000000000, -0.2783237251947729418155574876436730846762657165527343750000000000, -0.2385631930240910969498457916415645740926265716552734375000000000, 0.2385631930240910969498457916415645740926265716552734375000000000, 0.2783237251947729418155574876436730846762657165527343750000000000, -0.2359124908793789887617720069101778790354728698730468750000000000, -0.2836251294841972137028562883642734959721565246582031250000000000, 0.4320644495880761049022567021893337368965148925781250000000000000, -0.2041040651428334962158572807311429642140865325927734375000000000, 0.0344591278812576007339885109104216098785400390625000000000000000],\n",
    "[0.0147897728358395794817647939112248423043638467788696289062500000, -0.1103544588520337932369130840015714056789875030517578125000000000, 0.3276503520555230086763742747280048206448554992675781250000000000, -0.4459685347422396306527048182033468037843704223632812500000000000, 0.1422093541907651914613097687833942472934722900390625000000000000, 0.3174112785537879233288549585267901420593261718750000000000000000, -0.2457377640416422426294928982315468601882457733154296875000000000, -0.2457377640416422426294928982315468601882457733154296875000000000, 0.3174112785537879233288549585267901420593261718750000000000000000, 0.1422093541907651914613097687833942472934722900390625000000000000, -0.4459685347422396306527048182033468037843704223632812500000000000, 0.3276503520555230086763742747280048206448554992675781250000000000, -0.1103544588520337932369130840015714056789875030517578125000000000, 0.0147897728358395794817647939112248423043638467788696289062500000],\n",
    "[-0.0053617479838052716639706929413478064816445112228393554687500000, 0.0490806161594482537324779514165129512548446655273437500000000000, -0.1913731588065881450422267562316847033798694610595703125000000000, 0.3992440037171925415471207543305354192852973937988281250000000000, -0.4310020494674237645504888405412202700972557067871093750000000000, 0.0952741372506936690101042586320545524358749389648437500000000000, 0.3266541848595211350314571063790936022996902465820312500000000000, -0.3266541848595211350314571063790936022996902465820312500000000000, -0.0952741372506936690101042586320545524358749389648437500000000000, 0.4310020494674237645504888405412202700972557067871093750000000000, -0.3992440037171925415471207543305354192852973937988281250000000000, 0.1913731588065881450422267562316847033798694610595703125000000000, -0.0490806161594482537324779514165129512548446655273437500000000000, 0.0053617479838052716639706929413478064816445112228393554687500000],\n",
    "[0.0015503894602372355823738381275234132772311568260192871093750000, -0.0170542840626095905387504814143539988435804843902587890625000000, 0.0837210308528107266523576868166856002062559127807617187500000000, -0.2387599768765342744814006437081843614578247070312500000000000000, 0.4263571015652398155104663146630628034472465515136718750000000000, -0.4604656696904589896490733735845424234867095947265625000000000000, 0.2046514087513151003427935847867047414183616638183593750000000000, 0.2046514087513151003427935847867047414183616638183593750000000000, -0.4604656696904589896490733735845424234867095947265625000000000000, 0.4263571015652398155104663146630628034472465515136718750000000000, -0.2387599768765342744814006437081843614578247070312500000000000000, 0.0837210308528107266523576868166856002062559127807617187500000000, -0.0170542840626095905387504814143539988435804843902587890625000000, 0.0015503894602372355823738381275234132772311568260192871093750000],\n",
    "[-0.0003100778920474471056327459006496383153717033565044403076171875, 0.0040310125966168128611166743269222934031859040260314941406250000, -0.0241860755797008754319765699847266660071909427642822265625000000, 0.0886822771255698777403964072618691716343164443969726562500000000, -0.2217056928139246874120971142474445514380931854248046875000000000, 0.3990702470650644428928899287711828947067260742187500000000000000, -0.5320936627534192941979540592001285403966903686523437500000000000, 0.5320936627534192941979540592001285403966903686523437500000000000, -0.3990702470650644428928899287711828947067260742187500000000000000, 0.2217056928139246874120971142474445514380931854248046875000000000, -0.0886822771255698777403964072618691716343164443969726562500000000, 0.0241860755797008754319765699847266660071909427642822265625000000, -0.0040310125966168128611166743269222934031859040260314941406250000, 0.0003100778920474471056327459006496383153717033565044403076171875],\n",
    "])\n",
    "\n",
    "def least_squares_regression(x, y, start, end):\n",
    "    # Ensure x and y are numpy arrays for efficient computation\n",
    "    x, y = np.asarray(x), np.asarray(y)\n",
    "\n",
    "    # Calculate the number of points\n",
    "    n = len(x[start:])\n",
    "\n",
    "    # Summations needed for the formula\n",
    "    sum_x = np.sum(x[start:])\n",
    "    sum_y = np.sum(y[start:])\n",
    "    sum_x_squared = np.sum(x[start:] ** 2)\n",
    "    sum_xy = np.sum(x[start:] * y[start:])\n",
    "\n",
    "    # Calculating the slope\n",
    "    slope = (n * sum_xy - sum_x * sum_y) / (n * sum_x_squared - sum_x ** 2)\n",
    "\n",
    "    # Calculating the intercept\n",
    "    intercept = (sum_y - slope * sum_x) / n\n",
    "\n",
    "    return slope, intercept\n",
    "\n",
    "\n",
    "\n",
    "def prepare_for_spectral_criterion(var1d):\n",
    "    # set the stride to a small value to sample the wave function evenly\n",
    "    # 1, 2, 4 should all work, but higher values are faster\n",
    "    stride = 1\n",
    "    ghost_size = 1\n",
    "    size_1d = 32\n",
    "    max_order = 14\n",
    "\n",
    "    re = np.real(var1d)\n",
    "    im = np.imag(var1d)\n",
    "\n",
    "    slope_max = -float('inf')\n",
    "\n",
    "    # Generate all permutations of axes\n",
    "    axes_permutations = [(0, 1, 2), (1, 0, 2), (2, 0, 1)]\n",
    "\n",
    "    for axes in axes_permutations:\n",
    "        # Transpose the array according to the current permutation\n",
    "        transposed_re = np.transpose(re, axes=axes)\n",
    "        transposed_im = np.transpose(im, axes=axes)\n",
    "        for k in range(ghost_size, size_1d - ghost_size, stride):\n",
    "            for j in range(ghost_size, size_1d - ghost_size, stride):\n",
    "                row_re = transposed_re[:][k][j]\n",
    "                row_im = transposed_im[:][k][j]\n",
    "                row_de = row_re ** 2 + row_im ** 2\n",
    "\n",
    "                al_re = np.zeros(max_order)\n",
    "                al_im = np.zeros(max_order)\n",
    "                al_de = np.zeros(max_order)\n",
    "                ar_re = np.zeros(max_order)\n",
    "                ar_im = np.zeros(max_order)\n",
    "                ar_de = np.zeros(max_order)\n",
    "\n",
    "                for i in range(max_order):\n",
    "                    al_re[i] += flag_spectral_polynomials[i][:] @ row_re[:max_order]  # left boundary\n",
    "                    al_im[i] += flag_spectral_polynomials[i][:] @ row_im[:max_order]  # left boundary\n",
    "                    al_de[i] += flag_spectral_polynomials[i][:] @ row_de[:max_order]  # left boundary\n",
    "                    ar_re[i] += flag_spectral_polynomials[i][:] @ row_re[size_1d - max_order:]  # right boundary\n",
    "                    ar_im[i] += flag_spectral_polynomials[i][:] @ row_im[size_1d - max_order:]  # right boundary\n",
    "                    ar_de[i] += flag_spectral_polynomials[i][:] @ row_de[size_1d - max_order:]  # right boundary\n",
    "\n",
    "                order = np.arange(1, max_order+1)\n",
    "                al_re_log = np.log(np.abs(al_re) + 1e-14)\n",
    "                al_im_log = np.log(np.abs(al_im) + 1e-14)\n",
    "                al_de_log = np.log(np.abs(al_de) + 1e-14)\n",
    "                ar_re_log = np.log(np.abs(ar_re) + 1e-14)\n",
    "                ar_im_log = np.log(np.abs(ar_im) + 1e-14)\n",
    "                ar_de_log = np.log(np.abs(ar_de) + 1e-14)\n",
    "\n",
    "                slope, _ = least_squares_regression(np.log(order), al_re_log, start = 5, end = -1)\n",
    "                slope_max = max(slope_max, slope)\n",
    "                slope, _ = least_squares_regression(np.log(order), ar_re_log, start = 5, end = -1)\n",
    "                slope_max = max(slope_max, slope)\n",
    "\n",
    "    return slope_max\n",
    "\n",
    "# Define parameters\n",
    "PS2 = 16\n",
    "GhostSize = 8\n",
    "Size1D = PS2 + 2 * GhostSize\n",
    "Stride = 1\n",
    "MaxOrder = 14\n",
    "\n",
    "# Generate Var1D data\n",
    "X = np.linspace(0, 2 * np.pi, Size1D)\n",
    "x, y, z = np.meshgrid(X, X, X)\n",
    "wavelengths = np.arange(1, 32)\n",
    "\n",
    "slopes = [prepare_for_spectral_criterion(np.exp(1j* x * k)) for k in wavelengths]\n",
    "\n",
    "\n"
   ]
  },
  {
   "cell_type": "code",
   "execution_count": null,
   "metadata": {},
   "outputs": [
    {
     "data": {
