#                  Coord.                Numerical               Analytical                    Error
   3.9062500000000000e-03   3.2935030222833506e-01   3.2935030228839274e-01   6.0057681050551537e-11
   1.1718750000000000e-02   2.4446330984918149e-01   2.4446330991366652e-01   6.4485028428151736e-11
   1.9531250000000000e-02   1.5924901137182418e-01   1.5924901144234416e-01   7.0519978745409162e-11
   2.7343750000000000e-02   7.4024295769106713e-02   7.4024295847347724e-02   7.8241010892377005e-11
   3.5156250000000000e-02  -1.0887159797677034e-02  -1.0887159710205744e-02   8.7471290627361142e-11
   4.2968750000000000e-02  -9.5134626447434242e-02  -9.5134626349514792e-02   9.7919450325889557e-11
   5.0781250000000000e-02  -1.7832180862330788e-01  -1.7832180851417623e-01   1.0913164816273024e-10
   5.8593750000000000e-02  -2.5999163801937836e-01  -2.5999163789879642e-01   1.2058193332720180e-10
   6.6406250000000000e-02  -3.3961567900524625e-01  -3.3961567887353261e-01   1.3171363999475716e-10
   7.4218750000000000e-02  -4.1658910454892706e-01  -4.1658910440706665e-01   1.4186041230601631e-10
   8.2031250000000000e-02  -4.9023179817049567e-01  -4.9023179802006994e-01   1.5042572742984817e-10
   8.9843750000000000e-02  -5.5979570419136615e-01  -5.5979570403443313e-01   1.5693302213293236e-10
   9.7656250000000000e-02  -6.2447811725837443e-01  -6.2447811709757672e-01   1.6079770848165253e-10
   1.0546875000000000e-01  -6.8344020391586480e-01  -6.8344020375423609e-01   1.6162871041558446e-10
   1.1328125000000000e-01  -7.3582971193583457e-01  -7.3582971177659939e-01   1.5923518059679509e-10
   1.2109375000000000e-01  -7.8080657009867838e-01  -7.8080656994526010e-01   1.5341827808157404e-10
   1.2890625000000000e-01  -8.1756992815023466e-01  -8.1756992800608697e-01   1.4414769378134906e-10
   1.3671875000000000e-01  -8.4538514167371126e-01  -8.4538514154214006e-01   1.3157119838069775e-10
   1.4453125000000000e-01  -8.6360926892695122e-01  -8.6360926881104505e-01   1.1590617354784172e-10
   1.5234375000000000e-01  -8.7171380717633162e-01  -8.7171380707882928e-01   9.7502339535537885e-11
   1.6015625000000000e-01  -8.6930363799216015e-01  -8.6930363791536402e-01   7.6796125014766403e-11
   1.6796875000000000e-01  -8.5613145155248094e-01  -8.5613145149811909e-01   5.4361848356165865e-11
   1.7578125000000000e-01  -8.3210725234305838e-01  -8.3210725231232296e-01   3.0735414213722834e-11
   1.8359375000000000e-01  -7.9730288411474048e-01  -7.9730288410826256e-01   6.4779293040828634e-12
   1.9140625000000000e-01  -7.5195182269123673e-01  -7.5195182270909333e-01   1.7856605083466093e-11
   1.9921875000000000e-01  -6.9644474650167965e-01  -6.9644474654342670e-01   4.1747050261164986e-11
   2.0703125000000000e-01  -6.3132158710927599e-01  -6.3132158717399633e-01   6.4720340198221038e-11
   2.1484375000000000e-01  -5.5726087299365978e-01  -5.5726087307996652e-01   8.6306739532915344e-11
   2.2265625000000000e-01  -4.7506720479468351e-01  -4.7506720490084470e-01   1.0616119094919441e-10
   2.3046875000000000e-01  -3.8565764267568903e-01  -3.8565764279976805e-01   1.2407902483246858e-10
   2.3828125000000000e-01  -2.9004765762719736e-01  -2.9004765776698727e-01   1.3978990187624163e-10
   2.4609375000000000e-01  -1.8933711610075887e-01  -1.8933711625384736e-01   1.5308848633210914e-10
   2.5390625000000000e-01  -8.4696553721475942e-02  -8.4696553885359918e-02   1.6388397583444458e-10
   2.6171875000000000e-01   2.2646226165486397e-02   2.2646225993418433e-02   1.7206796404378721e-10
   2.6953125000000000e-01   1.3141939479289041e-01   1.3141939461531879e-01   1.7757162407150417e-10
   2.7734375000000000e-01   2.4032050711492081e-01   2.4032050693456858e-01   1.8035223314782911e-10
   2.8515625000000000e-01   3.4803050497633364e-01   3.4803050479599257e-01   1.8034107540643163e-10
   2.9296875000000000e-01   4.5322877171398468e-01   4.5322877153652114e-01   1.7746354386005692e-10
   3.0078125000000000e-01   5.5460965037855792e-01   5.5460965020694386e-01   1.7161405629906312e-10
   3.0859375000000000e-01   6.5090072029978197e-01   6.5090072013697653e-01   1.6280543579938467e-10
   3.1640625000000000e-01   7.4088294752976058e-01   7.4088294737874782e-01   1.5101275785411872e-10
   3.2421875000000000e-01   8.2341260055868526e-01   8.2341260042244580e-01   1.3623946415464161e-10
   3.3203125000000000e-01   8.9744457496530528e-01   8.9744457484678730e-01   1.1851797321327240e-10
   3.3984375000000000e-01   9.6205652320766533e-01   9.6205652310965073e-01   9.8014596439099932e-11
   3.4765625000000000e-01   1.0164729626545923e+00   1.0164729625795661e+00   7.5026207468908979e-11
   3.5546875000000000e-01   1.0600883582161178e+00   1.0600883581662590e+00   4.9858783768286230e-11
   3.6328125000000000e-01   1.0924880634582395e+00   1.0924880634352883e+00   2.2951196498866011e-11
   3.7109375000000000e-01   1.1134659680852657e+00   1.1134659680904173e+00   5.1516568788656514e-12
   3.7890625000000000e-01   1.1230377456235197e+00   1.1230377456572722e+00   3.3752556305444159e-11
   3.8671875000000000e-01   1.1214487214577502e+00   1.1214487215199185e+00   6.2168270531515191e-11
   3.9453125000000000e-01   1.1091755797452509e+00   1.1091755798348970e+00   8.9646068346382890e-11
   4.0234375000000000e-01   1.0869213840979997e+00   1.0869213842134036e+00   1.1540390865150130e-10
   4.1015625000000000e-01   1.0556036829455027e+00   1.0556036830841702e+00   1.3866752190949683e-10
   4.1796875000000000e-01   1.0163357853866157e+00   1.0163357855452611e+00   1.5864531910381174e-10
   4.2578125000000000e-01   9.7040160583864077e-01   9.7040160601328762e-01   1.7464685253543166e-10
   4.3359375000000000e-01   9.1922476603580761e-01   9.1922476622198968e-01   1.8618206976128704e-10
   4.4140625000000000e-01   8.6433289409455194e-01   8.6433289428745064e-01   1.9289869701566431e-10
   4.4921875000000000e-01   8.0731825987488437e-01   8.0731826006934893e-01   1.9446455556959563e-10
   4.5703125000000000e-01   7.4979602608539009e-01   7.4979602627620257e-01   1.9081247693009118e-10
   4.6484375000000000e-01   6.9336147291740335e-01   6.9336147309940666e-01   1.8200330131890041e-10
   4.7265625000000000e-01   6.3954757250051142e-01   6.3954757266877316e-01   1.6826173787620746e-10
   4.8046875000000000e-01   5.8978425396483547e-01   5.8978425411486279e-01   1.5002732389746143e-10
   4.8828125000000000e-01   5.4536061877785258e-01   5.4536061890567633e-01   1.2782375158337800e-10
   4.9609375000000000e-01   5.0739124895142784e-01   5.0739124905368738e-01   1.0225953417375422e-10
   5.0390625000000000e-01   4.7678760730147091e-01   4.7678760737548365e-01   7.4012740380879904e-11
   5.1171875000000000e-01   4.5423536765336286e-01   4.5423536769722150e-01   4.3858638942850803e-11
   5.1953125000000000e-01   4.4017834025566815e-01   4.4017834026828140e-01   1.2613243782766403e-11
   5.2734375000000000e-01   4.3480947793439961e-01   4.3480947791557500e-01   1.8824608538636767e-11
   5.3515625000000000e-01   4.3806926369848309e-01   4.3806926364889581e-01   4.9587278727614148e-11
   5.4296875000000000e-01   4.4965159083510065e-01   4.4965159075621608e-01   7.8884565546388785e-11
   5.5078125000000000e-01   4.6901705126455467e-01   4.6901705115862508e-01   1.0592959842625760e-10
   5.5859375000000000e-01   4.9541334628019401e-01   4.9541334615014665e-01   1.3004736176824849e-10
   5.6640625000000000e-01   5.2790232596345876e-01   5.2790232581295904e-01   1.5049972379443943e-10
   5.7421875000000000e-01   5.6539295154844249e-01   5.6539295138168444e-01   1.6675805181165515e-10
   5.8203125000000000e-01   6.0667926325795518e-01   6.0667926307959064e-01   1.7836454535569146e-10
   5.8984375000000000e-01   6.5048223176443365e-01   6.5048223157939900e-01   1.8503465426533694e-10
   5.9765625000000000e-01   6.9549418406438568e-01   6.9549418387784945e-01   1.8653623090614246e-10
   6.0546875000000000e-01   7.4042433572918720e-01   7.4042433554632059e-01   1.8286661074284893e-10
   6.1328125000000000e-01   7.8404384371498526e-01   7.8404384354071444e-01   1.7427081999699112e-10
   6.2109375000000000e-01   8.2522872945764991e-01   8.2522872929652780e-01   1.6112211564944801e-10
   6.2890625000000000e-01   8.6299902158264385e-01   8.6299902143878016e-01   1.4386369873164995e-10
   6.3671875000000000e-01   8.9655253913970079e-01   8.9655253901656673e-01   1.2313405850505887e-10
   6.4453125000000000e-01   9.2529188382851557e-01   9.2529188372866655e-01   9.9849017942688079e-11
   6.5234375000000000e-01   9.4884343252079728e-01   9.4884343244588754e-01   7.4909745073625800e-11
   6.6015625000000000e-01   9.6706741373512883e-01   9.6706741368584059e-01   4.9288240155931362e-11
   6.6796875000000000e-01   9.8005850280897444e-01   9.8005850278498918e-01   2.3985258224001882e-11
   6.7578125000000000e-01   9.8813676507551218e-01   9.8813676507546822e-01   4.3964831775156199e-14
   6.8359375000000000e-01   9.9182919554746185e-01   9.9182919556899241e-01   2.1530555116555661e-11
   6.9140625000000000e-01   9.9184252621784141e-01   9.9184252625781588e-01   3.9974468180048461e-11
   6.9921875000000000e-01   9.8902837591350123e-01   9.8902837596814031e-01   5.4639071045414767e-11
   7.0703125000000000e-01   9.8434218095903603e-01   9.8434218102406656e-01   6.5030536511301307e-11
   7.1484375000000000e-01   9.7879764786401668e-01   9.7879764793484969e-01   7.0833006127202225e-11
   7.2265625000000000e-01   9.7341869504558454e-01   9.7341869511759804e-01   7.2013506269286154e-11
   7.3046875000000000e-01   9.6919098648664037e-01   9.6919098655537217e-01   6.8731798030796654e-11
   7.3828125000000000e-01   9.6701519815253101e-01   9.6701519821378867e-01   6.1257665606717637e-11
   7.4609375000000000e-01   9.6766409494503991e-01   9.6766409499517481e-01   5.0134896234510506e-11
   8.7890625000000000e-01   1.2510547871079851e+00   1.2510547870626525e+00   4.5332626541494392e-11
   8.8671875000000000e-01   1.2390753937720878e+00   1.2390753937414314e+00   3.0656366334369523e-11
   8.9453125000000000e-01   1.2193324771372793e+00   1.2193324771214349e+00   1.5844436873635459e-11
   9.0234375000000000e-01   1.1917961152327685e+00   1.1917961152311456e+00   1.6229240173970538e-12
   9.1015625000000000e-01   1.1566164467649571e+00   1.1566164467764470e+00   1.1489920126450670e-11
   9.1796875000000000e-01   1.1141048890739258e+00   1.1141048890970218e+00   2.3095969581277132e-11
   9.2578125000000000e-01   1.0647093207564440e+00   1.0647093207893439e+00   3.2899905022532039e-11
   9.3359375000000000e-01   1.0089849611988684e+00   1.0089849612395478e+00   4.0679459800685436e-11
   9.4140625000000000e-01   9.4756288015288903e-01   9.4756288019934021e-01   4.6451176238804237e-11
   9.4921875000000000e-01   8.8111814964734947e-01   8.8111814969768920e-01   5.0339732382553848e-11
   9.5703125000000000e-01   8.1033960294539154e-01   8.1033960299804919e-01   5.2657656013366250e-11
   9.6484375000000000e-01   7.3590299422376471e-01   7.3590299427763561e-01   5.3870907734676621e-11
   9.7265625000000000e-01   6.5844906969372563e-01   6.5844906974811424e-01   5.4388604731059331e-11
   9.8046875000000000e-01   5.7856768507309375e-01   5.7856768512780554e-01   5.4711790653527714e-11
   9.8828125000000000e-01   4.9678866104335589e-01   4.9678866109880754e-01   5.5451643277137919e-11
   9.9609375000000000e-01   4.1357958756782687e-01   4.1357958762494623e-01   5.7119364793578598e-11
   7.5390625000000000e-01   9.7174533406527575e-01   9.7174533410136599e-01   3.6090241906094889e-11
   7.6171875000000000e-01   9.7967165688520441e-01   9.7967165690501312e-01   1.9808710227664506e-11
   7.6953125000000000e-01   9.9163979726174345e-01   9.9163979726386386e-01   2.1204149547315865e-12
   7.7734375000000000e-01   1.0076190350130445e+00   1.0076190349969716e+00   1.6072920772103316e-11
   7.8515625000000000e-01   1.0273498775127161e+00   1.0273498774788055e+00   3.3910652064150781e-11
   7.9296875000000000e-01   1.0503528808949576e+00   1.0503528808443805e+00   5.0577098065218706e-11
   8.0078125000000000e-01   1.0759471475249112e+00   1.0759471474595923e+00   6.5318861430796460e-11
   8.0859375000000000e-01   1.1032775810392215e+00   1.1032775809616524e+00   7.7569062284510437e-11
   8.1640625000000000e-01   1.1313495668367455e+00   1.1313495667499291e+00   8.6816331901218291e-11
   8.2421875000000000e-01   1.1590693953949327e+00   1.1590693953022033e+00   9.2729379730371875e-11
   8.3203125000000000e-01   1.1852884767368166e+00   1.1852884766417084e+00   9.5108143582933735e-11
   8.3984375000000000e-01   1.2088492218374665e+00   1.2088492217435352e+00   9.3931307176831069e-11
   8.4765625000000000e-01   1.2286304013874674e+00   1.2286304012980833e+00   8.9384055712571353e-11
   8.5546875000000000e-01   1.2435898395445202e+00   1.2435898394627387e+00   8.1781470484543206e-11
   8.6328125000000000e-01   1.2528024596801963e+00   1.2528024596086851e+00   7.1511241372945733e-11
   8.7109375000000000e-01   1.2554919640613553e+00   1.2554919640021835e+00   5.9171778588051893e-11
