#                  Coord.                Numerical               Analytical                    Error
   3.9062500000000000e-03   1.3460274398583075e-01   1.3460274397948410e-01   6.3466454314209386e-12
   1.1718750000000000e-02   1.0129012460215074e-01   1.0129012459857278e-01   3.5779573748229154e-12
   1.9531250000000000e-02   8.6112723579220937e-02   8.6112723579023512e-02   1.9742540935396846e-13
   2.7343750000000000e-02   9.0090380674153828e-02   9.0090380677740389e-02   3.5865616032637604e-12
   3.5156250000000000e-02   1.1328581219901787e-01   1.1328581220655747e-01   7.5395939491684771e-12
   4.2968750000000000e-02   1.5481716988742850e-01   1.5481716989891403e-01   1.1485534745503401e-11
   5.0781250000000000e-02   2.1292385850194342e-01   2.1292385851715126e-01   1.5207834991315394e-11
   5.8593750000000000e-02   2.8508084345438367e-01   2.8508084347292850e-01   1.8544832336431227e-11
   6.6406250000000000e-02   3.6815372720613071e-01   3.6815372722755352e-01   2.1422807972015789e-11
   7.4218750000000000e-02   4.5858445266631059e-01   4.5858445269005899e-01   2.3748392141698105e-11
   8.2031250000000000e-02   5.5259577532426241e-01   5.5259577534975135e-01   2.5488944288554194e-11
   8.9843750000000000e-02   6.4640175481043749e-01   6.4640175483710105e-01   2.6663560248607610e-11
   9.7656250000000000e-02   7.3641150845045333e-01   7.3641150847778569e-01   2.7332358598641804e-11
   1.0546875000000000e-01   8.1941432990975172e-01   8.1941432993732666e-01   2.7574942329522401e-11
   1.1328125000000000e-01   8.9273591849103384e-01   8.9273591851863188e-01   2.7598034968434604e-11
   1.2109375000000000e-01   9.5435773712970817e-01   9.5435773715712890e-01   2.7420732351401966e-11
   1.2890625000000000e-01   1.0029942176895723e+00   1.0029942177166615e+00   2.7089219756248895e-11
   1.3671875000000000e-01   1.0381254303251475e+00   1.0381254303517982e+00   2.6650681661521958e-11
   1.4453125000000000e-01   1.0599856956180200e+00   1.0599856956442197e+00   2.6199709068919219e-11
   1.5234375000000000e-01   1.0695112319802524e+00   1.0695112320059050e+00   2.5652591162383942e-11
   1.6015625000000000e-01   1.0682521279712034e+00   1.0682521279960815e+00   2.4878099580405433e-11
   1.6796875000000000e-01   1.0582555991715736e+00   1.0582555991954279e+00   2.3854251907096113e-11
   1.7578125000000000e-01   1.0419285847760178e+00   1.0419285847985973e+00   2.2579493830221509e-11
   1.8359375000000000e-01   1.0218882714198896e+00   1.0218882714408377e+00   2.0948132117837304e-11
   1.9140625000000000e-01   1.0008091578347074e+00   1.0008091578535381e+00   1.8830714765272205e-11
   1.9921875000000000e-01   9.8127487757149356e-01   9.8127487758783927e-01   1.6345702569253717e-11
   2.0703125000000000e-01   9.6564226890857974e-01   9.6564226892209437e-01   1.3514633856459568e-11
   2.1484375000000000e-01   9.5592420138219791e-01   9.5592420139247736e-01   1.0279443962701862e-11
   2.2265625000000000e-01   9.5369649607441576e-01   9.5369649608118467e-01   6.7689187588371169e-12
   2.3046875000000000e-01   9.6003294728537825e-01   9.6003294728865196e-01   3.2737146327121991e-12
   2.3828125000000000e-01   9.7547098492079654e-01   9.7547098492056750e-01   2.2903900998016979e-13
   2.4609375000000000e-01   1.0000089244196904e+00   1.0000089244159471e+00   3.7432279498261778e-12
   2.5390625000000000e-01   1.0331340611753037e+00   1.0331340611682163e+00   7.0874417446020743e-12
   2.6171875000000000e-01   1.0738791326310042e+00   1.0738791326207455e+00   1.0258682792141371e-11
   2.6953125000000000e-01   1.1209029818211980e+00   1.1209029818079501e+00   1.3247847263642143e-11
   2.7734375000000000e-01   1.1725897328243384e+00   1.1725897328083825e+00   1.5955903265307825e-11
   2.8515625000000000e-01   1.2271595747825976e+00   1.2271595747642987e+00   1.8298917936476755e-11
   2.9296875000000000e-01   1.2827834908632709e+00   1.2827834908430646e+00   2.0206281092782774e-11
   3.0078125000000000e-01   1.3376940801335755e+00   1.3376940801118846e+00   2.1690871321311533e-11
   3.0859375000000000e-01   1.3902850701814053e+00   1.3902850701587131e+00   2.2692292489523425e-11
   3.1640625000000000e-01   1.4391932006259385e+00   1.4391932006027379e+00   2.3200552590196821e-11
   3.2421875000000000e-01   1.4833577853510325e+00   1.4833577853279976e+00   2.3034907314922748e-11
   3.3203125000000000e-01   1.5220552712353628e+00   1.5220552712130899e+00   2.2272850230820040e-11
   3.3984375000000000e-01   1.5549082839323098e+00   1.5549082839113593e+00   2.0950574608491479e-11
   3.4765625000000000e-01   1.5818707426378604e+00   1.5818707426188019e+00   1.9058532529925287e-11
   3.5546875000000000e-01   1.6031924044098618e+00   1.6031924043930874e+00   1.6774359679061490e-11
   3.6328125000000000e-01   1.6193674828136708e+00   1.6193674827994049e+00   1.4265921777223411e-11
   3.7109375000000000e-01   1.6310726722362321e+00   1.6310726722244877e+00   1.1744383243694756e-11
   3.7890625000000000e-01   1.6390999880650785e+00   1.6390999880556612e+00   9.4173557840804278e-12
   3.8671875000000000e-01   1.6442893847667206e+00   1.6442893847593325e+00   7.3880901396705667e-12
   3.9453125000000000e-01   1.6474652908862883e+00   1.6474652908805409e+00   5.7474025538795104e-12
   4.0234375000000000e-01   1.6493801933726511e+00   1.6493801933679753e+00   4.6758152905113093e-12
   4.1015625000000000e-01   1.6506674047854617e+00   1.6506674047811296e+00   4.3320902420873608e-12
   4.1796875000000000e-01   1.6518043098340813e+00   1.6518043098292481e+00   4.8332449154031565e-12
   4.2578125000000000e-01   1.6530868005552339e+00   1.6530868005491712e+00   6.0627058928730548e-12
   4.3359375000000000e-01   1.6546152814035859e+00   1.6546152813956132e+00   7.9727335844381741e-12
   4.4140625000000000e-01   1.6562924910663639e+00   1.6562924910558441e+00   1.0519807247533208e-11
   4.4921875000000000e-01   1.6578333276762878e+00   1.6578333276626398e+00   1.3647971641717049e-11
   4.5703125000000000e-01   1.6587867382342421e+00   1.6587867382169503e+00   1.7291723608536813e-11
   4.6484375000000000e-01   1.6585694181573607e+00   1.6585694181360042e+00   2.1356472146294436e-11
   4.7265625000000000e-01   1.6565104902617800e+00   1.6565104902360426e+00   2.5737412201465304e-11
   4.8046875000000000e-01   1.6519054948164995e+00   1.6519054947861966e+00   3.0302871323328873e-11
   4.8828125000000000e-01   1.6440770038686163e+00   1.6440770038338082e+00   3.4808156357257758e-11
   4.9609375000000000e-01   1.6324381221711473e+00   1.6324381221320474e+00   3.9099834481248763e-11
   5.0390625000000000e-01   1.6165542427310500e+00   1.6165542426879154e+00   4.3134606997341507e-11
   5.1171875000000000e-01   1.5961978794163325e+00   1.5961978793697194e+00   4.6613157778097047e-11
   5.1953125000000000e-01   1.5713913578469241e+00   1.5713913577976142e+00   4.9309889504911553e-11
   5.2734375000000000e-01   1.5424326943098998e+00   1.5424326942588125e+00   5.1087356567336428e-11
   5.3515625000000000e-01   1.5099011251781653e+00   1.5099011251262953e+00   5.1870063799697164e-11
   5.4296875000000000e-01   1.4746403666265249e+00   1.4746403665750811e+00   5.1443738158241104e-11
   5.5078125000000000e-01   1.4377196072993215e+00   1.4377196072496778e+00   4.9643622546113875e-11
   5.5859375000000000e-01   1.4003742362782849e+00   1.4003742362318161e+00   4.6468828784895777e-11
   5.6640625000000000e-01   1.3639301453520156e+00   1.3639301453101011e+00   4.1914471893278460e-11
   5.7421875000000000e-01   1.3297169067604826e+00   1.3297169067243630e+00   3.6119551793944993e-11
   5.8203125000000000e-01   1.2989760651516353e+00   1.2989760651222901e+00   2.9345192942287213e-11
   5.8984375000000000e-01   1.2727711266540436e+00   1.2727711266322868e+00   2.1756818568974268e-11
   5.9765625000000000e-01   1.2519055951381979e+00   1.2519055951245335e+00   1.3664402942481502e-11
   6.0546875000000000e-01   1.2368546853949660e+00   1.2368546853894895e+00   5.4765081358709722e-12
   6.1328125000000000e-01   1.2277152730702308e+00   1.2277152730726397e+00   2.4089619188316647e-12
   6.2109375000000000e-01   1.2241773770130400e+00   1.2241773770226219e+00   9.5818908363298760e-12
   6.2890625000000000e-01   1.2255191529873297e+00   1.2255191530030285e+00   1.5698775612804639e-11
   6.3671875000000000e-01   1.2306261128792078e+00   1.2306261128997158e+00   2.0508039710875892e-11
   6.4453125000000000e-01   1.2380341253771987e+00   1.2380341254008944e+00   2.3695712059179641e-11
   6.5234375000000000e-01   1.2459947088859131e+00   1.2459947089109713e+00   2.5058177754999633e-11
   6.6015625000000000e-01   1.2525601662710659e+00   1.2525601662956058e+00   2.4539925647104610e-11
   6.6796875000000000e-01   1.2556851914835059e+00   1.2556851915057214e+00   2.2215562722749382e-11
   6.7578125000000000e-01   1.2533406684004826e+00   1.2533406684186776e+00   1.8195001061371840e-11
   6.8359375000000000e-01   1.2436344820158911e+00   1.2436344820285501e+00   1.2658984971380960e-11
   6.9140625000000000e-01   1.2249333146883155e+00   1.2249333146942030e+00   5.8875126995872051e-12
   6.9921875000000000e-01   1.1959786929361278e+00   1.1959786929344143e+00   1.7135182162064666e-12
   7.0703125000000000e-01   1.1559901032507534e+00   1.1559901032409923e+00   9.7610808325043763e-12
   7.1484375000000000e-01   1.1047479397840207e+00   1.1047479397661264e+00   1.7894352666303348e-11
   7.2265625000000000e-01   1.0426494981596091e+00   1.0426494981339127e+00   2.5696333949554173e-11
   7.3046875000000000e-01   9.7073226138885838e-01   9.7073226135619373e-01   3.2664648763613968e-11
   7.3828125000000000e-01   8.9066034589308862e-01   8.9066034585480303e-01   3.8285596914988673e-11
   7.4609375000000000e-01   8.0467212333911919e-01   8.0467212329681925e-01   4.2299941327428314e-11
   8.7890625000000000e-01   6.3242411905320939e-01   6.3242411910749052e-01   5.4281135142275616e-11
   8.8671875000000000e-01   6.8972988036038629e-01   6.8972988041272321e-01   5.2336912581552042e-11
   8.9453125000000000e-01   7.3683607857438094e-01   7.3683607862310330e-01   4.8722359480279920e-11
   9.0234375000000000e-01   7.7071911214368305e-01   7.7071911218744793e-01   4.3764880608421208e-11
   9.1015625000000000e-01   7.8907616573815487e-01   7.8907616577591311e-01   3.7758240978291724e-11
   9.1796875000000000e-01   7.9045949768518409e-01   7.9045949771611279e-01   3.0928704042310073e-11
   9.2578125000000000e-01   7.7436428987178119e-01   7.7436428989554029e-01   2.3759105793885738e-11
   9.3359375000000000e-01   7.4126456165636989e-01   7.4126456167303423e-01   1.6664336577321137e-11
   9.4140625000000000e-01   6.9259461264694600e-01   6.9259461265695321e-01   1.0007217277063774e-11
   9.4921875000000000e-01   6.3067661312698597e-01   6.3067661313102330e-01   4.0373260290493818e-12
   9.5703125000000000e-01   5.5859811933120940e-01   5.5859811933016867e-01   1.0407230632836217e-12
   9.6484375000000000e-01   4.8004626202064937e-01   4.8004626201567180e-01   4.9775739086044268e-12
   9.7265625000000000e-01   3.9910795628901657e-01   3.9910795628137585e-01   7.6407213889240211e-12
   9.8046875000000000e-01   3.2004754324917661e-01   3.2004754324012452e-01   9.0520924089787513e-12
   9.8828125000000000e-01   2.4707466603719999e-01   2.4707466602793329e-01   9.2666985196387941e-12
   9.9609375000000000e-01   1.8411580919180559e-01   1.8411580918349038e-01   8.3152096319594193e-12
   7.5390625000000000e-01   7.1548956921164530e-01   7.1548956916711526e-01   4.4530046316992866e-11
   7.6171875000000000e-01   6.2619261318074870e-01   6.2619261313600871e-01   4.4739989490949483e-11
   7.6953125000000000e-01   5.4006444326904890e-01   5.4006444322628044e-01   4.2768455443820130e-11
   7.7734375000000000e-01   4.6041610069520861e-01   4.6041610065650607e-01   3.8702541171886651e-11
   7.8515625000000000e-01   3.9040057110108339e-01   3.9040057106845050e-01   3.2632896385109689e-11
   7.9296875000000000e-01   3.3282775361078620e-01   3.3282775358597072e-01   2.4815483001816574e-11
   8.0078125000000000e-01   2.8999206034165909e-01   2.8999206032608094e-01   1.5578149881179115e-11
   8.0859375000000000e-01   2.6352392885317161e-01   2.6352392884773118e-01   5.4404258875706546e-12
   8.1640625000000000e-01   2.5427525598139256e-01   2.5427525598656792e-01   5.1753601404413985e-12
   8.2421875000000000e-01   2.6224678603081014e-01   2.6224678604661217e-01   1.5802026354094778e-11
   8.3203125000000000e-01   2.8656296187380165e-01   2.8656296189967345e-01   2.5871804698596179e-11
   8.3984375000000000e-01   3.2549685867603895e-01   3.2549685871096290e-01   3.4923952618726162e-11
   8.4765625000000000e-01   3.7654476529401865e-01   3.7654476533654690e-01   4.2528258692442478e-11
   8.5546875000000000e-01   4.3654695473505989e-01   4.3654695478345912e-01   4.8399229068962768e-11
   8.6328125000000000e-01   5.0184837537607285e-01   5.0184837542841199e-01   5.2339133027601292e-11
   8.7109375000000000e-01   5.6849055956577654e-01   5.6849055962009487e-01   5.4318327613600559e-11
