#                  Coord.                Numerical               Analytical                    Error
   3.9062500000000000e-03   8.9394665653542393e-01   8.9394665653299488e-01   2.4290569555773800e-12
   1.1718750000000000e-02   9.2827837397199164e-01   9.2827837397201651e-01   2.4868995751603507e-14
   1.9531250000000000e-02   9.5951531906675824e-01   9.5951531906882637e-01   2.0681234502717416e-12
   2.7343750000000000e-02   9.8746719970098729e-01   9.8746719970482832e-01   3.8410385982956541e-12
   3.5156250000000000e-02   1.0118725059053559e+00   1.0118725059108225e+00   5.4665161286493458e-12
   4.2968750000000000e-02   1.0323973706139205e+00   1.0323973706210432e+00   7.1227468367851543e-12
   5.0781250000000000e-02   1.0486413677929485e+00   1.0486413678019111e+00   8.9626084331939637e-12
   5.8593750000000000e-02   1.0601500242559463e+00   1.0601500242670121e+00   1.1065814931043860e-11
   6.6406250000000000e-02   1.0664333619185966e+00   1.0664333619321822e+00   1.3585577107733116e-11
   7.4218750000000000e-02   1.0669893772901615e+00   1.0669893773067594e+00   1.6597834218146090e-11
   8.2031250000000000e-02   1.0613310325468261e+00   1.0613310325669438e+00   2.0117685295417687e-11
   8.9843750000000000e-02   1.0490150998189387e+00   1.0490150998430612e+00   2.4122481789845551e-11
   9.7656250000000000e-02   1.0296710822935715e+00   1.0296710823221329e+00   2.8561375486901852e-11
   1.0546875000000000e-01   1.0030284389750384e+00   1.0030284390084403e+00   3.3401947874267535e-11
   1.1328125000000000e-01   9.6894046222969454e-01   9.6894046226818475e-01   3.8490211018427090e-11
   1.2109375000000000e-01   9.2740338772277575e-01   9.2740338776643427e-01   4.3658521242662118e-11
   1.2890625000000000e-01   8.7856963642559471e-01   8.7856963647429231e-01   4.8697601506830779e-11
   1.3671875000000000e-01   8.2275447310956573e-01   8.2275447316306771e-01   5.3501980623593681e-11
   1.4453125000000000e-01   7.6043578585591787e-01   7.6043578591374539e-01   5.7827520549835754e-11
   1.5234375000000000e-01   6.9224711522419768e-01   6.9224711528570726e-01   6.1509575211005085e-11
   1.6015625000000000e-01   6.1896445884706708e-01   6.1896445891146867e-01   6.4401595167851156e-11
   1.6796875000000000e-01   5.4148771917421967e-01   5.4148771924061168e-01   6.6392003006399136e-11
   1.7578125000000000e-01   4.6081792572540498e-01   4.6081792579276376e-01   6.7358785216242723e-11
   1.8359375000000000e-01   3.7803153220445074e-01   3.7803153227170222e-01   6.7251482160912701e-11
   1.9140625000000000e-01   2.9425315490414683e-01   2.9425315497019655e-01   6.6049721247907200e-11
   1.9921875000000000e-01   2.1062808233920152e-01   2.1062808240296832e-01   6.3766797397946107e-11
   2.0703125000000000e-01   1.2829575575736066e-01   1.2829575581780045e-01   6.0439792060051900e-11
   2.1484375000000000e-01   4.8365212408953667e-02   4.8365212465149791e-02   5.6196124142982029e-11
   2.2265625000000000e-01  -2.8106779503392906e-02  -2.8106779452363794e-02   5.1029111491907031e-11
   2.3046875000000000e-01  -1.0013445720278792e-01  -1.0013445715772470e-01   4.5063217046781290e-11
   2.3828125000000000e-01  -1.6681852720866300e-01  -1.6681852717019402e-01   3.8468978003081133e-11
   2.4609375000000000e-01  -2.2735848048995719e-01  -2.2735848045858983e-01   3.1367353159339473e-11
   2.5390625000000000e-01  -2.8106210140548288e-01  -2.8106210138166521e-01   2.3817670058434715e-11
   2.6171875000000000e-01  -3.2735266480744518e-01  -3.2735266479147945e-01   1.5965728739075757e-11
   2.6953125000000000e-01  -3.6577438976887894e-01  -3.6577438976093629e-01   7.9426465404708324e-12
   2.7734375000000000e-01  -3.9599671161581934e-01  -3.9599671161593608e-01   1.1673995103933521e-13
   2.8515625000000000e-01  -4.1781785122132720e-01  -4.1781785122951798e-01   8.1907813864745549e-12
   2.9296875000000000e-01  -4.3116801415352851e-01  -4.3116801416969419e-01   1.6165679905810748e-11
   3.0078125000000000e-01  -4.3611236064234055e-01  -4.3611236066625259e-01   2.3912039015527853e-11
   3.0859375000000000e-01  -4.3285367303158684e-01  -4.3285367306298467e-01   3.1397828781365433e-11
   3.1640625000000000e-01  -4.2173443497699448e-01  -4.2173443501549396e-01   3.8499481380682710e-11
   3.2421875000000000e-01  -4.0323785027677361e-01  -4.0323785032186393e-01   4.5090320366369951e-11
   3.3203125000000000e-01  -3.7798719027816846e-01  -3.7798719032923805e-01   5.1069592998942426e-11
   3.3984375000000000e-01  -3.4674278391825847e-01  -3.4674278397462527e-01   5.6366800116336435e-11
   3.4765625000000000e-01  -3.1039596396017055e-01  -3.1039596402102737e-01   6.0856819583676725e-11
   3.5546875000000000e-01  -2.6995936000070031e-01  -2.6995936006512428e-01   6.4423966161797352e-11
   3.6328125000000000e-01  -2.2655307907904157e-01  -2.2655307914600012e-01   6.6958549815865354e-11
   3.7109375000000000e-01  -1.8138652705085981e-01  -1.8138652711917613e-01   6.8316324819406304e-11
   3.7890625000000000e-01  -1.3573588143564494e-01  -1.3573588150409432e-01   6.8449385048907629e-11
   3.8671875000000000e-01  -9.0917508295271898e-02  -9.0917508362551025e-02   6.7279126714225868e-11
   3.9453125000000000e-01  -4.8257898943010517e-02  -4.8257899007741835e-02   6.4731317528377019e-11
   4.0234375000000000e-01  -9.0609641495401211e-03  -9.0609642103458895e-03   6.0805768406502203e-11
   4.1015625000000000e-01   2.5426256555348737e-02   2.5426256499800397e-02   5.5548340233135818e-11
   4.1796875000000000e-01   5.4048251470048644e-02   5.4048251421051401e-02   4.8997243762283205e-11
   4.2578125000000000e-01   7.5774748571317468e-02   7.5774748530008637e-02   4.1308831355557629e-11
   4.3359375000000000e-01   8.9732155462233010e-02   8.9732155429597338e-02   3.2635671942671252e-11
   4.4140625000000000e-01   9.5231457915125384e-02   9.5231457891935586e-02   2.3189797304645765e-11
   4.4921875000000000e-01   9.1791432859837346e-02   9.1791432846587279e-02   1.3250067709691393e-11
   4.5703125000000000e-01   7.9156213577444665e-02   7.9156213574340092e-02   3.1045721549105565e-12
   4.6484375000000000e-01   5.7306468972417632e-02   5.7306468979364346e-02   6.9467140373369318e-12
   4.7265625000000000e-01   2.6463709147025595e-02   2.6463709163740801e-02   1.6715205608530681e-11
   4.8046875000000000e-01  -1.2912509853041590e-02  -1.2912509827226807e-02   2.5814782603217346e-11
   4.8828125000000000e-01  -6.0134452775714879e-02  -6.0134452741795325e-02   3.3919554665029494e-11
   4.9609375000000000e-01  -1.1430287356231565e-01  -1.1430287352144725e-01   4.0868405881688830e-11
   5.0390625000000000e-01  -1.7432999962823920e-01  -1.7432999958172837e-01   4.6510822970802224e-11
   5.1171875000000000e-01  -2.3896815974870766e-01  -2.3896815969804736e-01   5.0660309280914362e-11
   5.1953125000000000e-01  -3.0684322790229640e-01  -3.0684322784911844e-01   5.3177962033856829e-11
   5.2734375000000000e-01  -3.7649193019980315e-01  -3.7649193014564641e-01   5.4156734652366367e-11
   5.3515625000000000e-01  -4.4640196428130641e-01  -4.4640196422767803e-01   5.3628379514947255e-11
   5.4296875000000000e-01  -5.1505380703211423e-01  -5.1505380698050285e-01   5.1611381834959502e-11
   5.5078125000000000e-01  -5.8096303432702801e-01  -5.8096303427880358e-01   4.8224424453735537e-11
   5.5859375000000000e-01  -6.4272194426599627e-01  -6.4272194422232909e-01   4.3667180982254195e-11
   5.6640625000000000e-01  -6.9903926339248978e-01  -6.9903926335438638e-01   3.8103409316647685e-11
   5.7421875000000000e-01  -7.4877672610737811e-01  -7.4877672607567425e-01   3.1703861758103358e-11
   5.8203125000000000e-01  -7.9098135511360990e-01  -7.9098135508894585e-01   2.4664048581257703e-11
   5.8984375000000000e-01  -8.2491234059823237e-01  -8.2491234058095186e-01   1.7280510355988099e-11
   5.9765625000000000e-01  -8.5006152352730258e-01  -8.5006152351756015e-01   9.7424290856906737e-12
   6.0546875000000000e-01  -8.6616663852234577e-01  -8.6616663852012565e-01   2.2201129823429255e-12
   6.1328125000000000e-01  -8.7321666687154109e-01  -8.7321666687653354e-01   4.9924508971344039e-12
   6.2109375000000000e-01  -8.7144888981639823e-01  -8.7144888982808688e-01   1.1688650047858573e-11
   6.2890625000000000e-01  -8.6133751207651643e-01  -8.6133751209417220e-01   1.7655765738311402e-11
   6.3671875000000000e-01  -8.4357403725582070e-01  -8.4357403727858016e-01   2.2759460982513247e-11
   6.4453125000000000e-01  -8.1903990796160808e-01  -8.1903990798841197e-01   2.6803892438920229e-11
   6.5234375000000000e-01  -7.8877225842055831e-01  -7.8877225845015553e-01   2.9597213568877123e-11
   6.6015625000000000e-01  -7.5392394796441442e-01  -7.5392394799547913e-01   3.1064706362826655e-11
   6.6796875000000000e-01  -7.1571933079115313e-01  -7.1571933082235484e-01   3.1201707884065399e-11
   6.7578125000000000e-01  -6.7540745213840014e-01  -6.7540745216841402e-01   3.0013880270018944e-11
   6.8359375000000000e-01  -6.3421452667537281e-01  -6.3421452670287237e-01   2.7499558186150352e-11
   6.9140625000000000e-01  -5.9329763817649739e-01  -5.9329763820027182e-01   2.3774426871625565e-11
   6.9921875000000000e-01  -5.5370159159882570e-01  -5.5370159161793864e-01   1.9112933458131920e-11
   7.0703125000000000e-01  -5.1632074612376533e-01  -5.1632074613750978e-01   1.3744450022556975e-11
   7.1484375000000000e-01  -4.8186746284521431e-01  -4.8186746285312354e-01   7.9092288274296152e-12
   7.2265625000000000e-01  -4.5084852153551086e-01  -4.5084852153739924e-01   1.8883783425849288e-12
   7.3046875000000000e-01  -4.2355051037296298e-01  -4.2355051036900060e-01   3.9623859748871837e-12
   7.3828125000000000e-01  -4.0003478801838244e-01  -4.0003478800905629e-01   9.3261509626074712e-12
   7.4609375000000000e-01  -3.8014217947385937e-01  -3.8014217945992101e-01   1.3938350473807759e-11
   8.7890625000000000e-01   4.3285390387859647e-02   4.3285390342707501e-02   4.5152145911053765e-11
   8.8671875000000000e-01   9.9245534253026901e-02   9.9245534205373243e-02   4.7653658796775744e-11
   8.9453125000000000e-01   1.5758386977084393e-01   1.5758386972180602e-01   4.9037912619454005e-11
   9.0234375000000000e-01   2.1757444314942245e-01   2.1757444310011745e-01   4.9305004523603202e-11
   9.1015625000000000e-01   2.7848216361607014e-01   2.7848216356762767e-01   4.8442472255771918e-11
   9.1796875000000000e-01   3.3959381708543140e-01   3.3959381703892128e-01   4.6510129081411833e-11
   9.2578125000000000e-01   4.0024525232738439e-01   4.0024525228367880e-01   4.3705594698906225e-11
   9.3359375000000000e-01   4.5984326100363093e-01   4.5984326096352701e-01   4.0103920184719755e-11
   9.4140625000000000e-01   5.1788103128810548e-01   5.1788103125224805e-01   3.5857428137830993e-11
   9.4921875000000000e-01   5.7394648205882115e-01   5.7394648202759102e-01   3.1230129593495803e-11
   9.5703125000000000e-01   6.2772325443888721e-01   6.2772325441247390e-01   2.6413315978857099e-11
   9.6484375000000000e-01   6.7898461999382076e-01   6.7898461997220272e-01   2.1618040690896123e-11
   9.7265625000000000e-01   7.2758102895559906e-01   7.2758102893861343e-01   1.6985635120647657e-11
   9.8046875000000000e-01   7.7342243694173940e-01   7.7342243692905410e-01   1.2685297257064576e-11
   9.8828125000000000e-01   8.1645688711247399e-01   8.1645688710366948e-01   8.8045126744873414e-12
   9.9609375000000000e-01   8.5664706374700095e-01   8.5664706374163768e-01   5.3632653873592062e-12
   7.5390625000000000e-01  -3.6350711810210934e-01  -3.6350711808458008e-01   1.7529255824655365e-11
   7.6171875000000000e-01  -3.4958050892172676e-01  -3.4958050890183451e-01   1.9892254510267549e-11
   7.6953125000000000e-01  -3.3766018497122613e-01  -3.3766018495028088e-01   2.0945245537973278e-11
   7.7734375000000000e-01  -3.2692747941352673e-01  -3.2692747939287492e-01   2.0651813592564849e-11
   7.8515625000000000e-01  -3.1648815851878698e-01  -3.1648815849978207e-01   1.9004908757835892e-11
   7.9296875000000000e-01  -3.0541576846982849e-01  -3.0541576845382845e-01   1.6000034630536675e-11
   8.0078125000000000e-01  -2.9279535162982878e-01  -2.9279535161802900e-01   1.1799783372623551e-11
   8.0859375000000000e-01  -2.7776549048566945e-01  -2.7776549047901378e-01   6.6556760103253509e-12
   8.1640625000000000e-01  -2.5955674018089780e-01  -2.5955674018015223e-01   7.4557027218702387e-13
   8.2421875000000000e-01  -2.3752470887071936e-01  -2.3752470887640662e-01   5.6872562215204425e-12
   8.3203125000000000e-01  -2.1117632995133570e-01  -2.1117632996375021e-01   1.2414513861358500e-11
   8.3984375000000000e-01  -1.8018822810757679e-01  -1.8018822812672491e-01   1.9148127528012537e-11
   8.4765625000000000e-01  -1.4441649480778374e-01  -1.4441649483339736e-01   2.5613622334219599e-11
   8.5546875000000000e-01  -1.0389763786189336e-01  -1.0389763789353319e-01   3.1639829645158102e-11
   8.6328125000000000e-01  -5.8840931068087812e-02  -5.8840931105124457e-02   3.7036644584542699e-11
   8.7109375000000000e-01  -9.6128395438476958e-03  -9.6128395854395976e-03   4.1591901797644049e-11
