#                  Coord.                Numerical               Analytical                    Error
   3.9062500000000000e-03   4.8200590114014852e-01   4.8200590118183517e-01   4.1686654128625378e-11
   1.1718750000000000e-02   4.9366537234299712e-01   4.9366537238666663e-01   4.3669512450605907e-11
   1.9531250000000000e-02   5.0388984568195583e-01   5.0388984572525208e-01   4.3296255469726930e-11
   2.7343750000000000e-02   5.1346689550200664e-01   5.1346689554266001e-01   4.0653369559606745e-11
   3.5156250000000000e-02   5.2316446180152876e-01   5.2316446183738541e-01   3.5856650981713756e-11
   4.2968750000000000e-02   5.3368999295347097e-01   5.3368999298259767e-01   2.9126701051040982e-11
   5.0781250000000000e-02   5.4565174175272635e-01   5.4565174177348352e-01   2.0757173757601777e-11
   5.8593750000000000e-02   5.5952417200584903e-01   5.5952417201705151e-01   1.1202483385375217e-11
   6.6406250000000000e-02   5.7561922899600704e-01   5.7561922899688611e-01   8.7907459089819895e-13
   7.4218750000000000e-02   5.9406493812015648e-01   5.9406493811039796e-01   9.7585273195477384e-12
   8.2031250000000000e-02   6.1479243836556807e-01   6.1479243834537023e-01   2.0197843397795623e-11
   8.9843750000000000e-02   6.3753215028058030e-01   6.3753215025062815e-01   2.9952151869849786e-11
   9.7656250000000000e-02   6.6181934251915298e-01   6.6181934248059893e-01   3.8554048842343036e-11
   1.0546875000000000e-01   6.8700891830657784e-01   6.8700891826091337e-01   4.5664472203554851e-11
   1.1328125000000000e-01   7.1229881433073183e-01   7.1229881427977781e-01   5.0954018782078947e-11
   1.2109375000000000e-01   7.3676100942779998e-01   7.3676100937366318e-01   5.4136806149074346e-11
   1.2890625000000000e-01   7.5937879681624576e-01   7.5937879676130804e-01   5.4937721039038934e-11
   1.3671875000000000e-01   7.7908869665969016e-01   7.7908869660639624e-01   5.3293924828778927e-11
   1.4453125000000000e-01   7.9482518724500983e-01   7.9482518719576190e-01   4.9247939060137469e-11
   1.5234375000000000e-01   8.0556632110371051e-01   8.0556632106081083e-01   4.2899683805330824e-11
   1.6015625000000000e-01   8.1037827088966063e-01   8.1037827085526326e-01   3.4397373838146450e-11
   1.6796875000000000e-01   8.0845691829027677e-01   8.0845691826622224e-01   2.4054536140738492e-11
   1.7578125000000000e-01   7.9916475281742061e-01   7.9916475280521537e-01   1.2205236821216658e-11
   1.8359375000000000e-01   7.8206157689497691e-01   7.8206157689571132e-01   7.3441253078954105e-13
   1.9140625000000000e-01   7.5692780631930090e-01   7.5692780633362300e-01   1.4322099062269444e-11
   1.9921875000000000e-01   7.2377949487252602e-01   7.2377949490057469e-01   2.8048674494129955e-11
   2.0703125000000000e-01   6.8287458034750337e-01   6.8287458038879967e-01   4.1296299713167173e-11
   2.1484375000000000e-01   6.3471022710443403e-01   6.3471022715802328e-01   5.3589244153329219e-11
   2.2265625000000000e-01   5.8001150823319958e-01   5.8001150829768677e-01   6.4487193363049755e-11
   2.3046875000000000e-01   5.1971201049522586e-01   5.1971201056875993e-01   7.3534067723812768e-11
   2.3828125000000000e-01   4.5492724204007717e-01   4.5492724212044361e-01   8.0366435728507213e-11
   2.4609375000000000e-01   3.8692196449658889e-01   3.8692196458124761e-01   8.4658724475161762e-11
   2.5390625000000000e-01   3.1707274965914428e-01   3.1707274974544686e-01   8.6302576196573000e-11
   2.6171875000000000e-01   2.4682717334986010e-01   2.4682717343505922e-01   8.5199125532398057e-11
   2.6953125000000000e-01   1.7766110625981313e-01   1.7766110634114232e-01   8.1329193379886533e-11
   2.7734375000000000e-01   1.1103554870193554e-01   1.1103554877678612e-01   7.4850584064201087e-11
   2.8515625000000000e-01   4.8354391382011488e-02   4.8354391448005456e-02   6.5993967235389306e-11
   2.9296875000000000e-01  -9.0756223273757240e-03  -9.0756222723564761e-03   5.5019247838239416e-11
   3.0078125000000000e-01  -6.0081594557774107e-02  -6.0081594515537066e-02   4.2237040254189395e-11
   3.0859375000000000e-01  -1.0365685112403573e-01  -1.0365685109598331e-01   2.8052421496838065e-11
   3.1640625000000000e-01  -1.3898818782225686e-01  -1.3898818780935895e-01   1.2897904966280294e-11
   3.2421875000000000e-01  -1.6547734530578739e-01  -1.6547734530863195e-01   2.8445579225433448e-12
   3.3203125000000000e-01  -1.8275624451619008e-01  -1.8275624453498313e-01   1.8793050449161797e-11
   3.3984375000000000e-01  -1.9069568317979921e-01  -1.9069568321432875e-01   3.4529545889228075e-11
   3.4765625000000000e-01  -1.8940735934590724e-01  -1.8940735939558914e-01   4.9681897484887827e-11
   3.5546875000000000e-01  -1.7923925160213458e-01  -1.7923925166605006e-01   6.3915484016519031e-11
   3.6328125000000000e-01  -1.6076454912977811e-01  -1.6076454920669300e-01   7.6914891122825679e-11
   3.7109375000000000e-01  -1.3476448925356183e-01  -1.3476448934191074e-01   8.8348911519986473e-11
   3.7890625000000000e-01  -1.0220562520903738e-01  -1.0220562530701460e-01   9.7977223556533488e-11
   3.8671875000000000e-01  -6.4212209954245036e-02  -6.4212210059838987e-02   1.0559395025033780e-10
   3.9453125000000000e-01  -2.2034537974448695e-02  -2.2034538085457498e-02   1.1100880284442560e-10
   4.0234375000000000e-01   2.2985771223643262e-02   2.2985771109515395e-02   1.1412786687925447e-10
   4.1015625000000000e-01   6.9452446095941214e-02   6.9452445981030050e-02   1.1491116391759704e-10
   4.1796875000000000e-01   1.1595200633674771e-01   1.1595200622347968e-01   1.1326803384115181e-10
   4.2578125000000000e-01   1.6109074957714353e-01   1.6109074946789728e-01   1.0924625093444718e-10
   4.3359375000000000e-01   2.0353006590158049e-01   2.0353006579853072e-01   1.0304976316710679e-10
   4.4140625000000000e-01   2.4201893313676096e-01   2.4201893304191704e-01   9.4843910503072948e-11
   4.4921875000000000e-01   2.7542257303316731e-01   2.7542257294840816e-01   8.4759144147739107e-11
   4.5703125000000000e-01   3.0274643078249613e-01   3.0274643070945029e-01   7.3045847148733856e-11
   4.6484375000000000e-01   3.2315486933256182e-01   3.2315486927251130e-01   6.0050520112042705e-11
   4.7265625000000000e-01   3.3598423252027204e-01   3.3598423247415876e-01   4.6113279861259571e-11
   4.8046875000000000e-01   3.4075021015703599e-01   3.4075021012553991e-01   3.1496083519044760e-11
   4.8828125000000000e-01   3.3714971442478192e-01   3.3714971440830344e-01   1.6478485242998886e-11
   4.9609375000000000e-01   3.2505773009338745e-01   3.2505773009192895e-01   1.4584999874500681e-12
   5.0390625000000000e-01   3.0451981215741486e-01   3.0451981217067936e-01   1.3264500609011520e-11
   5.1171875000000000e-01   2.7574105760415879e-01   2.7574105763162499e-01   2.7466195984260366e-11
   5.1953125000000000e-01   2.3907246202361424e-01   2.3907246206468094e-01   4.1066705591674690e-11
   5.2734375000000000e-01   1.9499558154117561e-01   1.9499558159500796e-01   5.3832355240146512e-11
   5.3515625000000000e-01   1.4410635769788924e-01   1.4410635776347852e-01   6.5589284004019532e-11
   5.4296875000000000e-01   8.7098835768794805e-02   8.7098835845074815e-02   7.6280010086193784e-11
   5.5078125000000000e-01   2.4749330024350757e-02   2.4749330110159094e-02   8.5808336131032448e-11
   5.5859375000000000e-01  -4.2098618184303736e-02  -4.2098618090103360e-02   9.4200376665742880e-11
   5.6640625000000000e-01  -1.1254835972064205e-01  -1.1254835961929829e-01   1.0134375283410435e-10
   5.7421875000000000e-01  -1.8566340611143950e-01  -1.8566340600422024e-01   1.0721926124723780e-10
   5.8203125000000000e-01  -2.6048008447660287e-01  -2.6048008436485931e-01   1.1174355885046339e-10
   5.8984375000000000e-01  -3.3601992798574898e-01  -3.3601992787078239e-01   1.1496659180210145e-10
   5.9765625000000000e-01  -4.1130219646554217e-01  -4.1130219634874288e-01   1.1679929246000142e-10
   6.0546875000000000e-01  -4.8535689577802910e-01  -4.8535689566086299e-01   1.1716611014733758e-10
   6.1328125000000000e-01  -5.5723856908218106e-01  -5.5723856896611434e-01   1.1606671179720252e-10
   6.2109375000000000e-01  -6.2604097761230870e-01  -6.2604097749875753e-01   1.1355116846800684e-10
   6.2890625000000000e-01  -6.9091258932658572e-01  -6.9091258921694865e-01   1.0963707719469085e-10
   6.3671875000000000e-01  -7.5107257200985356e-01  -7.5107257190551791e-01   1.0433565122980326e-10
   6.4453125000000000e-01  -8.0582676760288563e-01  -8.0582676750523530e-01   9.7650332264720419e-11
   6.5234375000000000e-01  -8.5458293188429668e-01  -8.5458293179448086e-01   8.9815821446848076e-11
   6.6015625000000000e-01  -8.9686438165406290e-01  -8.9686438157309400e-01   8.0968898252820054e-11
   6.6796875000000000e-01  -9.3232111970145259e-01  -9.3232111963016828e-01   7.1284311786712351e-11
   6.7578125000000000e-01  -9.6073751946618469e-01  -9.6073751940522578e-01   6.0958904590791008e-11
   6.8359375000000000e-01  -9.8203575228416840e-01  -9.8203575223390049e-01   5.0267900952860600e-11
   6.9140625000000000e-01  -9.9627432802645066e-01  -9.9627432798699411e-01   3.9456549139060826e-11
   6.9921875000000000e-01  -1.0036413840723650e+00  -1.0036413840436234e+00   2.8741675706100978e-11
   7.0703125000000000e-01  -1.0044426796477117e+00  -1.0044426796293460e+00   1.8365753362559190e-11
   7.1484375000000000e-01  -9.9908460827476819e-01  -9.9908460826614709e-01   8.6211038308192656e-12
   7.2265625000000000e-01  -9.8805290204034468e-01  -9.8805290204068863e-01   3.4394709302887350e-13
   7.3046875000000000e-01  -9.7188803757632491e-01  -9.7188803758476139e-01   8.4364737418241020e-12
   7.3828125000000000e-01  -9.5115863599886830e-01  -9.5115863601445805e-01   1.5589751711786448e-11
   7.4609375000000000e-01  -9.2643435198119006e-01  -9.2643435200288771e-01   2.1697643681761747e-11
   8.7890625000000000e-01  -1.7171300076077892e-01  -1.7171300082914909e-01   6.8370170636100625e-11
   8.8671875000000000e-01  -1.1307594862203338e-01  -1.1307594869038319e-01   6.8349811921386561e-11
   8.9453125000000000e-01  -5.4309422526930586e-02  -5.4309422593975122e-02   6.7044536589122572e-11
   9.0234375000000000e-01   3.9798197578644291e-03   3.9798196935567623e-03   6.4307666830520915e-11
   9.1015625000000000e-01   6.1135948282397372e-02   6.1135948222419516e-02   5.9977856015080988e-11
   9.1796875000000000e-01   1.1648258469983423e-01   1.1648258464578157e-01   5.4052665121595567e-11
   9.2578125000000000e-01   1.6935463087398836e-01   1.6935463082728500e-01   4.6703363398847841e-11
   9.3359375000000000e-01   2.1913149671779181e-01   2.1913149667973883e-01   3.8052977435754087e-11
   9.4140625000000000e-01   2.6526969929712596e-01   2.6526969926880556e-01   2.8320401579406962e-11
   9.4921875000000000e-01   3.0733280912136574e-01   3.0733280910354832e-01   1.7817414210696825e-11
   9.5703125000000000e-01   3.4501684866388660e-01   3.4501684865692855e-01   6.9580452510820123e-12
   9.6484375000000000e-01   3.7816949347656564e-01   3.7816949348037815e-01   3.8125058665627876e-12
   9.7265625000000000e-01   4.0680177153626124e-01   4.0680177155038549e-01   1.4124257319281242e-11
   9.8046875000000000e-01   4.3109137949257803e-01   4.3109137951603349e-01   2.3455459796650757e-11
   9.8828125000000000e-01   4.5137720875791415e-01   4.5137720878926790e-01   3.1353752927287815e-11
   9.9609375000000000e-01   4.6814517090928193e-01   4.6814517094678820e-01   3.7506275862853045e-11
   7.5390625000000000e-01  -8.9825985077017145e-01  -8.9825985079698001e-01   2.6808555375623655e-11
   7.6171875000000000e-01  -8.6713146391450580e-01  -8.6713146394554586e-01   3.1040059411679977e-11
   7.6953125000000000e-01  -8.3347799099609676e-01  -8.3347799103062303e-01   3.4526270731305431e-11
   7.7734375000000000e-01  -7.9764688104732684e-01  -7.9764688108473714e-01   3.7410297082374200e-11
   7.8515625000000000e-01  -7.5989669763575396e-01  -7.5989669767559798e-01   3.9844016974655005e-11
   7.9296875000000000e-01  -7.2039636755552527e-01  -7.2039636759753245e-01   4.2007175515834660e-11
   8.0078125000000000e-01  -6.7923126250769161e-01  -6.7923126255176647e-01   4.4074854876896552e-11
   8.0859375000000000e-01  -6.3641569786086505e-01  -6.3641569790710328e-01   4.6238235462681132e-11
   8.1640625000000000e-01  -5.9191098588615931e-01  -5.9191098593477720e-01   4.8617887493662693e-11
   8.2421875000000000e-01  -5.4564778511367462e-01  -5.4564778516490775e-01   5.1233128850469711e-11
   8.3203125000000000e-01  -4.9755117162887413e-01  -4.9755117168291663e-01   5.4042492703132439e-11
   8.3984375000000000e-01  -4.4756664565238263e-01  -4.4756664570938753e-01   5.7004900799739744e-11
   8.4765625000000000e-01  -3.9568519381669087e-01  -3.9568519387671047e-01   6.0019600400806894e-11
   8.5546875000000000e-01  -3.4196556195976141e-01  -3.4196556202266343e-01   6.2902016928489957e-11
   8.6328125000000000e-01  -2.8655205385662136e-01  -2.8655205392202321e-01   6.5401850601887190e-11
   8.7109375000000000e-01  -2.2968644814672903e-01  -2.2968644821402753e-01   6.7298500106005577e-11
