#                  Coord.                Numerical               Analytical                    Error
   3.9062500000000000e-03  -8.7048405834682785e-01  -8.7048405834669640e-01   1.3145040611561853e-13
   1.1718750000000000e-02  -9.4019231409034087e-01  -9.4019231409019299e-01   1.4788170688007085e-13
   1.9531250000000000e-02  -1.0065419147125976e+00  -1.0065419147124268e+00   1.7075230118734908e-13
   2.7343750000000000e-02  -1.0681901549086741e+00  -1.0681901549084678e+00   2.0627943797535409e-13
   3.5156250000000000e-02  -1.1238226724937923e+00  -1.1238226724935627e+00   2.2959412149248237e-13
   4.2968750000000000e-02  -1.1721988130346217e+00  -1.1721988130343766e+00   2.4513724383723456e-13
   5.0781250000000000e-02  -1.2121961578145848e+00  -1.2121961578143283e+00   2.5646151868841116e-13
   5.8593750000000000e-02  -1.2428521512145052e+00  -1.2428521512142401e+00   2.6512125828048738e-13
   6.6406250000000000e-02  -1.2634008267766481e+00  -1.2634008267763817e+00   2.6645352591003757e-13
   7.4218750000000000e-02  -1.2733028171373468e+00  -1.2733028171371052e+00   2.4158453015843406e-13
   8.2031250000000000e-02  -1.2722671333202289e+00  -1.2722671333200508e+00   1.7807977314987511e-13
   8.9843750000000000e-02  -1.2602635966055094e+00  -1.2602635966053897e+00   1.1968204205459188e-13
   9.7656250000000000e-02  -1.2375252768958978e+00  -1.2375252768958156e+00   8.2156503822261584e-14
   1.0546875000000000e-01  -1.2045408051177977e+00  -1.2045408051177620e+00   3.5749181392930041e-14
   1.1328125000000000e-01  -1.1620369503484984e+00  -1.1620369503485422e+00   4.3742787170231168e-14
   1.2109375000000000e-01  -1.1109523509733628e+00  -1.1109523509734898e+00   1.2700951401711791e-13
   1.2890625000000000e-01  -1.0524037311476813e+00  -1.0524037311478427e+00   1.6142642778049776e-13
   1.3671875000000000e-01  -9.8764629150369498e-01  -9.8764629150389371e-01   1.9872992140790302e-13
   1.4453125000000000e-01  -9.1803021524544715e-01  -9.1803021524569661e-01   2.4946711363327267e-13
   1.5234375000000000e-01  -8.4495536432531970e-01  -8.4495536432559315e-01   2.7344793096517606e-13
   1.6015625000000000e-01  -7.6982625085190726e-01  -7.6982625085217915e-01   2.7189361873070084e-13
   1.6796875000000000e-01  -6.9400926054170275e-01  -6.9400926054197476e-01   2.7200464103316335e-13
   1.7578125000000000e-01  -6.1879389024018638e-01  -6.1879389024045484e-01   2.6845192735436285e-13
   1.8359375000000000e-01  -5.4535945934351082e-01  -5.4535945934375452e-01   2.4369395390522186e-13
   1.9140625000000000e-01  -4.7474838927006824e-01  -4.7474838927028978e-01   2.2154500456394999e-13
   1.9921875000000000e-01  -4.0784674264946935e-01  -4.0784674264967591e-01   2.0655699373151037e-13
   2.0703125000000000e-01  -3.4537230187421553e-01  -3.4537230187440759e-01   1.9206858326015208e-13
   2.1484375000000000e-01  -2.8787007084586869e-01  -2.8787007084604160e-01   1.7291723608536813e-13
   2.2265625000000000e-01  -2.3571472658579182e-01  -2.3571472658596226e-01   1.7044698985557716e-13
   2.3046875000000000e-01  -1.8911924664144766e-01  -1.8911924664162638e-01   1.7871815138903457e-13
   2.3828125000000000e-01  -1.4814870614128259e-01  -1.4814870614147169e-01   1.8909873666927979e-13
   2.4609375000000000e-01  -1.1273808132495051e-01  -1.1273808132513891e-01   1.8839096949108125e-13
   2.5390625000000000e-01  -8.2712815140930387e-02  -8.2712815141115670e-02   1.8528234502213081e-13
   2.6171875000000000e-01  -5.7810890802260158e-02  -5.7810890802454620e-02   1.9446250165700008e-13
   2.6953125000000000e-01  -3.7705212756192499e-02  -3.7705212756383923e-02   1.9142326612708871e-13
   2.7734375000000000e-01  -2.2025200290032267e-02  -2.2025200290205264e-02   1.7299703336526306e-13
   2.8515625000000000e-01  -1.0376644388054326e-02  -1.0376644388218012e-02   1.6368677246969554e-13
   2.9296875000000000e-01  -2.3590506250949117e-03  -2.3590506252751356e-03   1.8022389136618244e-13
   3.0078125000000000e-01   2.4201222120655706e-03   2.4201222118899433e-03   1.7562730783571290e-13
   3.0859375000000000e-01   4.3347268581710764e-03   4.3347268580276122e-03   1.4346423354849591e-13
   3.1640625000000000e-01   3.7329074543004451e-03   3.7329074541679543e-03   1.3249080652033562e-13
   3.2421875000000000e-01   9.3382894483639602e-04   9.3382894471136333e-04   1.2503268819602509e-13
   3.3203125000000000e-01  -3.7719735735437642e-03  -3.7719735736563894e-03   1.1262518695431822e-13
   3.3984375000000000e-01  -1.0118903727259689e-02  -1.0118903727352239e-02   9.2550966890314612e-14
   3.4765625000000000e-01  -1.7859681969267006e-02  -1.7859681969347934e-02   8.0928319601270005e-14
   3.5546875000000000e-01  -2.6756321108649620e-02  -2.6756321108714374e-02   6.4753757911262255e-14
   3.6328125000000000e-01  -3.6569329130630338e-02  -3.6569329130658738e-02   2.8400892748692286e-14
   3.7109375000000000e-01  -4.7045854759616638e-02  -4.7045854759614862e-02   1.7763568394002505e-15
   3.7890625000000000e-01  -5.7907559077662561e-02  -5.7907559077642438e-02   2.0122792321330962e-14
   3.8671875000000000e-01  -6.8839043674605388e-02  -6.8839043674577299e-02   2.8088642523016460e-14
   3.9453125000000000e-01  -7.9477688042141365e-02  -7.9477688042087088e-02   5.4276028116362340e-14
   4.0234375000000000e-01  -8.9405741063374219e-02  -8.9405741063290037e-02   8.4182660842202495e-14
   4.1015625000000000e-01  -9.8145467978537376e-02  -9.8145467978444451e-02   9.2925667161125602e-14
   4.1796875000000000e-01  -1.0515807006014513e-01  -1.0515807006005072e-01   9.4410590456561749e-14
   4.2578125000000000e-01  -1.0984696571133813e-01  -1.0984696571123594e-01   1.0219602941674566e-13
   4.3359375000000000e-01  -1.1156584742568748e-01  -1.1156584742557603e-01   1.1145251388455790e-13
   4.4140625000000000e-01  -1.0963171079377707e-01  -1.0963171079367896e-01   9.8102082013440395e-14
   4.4921875000000000e-01  -1.0334279509396195e-01  -1.0334279509388834e-01   7.3607786532647879e-14
   4.5703125000000000e-01  -9.2001089671278513e-02  -9.2001089671206418e-02   7.2095107661596103e-14
   4.6484375000000000e-01  -7.4938760053900669e-02  -7.4938760053811615e-02   8.9053764362745369e-14
   4.7265625000000000e-01  -5.1547549880041781e-02  -5.1547549879968776e-02   7.3004102763007950e-14
   4.8046875000000000e-01  -2.1309939080518935e-02  -2.1309939080487030e-02   3.1905034170165436e-14
   4.8828125000000000e-01   1.6169393540478111e-02   1.6169393540500229e-02   2.2117724318704290e-14
   4.9609375000000000e-01   6.1133423548147506e-02   6.1133423548184802e-02   3.7296554733501353e-14
   5.0390625000000000e-01   1.1364565627940756e-01   1.1364565627945311e-01   4.5546899585247047e-14
   5.1171875000000000e-01   1.7356772042708363e-01   1.7356772042711041e-01   2.6784130469081902e-14
   5.1953125000000000e-01   2.4054326068468734e-01   2.4054326068468504e-01   2.3037127760971998e-15
   5.2734375000000000e-01   3.1398948901095364e-01   3.1398948901092516e-01   2.8477220581635265e-14
   5.3515625000000000e-01   3.9309743303097056e-01   3.9309743303090877e-01   6.1783911320389961e-14
   5.4296875000000000e-01   4.7684151368577454e-01   4.7684151368568245e-01   9.2092999892656735e-14
   5.5078125000000000e-01   5.6399861414628827e-01   5.6399861414614905e-01   1.3922196728799463e-13
   5.5859375000000000e-01   6.5317629592161475e-01   6.5317629592142235e-01   1.9240165016753963e-13
   5.6640625000000000e-01   7.4284930786179082e-01   7.4284930786155423e-01   2.3658852654762086e-13
   5.7421875000000000e-01   8.3140305302071482e-01   8.3140305302042650e-01   2.8832491949515315e-13
   5.8203125000000000e-01   9.1718225993956248e-01   9.1718225993919955e-01   3.6293190674996367e-13
   5.8984375000000000e-01   9.9854277822785265e-01   9.9854277822743842e-01   4.1422421048764591e-13
   5.9765625000000000e-01   1.0739042068987403e+00   1.0739042068983033e+00   4.3698378249246161e-13
   6.0546875000000000e-01   1.1418009834746075e+00   1.1418009834741552e+00   4.5230486023228877e-13
   6.1328125000000000e-01   1.2009296189778300e+00   1.2009296189773635e+00   4.6651571494749078e-13
   6.2109375000000000e-01   1.2501899553783629e+00   1.2501899553779074e+00   4.5541348470123921e-13
   6.2890625000000000e-01   1.2887186352037079e+00   1.2887186352032984e+00   4.0945025148175773e-13
   6.3671875000000000e-01   1.3159133866735060e+00   1.3159133866731338e+00   3.7214675785435247e-13
   6.4453125000000000e-01   1.3314472139932596e+00   1.3314472139929210e+00   3.3861802251067274e-13
   6.5234375000000000e-01   1.3352721089170971e+00   1.3352721089168211e+00   2.7600144392181392e-13
   6.6015625000000000e-01   1.3276124320139124e+00   1.3276124320137157e+00   1.9673151996357774e-13
   6.6796875000000000e-01   1.3089486166007269e+00   1.3089486166005977e+00   1.2922996006636822e-13
   6.7578125000000000e-01   1.2799922946021622e+00   1.2799922946020912e+00   7.1054273576010019e-14
   6.8359375000000000e-01   1.2416543065558969e+00   1.2416543065558951e+00   1.7763568394002505e-15
   6.9140625000000000e-01   1.1950073194594686e+00   1.1950073194595263e+00   5.7731597280508140e-14
   6.9921875000000000e-01   1.1412449259079829e+00   1.1412449259080812e+00   9.8365759981788869e-14
   7.0703125000000000e-01   1.0816391339719751e+00   1.0816391339721054e+00   1.3034018309099338e-13
   7.1484375000000000e-01   1.0174980853013809e+00   1.0174980853015405e+00   1.5965007094109751e-13
   7.2265625000000000e-01   9.5012567167625672e-01   9.5012567167643425e-01   1.7752466163756253e-13
   7.3046875000000000e-01   8.8078447576941044e-01   8.8078447576961083e-01   2.0039525594484076e-13
   7.3828125000000000e-01   8.1066316208478173e-01   8.1066316208501088e-01   2.2915003228263231e-13
   7.4609375000000000e-01   7.4084911260847675e-01   7.4084911260871134e-01   2.3459012510329558e-13
   8.7890625000000000e-01  -1.0961420335027724e-02  -1.0961420334923306e-02   1.0441821018947195e-13
   8.8671875000000000e-01  -4.0683534696182036e-02  -4.0683534696068946e-02   1.1309009284588001e-13
   8.9453125000000000e-01  -7.2312150224650429e-02  -7.2312150224513830e-02   1.3659906539231770e-13
   9.0234375000000000e-01  -1.0646187868826745e-01  -1.0646187868813613e-01   1.3132550602534820e-13
   9.1015625000000000e-01  -1.4368741920152359e-01  -1.4368741920138503e-01   1.3855583347321954e-13
   9.1796875000000000e-01  -1.8446345028344327e-01  -1.8446345028327571e-01   1.6756040999155175e-13
   9.2578125000000000e-01  -2.2916434891206727e-01  -2.2916434891190429e-01   1.6298074001497298e-13
   9.3359375000000000e-01  -2.7804440583139639e-01  -2.7804440583123680e-01   1.5959455978986625e-13
   9.4140625000000000e-01  -3.3121937340193652e-01  -3.3121937340177010e-01   1.6642243139131097e-13
   9.4921875000000000e-01  -3.8865031217995599e-01  -3.8865031217978263e-01   1.7336132529521819e-13
   9.5703125000000000e-01  -4.5013077876207247e-01  -4.5013077876191215e-01   1.6031620475587260e-13
   9.6484375000000000e-01  -5.1527840655048918e-01  -5.1527840655034907e-01   1.4011014570769476e-13
   9.7265625000000000e-01  -5.8353186337103913e-01  -5.8353186337091301e-01   1.2612133559741778e-13
   9.8046875000000000e-01  -6.5415402097142117e-01  -6.5415402097130115e-01   1.2001510896197942e-13
   9.8828125000000000e-01  -7.2624194312521184e-01  -7.2624194312508128e-01   1.3056222769591841e-13
   9.9609375000000000e-01  -7.9874399969689991e-01  -7.9874399969677157e-01   1.2834178164666810e-13
   7.5390625000000000e-01   6.7230676242554144e-01   6.7230676242578125e-01   2.3980817331903381e-13
   7.6171875000000000e-01   6.0586176556709770e-01   6.0586176556735138e-01   2.5368596112684827e-13
   7.6953125000000000e-01   5.4219082981168831e-01   5.4219082981195665e-01   2.6834090505190034e-13
   7.7734375000000000e-01   4.8181681619454225e-01   4.8181681619481737e-01   2.7511326550211379e-13
   7.8515625000000000e-01   4.2510851502200647e-01   4.2510851502229435e-01   2.8788083028530309e-13
   7.9296875000000000e-01   3.7228439074991876e-01   3.7228439075022052e-01   3.0175861809311755e-13
   8.0078125000000000e-01   3.2341953381709199e-01   3.2341953381738792e-01   2.9592994721383548e-13
   8.0859375000000000e-01   2.7845506461884989e-01   2.7845506461915154e-01   3.0164759579065503e-13
   8.1640625000000000e-01   2.3720929560626408e-01   2.3720929560656120e-01   2.9712343696530752e-13
   8.2421875000000000e-01   1.9939006128655287e-01   1.9939006128682632e-01   2.7344793096517606e-13
   8.3203125000000000e-01   1.6460775978121783e-01   1.6460775978147293e-01   2.5510149548324534e-13
   8.3984375000000000e-01   1.3238879940685550e-01   1.3238879940709383e-01   2.3833712781140548e-13
   8.4765625000000000e-01   1.0218929497394960e-01   1.0218929497414082e-01   1.9122203820387540e-13
   8.5546875000000000e-01   7.3408997184415015e-02   7.3408997184577801e-02   1.6278645098566358e-13
   8.6328125000000000e-01   4.5405552043126511e-02   4.5405552043287098e-02   1.6058682161812499e-13
   8.7109375000000000e-01   1.7509265080390062e-02   1.7509265080522533e-02   1.3247042351949290e-13
