#                  Coord.                Numerical               Analytical                    Error
   3.9062500000000000e-03   1.1315872139104199e+00   1.1315872139170002e+00   6.5802918669533028e-12
   1.1718750000000000e-02   1.1460253331891364e+00   1.1460253331937913e+00   4.6549430976483563e-12
   1.9531250000000000e-02   1.1528166557917341e+00   1.1528166557941899e+00   2.4558133304708463e-12
   2.7343750000000000e-02   1.1516822460141680e+00   1.1516822460142064e+00   3.8413716652030416e-14
   3.5156250000000000e-02   1.1425081687725724e+00   1.1425081687701335e+00   2.4389379404965439e-12
   4.2968750000000000e-02   1.1253633499886768e+00   1.1253633499837277e+00   4.9491521991740228e-12
   5.0781250000000000e-02   1.1005104501758673e+00   1.1005104501684546e+00   7.4127370908172452e-12
   5.8593750000000000e-02   1.0684090118518224e+00   1.0684090118420815e+00   9.7408747734561985e-12
   6.6406250000000000e-02   1.0297105518106318e+00   1.0297105517987843e+00   1.1847411940379970e-11
   7.4218750000000000e-02   9.8524569917702742e-01   9.8524569916339755e-01   1.3629875006415659e-11
   8.2031250000000000e-02   9.3600390373510101e-01   9.3600390372002207e-01   1.5078938098156414e-11
   8.9843750000000000e-02   8.8310663033739323e-01   8.8310663032123071e-01   1.6162515770190566e-11
   9.7656250000000000e-02   8.2777528991973581e-01   8.2777528990291593e-01   1.6819878823071122e-11
   1.0546875000000000e-01   7.7129541476790309e-01   7.7129541475086294e-01   1.7040147071156753e-11
   1.1328125000000000e-01   7.1497874914404569e-01   7.1497874912716808e-01   1.6877610420351630e-11
   1.2109375000000000e-01   6.6012498639306549e-01   6.6012498637672756e-01   1.6337931008081341e-11
   1.2890625000000000e-01   6.0798483759517785e-01   6.0798483757973354e-01   1.5444312495560553e-11
   1.3671875000000000e-01   5.5972596964946952e-01   5.5972596963525878e-01   1.4210743692899541e-11
   1.4453125000000000e-01   5.1640311463853084e-01   5.1640311462581534e-01   1.2715495323334380e-11
   1.5234375000000000e-01   4.7893334621246492e-01   4.7893334620145961e-01   1.1005307776201789e-11
   1.6015625000000000e-01   4.4807716642214068e-01   4.4807716641303302e-01   9.1076590713612404e-12
   1.6796875000000000e-01   4.2442567503731460e-01   4.2442567503023398e-01   7.0806138730006296e-12
   1.7578125000000000e-01   4.0839373106621801e-01   4.0839373106129434e-01   4.9236725807588755e-12
   1.8359375000000000e-01   4.0021868984390041e-01   4.0021868984122544e-01   2.6749713555318522e-12
   1.9140625000000000e-01   3.9996403206922027e-01   3.9996403206881975e-01   4.0051295613352522e-13
   1.9921875000000000e-01   4.0752701148880055e-01   4.0752701149063708e-01   1.8365309273349339e-12
   2.0703125000000000e-01   4.2264934655541375e-01   4.2264934655944952e-01   4.0357717168149065e-12
   2.1484375000000000e-01   4.4492997151824482e-01   4.4492997152444119e-01   6.1963767450379237e-12
   2.2265625000000000e-01   4.7383893921655762e-01   4.7383893922480802e-01   8.2504003628969258e-12
   2.3046875000000000e-01   5.0873171904206138e-01   5.0873171905222847e-01   1.0167089392609796e-11
   2.3828125000000000e-01   5.4886334049431684e-01   5.4886334050620778e-01   1.1890932682945277e-11
   2.4609375000000000e-01   5.9340207228098618e-01   5.9340207229439046e-01   1.3404277687811827e-11
   2.5390625000000000e-01   6.4144257335793353e-01   6.4144257337262889e-01   1.4695356043148422e-11
   2.6171875000000000e-01   6.9201867986906640e-01   6.9201867988479948e-01   1.5733081504265556e-11
   2.6953125000000000e-01   7.4411617701311483e-01   7.4411617702961996e-01   1.6505130595589890e-11
   2.7734375000000000e-01   7.9668602808448385e-01   7.9668602810145484e-01   1.6970980176722605e-11
   2.8515625000000000e-01   8.4865858093229041e-01   8.4865858094939817e-01   1.7107759653356425e-11
   2.9296875000000000e-01   8.9895923862347782e-01   8.9895923864040705e-01   1.6929235790996700e-11
   3.0078125000000000e-01   9.4652596763018926e-01   9.4652596764667007e-01   1.6480816711350599e-11
   3.0859375000000000e-01   9.9032883239212111e-01   9.9032883240787195e-01   1.5750845072659558e-11
   3.1640625000000000e-01   1.0293915054184375e+00   1.0293915054331035e+00   1.4666046155298318e-11
   3.2421875000000000e-01   1.0628144284199996e+00   1.0628144284333079e+00   1.3308243396181751e-11
   3.3203125000000000e-01   1.0897990171732945e+00   1.0897990171850562e+00   1.1761702722878908e-11
   3.3984375000000000e-01   1.1096720373291979e+00   1.1096720373391784e+00   9.9804609021703072e-12
   3.4765625000000000e-01   1.1219090559337026e+00   1.1219090559416915e+00   7.9889428405977014e-12
   3.5546875000000000e-01   1.1261557169099576e+00   1.1261557169158232e+00   5.8655302836996270e-12
   3.6328125000000000e-01   1.1222455162480254e+00   1.1222455162517249e+00   3.6994851626559466e-12
   3.7109375000000000e-01   1.1102127758890341e+00   1.1102127758905764e+00   1.5423218258092675e-12
   3.7890625000000000e-01   1.0902996385815928e+00   1.0902996385810249e+00   5.6799009939823009e-13
   3.8671875000000000e-01   1.0629561257536342e+00   1.0629561257510500e+00   2.5841551121175144e-12
   3.9453125000000000e-01   1.0288326053858472e+00   1.0288326053814334e+00   4.4138026566997723e-12
   4.0234375000000000e-01   9.8876438876146155e-01   9.8876438875551742e-01   5.9441340738430881e-12
   4.1015625000000000e-01   9.4374858998046895e-01   9.4374858997331701e-01   7.1519457023327959e-12
   4.1796875000000000e-01   8.9491381265601000e-01   8.9491381264794989e-01   8.0601081364761740e-12
   4.2578125000000000e-01   8.4348364497825568e-01   8.4348364496964079e-01   8.6148865818813647e-12
   4.3359375000000000e-01   7.9073531864444468e-01   7.9073531863564672e-01   8.7979623586420530e-12
   4.4140625000000000e-01   7.3795519312234326e-01   7.3795519311371094e-01   8.6323170833679796e-12
   4.4921875000000000e-01   6.8639294324196520e-01   6.8639294323382694e-01   8.1382678374097850e-12
   4.5703125000000000e-01   6.3721644047917136e-01   6.3721644047181902e-01   7.3523409582776367e-12
   4.6484375000000000e-01   5.9146931923398949e-01   5.9146931922767010e-01   6.3193894561663910e-12
   4.7265625000000000e-01   5.5003310953043438e-01   5.5003310952531248e-01   5.1219029018056972e-12
   4.8046875000000000e-01   5.1359560515910629e-01   5.1359560515530966e-01   3.7966296773106478e-12
   4.8828125000000000e-01   4.8262683646319421e-01   4.8262683646076249e-01   2.4317214908364804e-12
   4.9609375000000000e-01   4.5736365028467280e-01   4.5736365028356346e-01   1.1093348462054564e-12
   5.0390625000000000e-01   4.3780349023504500e-01   4.3780349023517923e-01   1.3422596367718143e-13
   5.1171875000000000e-01   4.2370754422916712e-01   4.2370754423041423e-01   1.2471135235614383e-12
   5.1953125000000000e-01   4.1461300844583215e-01   4.1461300844800864e-01   2.1764812174751569e-12
   5.2734375000000000e-01   4.0985383048375029e-01   4.0985383048663337e-01   2.8830826614978378e-12
   5.3515625000000000e-01   4.0858895840706788e-01   4.0858895841040976e-01   3.3418823264241837e-12
   5.4296875000000000e-01   4.0983685045394785e-01   4.0983685045749219e-01   3.5443314949645810e-12
   5.5078125000000000e-01   4.1251480057323714e-01   4.1251480057669576e-01   3.4586222774635189e-12
   5.5859375000000000e-01   4.1548151015516660e-01   4.1548151015823254e-01   3.0659363936536010e-12
   5.6640625000000000e-01   4.1758128372339526e-01   4.1758128372579612e-01   2.4008572907519010e-12
   5.7421875000000000e-01   4.1768823923935394e-01   4.1768823924083159e-01   1.4776513346248521e-12
   5.8203125000000000e-01   4.1474899251040104e-01   4.1474899251069297e-01   2.9193314432518491e-13
   5.8984375000000000e-01   4.0782238908888302e-01   4.0782238908775204e-01   1.1309841951856470e-12
   5.9765625000000000e-01   3.9611500510427100e-01   3.9611500510152275e-01   2.7482460751571125e-12
   6.0546875000000000e-01   3.7901131096910995e-01   3.7901131096459706e-01   4.5128900616475676e-12
   6.1328125000000000e-01   3.5609758113396855e-01   3.5609758112760509e-01   6.3634653102440097e-12
   6.2109375000000000e-01   3.2717883373745676e-01   3.2717883372919926e-01   8.2575057902545268e-12
   6.2890625000000000e-01   2.9228829316124166e-01   2.9228829315110971e-01   1.0131950833880410e-11
   6.3671875000000000e-01   2.5168908509735810e-01   2.5168908508546411e-01   1.1893985796262996e-11
   6.4453125000000000e-01   2.0586809778392384e-01   2.0586809777043061e-01   1.3493234307659918e-11
   6.5234375000000000e-01   1.5552217465293217e-01   1.5552217463806928e-01   1.4862888697564358e-11
   6.6015625000000000e-01   1.0153704186673816e-01   1.0153704185080221e-01   1.5935947006440188e-11
   6.6796875000000000e-01   4.4959616284802259e-02   4.4959616268151002e-02   1.6651256762312272e-11
   6.7578125000000000e-01  -1.3035420099071954e-02  -1.3035420116060877e-02   1.6988922421634634e-11
   6.8359375000000000e-01  -7.1183662544290732e-02  -7.1183662561210656e-02   1.6919923795377656e-11
   6.9140625000000000e-01  -1.2817231621287173e-01  -1.2817231622933709e-01   1.6465356855732693e-11
   6.9921875000000000e-01  -1.8268331650670350e-01  -1.8268331652234529e-01   1.5641793416065752e-11
   7.0703125000000000e-01  -2.3343660641415526e-01  -2.3343660642859551e-01   1.4440254547665177e-11
   7.1484375000000000e-01  -2.7923187370021951e-01  -2.7923187371312574e-01   1.2906231638964982e-11
   7.2265625000000000e-01  -3.1898705772434699e-01  -3.1898705773545971e-01   1.1112721853834273e-11
   7.3046875000000000e-01  -3.5177202444582906e-01  -3.5177202445498645e-01   9.1573970628644474e-12
   7.3828125000000000e-01  -3.7683598238039812e-01  -3.7683598238749300e-01   7.0948802388670629e-12
   7.4609375000000000e-01  -3.9362746970482698e-01  -3.9362746970982598e-01   4.9990012129796924e-12
   8.7890625000000000e-01   3.1270165567668762e-01   3.1270165568554398e-01   8.8563600897373362e-12
   8.8671875000000000e-01   3.7744009511854992e-01   3.7744009512762666e-01   9.0767393601254298e-12
   8.9453125000000000e-01   4.4173992107527632e-01   4.4173992108464344e-01   9.3671181922161395e-12
   9.0234375000000000e-01   5.0541545522397802e-01   5.0541545523366704e-01   9.6890273582062036e-12
   9.1015625000000000e-01   5.6828705183293848e-01   5.6828705184300898e-01   1.0070499989467407e-11
   9.1796875000000000e-01   6.3015783308948548e-01   6.3015783309997997e-01   1.0494494162571755e-11
   9.2578125000000000e-01   6.9079238534273812e-01   6.9079238535364695e-01   1.0908829395361863e-11
   9.3359375000000000e-01   7.4989902589210744e-01   7.4989902590340274e-01   1.1295298030233880e-11
   9.4140625000000000e-01   8.0711701297060223e-01   8.0711701298222704e-01   1.1624812223942627e-11
   9.4921875000000000e-01   8.6200975504089439e-01   8.6200975505276112e-01   1.1866729821008448e-11
   9.5703125000000000e-01   9.1406469916938071e-01   9.1406469918130839e-01   1.1927681065060369e-11
   9.6484375000000000e-01   9.6270016453091145e-01   9.6270016454265139e-01   1.1739942351596255e-11
   9.7265625000000000e-01   1.0072789599316139e+00   1.0072789599429266e+00   1.1312728531720495e-11
   9.8046875000000000e-01   1.0471282077023334e+00   1.0471282077129567e+00   1.0623280033428273e-11
   9.8828125000000000e-01   1.0815644134875133e+00   1.0815644134971336e+00   9.6203045529819065e-12
   9.9609375000000000e-01   1.1099224933238159e+00   1.1099224933320682e+00   8.2522877420387886e-12
   7.5390625000000000e-01  -4.0180607485446557e-01  -4.0180607485740460e-01   2.9390379019389457e-12
   7.6171875000000000e-01  -4.0124544504098431e-01  -4.0124544504192317e-01   9.3886010077426363e-13
   7.6953125000000000e-01  -3.9202756875345596e-01  -3.9202756875256511e-01   8.9084295495922561e-13
   7.7734375000000000e-01  -3.7442876474906012e-01  -3.7442876474656572e-01   2.4943935805765705e-12
   7.8515625000000000e-01  -3.4889824388970991e-01  -3.4889824388581508e-01   3.8948289038387429e-12
   7.9296875000000000e-01  -3.1603050343698585e-01  -3.1603050343187894e-01   5.1069148909732576e-12
   8.0078125000000000e-01  -2.7653313966663046e-01  -2.7653313966055737e-01   6.0730864781533000e-12
   8.0859375000000000e-01  -2.3119190122234679e-01  -2.3119190121554198e-01   6.8048067181081251e-12
   8.1640625000000000e-01  -1.8083493542915807e-01  -1.8083493542179288e-01   7.3651917897876729e-12
   8.2421875000000000e-01  -1.2629819283054933e-01  -1.2629819282276852e-01   7.7808037790561002e-12
   8.3203125000000000e-01  -6.8393849453279393e-02  -6.8393849445200813e-02   8.0785794720483750e-12
   8.3984375000000000e-01  -7.8833878863585009e-03  -7.8833878781095160e-03   8.2489848285405287e-12
   8.4765625000000000e-01   5.4543338899743832e-02   5.4543338908110070e-02   8.3662382577287531e-12
   8.5546875000000000e-01   1.1828213233478951e-01   1.1828213234326465e-01   8.4751372586566731e-12
   8.6328125000000000e-01   1.8282108054464472e-01   1.8282108055324042e-01   8.5957074791309651e-12
   8.7109375000000000e-01   2.4773978791900012e-01   2.4773978792771820e-01   8.7180818120202730e-12
