#                  Coord.                Numerical               Analytical                    Error
   3.9062500000000000e-03  -5.7292929563692786e-02  -5.7292929574315525e-02   1.0622738799703768e-11
   1.1718750000000000e-02  -5.2080492970163601e-02  -5.2080492981803179e-02   1.1639578190170141e-11
   1.9531250000000000e-02  -4.8591444801781319e-02  -4.8591444814266790e-02   1.2485470990419856e-11
   2.7343750000000000e-02  -4.6704017166591963e-02  -4.6704017179643634e-02   1.3051670855190878e-11
   3.5156250000000000e-02  -4.6162506084197717e-02  -4.6162506097473632e-02   1.3275915089483448e-11
   4.2968750000000000e-02  -4.6582957201255326e-02  -4.6582957214303625e-02   1.3048298552753579e-11
   5.0781250000000000e-02  -4.7467272474999177e-02  -4.7467272487258703e-02   1.2259526727120829e-11
   5.8593750000000000e-02  -4.8225666566399907e-02  -4.8225666577228064e-02   1.0828157814835038e-11
   6.6406250000000000e-02  -4.8206830451690851e-02  -4.8206830460438201e-02   8.7473500665069537e-12
   7.4218750000000000e-02  -4.6734593946405119e-02  -4.6734593952430160e-02   6.0250415767626464e-12
   8.2031250000000000e-02  -4.3149361001035606e-02  -4.3149361003703687e-02   2.6680810338852723e-12
   8.9843750000000000e-02  -3.6852162182711035e-02  -3.6852162181511008e-02   1.2000261895295239e-12
   9.7656250000000000e-02  -2.7348862637822793e-02  -2.7348862632353990e-02   5.4688024941906832e-12
   1.0546875000000000e-01  -1.4291907600432089e-02  -1.4291907590437136e-02   9.9949527820886175e-12
   1.1328125000000000e-01   2.4830028393847811e-03   2.4830028539953104e-03   1.4610529366215763e-11
   1.2109375000000000e-01   2.2927738388543693e-02   2.2927738407647873e-02   1.9104180043472141e-11
   1.2890625000000000e-01   4.6762149952499547e-02   4.6762149975705367e-02   2.3205819210669887e-11
   1.3671875000000000e-01   7.3465671870119584e-02   7.3465671896813689e-02   2.6694105259572609e-11
   1.4453125000000000e-01   1.0228112392270752e-01   1.0228112395217324e-01   2.9465721529398081e-11
   1.5234375000000000e-01   1.3223105282160671e-01   1.3223105285290210e-01   3.1295382951768147e-11
   1.6015625000000000e-01   1.6214625232447344e-01   1.6214625235646676e-01   3.1993324656198752e-11
   1.6796875000000000e-01   1.9070541383747269e-01   1.9070541386896525e-01   3.1492558560941575e-11
   1.7578125000000000e-01   2.1648422849417767e-01   2.1648422852393753e-01   2.9759861241984709e-11
   1.8359375000000000e-01   2.3801172601519061e-01   2.3801172604191642e-01   2.6725816004713465e-11
   1.9140625000000000e-01   2.5383122691956439e-01   2.5383122694201299e-01   2.2448598535618203e-11
   1.9921875000000000e-01   2.6256302570630158e-01   2.6256302572336149e-01   1.7059909040995080e-11
   2.0703125000000000e-01   2.6296582610638414e-01   2.6296582611709002e-01   1.0705880626460385e-11
   2.1484375000000000e-01   2.5399401745430183e-01   2.5399401745786493e-01   3.5630942640807461e-12
   2.2265625000000000e-01   2.3484810537173270e-01   2.3484810536759440e-01   4.1383008131390397e-12
   2.3046875000000000e-01   2.0501597274332095e-01   2.0501597273113453e-01   1.2186418540949262e-11
   2.3828125000000000e-01   1.6430312316391341e-01   1.6430312314358958e-01   2.0323825955514963e-11
   2.4609375000000000e-01   1.1285061777087073e-01   1.1285061774263049e-01   2.8240243477029026e-11
   2.5390625000000000e-01   5.1140023392017606e-02   5.1140023356319252e-02   3.5698353995083920e-11
   2.6171875000000000e-01  -2.0014690028065694e-02  -2.0014690070533747e-02   4.2468053379485227e-11
   2.6953125000000000e-01  -9.9487765748182092e-02  -9.9487765796535940e-02   4.8353848702831215e-11
   2.7734375000000000e-01  -1.8587370612770651e-01  -1.8587370618084301e-01   5.3136495203887080e-11
   2.8515625000000000e-01  -2.7752919447207575e-01  -2.7752919452876057e-01   5.6684823501740311e-11
   2.9296875000000000e-01  -3.7262296731731714e-01  -3.7262296737620049e-01   5.8883342646254277e-11
   3.0078125000000000e-01  -4.6919145039680360e-01  -4.6919145045649374e-01   5.9690141718249379e-11
   3.0859375000000000e-01  -5.6519782696527376e-01  -5.6519782702437638e-01   5.9102611693617746e-11
   3.1640625000000000e-01  -6.5859217853318452e-01  -6.5859217859031960e-01   5.7135074449377043e-11
   3.2421875000000000e-01  -7.4737041850560038e-01  -7.4737041855943942e-01   5.3839044333869879e-11
   3.3203125000000000e-01  -8.2962991663432717e-01  -8.2962991668367037e-01   4.9343196195650307e-11
   3.3984375000000000e-01  -9.0361997044460363e-01  -9.0361997048837561e-01   4.3771986035778809e-11
   3.4765625000000000e-01  -9.6778559999816183e-01  -9.6778560003546266e-01   3.7300829092146159e-11
   3.5546875000000000e-01  -1.0208035041692036e+00  -1.0208035041993124e+00   3.0108804338624395e-11
   3.6328125000000000e-01  -1.0616093995218210e+00  -1.0616093995442941e+00   2.2473134464462419e-11
   3.7109375000000000e-01  -1.0894163473143781e+00  -1.0894163473289242e+00   1.4546142068638801e-11
   3.7890625000000000e-01  -1.1037240424374870e+00  -1.1037240424440167e+00   6.5296656970303957e-12
   3.8671875000000000e-01  -1.1043193751574936e+00  -1.1043193751561644e+00   1.3291590050812374e-12
   3.9453125000000000e-01  -1.0912688704391205e+00  -1.0912688704302942e+00   8.8262730457699945e-12
   4.0234375000000000e-01  -1.0649038517840193e+00  -1.0649038517681788e+00   1.5840440070746808e-11
   4.1015625000000000e-01  -1.0257993617874503e+00  -1.0257993617652486e+00   2.2201795957244030e-11
   4.1796875000000000e-01  -9.7474799808192003e-01  -9.7474799805415346e-01   2.7766566823572703e-11
   4.2578125000000000e-01  -9.1272989205549393e-01  -9.1272989202297938e-01   3.2514546610684647e-11
   4.3359375000000000e-01  -8.4088007228220374e-01  -8.4088007224580130e-01   3.6402436620619483e-11
   4.4140625000000000e-01  -7.6045442058129920e-01  -7.6045442054195167e-01   3.9347525238042635e-11
   4.4921875000000000e-01  -6.7279535311055227e-01  -6.7279535306919791e-01   4.1354364377355068e-11
   4.5703125000000000e-01  -5.7929824991918899e-01  -5.7929824987668344e-01   4.2505554631588893e-11
   4.6484375000000000e-01  -4.8137952239084292e-01  -4.8137952234797693e-01   4.2865988536533450e-11
   4.7265625000000000e-01  -3.8044705741986945e-01  -3.8044705737736773e-01   4.2501724362153936e-11
   4.8046875000000000e-01  -2.7787361799394394e-01  -2.7787361795251608e-01   4.1427861141585254e-11
   4.8828125000000000e-01  -1.7497361939052844e-01  -1.7497361935080125e-01   3.9727193756888823e-11
   4.9609375000000000e-01  -7.2983544774719300e-02  -7.2983544737166672e-02   3.7552627674131145e-11
   5.0390625000000000e-01   2.6953881134355685e-02   2.6953881169367987e-02   3.5012302085357661e-11
   5.1171875000000000e-01   1.2380177238291837e-01   1.2380177241502392e-01   3.2105554326200547e-11
   5.1953125000000000e-01   2.1663754152673059e-01   2.1663754155564816e-01   2.8917562788777218e-11
   5.2734375000000000e-01   3.0465795845417531e-01   3.0465795847976634e-01   2.5591029295668477e-11
   5.3515625000000000e-01   3.8718110217592222e-01   3.8718110219814389e-01   2.2221668949384821e-11
   5.4296875000000000e-01   4.6364555380996875e-01   4.6364555382880179e-01   1.8833046233623918e-11
   5.5078125000000000e-01   5.3360721429551516e-01   5.3360721431101288e-01   1.5497714223045023e-11
   5.5859375000000000e-01   5.9673414811035563e-01   5.9673414812264858e-01   1.2292944440162046e-11
   5.6640625000000000e-01   6.5279985639075611e-01   6.5279985640003790e-01   9.2817975527736962e-12
   5.7421875000000000e-01   7.0167537163145210e-01   7.0167537163793559e-01   6.4834804192059892e-12
   5.8203125000000000e-01   7.4332054402824432e-01   7.4332054403219916e-01   3.9548364583197326e-12
   5.8984375000000000e-01   7.7777485901542187e-01   7.7777485901714272e-01   1.7208456881689926e-12
   5.9765625000000000e-01   8.0514808906194613e-01   8.0514808906176194e-01   1.8418599978531347e-13
   6.0546875000000000e-01   8.2561104255268358e-01   8.2561104255094209e-01   1.7414958364270205e-12
   6.1328125000000000e-01   8.3938663053586549e-01   8.3938663053290030e-01   2.9651836541688681e-12
   6.2109375000000000e-01   8.4674142985980638e-01   8.4674142985590295e-01   3.9034331322795879e-12
   6.2890625000000000e-01   8.4797787996086127e-01   8.4797787995628116e-01   4.5801140657886208e-12
   6.3671875000000000e-01   8.4342721112957186e-01   8.4342721112458718e-01   4.9846793359620278e-12
   6.4453125000000000e-01   8.3344316496691084e-01   8.3344316496182858e-01   5.0822679398265791e-12
   6.5234375000000000e-01   8.1839653318508720e-01   8.1839653318010885e-01   4.9783510647216644e-12
   6.6015625000000000e-01   7.9867050900319803e-01   7.9867050899847958e-01   4.7184478546569153e-12
   6.6796875000000000e-01   7.7465681621917037e-01   7.7465681621484039e-01   4.3299808183405730e-12
   6.7578125000000000e-01   7.4675255479774505e-01   7.4675255479394198e-01   3.8030689708534737e-12
   6.8359375000000000e-01   7.1535767890682267e-01   7.1535767890363222e-01   3.1904479058653124e-12
   6.9140625000000000e-01   6.8087300443661658e-01   6.8087300443407561e-01   2.5409674364595958e-12
   6.9921875000000000e-01   6.4369862907699604e-01   6.4369862907514508e-01   1.8509638266550610e-12
   7.0703125000000000e-01   6.0423264010658784e-01   6.0423264010546662e-01   1.1212142325689456e-12
   7.1484375000000000e-01   5.6286998426362833e-01   5.6286998426323509e-01   3.9324099532223045e-13
   7.2265625000000000e-01   5.2000138130440710e-01   5.2000138130473883e-01   3.3173463975799677e-13
   7.3046875000000000e-01   4.7601217851179717e-01   4.7601217851283423e-01   1.0370593273023587e-12
   7.3828125000000000e-01   4.3128106716768583e-01   4.3128106716941761e-01   1.7317813849615504e-12
   7.4609375000000000e-01   3.8617861260433661e-01   3.8617861260676789e-01   2.4312774016266303e-12
   8.7890625000000000e-01  -1.5284281558749072e-01  -1.5284281559196025e-01   4.4695358525359552e-12
   8.8671875000000000e-01  -1.6045806330565870e-01  -1.6045806331097590e-01   5.3171911318372622e-12
   8.9453125000000000e-01  -1.6503513152671320e-01  -1.6503513153264654e-01   5.9333371549286085e-12
   9.0234375000000000e-01  -1.6668854242820585e-01  -1.6668854243453524e-01   6.3293814633880174e-12
   9.1015625000000000e-01  -1.6558134943521169e-01  -1.6558134944177361e-01   6.5619176758957565e-12
   9.1796875000000000e-01  -1.6192824684594956e-01  -1.6192824685256976e-01   6.6202043846885772e-12
   9.2578125000000000e-01  -1.5599710569137035e-01  -1.5599710569791059e-01   6.5402405713399503e-12
   9.3359375000000000e-01  -1.4810825555116328e-01  -1.4810825555754698e-01   6.3836991248678032e-12
   9.4140625000000000e-01  -1.3863088786551311e-01  -1.3863088787175626e-01   6.2431448899502584e-12
   9.4921875000000000e-01  -1.2797608721950346e-01  -1.2797608722570922e-01   6.2057581295960063e-12
   9.5703125000000000e-01  -1.1658620142393059e-01  -1.1658620143023020e-01   6.2996136085402554e-12
   9.6484375000000000e-01  -1.0492052943317783e-01  -1.0492052943972505e-01   6.5472210986072810e-12
   9.7265625000000000e-01  -9.3437621051493391e-02  -9.3437621058487824e-02   6.9944328107141018e-12
   9.8046875000000000e-01  -8.2574820185154579e-02  -8.2574820192824180e-02   7.6696010653520830e-12
   9.8828125000000000e-01  -7.2726015477268771e-02  -7.2726015485805595e-02   8.5368240254624084e-12
   9.9609375000000000e-01  -6.4218857488245698e-02  -6.4218857497789120e-02   9.5434216085266144e-12
   7.5390625000000000e-01   3.4106558464290682e-01   3.4106558464599490e-01   3.0880853429948729e-12
   7.6171875000000000e-01   2.9629111179952217e-01   2.9629111180322631e-01   3.7041480993593723e-12
   7.6953125000000000e-01   2.5219071663660803e-01   2.5219071664084580e-01   4.2377767961454538e-12
   7.7734375000000000e-01   2.0908431675085859e-01   2.0908431675553771e-01   4.6791182040095691e-12
   7.8515625000000000e-01   1.6727429198026811e-01   1.6727429198523167e-01   4.9635573429185342e-12
   7.9296875000000000e-01   1.2704372011616008e-01   1.2704372012121321e-01   5.0531245854301687e-12
   8.0078125000000000e-01   8.8654868750748600e-02   8.8654868755707703e-02   4.9591025730322258e-12
   8.0859375000000000e-01   5.2347999825234831e-02   5.2347999829876014e-02   4.6411832710369083e-12
   8.1640625000000000e-01   1.8340498190843164e-02   1.8340498194949581e-02   4.1064165956505860e-12
   8.2421875000000000e-01  -1.3173719353229712e-02  -1.3173719349837198e-02   3.3925137005175188e-12
   8.3203125000000000e-01  -4.2024615799702597e-02  -4.2024615797208231e-02   2.4943658250009548e-12
   8.3984375000000000e-01  -6.8066419987192692e-02  -6.8066419985771953e-02   1.4207385268250050e-12
   8.4765625000000000e-01  -9.1178178335685700e-02  -9.1178178335481461e-02   2.0423940316760536e-13
   8.5546875000000000e-01  -1.1126467839536776e-01  -1.1126467839640197e-01   1.0342143808017568e-12
   8.6328125000000000e-01  -1.2825793503669955e-01  -1.2825793503894897e-01   2.2494228701930297e-12
   8.7109375000000000e-01  -1.4211938053875056e-01  -1.4211938054217588e-01   3.4253155867247642e-12
