#                  Coord.                Numerical               Analytical                    Error
   3.9062500000000000e-03   1.6322977406994559e+00   1.6322977407098505e+00   1.0394574090355491e-11
   1.1718750000000000e-02   1.6684861025567785e+00   1.6684861025909072e+00   3.4128699866187162e-11
   1.9531250000000000e-02   1.6994989218642527e+00   1.6994989219205603e+00   5.6307625229123914e-11
   2.7343750000000000e-02   1.7254339874808950e+00   1.7254339875571958e+00   7.6300743501178658e-11
   3.5156250000000000e-02   1.7462862956548999e+00   1.7462862957487209e+00   9.3820951008183329e-11
   4.2968750000000000e-02   1.7619544743459981e+00   1.7619544744546363e+00   1.0863820953943559e-10
   5.0781250000000000e-02   1.7722521655117880e+00   1.7722521656321022e+00   1.2031420304481344e-10
   5.8593750000000000e-02   1.7769215564469578e+00   1.7769215565760370e+00   1.2907919177962413e-10
   6.6406250000000000e-02   1.7756471200047239e+00   1.7756471201398594e+00   1.3513545837895435e-10
   7.4218750000000000e-02   1.7680687400291022e+00   1.7680687401679844e+00   1.3888223904245933e-10
   8.2031250000000000e-02   1.7537945544744316e+00   1.7537945546150093e+00   1.4057777164566687e-10
   8.9843750000000000e-02   1.7324148373319515e+00   1.7324148374725508e+00   1.4059930997234460e-10
   9.7656250000000000e-02   1.7035188840750211e+00   1.7035188842147480e+00   1.3972689671959415e-10
   1.0546875000000000e-01   1.6667170398293283e+00   1.6667170399678062e+00   1.3847789581689085e-10
   1.1328125000000000e-01   1.6216696605405305e+00   1.6216696606777867e+00   1.3725620640059333e-10
   1.2109375000000000e-01   1.5681239471742350e+00   1.5681239473106807e+00   1.3644574359261696e-10
   1.2890625000000000e-01   1.5059583369592791e+00   1.5059583370958689e+00   1.3658985054121331e-10
   1.3671875000000000e-01   1.4352326308735468e+00   1.4352326310114916e+00   1.3794476672046585e-10
   1.4453125000000000e-01   1.3562404825302254e+00   1.3562404826706596e+00   1.4043410878628038e-10
   1.5234375000000000e-01   1.2695594890462256e+00   1.2695594891899837e+00   1.4375811652200809e-10
   1.6015625000000000e-01   1.1760931218512654e+00   1.1760931219989392e+00   1.4767387312986102e-10
   1.6796875000000000e-01   1.0770982962099964e+00   1.0770982963615925e+00   1.5159606903125677e-10
   1.7578125000000000e-01   9.7419263089440289e-01   9.7419263104906595e-01   1.5466306013678377e-10
   1.8359375000000000e-01   8.6933645178795660e-01   8.6933645194397680e-01   1.5602019676208556e-10
   1.9140625000000000e-01   7.6478632109253075e-01   7.6478632124728985e-01   1.5475909442841385e-10
   1.9921875000000000e-01   6.6301921721949431e-01   6.6301921736953517e-01   1.5004086861836186e-10
   2.0703125000000000e-01   5.6662925801009079e-01   5.6662925815116127e-01   1.4107048862399552e-10
   2.1484375000000000e-01   4.7820179247770433e-01   4.7820179260513884e-01   1.2743450739094442e-10
   2.2265625000000000e-01   4.0017247917488924e-01   4.0017247928381328e-01   1.0892403645712534e-10
   2.3046875000000000e-01   3.3468130244193262e-01   3.3468130252763773e-01   8.5705109675870972e-11
   2.3828125000000000e-01   2.8343305073184882e-01   2.8343305078990472e-01   5.8055893426001148e-11
   2.4609375000000000e-01   2.4757634993839164e-01   2.4757634996506120e-01   2.6669555452940585e-11
   2.5390625000000000e-01   2.2761275569335357e-01   2.2761275568601813e-01   7.3354378127277187e-12
   2.6171875000000000e-01   2.2334562542943698e-01   2.2334562538672248e-01   4.2714498604823348e-11
   2.6953125000000000e-01   2.3387560858859410e-01   2.3387560851033071e-01   7.8263395764111010e-11
   2.7734375000000000e-01   2.5764583746314390e-01   2.5764583735041879e-01   1.1272510702653449e-10
   2.8515625000000000e-01   2.9253561111968951e-01   2.9253561097483188e-01   1.4485762589444562e-10
   2.9296875000000000e-01   3.3599696069202117e-01   3.3599696051840328e-01   1.7361789783620907e-10
   3.0078125000000000e-01   3.8522442148986935e-01   3.8522442129161361e-01   1.9825574515408562e-10
   3.0859375000000000e-01   4.3734505441669597e-01   4.3734505419859593e-01   2.1810003802968936e-10
   3.1640625000000000e-01   4.8961362504260469e-01   4.8961362480983955e-01   2.3276514049541674e-10
   3.2421875000000000e-01   5.3959711646503039e-01   5.3959711622293149e-01   2.4209889648574290e-10
   3.3203125000000000e-01   5.8533352597010124e-01   5.8533352572381925e-01   2.4628199479792556e-10
   3.3984375000000000e-01   6.2545211522171262e-01   6.2545211497598685e-01   2.4572577306258836e-10
   3.4765625000000000e-01   6.5924572927142455e-01   6.5924572903044454e-01   2.4098001372152567e-10
   3.5546875000000000e-01   6.8669011591891860e-01   6.8669011568635518e-01   2.3256341297184235e-10
   3.6328125000000000e-01   7.0840991479768800e-01   7.0840991457658042e-01   2.2110757669224768e-10
   3.7109375000000000e-01   7.2559565490827338e-01   7.2559565470086840e-01   2.0740498207771907e-10
   3.7890625000000000e-01   7.3988022649126750e-01   7.3988022629916927e-01   1.9209822621490957e-10
   3.8671875000000000e-01   7.5318647557183616e-01   7.5318647539605821e-01   1.7577794775291977e-10
   3.9453125000000000e-01   7.6755952070313738e-01   7.6755952054415633e-01   1.5898105054645839e-10
   4.0234375000000000e-01   7.8499797044308917e-01   7.8499797030085228e-01   1.4223688893366671e-10
   4.1015625000000000e-01   8.0729744224589006e-01   8.0729744212012933e-01   1.2576073515901953e-10
   4.1796875000000000e-01   8.3591781134936627e-01   8.3591781123967968e-01   1.0968659314158913e-10
   4.2578125000000000e-01   8.7188273497110902e-01   8.7188273487702772e-01   9.4081298307457928e-11
   4.3359375000000000e-01   9.1571656578425542e-01   9.1571656570540694e-01   7.8848483298088468e-11
   4.4140625000000000e-01   9.6742018420862652e-01   9.6742018414463327e-01   6.3993255139394023e-11
   4.4921875000000000e-01   1.0264839193751352e+00   1.0264839193258113e+00   4.9323878315021830e-11
   4.5703125000000000e-01   1.0919329111241158e+00   1.0919329110893183e+00   3.4797498216221356e-11
   4.6484375000000000e-01   1.1623982149147125e+00   1.1623982148944032e+00   2.0309309789467989e-11
   4.7265625000000000e-01   1.2362057828109407e+00   1.2362057828052071e+00   5.7336357883741584e-12
   4.8046875000000000e-01   1.3114751697090636e+00   1.3114751697182134e+00   9.1497920351457651e-12
   4.8828125000000000e-01   1.3862203185470723e+00   1.3862203185713184e+00   2.4246160634788794e-11
   4.9609375000000000e-01   1.4584459000663306e+00   1.4584459001059198e+00   3.9589220790503532e-11
   5.0390625000000000e-01   1.5262342056312026e+00   1.5262342056863387e+00   5.5136117893539449e-11
   5.1171875000000000e-01   1.5878192864959089e+00   1.5878192865669267e+00   7.1017858260802313e-11
   5.1953125000000000e-01   1.6416466862521057e+00   1.6416466863393584e+00   8.7252649549895978e-11
   5.2734375000000000e-01   1.6864185493853405e+00   1.6864185494891237e+00   1.0378320425274978e-10
   5.3515625000000000e-01   1.7211249841882270e+00   1.7211249843087204e+00   1.2049339304098794e-10
   5.4296875000000000e-01   1.7450632466020404e+00   1.7450632467390954e+00   1.3705503398853125e-10
   5.5078125000000000e-01   1.7578465829994396e+00   1.7578465831525107e+00   1.5307111134177376e-10
   5.5859375000000000e-01   1.7594044643204698e+00   1.7594044644886326e+00   1.6816281700471336e-10
   5.6640625000000000e-01   1.7499755412700195e+00   1.7499755414518603e+00   1.8184076466809529e-10
   5.7421875000000000e-01   1.7300940594017367e+00   1.7300940595954442e+00   1.9370749448910374e-10
   5.8203125000000000e-01   1.7005698200320043e+00   1.7005698202349064e+00   2.0290213953444436e-10
   5.8984375000000000e-01   1.6624611894442314e+00   1.6624611896530490e+00   2.0881762985425212e-10
   5.9765625000000000e-01   1.6170402688066079e+00   1.6170402690173999e+00   2.1079205048124550e-10
   6.0546875000000000e-01   1.5657492442280694e+00   1.5657492444363803e+00   2.0831092406581320e-10
   6.1328125000000000e-01   1.5101472103276934e+00   1.5101472105289091e+00   2.0121571076003875e-10
   6.2109375000000000e-01   1.4518474255664233e+00   1.4518474257557155e+00   1.8929213752016949e-10
   6.2890625000000000e-01   1.3924459821383630e+00   1.3924459823109949e+00   1.7263190876803947e-10
   6.3671875000000000e-01   1.3334441668474861e+00   1.3334441669988328e+00   1.5134671293992596e-10
   6.4453125000000000e-01   1.2761682053729242e+00   1.2761682054990720e+00   1.2614775890540386e-10
   6.5234375000000000e-01   1.2216914296618318e+00   1.2216914297596231e+00   9.7791330588847813e-11
   6.6015625000000000e-01   1.1707649721349760e+00   1.1707649722022371e+00   6.7261085590075709e-11
   6.6796875000000000e-01   1.1237636599244083e+00   1.1237636599600749e+00   3.5666580799897929e-11
   6.7578125000000000e-01   1.0806536813248340e+00   1.0806536813292864e+00   4.4524384179567278e-12
   6.8359375000000000e-01   1.0409877141183967e+00   1.0409877140933055e+00   2.5091262401133463e-11
   6.9140625000000000e-01   1.0039315203983492e+00   1.0039315203465198e+00   5.1829429636995883e-11
   6.9921875000000000e-01   9.6832360821320529e-01   9.6832360813856366e-01   7.4641626213178824e-11
   7.0703125000000000e-01   9.3276662513427011e-01   9.3276662504175867e-01   9.2511442950637957e-11
   7.1484375000000000e-01   8.9574596206863644e-01   8.9574596196386913e-01   1.0476730594177752e-10
   7.2265625000000000e-01   8.5576794948729273e-01   8.5576794937615142e-01   1.1114131837075547e-10
   7.3046875000000000e-01   8.1150738853334037e-01   8.1150738842151238e-01   1.1182799131148613e-10
   7.3828125000000000e-01   7.6195232032923732e-01   7.6195232022218162e-01   1.0705569764013489e-10
   7.4609375000000000e-01   7.0653317510103253e-01   7.0653317500349144e-01   9.7541086319097303e-11
   8.7890625000000000e-01   3.3012007143728922e-01   3.3012007132368193e-01   1.1360729024190164e-10
   8.8671875000000000e-01   4.1998910427417663e-01   4.1998910414341145e-01   1.3076517646481989e-10
   8.9453125000000000e-01   5.1755911484165362e-01   5.1755911469630300e-01   1.4535062042853042e-10
   9.0234375000000000e-01   6.2009787695788932e-01   6.2009787680113948e-01   1.5674983533386921e-10
   9.1015625000000000e-01   7.2495554151629371e-01   7.2495554135178886e-01   1.6450485418317840e-10
   9.1796875000000000e-01   8.2969507936256981e-01   8.2969507919429120e-01   1.6827861326618176e-10
   9.2578125000000000e-01   9.3219371730476053e-01   9.3219371713684751e-01   1.6791301682417270e-10
   9.3359375000000000e-01   1.0307103254444534e+00   1.0307103252809393e+00   1.6351409115600291e-10
   9.4140625000000000e-01   1.1239171713952580e+00   1.1239171712401024e+00   1.5515566609280995e-10
   9.4921875000000000e-01   1.2108977534378293e+00   1.2108977532948908e+00   1.4293854988522980e-10
   9.5703125000000000e-01   1.2911152427877888e+00   1.2911152426606030e+00   1.2718581743342838e-10
   9.6484375000000000e-01   1.3643581611631959e+00   1.3643581610547935e+00   1.0840239816900521e-10
   9.7265625000000000e-01   1.4306711444459894e+00   1.4306711443588351e+00   8.7154283789914189e-11
   9.8046875000000000e-01   1.4902789512008894e+00   1.4902789511369821e+00   6.3907323877288036e-11
   9.8828125000000000e-01   1.5435113230450177e+00   1.5435113230056530e+00   3.9364733694924325e-11
   9.9609375000000000e-01   1.5907350388157382e+00   1.5907350388013715e+00   1.4366730027859376e-11
   7.5390625000000000e-01   6.4522392869375234e-01   6.4522392860938504e-01   8.4367290931197658e-11
   7.6171875000000000e-01   5.7860466344674677e-01   5.7860466337802008e-01   6.8726691004883378e-11
   7.6953125000000000e-01   5.0787787266355955e-01   5.0787787261163009e-01   5.1929460731514610e-11
   7.7734375000000000e-01   4.3483471225369108e-01   4.3483471221838227e-01   3.5308811430212472e-11
   7.8515625000000000e-01   3.6177182248144857e-01   3.6177182246132561e-01   2.0122958854784656e-11
   7.9296875000000000e-01   2.9136387304277322e-01   2.9136387303509892e-01   7.6743056354189321e-12
   8.0078125000000000e-01   2.2650115473584057e-01   2.2650115473706894e-01   1.2283785100208888e-12
   8.0859375000000000e-01   1.7010490706305115e-01   1.7010490706903852e-01   5.9873772606522380e-12
   8.1640625000000000e-01   1.2493526916873063e-01   1.2493526917482353e-01   6.0929039591428591e-12
   8.2421875000000000e-01   9.3407530641179848e-02   9.3407530642627468e-02   1.4476198018087416e-12
   8.3203125000000000e-01   7.7431649917529780e-02   7.7431649909874209e-02   7.6555706218783826e-12
   8.3984375000000000e-01   7.8287874982063951e-02   7.8287874961407100e-02   2.0656851229539086e-11
   8.4765625000000000e-01   9.6547971084827475e-02   9.6547971047969902e-02   3.6857572549564566e-11
   8.5546875000000000e-01   1.3204738700486202e-01   1.3204738694958171e-01   5.5280308108862641e-11
   8.6328125000000000e-01   1.8390911285611766e-01   1.8390911278123273e-01   7.4884931589025427e-11
   8.7109375000000000e-01   2.5061546942533824e-01   2.5061546933069412e-01   9.4644125869791651e-11
