#                  Coord.                Numerical               Analytical                    Error
   3.9062500000000000e-03  -5.5894621970947666e-03  -5.5894621977889240e-03   6.9415740516776125e-13
   1.1718750000000000e-02  -4.4410735190996212e-03  -4.4410735196432080e-03   5.4358687689992635e-13
   1.9531250000000000e-02  -3.4680233468126626e-03  -3.4680233472617590e-03   4.4909648916346967e-13
   2.7343750000000000e-02  -2.6586362314503491e-03  -2.6586362318076996e-03   3.5735043396600830e-13
   3.5156250000000000e-02  -1.9991837613476198e-03  -1.9991837615952052e-03   2.4758537234270683e-13
   4.2968750000000000e-02  -1.4751979964304019e-03  -1.4751979966117937e-03   1.8139179394638383e-13
   5.0781250000000000e-02  -1.0724890222478321e-03  -1.0724890223919269e-03   1.4409480553201348e-13
   5.8593750000000000e-02  -7.7783776168161207e-04  -7.7783776175227939e-04   7.0667321820649942e-14
   6.6406250000000000e-02  -5.7933846044892171e-04  -5.7933846043856986e-04   1.0351853922674348e-14
   7.4218750000000000e-02  -4.6637005665271352e-04  -4.6637005659460495e-04   5.8108574375881350e-14
   8.2031250000000000e-02  -4.2918374880884666e-04  -4.2918374873227716e-04   7.6569501607226531e-14
   8.9843750000000000e-02  -4.5810732277658635e-04  -4.5810732269725192e-04   7.9334433987499065e-14
   9.7656250000000000e-02  -5.4238676904210382e-04  -5.4238676896277882e-04   7.9325001428598441e-14
   1.0546875000000000e-01  -6.6871342870931515e-04  -6.6871342860965366e-04   9.9661489998126296e-14
   1.1328125000000000e-01  -8.1952045578085968e-04  -8.1952045566809041e-04   1.1276927742304155e-13
   1.2109375000000000e-01  -9.7117467824734956e-04  -9.7117467813935771e-04   1.0799184897020142e-13
   1.2890625000000000e-01  -1.0922364668210914e-03  -1.0922364667067912e-03   1.1430027931080833e-13
   1.3671875000000000e-01  -1.1420069688067977e-03  -1.1420069686722382e-03   1.3455946426543797e-13
   1.4453125000000000e-01  -1.0696236285885194e-03  -1.0696236284334778e-03   1.5504156118673063e-13
   1.5234375000000000e-01  -8.1399479679313610e-04  -8.1399479661100173e-04   1.8213436401431915e-13
   1.6015625000000000e-01  -3.0487536318206111e-04  -3.0487536292698325e-04   2.5507785987588516e-13
   1.6796875000000000e-01   5.3462917778248828e-04   5.3462917814179776e-04   3.5930947887147235e-13
   1.7578125000000000e-01   1.7838888905834720e-03   1.7838888910732857e-03   4.8981370175116279e-13
   1.8359375000000000e-01   3.5187459891594685e-03   3.5187459898442372e-03   6.8476864803490578e-13
   1.9140625000000000e-01   5.8036400948172024e-03   5.8036400957759467e-03   9.5874436861764778e-13
   1.9921875000000000e-01   8.6819723609707529e-03   8.6819723622734313e-03   1.3026784512204514e-12
   2.0703125000000000e-01   1.2164997828538639e-02   1.2164997830256350e-02   1.7177110428479025e-12
   2.1484375000000000e-01   1.6219730807087177e-02   1.6219730809317236e-02   2.2300598867541765e-12
   2.2265625000000000e-01   2.0756544965715454e-02   2.0756544968544375e-02   2.8289211251308899e-12
   2.3046875000000000e-01   2.5617330328124240e-02   2.5617330331573863e-02   3.4496225320701512e-12
   2.3828125000000000e-01   3.0565213957580509e-02   3.0565213961624264e-02   4.0437549142513518e-12
   2.4609375000000000e-01   3.5276940257002058e-02   3.5276940261599839e-02   4.5977804896679686e-12
   2.5390625000000000e-01   3.9339022940860321e-02   3.9339022945918213e-02   5.0578916055421530e-12
   2.6171875000000000e-01   4.2248710319767332e-02   4.2248710325078903e-02   5.3115706277750974e-12
   2.6953125000000000e-01   4.3420640945377384e-02   4.3420640950675923e-02   5.2985393850235596e-12
   2.7734375000000000e-01   4.2199807693208975e-02   4.2199807698185106e-02   4.9761306186724141e-12
   2.8515625000000000e-01   3.7881103193306710e-02   3.7881103197564145e-02   4.2574346825752230e-12
   2.9296875000000000e-01   2.9735304924142586e-02   2.9735304927239723e-02   3.0971371300925199e-12
   3.0078125000000000e-01   1.7040899004093942e-02   1.7040899005562556e-02   1.4686134253150129e-12
   3.0859375000000000e-01  -8.7933100200215985e-04  -8.7933100263223136e-04   6.3007151579475007e-13
   3.1640625000000000e-01  -2.4618474552196269e-02  -2.4618474555369644e-02   3.1733747574147486e-12
   3.2421875000000000e-01  -5.4644339639509314e-02  -5.4644339645570215e-02   6.0609017804580390e-12
   3.3203125000000000e-01  -9.1259186111175866e-02  -9.1259186120399141e-02   9.2232749215881427e-12
   3.3984375000000000e-01  -1.3456273162722296e-01  -1.3456273163977728e-01   1.2554318695734423e-11
   3.4765625000000000e-01  -1.8442083962689343e-01  -1.8442083964280442e-01   1.5910994743961737e-11
   3.5546875000000000e-01  -2.4044216332497223e-01  -2.4044216334413587e-01   1.9163642894781674e-11
   3.6328125000000000e-01  -3.0196472400858237e-01  -3.0196472403077346e-01   2.2191082305056398e-11
   3.7109375000000000e-01  -3.6805395764112653e-01  -3.6805395766592958e-01   2.4803048503940772e-11
   3.7890625000000000e-01  -4.3751319481801537e-01  -4.3751319484487000e-01   2.6854629631145599e-11
   3.8671875000000000e-01  -5.0890687963534509e-01  -5.0890687966361603e-01   2.8270941143659911e-11
   3.9453125000000000e-01  -5.8059612507408409e-01  -5.8059612510305736e-01   2.8973268229037785e-11
   4.0234375000000000e-01  -6.5078549277982012e-01  -6.5078549280870301e-01   2.8882896074833297e-11
   4.1015625000000000e-01  -7.1757922136828278e-01  -7.1757922139627417e-01   2.7991386986059297e-11
   4.1796875000000000e-01  -7.7904455463447075e-01  -7.7904455466077493e-01   2.6304181055536446e-11
   4.2578125000000000e-01  -8.3327937809831709e-01  -8.3327937812215469e-01   2.3837598561726736e-11
   4.3359375000000000e-01  -8.7848108881894993e-01  -8.7848108883961018e-01   2.0660251287552001e-11
   4.4140625000000000e-01  -9.1301351764406491e-01  -9.1301351766097483e-01   1.6909917910368222e-11
   4.4921875000000000e-01  -9.3546880077058892e-01  -9.3546880078323491e-01   1.2645995361992846e-11
   4.5703125000000000e-01  -9.4472135170250793e-01  -9.4472135171048222e-01   7.9742878966726494e-12
   4.6484375000000000e-01  -9.3997149656051304e-01  -9.3997149656357881e-01   3.0657698601999073e-12
   4.7265625000000000e-01  -9.2077687627600691e-01  -9.2077687627407545e-01   1.9314549959403848e-12
   4.8046875000000000e-01  -8.8707035191150596e-01  -8.8707035190459771e-01   6.9082517484275741e-12
   4.8828125000000000e-01  -8.3916383293705288e-01  -8.3916383292532615e-01   1.1726730697603216e-11
   4.9609375000000000e-01  -7.7773813999092378e-01  -7.7773813997470631e-01   1.6217471809909512e-11
   5.0390625000000000e-01  -7.0381967227905473e-01  -7.0381967225876974e-01   2.0284995905228698e-11
   5.1171875000000000e-01  -6.1874523851156282e-01  -6.1874523848771179e-01   2.3851032260324700e-11
   5.1953125000000000e-01  -5.2411689897285729e-01  -5.2411689894600499e-01   2.6852298162793886e-11
   5.2734375000000000e-01  -4.2174903307093442e-01  -4.2174903304173034e-01   2.9204083595857355e-11
   5.3515625000000000e-01  -3.1361007876006286e-01  -3.1361007872923341e-01   3.0829450103908584e-11
   5.4296875000000000e-01  -2.0176148411581610e-01  -2.0176148408404548e-01   3.1770613917458945e-11
   5.5078125000000000e-01  -8.8296372350370037e-02  -8.8296372318333718e-02   3.2036318042827361e-11
   5.5859375000000000e-01   2.4719737396985315e-02   2.4719737428606912e-02   3.1621597701425586e-11
   5.6640625000000000e-01   1.3530407109600964e-01   1.3530407112661458e-01   3.0604935252753762e-11
   5.7421875000000000e-01   2.4160585799991585e-01   2.4160585802899101e-01   2.9075158947122759e-11
   5.8203125000000000e-01   3.4194835125013312e-01   3.4194835127722245e-01   2.7089330778551357e-11
   5.8984375000000000e-01   4.3486267255373401e-01   4.3486267257847322e-01   2.4739210680024826e-11
   5.9765625000000000e-01   5.1911296069472768e-01   5.1911296071684088e-01   2.2113200159878943e-11
   6.0546875000000000e-01   5.9371270164047507e-01   5.9371270165978229e-01   1.9307222487441322e-11
   6.1328125000000000e-01   6.5793247776913133e-01   6.5793247778556452e-01   1.6433188143594180e-11
   6.2109375000000000e-01   7.1129968158802181e-01   7.1129968160160539e-01   1.3583578706288790e-11
   6.2890625000000000e-01   7.5359098626136056e-01   7.5359098627218024e-01   1.0819678486484463e-11
   6.3671875000000000e-01   7.8481854697829323e-01   7.8481854698649667e-01   8.2034379289552817e-12
   6.4453125000000000e-01   8.0521102358162200e-01   8.0521102358741459e-01   5.7925886309817542e-12
   6.5234375000000000e-01   8.1519056950493218e-01   8.1519056950856406e-01   3.6318725804562746e-12
   6.6015625000000000e-01   8.1534693137786085e-01   8.1534693137958891e-01   1.7280621378290562e-12
   6.6796875000000000e-01   8.0640975614921573e-01   8.0640975614930810e-01   9.2370555648813024e-14
   6.7578125000000000e-01   7.8922011794284730e-01   7.8922011794159075e-01   1.2565504192707522e-12
   6.8359375000000000e-01   7.6470216521102363e-01   7.6470216520867806e-01   2.3455681841255682e-12
   6.9140625000000000e-01   7.3383565991913879e-01   7.3383565991590782e-01   3.2309710462641306e-12
   6.9921875000000000e-01   6.9763004348780266e-01   6.9763004348390922e-01   3.8934411250579615e-12
   7.0703125000000000e-01   6.5710052679973718e-01   6.5710052679534547e-01   4.3917092185097317e-12
   7.1484375000000000e-01   6.1324657002607885e-01   6.1324657002132565e-01   4.7531978353276827e-12
   7.2265625000000000e-01   5.6703299702189147e-01   5.6703299701690058e-01   4.9908965848999287e-12
   7.3046875000000000e-01   5.1937388168685072e-01   5.1937388168170684e-01   5.1438853176932753e-12
   7.3828125000000000e-01   4.7111925163674911e-01   4.7111925163151802e-01   5.2310933362775813e-12
   7.4609375000000000e-01   4.2304457818827462e-01   4.2304457818300567e-01   5.2689519414172992e-12
   8.7890625000000000e-01  -2.0612961432528214e-02  -2.0612961437060422e-02   4.5322079422760453e-12
   8.8671875000000000e-01  -2.3872769446575803e-02  -2.3872769450968268e-02   4.3924655579452576e-12
   8.9453125000000000e-01  -2.5770417649053100e-02  -2.5770417653243716e-02   4.1906166037275483e-12
   9.0234375000000000e-01  -2.6538681527020210e-02  -2.6538681530963063e-02   3.9428529885476848e-12
   9.1015625000000000e-01  -2.6395319206818358e-02  -2.6395319210503240e-02   3.6848822604351739e-12
   9.1796875000000000e-01  -2.5540073900909312e-02  -2.5540073904282222e-02   3.3729095905155049e-12
   9.2578125000000000e-01  -2.4152561383069253e-02  -2.4152561386121874e-02   3.0526206562520031e-12
   9.3359375000000000e-01  -2.2390997769295522e-02  -2.2390997772029346e-02   2.7338235841778413e-12
   9.4140625000000000e-01  -2.0391701459333604e-02  -2.0391701461740058e-02   2.4064535086854022e-12
   9.4921875000000000e-01  -1.8269285738247029e-02  -1.8269285740335268e-02   2.0882393036991687e-12
   9.5703125000000000e-01  -1.6117445757326179e-02  -1.6117445759127144e-02   1.8009656266304575e-12
   9.6484375000000000e-01  -1.4010235653294997e-02  -1.4010235654832452e-02   1.5374541917356765e-12
   9.7265625000000000e-01  -1.2003728381280058e-02  -1.2003728382575851e-02   1.2957933337442995e-12
   9.8046875000000000e-01  -1.0137952095093081e-02  -1.0137952096197462e-02   1.1043804759580667e-12
   9.8828125000000000e-01  -8.4390020017313955e-03  -8.4390020027014859e-03   9.7009032751227409e-13
   9.9609375000000000e-01  -6.9212347108511029e-03  -6.9212347116972307e-03   8.4612785528070944e-13
   7.5390625000000000e-01   3.7584296042399978e-01   3.7584296041873061e-01   5.2691739860222242e-12
   7.6171875000000000e-01   3.3011986365418555e-01   3.3011986364895307e-01   5.2324811150583628e-12
   7.6953125000000000e-01   2.8639023714635659e-01   2.8639023714117995e-01   5.1766368969197174e-12
   7.7734375000000000e-01   2.4507781056874131e-01   2.4507781056362377e-01   5.1175452764340434e-12
   7.8515625000000000e-01   2.0651635121420728e-01   2.0651635120915882e-01   5.0484616487267431e-12
   7.9296875000000000e-01   1.7095265293864378e-01   1.7095265293367937e-01   4.9644177657626187e-12
   8.0078125000000000e-01   1.3855102135757311e-01   1.3855102135267811e-01   4.8950010711479308e-12
   8.0859375000000000e-01   1.0939901705218844e-01   1.0939901704732245e-01   4.8659826168417908e-12
   8.1640625000000000e-01   8.3514218573452190e-02   8.3514218568590814e-02   4.8613751912895964e-12
   8.2421875000000000e-01   6.0851769485507287e-02   6.0851769480656993e-02   4.8502937777250565e-12
   8.3203125000000000e-01   4.1312478439480965e-02   4.1312478434647915e-02   4.8330506263738471e-12
   8.3984375000000000e-01   2.4751248416045132e-02   2.4751248411225592e-02   4.8195405999429397e-12
   8.4765625000000000e-01   1.0985621045190215e-02   1.0985621040345801e-02   4.8444147998649711e-12
   8.5546875000000000e-01  -1.9576543732793242e-04  -1.9576544217427667e-04   4.8463442460511263e-12
   8.6328125000000000e-01  -9.0249903013806879e-03  -9.0249903061503187e-03   4.7696308708156110e-12
   8.7109375000000000e-01  -1.5747103309510305e-02  -1.5747103314164748e-02   4.6544434972872750e-12
