#                  Coord.                Numerical               Analytical                    Error
   3.9062500000000000e-03   1.3354758666783568e+00   1.3354758666021960e+00   7.6160855400075889e-11
   1.1718750000000000e-02   1.2104688912715549e+00   1.2104688911953558e+00   7.6199047072122994e-11
   1.9531250000000000e-02   1.0821644482663504e+00   1.0821644481915347e+00   7.4815709183440049e-11
   2.7343750000000000e-02   9.5399552314520264e-01   9.5399552307300450e-01   7.2198136358281317e-11
   3.5156250000000000e-02   8.2916325973353078e-01   8.2916325966500892e-01   6.8521854856840037e-11
   4.2968750000000000e-02   7.1053498635337997e-01   7.1053498628955125e-01   6.3828720087144575e-11
   5.0781250000000000e-02   6.0057266365171125e-01   6.0057266359355699e-01   5.8154259185982937e-11
   5.8593750000000000e-02   5.0129300252816977e-01   5.0129300247652786e-01   5.1641912968136694e-11
   6.6406250000000000e-02   4.1425805107997660e-01   4.1425805103556990e-01   4.4406700538957011e-11
   7.4218750000000000e-02   3.4059294398318574e-01   3.4059294394672063e-01   3.6465108710359573e-11
   8.2031250000000000e-02   2.8102585430495691e-01   2.8102585427711657e-01   2.7840341143559044e-11
   8.9843750000000000e-02   2.3594403761401564e-01   2.3594403759534988e-01   1.8665763379388522e-11
   9.7656250000000000e-02   2.0545921774889961e-01   2.0545921773981979e-01   9.0798202290187646e-12
   1.0546875000000000e-01   1.8947540992392314e-01   1.8947540992471393e-01   7.9078410486488337e-13
   1.1328125000000000e-01   1.8775257324050496e-01   1.8775257325133915e-01   1.0834194652531437e-11
   1.2109375000000000e-01   1.9996019113012514e-01   1.9996019115102370e-01   2.0898560659787790e-11
   1.2890625000000000e-01   2.2571595562350094e-01   2.2571595565428129e-01   3.0780350490644537e-11
   1.3671875000000000e-01   2.6460613836000202e-01   2.6460613840028308e-01   4.0281056268298698e-11
   1.4453125000000000e-01   3.1618591621060593e-01   3.1618591625982029e-01   4.9214354813642558e-11
   1.5234375000000000e-01   3.7995980939734025e-01   3.7995980945471364e-01   5.7373383821612833e-11
   1.6015625000000000e-01   4.5534438170553204e-01   4.5534438177001058e-01   6.4478533623457679e-11
   1.6796875000000000e-01   5.4161730788116735e-01   5.4161730795149954e-01   7.0332184520793817e-11
   1.7578125000000000e-01   6.3785866387339385e-01   6.3785866394808555e-01   7.4691697271589419e-11
   1.8359375000000000e-01   7.4289165457613415e-01   7.4289165465349594e-01   7.7361783645812920e-11
   1.9140625000000000e-01   8.5523077769608535e-01   8.5523077777428413e-01   7.8198780784077826e-11
   1.9921875000000000e-01   9.7304547776638328e-01   9.7304547784350193e-01   7.7118644803420011e-11
   2.0703125000000000e-01   1.0941465755219830e+00   1.0941465755960642e+00   7.4081185630348045e-11
   2.1484375000000000e-01   1.2160011515310565e+00   1.2160011516002041e+00   6.9147576553518775e-11
   2.2265625000000000e-01   1.3357792037807765e+00   1.3357792038432788e+00   6.2502225617322438e-11
   2.3046875000000000e-01   1.4504324724611015e+00   1.4504324725153095e+00   5.4207971444952818e-11
   2.3828125000000000e-01   1.5568026061847489e+00   1.5568026062293718e+00   4.4622971984153992e-11
   2.4609375000000000e-01   1.6517526695243692e+00   1.6517526695586993e+00   3.4330094322854166e-11
   2.5390625000000000e-01   1.7323132230245510e+00   1.7323132230481515e+00   2.3600454923666803e-11
   2.6171875000000000e-01   1.7958321826862678e+00   1.7958321826989774e+00   1.2709611141303867e-11
   2.6953125000000000e-01   1.8401166566714762e+00   1.8401166566735037e+00   2.0274892875704609e-12
   2.7734375000000000e-01   1.8635551243183206e+00   1.8635551243103559e+00   7.9647399786608730e-12
   2.8515625000000000e-01   1.8652096924293105e+00   1.8652096924122497e+00   1.7060797219414781e-11
   2.9296875000000000e-01   1.8448706171079723e+00   1.8448706170828308e+00   2.5141444481846520e-11
   3.0078125000000000e-01   1.8030685628253744e+00   1.8030685627934213e+00   3.1953106827131705e-11
   3.0859375000000000e-01   1.7410438262185177e+00   1.7410438261811247e+00   3.7392977603190047e-11
   3.1640625000000000e-01   1.6606755634903783e+00   1.6606755634491486e+00   4.1229686331689663e-11
   3.2421875000000000e-01   1.5643775050412159e+00   1.5643775049976265e+00   4.3589354348227971e-11
   3.3203125000000000e-01   1.4549693463632247e+00   1.4549693463186484e+00   4.4576342617119735e-11
   3.3984375000000000e-01   1.3355346943476138e+00   1.3355346943034494e+00   4.4164449874983802e-11
   3.4765625000000000e-01   1.2092769770036711e+00   1.2092769769611023e+00   4.2568837343992527e-11
   3.5546875000000000e-01   1.0793840903869609e+00   1.0793840903469396e+00   4.0021319591687643e-11
   3.6328125000000000e-01   9.4891089544882545e-01   9.4891089541211004e-01   3.6715408491261314e-11
   3.7109375000000000e-01   8.2068623862678625e-01   8.2068623859386547e-01   3.2920777215394992e-11
   3.7890625000000000e-01   6.9724827602386996e-01   6.9724827599490136e-01   2.8968605292334360e-11
   3.8671875000000000e-01   5.8080888147928633e-01   5.8080888145420595e-01   2.5080382215492136e-11
   3.9453125000000000e-01   4.7324514300569476e-01   4.7324514298433801e-01   2.1356749702050593e-11
   4.0234375000000000e-01   3.7611366899893839e-01   3.7611366898107451e-01   1.7863877044277388e-11
   4.1015625000000000e-01   2.9068181651646663e-01   2.9068181650175640e-01   1.4710233031678399e-11
   4.1796875000000000e-01   2.1796910009329734e-01   2.1796910008144144e-01   1.1855905146518353e-11
   4.2578125000000000e-01   1.5879192627389468e-01   1.5879192626472610e-01   9.1685825598375459e-12
   4.3359375000000000e-01   1.1380533280308143e-01   1.1380533279659501e-01   6.4864225102212458e-12
   4.4140625000000000e-01   8.3536446406413792e-02   8.3536446402759493e-02   3.6542990855537028e-12
   4.4921875000000000e-01   6.8405740976441698e-02   6.8405740975930551e-02   5.1114668053742207e-13
   4.5703125000000000e-01   6.8733715570913317e-02   6.8733715573965876e-02   3.0525582062068679e-12
   4.6484375000000000e-01   8.4732181515314309e-02   8.4732181522406691e-02   7.0923822370616563e-12
   4.7265625000000000e-01   1.1648084920791847e-01   1.1648084921948167e-01   1.1563194846075930e-11
   4.8046875000000000e-01   1.6389127373927520e-01   1.6389127375569248e-01   1.6417284198766424e-11
   4.8828125000000000e-01   2.2666141773949980e-01   2.2666141776099588e-01   2.1496082691641050e-11
   4.9609375000000000e-01   3.0422509688978827e-01   3.0422509691633698e-01   2.6548707676710137e-11
   5.0390625000000000e-01   3.9570136312652709e-01   3.9570136315779592e-01   3.1268820865903990e-11
   5.1171875000000000e-01   4.9984941366494307e-01   4.9984941370030106e-01   3.5357994310203367e-11
   5.1953125000000000e-01   6.1503483313162211e-01   6.1503483317018848e-01   3.8566372317916375e-11
   5.2734375000000000e-01   7.3921281033158004e-01   7.3921281037210929e-01   4.0529246625453652e-11
   5.3515625000000000e-01   8.6993334979903114e-01   8.6993334984015380e-01   4.1122660832115798e-11
   5.4296875000000000e-01   1.0043723712189363e+00   1.0043723712592143e+00   4.0278003154980979e-11
   5.5078125000000000e-01   1.1393909499894281e+00   1.1393909500273196e+00   3.7891467741246743e-11
   5.5859375000000000e-01   1.2716228547187598e+00   1.2716228547527395e+00   3.3979707936282466e-11
   5.6640625000000000e-01   1.3975881103078984e+00   1.3975881103363947e+00   2.8496316417658818e-11
   5.7421875000000000e-01   1.5138277578134194e+00   1.5138277578351182e+00   2.1698864927088835e-11
   5.8203125000000000e-01   1.6170525497398527e+00   1.6170525497537318e+00   1.3879120075444007e-11
   5.8984375000000000e-01   1.7042962944941478e+00   1.7042962944994162e+00   5.2684523410562178e-12
   5.9765625000000000e-01   1.7730632191443012e+00   1.7730632191404676e+00   3.8336001040306655e-12
   6.0546875000000000e-01   1.8214582772296188e+00   1.8214582772166892e+00   1.2929657344784573e-11
   6.1328125000000000e-01   1.8482899220180473e+00   1.8482899219962245e+00   2.1822765816637002e-11
   6.2109375000000000e-01   1.8531365142445653e+00   1.8531365142144396e+00   3.0125679728598698e-11
   6.2890625000000000e-01   1.8363701296332178e+00   1.8363701295958847e+00   3.7333025559860289e-11
   6.3671875000000000e-01   1.7991348484303644e+00   1.7991348483871508e+00   4.3213654876694818e-11
   6.4453125000000000e-01   1.7432803246008535e+00   1.7432803245532897e+00   4.7563730731781106e-11
   6.5234375000000000e-01   1.6712551675738014e+00   1.6712551675234968e+00   5.0304649334975693e-11
   6.6015625000000000e-01   1.5859680363557669e+00   1.5859680363044661e+00   5.1300741432669383e-11
   6.6796875000000000e-01   1.4906269953057489e+00   1.4906269952551920e+00   5.0556892006170528e-11
   6.7578125000000000e-01   1.3885693451695895e+00   1.3885693451213317e+00   4.8257842166776754e-11
   6.8359375000000000e-01   1.2830946663908176e+00   1.2830946663460732e+00   4.4744430383047984e-11
   6.9140625000000000e-01   1.1773131653785871e+00   1.1773131653384874e+00   4.0099701337226179e-11
   6.9921875000000000e-01   1.0740196942259026e+00   1.0740196941914177e+00   3.4484859412486912e-11
   7.0703125000000000e-01   9.7560122352968248e-01   9.7560122350138534e-01   2.8297142407041065e-11
   7.1484375000000000e-01   8.8398236773522165e-01   8.8398236771333938e-01   2.1882273770756910e-11
   7.2265625000000000e-01   8.0061011617272637e-01   8.0061011615733724e-01   1.5389134411236682e-11
   7.3046875000000000e-01   7.2647553882916482e-01   7.2647553882013527e-01   9.0295548815788607e-12
   7.3828125000000000e-01   6.6216721312917481e-01   6.6216721312620441e-01   2.9704017023846063e-12
   7.4609375000000000e-01   6.0794870038161275e-01   6.0794870038431437e-01   2.7016167081228559e-12
   8.7890625000000000e-01   1.2157511584082723e+00   1.2157511584412535e+00   3.2981173347934600e-11
   8.8671875000000000e-01   1.3238974020852941e+00   1.3238974021140388e+00   2.8744784330569928e-11
   8.9453125000000000e-01   1.4300617316273192e+00   1.4300617316507809e+00   2.3461677045588658e-11
   9.0234375000000000e-01   1.5308805396697314e+00   1.5308805396867524e+00   1.7021051235133200e-11
   9.1015625000000000e-01   1.6229133771596278e+00   1.6229133771689868e+00   9.3589580529851446e-12
   9.1796875000000000e-01   1.7028107410788511e+00   1.7028107410797653e+00   9.1415763847635390e-13
   9.2578125000000000e-01   1.7674878250114578e+00   1.7674878250033936e+00   8.0642159616672870e-12
   9.3359375000000000e-01   1.8142916767066954e+00   1.8142916766891823e+00   1.7513102079647069e-11
   9.4140625000000000e-01   1.8411493743457281e+00   1.8411493743184959e+00   2.7232216481820615e-11
   9.4921875000000000e-01   1.8466861173862017e+00   1.8466861173494178e+00   3.6783909251880686e-11
   9.5703125000000000e-01   1.8303044279648761e+00   1.8303044279191325e+00   4.5743631105210625e-11
   9.6484375000000000e-01   1.7922187613335783e+00   1.7922187612795717e+00   5.4006576988285815e-11
   9.7265625000000000e-01   1.7334434243156862e+00   1.7334434242544343e+00   6.1251892446989586e-11
   9.8046875000000000e-01   1.6557354393686476e+00   1.6557354393014596e+00   6.7188032915055373e-11
   9.8828125000000000e-01   1.5614974966866089e+00   1.5614974966149324e+00   7.1676442559009956e-11
   9.9609375000000000e-01   1.4536490697284674e+00   1.4536490696538129e+00   7.4654504800264476e-11
   7.5390625000000000e-01   5.6385075930265749e-01   5.6385075931053763e-01   7.8801409841844361e-12
   7.6171875000000000e-01   5.2976821045521949e-01   5.2976821046770328e-01   1.2483791778095110e-11
   7.6953125000000000e-01   5.0555147243904597e-01   5.0555147245562448e-01   1.6578516337517613e-11
   7.7734375000000000e-01   4.9108372111759768e-01   4.9108372113782794e-01   2.0230261910114677e-11
   7.8515625000000000e-01   4.8633626287516546e-01   4.8633626289861881e-01   2.3453350372903969e-11
   7.9296875000000000e-01   4.9139690551014825e-01   4.9139690553647369e-01   2.6325441826458018e-11
   8.0078125000000000e-01   5.0646867233048909e-01   5.0646867235941795e-01   2.8928859308052779e-11
   8.0859375000000000e-01   5.3183893906541413e-01   5.3183893909673763e-01   3.1323499349866779e-11
   8.1640625000000000e-01   5.6782177979407056e-01   5.6782177982761040e-01   3.3539837573925979e-11
   8.2421875000000000e-01   6.1467879469512199e-01   6.1467879473063947e-01   3.5517477847690770e-11
   8.3203125000000000e-01   6.7252578137297758e-01   6.7252578141016806e-01   3.7190472923498419e-11
   8.3984375000000000e-01   7.4123414719850411e-01   7.4123414723689940e-01   3.8395286949821639e-11
   8.4765625000000000e-01   8.2033681637380540e-01   8.2033681641276190e-01   3.8956504688769655e-11
   8.5546875000000000e-01   9.0894847383352617e-01   9.0894847387236855e-01   3.8842373761838189e-11
   8.6328125000000000e-01   1.0057092667480132e+00   1.0057092667859684e+00   3.7955194542860227e-11
   8.7109375000000000e-01   1.1087595667867234e+00   1.1087595668227614e+00   3.6038061423937506e-11
