#                  Coord.                Numerical               Analytical                    Error
   3.9062500000000000e-03  -2.3067466330542786e-02  -2.3067466423444930e-02   9.2902144310791357e-11
   1.1718750000000000e-02  -8.2698293427956662e-03  -8.2698294455409976e-03   1.0274533134013719e-10
   1.9531250000000000e-02   1.0811109988207113e-02   1.0811109878874760e-02   1.0933235219945381e-10
   2.7343750000000000e-02   3.3023965165703321e-02   3.3023965053582051e-02   1.1212127060122867e-10
   3.5156250000000000e-02   5.7043831118703703e-02   5.7043831008066676e-02   1.1063702731739511e-10
   4.2968750000000000e-02   8.1420854431852485e-02   8.1420854327372991e-02   1.0447949450043126e-10
   5.0781250000000000e-02   1.0463582118884629e-01   1.0463582109525754e-01   9.3588747862582977e-11
   5.8593750000000000e-02   1.2516028507909902e-01   1.2516028500102580e-01   7.8073214559992721e-11
   6.6406250000000000e-02   1.4151853923364954e-01   1.4151853917542082e-01   5.8228727395359670e-11
   7.4218750000000000e-02   1.5234865827794047e-01   1.5234865824342070e-01   3.4519775926611374e-11
   8.2031250000000000e-02   1.5645990216558758e-01   1.5645990215787678e-01   7.7108042173534841e-12
   8.9843750000000000e-02   1.5288397230784745e-01   1.5288397232916534e-01   2.1317891896188712e-11
   9.7656250000000000e-02   1.4091792806017497e-01   1.4091792811185758e-01   5.1682602641989206e-11
   1.0546875000000000e-01   1.2015698669849319e-01   1.2015698678087372e-01   8.2380532950843133e-11
   1.1328125000000000e-01   9.0515917327348594e-02   9.0515917439672161e-02   1.1232356711410318e-10
   1.2109375000000000e-01   5.2238270916521938e-02   5.2238271056962243e-02   1.4044030521853657e-10
   1.2890625000000000e-01   5.8932362916325727e-03   5.8932364574716149e-03   1.6583904215161649e-10
   1.3671875000000000e-01  -4.7639552292387789e-02  -4.7639552104730927e-02   1.8765686227162348e-10
   1.4453125000000000e-01  -1.0719643176006198e-01  -1.0719643155497434e-01   2.0508764131399460e-10
   1.5234375000000000e-01  -1.7136608719684537e-01  -1.7136608697933453e-01   2.1751084267052079e-10
   1.6015625000000000e-01  -2.3853426224815200e-01  -2.3853426202357275e-01   2.2457924409025054e-10
   1.6796875000000000e-01  -3.0693490165055148e-01  -3.0693490142458724e-01   2.2596424731347042e-10
   1.7578125000000000e-01  -3.7470564622342201e-01  -3.7470564600184775e-01   2.2157425894064886e-10
   1.8359375000000000e-01  -4.3994552014766614e-01  -4.3994551993612185e-01   2.1154428209158027e-10
   1.9140625000000000e-01  -5.0077266483952954e-01  -5.0077266464331260e-01   1.9621693159166398e-10
   1.9921875000000000e-01  -5.5538007601743811e-01  -5.5538007584140359e-01   1.7603452029391065e-10
   2.0703125000000000e-01  -6.0208747995256673e-01  -6.0208747980104826e-01   1.5151846444183548e-10
   2.1484375000000000e-01  -6.3938772801027455e-01  -6.3938772788684051e-01   1.2343404076631259e-10
   2.2265625000000000e-01  -6.6598638028090729e-01  -6.6598638018831602e-01   9.2591267986108505e-11
   2.3046875000000000e-01  -6.8083347334710975e-01  -6.8083347328728916e-01   5.9820592923642835e-11
   2.3828125000000000e-01  -6.8314680799823313e-01  -6.8314680797230420e-01   2.5928925673213143e-11
   2.4609375000000000e-01  -6.7242643467167529e-01  -6.7242643467986718e-01   8.1918916094991800e-12
   2.5390625000000000e-01  -6.4846034362519289e-01  -6.4846034366683525e-01   4.1642356229942834e-11
   2.6171875000000000e-01  -6.1132167121977898e-01  -6.1132167129349657e-01   7.3717587589783307e-11
   2.6953125000000000e-01  -5.6135800330372632e-01  -5.6135800340750164e-01   1.0377532166927494e-10
   2.7734375000000000e-01  -4.9917358399685641e-01  -4.9917358412805179e-01   1.3119538788686214e-10
   2.8515625000000000e-01  -4.2560541808606572e-01  -4.2560541824148873e-01   1.5542300779713969e-10
   2.9296875000000000e-01  -3.4169438504938193e-01  -3.4169438522553769e-01   1.7615575664819971e-10
   3.0078125000000000e-01  -2.4865256195096802e-01  -2.4865256214414808e-01   1.9318005528567994e-10
   3.0859375000000000e-01  -1.4782798263986871e-01  -1.4782798284617624e-01   2.0630752661787710e-10
   3.1640625000000000e-01  -4.0668045135214881e-02  -4.0668045350704049e-02   2.1548916817604180e-10
   3.2421875000000000e-01   7.1317277461321396e-02   7.1317277240557503e-02   2.2076389327718715e-10
   3.3203125000000000e-01   1.8659135883321962e-01   1.8659135861096671e-01   2.2225291052002660e-10
   3.3984375000000000e-01   3.0362503045004113e-01   3.0362503022986592e-01   2.2017521139616747e-10
   3.4765625000000000e-01   4.2092807928761228e-01   4.2092807907286001e-01   2.1475227152123466e-10
   3.5546875000000000e-01   5.3707748487759488e-01   5.3707748467136307e-01   2.0623180940759767e-10
   3.6328125000000000e-01   6.5074190983494473e-01   6.5074190963992973e-01   1.9501500414520478e-10
   3.7109375000000000e-01   7.6070211920491859e-01   7.6070211902338902e-01   1.8152956915429286e-10
   3.7890625000000000e-01   8.6586715865037456e-01   8.6586715848431373e-01   1.6606083175219055e-10
   3.8671875000000000e-01   9.6528626442968124e-01   9.6528626428070008e-01   1.4898116074135714e-10
   3.9453125000000000e-01   1.0581566051855593e+00   1.0581566050548386e+00   1.3072076754383488e-10
   4.0234375000000000e-01   1.1438270639220876e+00   1.1438270638103805e+00   1.1170708802410445e-10
   4.1015625000000000e-01   1.2217983566350339e+00   1.2217983565427089e+00   9.2325036504803393e-11
   4.1796875000000000e-01   1.2917198515754846e+00   1.2917198515025683e+00   7.2916339632911331e-11
   4.2578125000000000e-01   1.3533835008740018e+00   1.3533835008202231e+00   5.3778759223632733e-11
   4.3359375000000000e-01   1.4067153259148943e+00   1.4067153258796596e+00   3.5234704043318743e-11
   4.4140625000000000e-01   1.4517649116882170e+00   1.4517649116707028e+00   1.7514212302671694e-11
   4.4921875000000000e-01   1.4886933658704466e+00   1.4886933658696522e+00   7.9447559642176202e-13
   4.5703125000000000e-01   1.5177601880192872e+00   1.5177601880340352e+00   1.4747980614515654e-11
   4.6484375000000000e-01   1.5393094750846466e+00   1.5393094751136536e+00   2.9007019008986390e-11
   4.7265625000000000e-01   1.5537558629626664e+00   1.5537558630045520e+00   4.1885606094638206e-11
   4.8046875000000000e-01   1.5615705709702534e+00   1.5615705710236407e+00   5.3387294585149903e-11
   4.8828125000000000e-01   1.5632678772732040e+00   1.5632678773366893e+00   6.3485217083325551e-11
   4.9609375000000000e-01   1.5593923085026975e+00   1.5593923085749553e+00   7.2257755334703688e-11
   5.0390625000000000e-01   1.5505067760442159e+00   1.5505067761238973e+00   7.9681372611162260e-11
   5.1171875000000000e-01   1.5371818350903581e+00   1.5371818351761357e+00   8.5777607239378995e-11
   5.1953125000000000e-01   1.5199861814757432e+00   1.5199861815663380e+00   9.0594864943227549e-11
   5.2734375000000000e-01   1.4994784374222916e+00   1.4994784375164902e+00   9.4198648881160807e-11
   5.3515625000000000e-01   1.4762002135016499e+00   1.4762002135983008e+00   9.6650909497952853e-11
   5.4296875000000000e-01   1.4506703742001275e+00   1.4506703742981548e+00   9.8027364003883122e-11
   5.5078125000000000e-01   1.4233803829444169e+00   1.4233803830427649e+00   9.8347996413394867e-11
   5.5859375000000000e-01   1.3947905639942779e+00   1.3947905640920744e+00   9.7796437614761089e-11
   5.6640625000000000e-01   1.3653270974776182e+00   1.3653270975740877e+00   9.6469499055729102e-11
   5.7421875000000000e-01   1.3353795631487326e+00   1.3353795632431535e+00   9.4420915530690763e-11
   5.8203125000000000e-01   1.3052988695219157e+00   1.3052988696136669e+00   9.1751273245677112e-11
   5.8984375000000000e-01   1.2753954468932396e+00   1.2753954469818891e+00   8.8649532159479350e-11
   5.9765625000000000e-01   1.2459376418503294e+00   1.2459376419356256e+00   8.5296214535901527e-11
   6.0546875000000000e-01   1.2171503210843422e+00   1.2171503211660117e+00   8.1669560003660990e-11
   6.1328125000000000e-01   1.1892137654229489e+00   1.1892137655007879e+00   7.7839068524099275e-11
   6.2109375000000000e-01   1.1622630013778130e+00   1.1622630014517810e+00   7.3967942881836279e-11
   6.2890625000000000e-01   1.1363877671834830e+00   1.1363877672536444e+00   7.0161432219606468e-11
   6.3671875000000000e-01   1.1116333342284277e+00   1.1116333342948297e+00   6.6401995013620763e-11
   6.4453125000000000e-01   1.0880023960310934e+00   1.0880023960937915e+00   6.2698068958866315e-11
   6.5234375000000000e-01   1.0654581918799084e+00   1.0654581919390034e+00   5.9094951154747832e-11
   6.6015625000000000e-01   1.0439289514715613e+00   1.0439289515272243e+00   5.5663029741026548e-11
   6.6796875000000000e-01   1.0233136354540548e+00   1.0233136355063741e+00   5.2319260035460502e-11
   6.7578125000000000e-01   1.0034888142835985e+00   1.0034888143326322e+00   4.9033666016384814e-11
   6.8359375000000000e-01   9.8431638760501727e-01   9.8431638765084861e-01   4.5831338724156012e-11
   6.9140625000000000e-01   9.6565171442607889e-01   9.6565171446883724e-01   4.2758352414296041e-11
   6.9921875000000000e-01   9.4735161760354636e-01   9.4735161764325737e-01   3.9711012256304912e-11
   7.0703125000000000e-01   9.2928166058556261e-01   9.2928166062207285e-01   3.6510239276310585e-11
   7.1484375000000000e-01   9.1132208306376428e-01   9.1132208309687257e-01   3.3108293884254181e-11
   7.2265625000000000e-01   8.9337183360199657e-01   8.9337183363153816e-01   2.9541591395343403e-11
   7.3046875000000000e-01   8.7535025376984299e-01   8.7535025379547426e-01   2.5631274880311139e-11
   7.3828125000000000e-01   8.5719614526619181e-01   8.5719614528744514e-01   2.1253332427306759e-11
   7.4609375000000000e-01   8.3886417740904495e-01   8.3886417742545627e-01   1.6411316750009064e-11
   8.7890625000000000e-01   4.0523192937955382e-01   4.0523192934994218e-01   2.9611646468197250e-11
   8.8671875000000000e-01   3.6422460855184757e-01   3.6422460852954730e-01   2.2300272739528282e-11
   8.9453125000000000e-01   3.2169976011792700e-01   3.2169976010300361e-01   1.4923395852406429e-11
   9.0234375000000000e-01   2.7820026224415956e-01   2.7820026223608979e-01   8.0697670767904128e-12
   9.1015625000000000e-01   2.3439922676157349e-01   2.3439922675922545e-01   2.3480384303553592e-12
   9.1796875000000000e-01   1.9108193141284810e-01   1.9108193141460159e-01   1.7534862450929722e-12
   9.2578125000000000e-01   1.4911917402162364e-01   1.4911917402536592e-01   3.7422842602552464e-12
   9.3359375000000000e-01   1.0943296795543998e-01   1.0943296795858605e-01   3.1460667404559217e-12
   9.4140625000000000e-01   7.2956048328064321e-02   7.2956048327790027e-02   2.7429447602145274e-13
   9.4921875000000000e-01   4.0587133090964372e-02   4.0587133084493882e-02   6.4704908098178748e-12
   9.5703125000000000e-01   1.3144248346751078e-02   1.3144248331521275e-02   1.5229803529415165e-11
   9.6484375000000000e-01  -8.6813437463309096e-03  -8.6813437725665552e-03   2.6235645600447555e-11
   9.7265625000000000e-01  -2.4368000450846087e-02  -2.4368000489905780e-02   3.9059692980014660e-11
   9.8046875000000000e-01  -3.3600807709895208e-02  -3.3600807762849516e-02   5.2954307605546092e-11
   9.8828125000000000e-01  -3.6300653987423818e-02  -3.6300654054508712e-02   6.7084893196067696e-11
   9.9609375000000000e-01  -3.2643361366472952e-02  -3.2643361447155413e-02   8.0682460712466764e-11
   7.5390625000000000e-01   8.2031884927455523e-01   8.2031884928556209e-01   1.1006862088436264e-11
   7.6171875000000000e-01   8.0152648581790564e-01   8.0152648582296737e-01   5.0617288138710137e-12
   7.6953125000000000e-01   7.8244599468754705e-01   7.8244599468620901e-01   1.3380407892782387e-12
   7.7734375000000000e-01   7.6301931385270738e-01   7.6301931384458099e-01   8.1263884510462958e-12
   7.8515625000000000e-01   7.4316261547578122e-01   7.4316261546062012e-01   1.5161094601978675e-11
   7.9296875000000000e-01   7.2275937929634482e-01   7.2275937927410694e-01   2.2237878205544348e-11
   8.0078125000000000e-01   7.0165639675014313e-01   7.0165639672104319e-01   2.9099944676147516e-11
   8.0859375000000000e-01   6.7966361133890918e-01   6.7966361130350417e-01   3.5405012255296242e-11
   8.1640625000000000e-01   6.5655844708958844e-01   6.5655844704876343e-01   4.0825010039213794e-11
   8.2421875000000000e-01   6.3209494043765546e-01   6.3209494039257097e-01   4.5084491695490669e-11
   8.3203125000000000e-01   6.0601759519437826e-01   6.0601759514647435e-01   4.7903903066526254e-11
   8.3984375000000000e-01   5.7807945580036424e-01   5.7807945575131836e-01   4.9045878469655690e-11
   8.4765625000000000e-01   5.4806347547518341e-01   5.4806347542681200e-01   4.8371417982195908e-11
   8.5546875000000000e-01   5.1580587912184805e-01   5.1580587907588960e-01   4.5958459260475593e-11
   8.6328125000000000e-01   4.8121992010904224e-01   4.8121992006715664e-01   4.1885606094638206e-11
   8.7109375000000000e-01   4.4431823466355863e-01   4.4431823462724435e-01   3.6314284912464245e-11
