#                  Coord.                Numerical               Analytical                    Error
   3.9062500000000000e-03   8.4704524752184318e-01   8.4704524751362098e-01   8.2222006980714468e-12
   1.1718750000000000e-02   8.6580589246746942e-01   8.6580589245970785e-01   7.7615691651544694e-12
   1.9531250000000000e-02   8.8690724552205691e-01   8.8690724551496669e-01   7.0902173021636372e-12
   2.7343750000000000e-02   9.1069132856065038e-01   9.1069132855442847e-01   6.2219118746043023e-12
   3.5156250000000000e-02   9.3766792254877407e-01   9.3766792254362485e-01   5.1492143882114760e-12
   4.2968750000000000e-02   9.6841550086635753e-01   9.6841550086241635e-01   3.9411807151168432e-12
   5.0781250000000000e-02   1.0034703440820689e+00   1.0034703440794224e+00   2.6465496461014482e-12
   5.8593750000000000e-02   1.0432153286391470e+00   1.0432153286378147e+00   1.3322676295501878e-12
   6.6406250000000000e-02   1.0877795621562940e+00   1.0877795621563386e+00   4.4630965589931293e-14
   7.4218750000000000e-02   1.1369585703180305e+00   1.1369585703194862e+00   1.4557244298885053e-12
   8.2031250000000000e-02   1.1901623538420785e+00   1.1901623538448172e+00   2.7386981571453362e-12
   8.9843750000000000e-02   1.2463956551093638e+00   1.2463956551133326e+00   3.9688252684300096e-12
   9.7656250000000000e-02   1.3042715774553049e+00   1.3042715774604026e+00   5.0977000398688688e-12
   1.0546875000000000e-01   1.3620566566499339e+00   1.3620566566558714e+00   5.9374727356953372e-12
   1.1328125000000000e-01   1.4177429126002659e+00   1.4177429126068704e+00   6.6044947288901312e-12
   1.2109375000000000e-01   1.4691405395800006e+00   1.4691405395870929e+00   7.0923267259104250e-12
   1.2890625000000000e-01   1.5139838443309319e+00   1.5139838443382809e+00   7.3490102892037612e-12
   1.3671875000000000e-01   1.5500428168822533e+00   1.5500428168895830e+00   7.3296924085752835e-12
   1.4453125000000000e-01   1.5752332190488341e+00   1.5752332190558582e+00   7.0241590321984404e-12
   1.5234375000000000e-01   1.5877191219055584e+00   1.5877191219120572e+00   6.4988014969458163e-12
   1.6015625000000000e-01   1.5860031926338514e+00   1.5860031926395750e+00   5.7236437811525320e-12
   1.6796875000000000e-01   1.5690014910721863e+00   1.5690014910769108e+00   4.7244430589898911e-12
   1.7578125000000000e-01   1.5361008810908050e+00   1.5361008810943575e+00   3.5524916341955759e-12
   1.8359375000000000e-01   1.4871982392002803e+00   1.4871982392025622e+00   2.2819524048145468e-12
   1.9140625000000000e-01   1.4227213715874680e+00   1.4227213715884151e+00   9.4702024000525853e-13
   1.9921875000000000e-01   1.3436319273161406e+00   1.3436319273157289e+00   4.1167069753100805e-13
   2.0703125000000000e-01   1.2514106872192603e+00   1.2514106872175732e+00   1.6870949082203879e-12
   2.1484375000000000e-01   1.1480255369793140e+00   1.1480255369764869e+00   2.8270719099054986e-12
   2.2265625000000000e-01   1.0358823505140755e+00   1.0358823505103256e+00   3.7498892879739287e-12
   2.3046875000000000e-01   9.1775906762803117e-01   9.1775906762363435e-01   4.3968162444230074e-12
   2.3828125000000000e-01   7.9672356991119930e-01   7.9672356990640136e-01   4.7979398232200765e-12
   2.4609375000000000e-01   6.7603660794336196e-01   6.7603660793838383e-01   4.9781290201167394e-12
   2.5390625000000000e-01   5.5904200565919948e-01   5.5904200565430162e-01   4.8978598954363406e-12
   2.6171875000000000e-01   4.4904758114863136e-01   4.4904758114407617e-01   4.5551895588857860e-12
   2.6953125000000000e-01   3.4920152400794335e-01   3.4920152400388249e-01   4.0608627571714351e-12
   2.7734375000000000e-01   2.6237015492071514e-01   2.6237015491726556e-01   3.4495739598128239e-12
   2.8515625000000000e-01   1.9102384231092384e-01   1.9102384230814479e-01   2.7790547640904606e-12
   2.9296875000000000e-01   1.3713816123395303e-01   1.3713816123186945e-01   2.0835833058896469e-12
   3.0078125000000000e-01   1.0211700465499350e-01   1.0211700465357783e-01   1.4156731342751527e-12
   3.0859375000000000e-01   8.6743237293505915e-02   8.6743237292682018e-02   8.2389650657432867e-13
   3.1640625000000000e-01   9.1160663371505232e-02   9.1160663371180145e-02   3.2508717939805365e-13
   3.2421875000000000e-01   1.1488871616198612e-01   1.1488871616205298e-01   6.6863181658050053e-14
   3.3203125000000000e-01   1.5686861627643456e-01   1.5686861627678822e-01   3.5366154449434362e-13
   3.3984375000000000e-01   2.1553709533736204e-01   2.1553709533787893e-01   5.1689208468985726e-13
   3.4765625000000000e-01   2.8892146777670419e-01   2.8892146777728300e-01   5.7881477388832536e-13
   3.5546875000000000e-01   3.7474815069156270e-01   3.7474815069215206e-01   5.8936189262226435e-13
   3.6328125000000000e-01   4.7055589807306869e-01   4.7055589807361142e-01   5.4273252558800777e-13
   3.7109375000000000e-01   5.7380513789109300e-01   5.7380513789154342e-01   4.5041748109042601e-13
   3.7890625000000000e-01   6.8197585538564232e-01   6.8197585538601690e-01   3.7458924850852782e-13
   3.8671875000000000e-01   7.9264830258214081e-01   7.9264830258248931e-01   3.4849900742983664e-13
   3.9453125000000000e-01   9.0356317554135734e-01   9.0356317554173438e-01   3.7703173916270316e-13
   4.0234375000000000e-01   1.0126604623177535e+00   1.0126604623182032e+00   4.4964032497318840e-13
   4.1015625000000000e-01   1.1180985817179212e+00   1.1180985817185445e+00   6.2327920602456288e-13
   4.1796875000000000e-01   1.2182573928360647e+00   1.2182573928370013e+00   9.3658414357378206e-13
   4.2578125000000000e-01   1.3117299218243490e+00   1.3117299218256133e+00   1.2643219804431283e-12
   4.3359375000000000e-01   1.3973080987372379e+00   1.3973080987388107e+00   1.5727419366839968e-12
   4.4140625000000000e-01   1.4739674218102248e+00   1.4739674218121825e+00   1.9577672816240010e-12
   4.4921875000000000e-01   1.5408543886500565e+00   1.5408543886523789e+00   2.3223645229109025e-12
   4.5703125000000000e-01   1.5972789724247261e+00   1.5972789724272931e+00   2.5670576775382870e-12
   4.6484375000000000e-01   1.6427126585723264e+00   1.6427126585750296e+00   2.7031710203573311e-12
   4.7265625000000000e-01   1.6767908950736294e+00   1.6767908950763375e+00   2.7080560016656818e-12
   4.8046875000000000e-01   1.6993175210611111e+00   1.6993175210636751e+00   2.5639490530693365e-12
   4.8828125000000000e-01   1.7102680303878850e+00   1.7102680303901174e+00   2.2324364579162648e-12
   4.9609375000000000e-01   1.7097885063849501e+00   1.7097885063866356e+00   1.6855405959859127e-12
   5.0390625000000000e-01   1.6981877256469886e+00   1.6981877256479141e+00   9.2548191332753049e-13
   5.1171875000000000e-01   1.6759211549814597e+00   1.6759211549814541e+00   5.5511151231257827e-15
   5.1953125000000000e-01   1.6435671459931644e+00   1.6435671459921073e+00   1.0571543640480741e-12
   5.2734375000000000e-01   1.6017972942201211e+00   1.6017972942178922e+00   2.2288837442374643e-12
   5.3515625000000000e-01   1.5513443823070823e+00   1.5513443823035686e+00   3.5136338283336954e-12
   5.4296875000000000e-01   1.4929723020684740e+00   1.4929723020636354e+00   4.8385739859213572e-12
   5.5078125000000000e-01   1.4274526475729514e+00   1.4274526475667701e+00   6.1812777119030216e-12
   5.5859375000000000e-01   1.3555521890502720e+00   1.3555521890427709e+00   7.5011108435774076e-12
   5.6640625000000000e-01   1.2780341923313268e+00   1.2780341923225926e+00   8.7341245347261065e-12
   5.7421875000000000e-01   1.1956746779275622e+00   1.1956746779177780e+00   9.7841734714165796e-12
   5.8203125000000000e-01   1.1092924595116485e+00   1.1092924595010110e+00   1.0637490888143475e-11
   5.8984375000000000e-01   1.0197894777432071e+00   1.0197894777318319e+00   1.1375123065704429e-11
   5.9765625000000000e-01   9.2819589478321085e-01   9.2819589477136399e-01   1.1846856828867658e-11
   6.0546875000000000e-01   8.3571295860520289e-01   8.3571295859324624e-01   1.1956657886003086e-11
   6.1328125000000000e-01   7.4374603537316664e-01   7.4374603536141370e-01   1.1752931960984370e-11
   6.2109375000000000e-01   6.5392058390287111e-01   6.5392058389159924e-01   1.1271872324414289e-11
   6.2890625000000000e-01   5.6807521535061101e-01   5.6807521534012873e-01   1.0482281709300878e-11
   6.3671875000000000e-01   4.8822821111186127e-01   4.8822821110246462e-01   9.3966501246711687e-12
   6.4453125000000000e-01   4.1651670604181662e-01   4.1651670603374785e-01   8.0687678760682502e-12
   6.5234375000000000e-01   3.5511083689827205e-01   3.5511083689171147e-01   6.5605854082662063e-12
   6.6015625000000000e-01   3.0610812084857619e-01   3.0610812084363509e-01   4.9411030822454904e-12
   6.6796875000000000e-01   2.7141579334128868e-01   2.7141579333805121e-01   3.2374658509581877e-12
   6.7578125000000000e-01   2.5263049247776370e-01   2.5263049247628067e-01   1.4830359162942841e-12
   6.8359375000000000e-01   2.5092533082596513e-01   2.5092533082619367e-01   2.2853940961908847e-13
   6.9140625000000000e-01   2.6695398208593474e-01   2.6695398208779125e-01   1.8565149417781868e-12
   6.9921875000000000e-01   3.0078000468276839e-01   3.0078000468614569e-01   3.3772984409097262e-12
   7.0703125000000000e-01   3.5183742558370817e-01   3.5183742558847664e-01   4.7684634019162786e-12
   7.1484375000000000e-01   4.1892590300233401e-01   4.1892590300835442e-01   6.0204063956348364e-12
   7.2265625000000000e-01   5.0024090790594988e-01   5.0024090791304554e-01   7.0956573949843005e-12
   7.3046875000000000e-01   5.9343663840342942e-01   5.9343663841145133e-01   8.0219164644290686e-12
   7.3828125000000000e-01   6.9571708574923652e-01   6.9571708575800140e-01   8.7648777125082233e-12
   7.4609375000000000e-01   8.0394900022783822e-01   8.0394900023714511e-01   9.3068885931302248e-12
   8.7890625000000000e-01   1.2432372109156968e+00   1.2432372109156864e+00   1.0436096431476471e-14
   8.8671875000000000e-01   1.1739571369461348e+00   1.1739571369452080e+00   9.2681418095708068e-13
   8.9453125000000000e-01   1.1058153156263912e+00   1.1058153156245965e+00   1.7947865416090281e-12
   9.0234375000000000e-01   1.0411926541734313e+00   1.0411926541708796e+00   2.5517365997984598e-12
   9.1015625000000000e-01   9.8211200409990995e-01   9.8211200409664801e-01   3.2619462686511724e-12
   9.1796875000000000e-01   9.3015502535764061e-01   9.3015502535367289e-01   3.9677150454053844e-12
   9.2578125000000000e-01   8.8640923837171637e-01   8.8640923836709262e-01   4.6237458306563894e-12
   9.3359375000000000e-01   8.5144982317345763e-01   8.5144982316821471e-01   5.2429172114898392e-12
   9.4140625000000000e-01   8.2535807083870916e-01   8.2535807083281765e-01   5.8915095024758557e-12
   9.4921875000000000e-01   8.0777528647679486e-01   8.0777528647026209e-01   6.5327743214993461e-12
   9.5703125000000000e-01   7.9798769350314636e-01   7.9798769349605703e-01   7.0893291237439371e-12
   9.6484375000000000e-01   7.9503485711698696e-01   7.9503485710939359e-01   7.5933703769237582e-12
   9.7265625000000000e-01   7.9783169903831663e-01   7.9783169903032092e-01   7.9957152010479149e-12
   9.8046875000000000e-01   8.0529263980197818e-01   8.0529263979368593e-01   8.2922557709252942e-12
   9.8828125000000000e-01   8.1644601079527046e-01   8.1644601078682544e-01   8.4450224591137157e-12
   9.9609375000000000e-01   8.3052772654519680e-01   8.3052772653676288e-01   8.4339202288674642e-12
   7.5390625000000000e-01   9.1478955240807647e-01   9.1478955241780469e-01   9.7282182309754717e-12
   7.6171875000000000e-01   1.0248212401595409e+00   1.0248212401695007e+00   9.9598107539122793e-12
   7.6953125000000000e-01   1.1306869559610673e+00   1.1306869559710915e+00   1.0024203689340538e-11
   7.7734375000000000e-01   1.2292189418865458e+00   1.2292189418964550e+00   9.9091845839893722e-12
   7.8515625000000000e-01   1.3175564315215114e+00   1.3175564315311783e+00   9.6669339200161630e-12
   7.9296875000000000e-01   1.3932479236912017e+00   1.3932479237005353e+00   9.3336449680236910e-12
   8.0078125000000000e-01   1.4543351004198626e+00   1.4543351004286880e+00   8.8253848673502944e-12
   8.0859375000000000e-01   1.4994162928731560e+00   1.4994162928814105e+00   8.2545081880880389e-12
   8.1640625000000000e-01   1.5276880791260370e+00   1.5276880791336174e+00   7.5803807675356438e-12
   8.2421875000000000e-01   1.5389640925003620e+00   1.5389640925071557e+00   6.7936767322862579e-12
   8.3203125000000000e-01   1.5336705039865210e+00   1.5336705039925000e+00   5.9789950768163180e-12
   8.3984375000000000e-01   1.5128180212441542e+00   1.5128180212492137e+00   5.0595083678217634e-12
   8.4765625000000000e-01   1.4779507295309233e+00   1.4779507295349543e+00   4.0309977578090184e-12
   8.5546875000000000e-01   1.4310727769713680e+00   1.4310727769743532e+00   2.9851676686121209e-12
   8.6328125000000000e-01   1.3745548271181345e+00   1.3745548271200865e+00   1.9519941218959502e-12
   8.7109375000000000e-01   1.3110233583366517e+00   1.3110233583376061e+00   9.5434771196778456e-13
