#                  Coord.                Numerical               Analytical                    Error
   3.9062500000000000e-03   6.5183342265863886e-01   6.5183342268838596e-01   2.9747093677201519e-11
   1.1718750000000000e-02   7.8247653448361376e-01   7.8247653451685784e-01   3.3244074160165837e-11
   1.9531250000000000e-02   9.2803664430208910e-01   9.2803664433869226e-01   3.6603164943471711e-11
   2.7343750000000000e-02   1.0874227292635268e+00   1.0874227293031804e+00   3.9653613725931791e-11
   3.5156250000000000e-02   1.2588034105487782e+00   1.2588034105907768e+00   4.1998626798545047e-11
   4.2968750000000000e-02   1.4395762742842559e+00   1.4395762743276945e+00   4.3438586061483875e-11
   5.0781250000000000e-02   1.6263823705332221e+00   1.6263823705771159e+00   4.3893777501580189e-11
   5.8593750000000000e-02   1.8151718465331896e+00   1.8151718465763538e+00   4.3164138929796536e-11
   6.6406250000000000e-02   2.0013229469654710e+00   2.0013229470064795e+00   4.1008529905184332e-11
   7.4218750000000000e-02   2.1798121288619199e+00   2.1798121288993220e+00   3.7402081431991974e-11
   8.2031250000000000e-02   2.3454282046148669e+00   2.3454282046474240e+00   3.2557068152527791e-11
   8.9843750000000000e-02   2.4930187535591792e+00   2.4930187535857362e+00   2.6556978838243595e-11
   9.7656250000000000e-02   2.6177530790099057e+00   2.6177530790294203e+00   1.9514612148441302e-11
   1.0546875000000000e-01   2.7153832482913067e+00   2.7153832483030813e+00   1.1774581309964560e-11
   1.1328125000000000e-01   2.7824836456903457e+00   2.7824836456939845e+00   3.6388669855114131e-12
   1.2109375000000000e-01   2.8166502282561390e+00   2.8166502282516044e+00   4.5345949217789894e-12
   1.2890625000000000e-01   2.8166433223538414e+00   2.8166433223414060e+00   1.2435386054221453e-11
   1.3671875000000000e-01   2.7824621250717261e+00   2.7824621250519534e+00   1.9772627979364188e-11
   1.4453125000000000e-01   2.7153446571754056e+00   2.7153446571490187e+00   2.6386892670871021e-11
   1.5234375000000000e-01   2.6176931691883860e+00   2.6176931691562406e+00   3.2145397454996782e-11
   1.6015625000000000e-01   2.4929312573018696e+00   2.4929312572649756e+00   3.6894043375923502e-11
   1.6796875000000000e-01   2.3453045290853902e+00   2.3453045290448600e+00   4.0530245826175815e-11
   1.7578125000000000e-01   2.1796409861685855e+00   2.1796409861255466e+00   4.3038905772618818e-11
   1.8359375000000000e-01   2.0010899402150568e+00   2.0010899401705915e+00   4.4465320314657220e-11
   1.9140625000000000e-01   1.8148590395881170e+00   1.8148590395432822e+00   4.4834802537252472e-11
   1.9921875000000000e-01   1.6259678772429791e+00   1.6259678771987096e+00   4.4269476973113342e-11
   2.0703125000000000e-01   1.4390339111077390e+00   1.4390339110648966e+00   4.2842396297260166e-11
   2.1484375000000000e-01   1.2581024637628155e+00   1.2581024637221365e+00   4.0679015711475586e-11
   2.2265625000000000e-01   1.0865278931703413e+00   1.0865278931324671e+00   3.7874148262062590e-11
   2.3046875000000000e-01   9.2690818867469904e-01   9.2690818864015323e-01   3.4545810656538833e-11
   2.3828125000000000e-01   7.8107075659832048e-01   7.8107075656736968e-01   3.0950797480500114e-11
   2.4609375000000000e-01   6.5010343053157782e-01   6.5010343050431141e-01   2.7266411350979070e-11
   2.5390625000000000e-01   5.3442204957009376e-01   5.3442204954648809e-01   2.3605672971882541e-11
   2.6171875000000000e-01   4.3386441752705462e-01   4.3386441750702959e-01   2.0025037184012717e-11
   2.6953125000000000e-01   3.4780006564049670e-01   3.4780006562384180e-01   1.6654899681611823e-11
   2.7734375000000000e-01   2.7524584718141132e-01   2.7524584716779055e-01   1.3620771177613733e-11
   2.8515625000000000e-01   2.1497876672174165e-01   2.1497876671076557e-01   1.0976081155078532e-11
   2.9296875000000000e-01   1.6563931886179967e-01   1.6563931885313088e-01   8.6687879097269160e-12
   3.0078125000000000e-01   1.2582070723819674e-01   1.2582070723150310e-01   6.6936456377675313e-12
   3.0859375000000000e-01   9.4141390814454121e-02   9.4141390809391837e-02   5.0622839253833263e-12
   3.1640625000000000e-01   6.9300269311198912e-02   6.9300269307442569e-02   3.7563424593045625e-12
   3.2421875000000000e-01   5.0115345007229174e-02   5.0115345004507733e-02   2.7214411280063189e-12
   3.3203125000000000e-01   3.5547819623159199e-02   3.5547819621247811e-02   1.9113877147702851e-12
   3.3984375000000000e-01   2.4714293946363357e-02   2.4714293945065146e-02   1.2982115382698112e-12
   3.4765625000000000e-01   1.6890068052618373e-02   1.6890068051770721e-02   8.4765180985435506e-13
   3.5546875000000000e-01   1.1506552010535673e-02   1.1506552010026474e-02   5.0919858607390012e-13
   3.6328125000000000e-01   8.1455630476567325e-03   8.1455630474130073e-03   2.4372517892778944e-13
   3.7109375000000000e-01   6.5328765659194285e-03   6.5328765658884090e-03   3.1019457835679276e-14
   3.7890625000000000e-01   6.5328765659782451e-03   6.5328765661373167e-03   1.5907154066185925e-13
   3.8671875000000000e-01   8.1455630478245340e-03   8.1455630481947552e-03   3.7022121479601822e-13
   3.9453125000000000e-01   1.1506552010813761e-02   1.1506552011454320e-02   6.4055878656876786e-13
   4.0234375000000000e-01   1.6890068053034873e-02   1.6890068054034077e-02   9.9920419160959284e-13
   4.1015625000000000e-01   2.4714293946944344e-02   2.4714293948427942e-02   1.4835979667005006e-12
   4.1796875000000000e-01   3.5547819623912395e-02   3.5547819626059803e-02   2.1474072520177856e-12
   4.2578125000000000e-01   5.0115345008158382e-02   5.0115345011189485e-02   3.0311031462559868e-12
   4.3359375000000000e-01   6.9300269312332186e-02   6.9300269316498034e-02   4.1658482219375514e-12
   4.4140625000000000e-01   9.4141390815794590e-02   9.4141390821398330e-02   5.6037396944930151e-12
   4.4921875000000000e-01   1.2582070723972771e-01   1.2582070724709668e-01   7.3689665480713984e-12
   4.5703125000000000e-01   1.6563931886349603e-01   1.6563931887298730e-01   9.4912688819448476e-12
   4.6484375000000000e-01   2.1497876672359553e-01   2.1497876673559219e-01   1.1996653670465207e-11
   4.7265625000000000e-01   2.7524584718345102e-01   2.7524584719827855e-01   1.4827528094230047e-11
   4.8046875000000000e-01   3.4780006564263960e-01   3.4780006566063976e-01   1.8000156920550126e-11
   4.8828125000000000e-01   4.3386441752922800e-01   4.3386441755067795e-01   2.1449952924967874e-11
   4.9609375000000000e-01   5.3442204957233375e-01   5.3442204959740180e-01   2.5068058739918797e-11
   5.0390625000000000e-01   6.5010343053392805e-01   6.5010343056268094e-01   2.8752888958649692e-11
   5.1171875000000000e-01   7.8107075660079961e-01   7.8107075663315106e-01   3.2351454848367212e-11
   5.1953125000000000e-01   9.2690818867721347e-01   9.2690818871297709e-01   3.5763614292250168e-11
   5.2734375000000000e-01   1.0865278931728188e+00   1.0865278932116336e+00   3.8814729208525023e-11
   5.3515625000000000e-01   1.2581024637653262e+00   1.2581024638065736e+00   4.1247449900083666e-11
   5.4296875000000000e-01   1.4390339111103012e+00   1.4390339111531345e+00   4.2833292468458239e-11
   5.5078125000000000e-01   1.6259678772455768e+00   1.6259678772889938e+00   4.3417047734806147e-11
   5.5859375000000000e-01   1.8148590395906186e+00   1.8148590396334763e+00   4.2857717374999993e-11
   5.6640625000000000e-01   2.0010899402173292e+00   2.0010899402583866e+00   4.1057379718267839e-11
   5.7421875000000000e-01   2.1796409861705861e+00   2.1796409862084452e+00   3.7859049228927688e-11
   5.8203125000000000e-01   2.3453045290870298e+00   2.3453045291203551e+00   3.3325342485568399e-11
   5.8984375000000000e-01   2.4929312573031299e+00   2.4929312573306430e+00   2.7513102907050779e-11
   5.9765625000000000e-01   2.6176931691892538e+00   2.6176931692098888e+00   2.0635049224893010e-11
   6.0546875000000000e-01   2.7153446571758924e+00   2.7153446571887132e+00   1.2820855488371308e-11
   6.1328125000000000e-01   2.7824621250718256e+00   2.7824621250763846e+00   4.5590198283207428e-12
   6.2109375000000000e-01   2.8166433223534901e+00   2.8166433223496457e+00   3.8444802896719921e-12
   6.2890625000000000e-01   2.8166502282554262e+00   2.8166502282433057e+00   1.2120526804437759e-11
   6.3671875000000000e-01   2.7824836456895246e+00   2.7824836456694850e+00   2.0039525594484076e-11
   6.4453125000000000e-01   2.7153832482904576e+00   2.7153832482632527e+00   2.7204904995414836e-11
   6.5234375000000000e-01   2.6177530790089256e+00   2.6177530789756727e+00   3.3252955944362839e-11
   6.6015625000000000e-01   2.4930187535580566e+00   2.4930187535199053e+00   3.8151259929009029e-11
   6.6796875000000000e-01   2.3454282046135844e+00   2.3454282045717347e+00   4.1849634868640351e-11
   6.7578125000000000e-01   2.1798121288605468e+00   2.1798121288161543e+00   4.4392489684241809e-11
   6.8359375000000000e-01   2.0013229469642488e+00   2.0013229469183447e+00   4.5904169354571422e-11
   6.9140625000000000e-01   1.8151718465320503e+00   1.8151718464857320e+00   4.6318282542756606e-11
   6.9921875000000000e-01   1.6263823705320182e+00   1.6263823704863249e+00   4.5693226979892643e-11
   7.0703125000000000e-01   1.4395762742830496e+00   1.4395762742388158e+00   4.4233727791720412e-11
   7.1484375000000000e-01   1.2588034105476689e+00   1.2588034105055721e+00   4.2096770513921911e-11
   7.2265625000000000e-01   1.0874227292625140e+00   1.0874227292230827e+00   3.9431347076401835e-11
   7.3046875000000000e-01   9.2803664430107458e-01   9.2803664426476762e-01   3.6306957440501719e-11
   7.3828125000000000e-01   7.8247653448267573e-01   7.8247653444976761e-01   3.2908120672914265e-11
   7.4609375000000000e-01   6.5183342265787025e-01   6.5183342262849475e-01   2.9375502030859479e-11
   8.7890625000000000e-01   1.5632914790704586e-02   1.5632914791265381e-02   5.6079446641987829e-13
   8.8671875000000000e-01   1.7135192076606957e-02   1.7135192077667141e-02   1.0601831912371296e-12
   8.9453125000000000e-01   2.0279365122071156e-02   2.0279365123665138e-02   1.5939818909238568e-12
   9.0234375000000000e-01   2.5347422624666955e-02   2.5347422626872753e-02   2.2057980442191649e-12
   9.1015625000000000e-01   3.2768611591986303e-02   3.2768611594918978e-02   2.9326749362290627e-12
   9.1796875000000000e-01   4.3125242442178399e-02   4.3125242445971143e-02   3.7927438967244598e-12
   9.2578125000000000e-01   5.7157617783910382e-02   5.7157617788723691e-02   4.8133094732172310e-12
   9.3359375000000000e-01   7.5765778269515985e-02   7.5765778275558957e-02   6.0429716786103427e-12
   9.4140625000000000e-01   1.0000535278067778e-01   1.0000535278821686e-01   7.5390804710195880e-12
   9.4921875000000000e-01   1.3107456272120849e-01   1.3107456273050241e-01   9.2939267393177261e-12
   9.5703125000000000e-01   1.7028943337069199e-01   1.7028943338203409e-01   1.1342093930721830e-11
   9.6484375000000000e-01   2.1904458264155030e-01   2.1904458265527293e-01   1.3722634140123091e-11
   9.7265625000000000e-01   2.7875765142551812e-01   2.7875765144191428e-01   1.6396162205722931e-11
   9.8046875000000000e-01   3.5079654556846596e-01   3.5079654558784179e-01   1.9375834270363157e-11
   9.8828125000000000e-01   4.3639017038320660e-01   4.3639017040588424e-01   2.2677637545598373e-11
   9.9609375000000000e-01   5.3652519141536159e-01   5.3652519144154431e-01   2.6182722656642454e-11
   7.5390625000000000e-01   5.3652519141471255e-01   5.3652519138890542e-01   2.5807134207411764e-11
   7.6171875000000000e-01   4.3639017038259775e-01   4.3639017036029171e-01   2.2306045899256333e-11
   7.6953125000000000e-01   3.5079654556786644e-01   3.5079654554891176e-01   1.8954671165971604e-11
   7.7734375000000000e-01   2.7875765142500397e-01   2.7875765140911279e-01   1.5891177262972178e-11
   7.8515625000000000e-01   2.1904458264114263e-01   2.1904458262797646e-01   1.3166162604605347e-11
   7.9296875000000000e-01   1.7028943337034513e-01   1.7028943335959953e-01   1.0745598855166349e-11
   8.0078125000000000e-01   1.3107456272090851e-01   1.3107456271228007e-01   8.6284313027817916e-12
   8.0859375000000000e-01   1.0000535278040752e-01   1.0000535277357689e-01   6.8306332812184678e-12
   8.1640625000000000e-01   7.5765778269279535e-02   7.5765778263939570e-02   5.3399645816298857e-12
   8.2421875000000000e-01   5.7157617783741482e-02   5.7157617779621181e-02   4.1203013223523044e-12
   8.3203125000000000e-01   4.3125242442070291e-02   4.3125242438958745e-02   3.1115457432839833e-12
   8.3984375000000000e-01   3.2768611591909344e-02   3.2768611589641693e-02   2.2676513444785940e-12
   8.4765625000000000e-01   2.5347422624607298e-02   2.5347422623045089e-02   1.5622086957378656e-12
   8.5546875000000000e-01   2.0279365122040142e-02   2.0279365121079605e-02   9.6053720533006981e-13
   8.6328125000000000e-01   1.7135192076598842e-02   1.7135192076170969e-02   4.2787301479663142e-13
   8.7109375000000000e-01   1.5632914790702227e-02   1.5632914790776539e-02   7.4312084263894462e-14
