#                  Coord.                Numerical               Analytical                    Error
   3.9062500000000000e-03   7.6787384402570755e-02   7.6787384390811619e-02   1.1759135332134463e-11
   1.1718750000000000e-02   1.2059187687220403e-01   1.2059187686071628e-01   1.1487755191552651e-11
   1.9531250000000000e-02   1.6120948349936876e-01   1.6120948348843439e-01   1.0934364524928242e-11
   2.7343750000000000e-02   1.9786923913746837e-01   1.9786923912736976e-01   1.0098616387566040e-11
   3.5156250000000000e-02   2.2999438808684522e-01   2.2999438807784475e-01   9.0004670383336816e-12
   4.2968750000000000e-02   2.5722113910204447e-01   2.5722113909431460e-01   7.7298722978014212e-12
   5.0781250000000000e-02   2.7940894972693148e-01   2.7940894972057528e-01   6.3561933494327150e-12
   5.8593750000000000e-02   2.9664173777996922e-01   2.9664173777503061e-01   4.9386050804400838e-12
   6.6406250000000000e-02   3.0921983985293000e-01   3.0921983984942758e-01   3.5024205757849813e-12
   7.4218750000000000e-02   3.1764298458429013e-01   3.1764298458211282e-01   2.1773138847436257e-12
   8.2031250000000000e-02   3.2258499604965329e-01   3.2258499604861762e-01   1.0356715485215773e-12
   8.9843750000000000e-02   3.2486136245479313e-01   3.2486136245471070e-01   8.2434059578417873e-14
   9.7656250000000000e-02   3.2539117072793927e-01   3.2539117072861484e-01   6.7557071048440775e-13
   1.0546875000000000e-01   3.2515519461848957e-01   3.2515519461969283e-01   1.2032597140887447e-12
   1.1328125000000000e-01   3.2515211313092601e-01   3.2515211313235626e-01   1.4302448114733579e-12
   1.2109375000000000e-01   3.2635491430987529e-01   3.2635491431128066e-01   1.4053758157217544e-12
   1.2890625000000000e-01   3.2966950058562045e-01   3.2966950058675670e-01   1.1362577545526165e-12
   1.3671875000000000e-01   3.3589735802857351e-01   3.3589735802919773e-01   6.2422289559549426e-13
   1.4453125000000000e-01   3.4570389281404684e-01   3.4570389281391511e-01   1.3172796187177482e-13
   1.5234375000000000e-01   3.5959369117784035e-01   3.5959369117676215e-01   1.0781930903647208e-12
   1.6015625000000000e-01   3.7789354754547316e-01   3.7789354754329985e-01   2.1733170818549752e-12
   1.6796875000000000e-01   4.0074365726188627e-01   4.0074365725850597e-01   3.3802960430762141e-12
   1.7578125000000000e-01   4.2809691582159753e-01   4.2809691581685994e-01   4.7375992018316992e-12
   1.8359375000000000e-01   4.5972583627862373e-01   4.5972583627248909e-01   6.1346483448687650e-12
   1.9140625000000000e-01   4.9523621903208731e-01   4.9523621902461057e-01   7.4767414481868855e-12
   1.9921875000000000e-01   5.3408640752836667e-01   5.3408640751964920e-01   8.7174711893567292e-12
   2.0703125000000000e-01   5.7561075747664336e-01   5.7561075746688950e-01   9.7538643828443128e-12
   2.1484375000000000e-01   6.1904584622763315e-01   6.1904584621702718e-01   1.0605960554244120e-11
   2.2265625000000000e-01   6.6355795494083647e-01   6.6355795492958913e-01   1.1247336395570073e-11
   2.3046875000000000e-01   7.0827046255750037e-01   7.0827046254588799e-01   1.1612377726066825e-11
   2.3828125000000000e-01   7.5228998309677397e-01   7.5228998308510997e-01   1.1664003096711895e-11
   2.4609375000000000e-01   7.9473033559996575e-01   7.9473033558861050e-01   1.1355250073563639e-11
   2.5390625000000000e-01   8.3473373372522786e-01   8.3473373371448711e-01   1.0740741629433614e-11
   2.6171875000000000e-01   8.7148889172206923e-01   8.7148889171220023e-01   9.8689945104979415e-12
   2.6953125000000000e-01   9.0424603754223065e-01   9.0424603753341759e-01   8.8130613917769551e-12
   2.7734375000000000e-01   9.3232907691316858e-01   9.3232907690556788e-01   7.6006978488862842e-12
   2.8515625000000000e-01   9.5514534372543536e-01   9.5514534371916993e-01   6.2654326171696084e-12
   2.9296875000000000e-01   9.7219348787394166e-01   9.7219348786909576e-01   4.8459014578838833e-12
   3.0078125000000000e-01   9.8307008507781135e-01   9.8307008507443205e-01   3.3792968423540515e-12
   3.0859375000000000e-01   9.8747550546020491e-01   9.8747550545826834e-01   1.9365620218536606e-12
   3.1640625000000000e-01   9.8521945770748132e-01   9.8521945770697605e-01   5.0526249850690874e-13
   3.2421875000000000e-01   9.7622644899029931e-01   9.7622644899124045e-01   9.4113605797474520e-13
   3.3203125000000000e-01   9.6054118810557809e-01   9.6054118810793443e-01   2.3563373474644322e-12
   3.3984375000000000e-01   9.3833373411963439e-01   9.3833373412338483e-01   3.7504443994862413e-12
   3.4765625000000000e-01   9.0990397960055125e-01   9.0990397960567915e-01   5.1278981061386730e-12
   3.5546875000000000e-01   8.7568487933666384e-01   8.7568487934315886e-01   6.4950267386620908e-12
   3.6328125000000000e-01   8.3624371180451895e-01   8.3624371181238866e-01   7.8697048877529596e-12
   3.7109375000000000e-01   7.9228060601206729e-01   7.9228060602134343e-01   9.2761354153481079e-12
   3.7890625000000000e-01   7.4462358888462865e-01   7.4462358889526026e-01   1.0631606706112962e-11
   3.8671875000000000e-01   6.9421950946550726e-01   6.9421950947740629e-01   1.1899037311025040e-11
   3.9453125000000000e-01   6.4212037051791993e-01   6.4212037053094595e-01   1.3026024703322037e-11
   4.0234375000000000e-01   5.8946483418265150e-01   5.8946483419657114e-01   1.3919643215842825e-11
   4.1015625000000000e-01   5.3745494971063645e-01   5.3745494972517371e-01   1.4537260284441800e-11
   4.1796875000000000e-01   4.8732845794558843e-01   4.8732845796046437e-01   1.4875933818103704e-11
   4.2578125000000000e-01   4.4032733725798479e-01   4.4032733727284529e-01   1.4860501718061414e-11
   4.3359375000000000e-01   3.9766354687810845e-01   3.9766354689254824e-01   1.4439782702879711e-11
   4.4140625000000000e-01   3.6048317524080459e-01   3.6048317525444029e-01   1.3635703677294941e-11
   4.4921875000000000e-01   3.2983039495262423e-01   3.2983039496509847e-01   1.2474243860083334e-11
   4.5703125000000000e-01   3.0661274803934985e-01   3.0661274805041883e-01   1.1068979066664042e-11
   4.6484375000000000e-01   2.9156932549489700e-01   2.9156932550427467e-01   9.3776653109500785e-12
   4.7265625000000000e-01   2.8524335906709869e-01   2.8524335907461490e-01   7.5162098767123098e-12
   4.8046875000000000e-01   2.8796061099202891e-01   2.8796061099757159e-01   5.5426774281386315e-12
   4.8828125000000000e-01   2.9981473423976734e-01   2.9981473424330829e-01   3.5409453147394743e-12
   4.9609375000000000e-01   3.2066049149376530e-01   3.2066049149535003e-01   1.5847323453499484e-12
   5.0390625000000000e-01   3.5011537923487557e-01   3.5011537923455149e-01   3.2407410088808319e-13
   5.1171875000000000e-01   3.8756982087449965e-01   3.8756982087236891e-01   2.1307400288606004e-12
   5.1953125000000000e-01   4.3220568926603370e-01   4.3220568926229225e-01   3.7414515929867775e-12
   5.2734375000000000e-01   4.8302251506808613e-01   4.8302251506292798e-01   5.1581516835597085e-12
   5.3515625000000000e-01   5.3887035489405499e-01   5.3887035488761936e-01   6.4356298068446449e-12
   5.4296875000000000e-01   5.9848795310012315e-01   5.9848795309260550e-01   7.5176531666443225e-12
   5.5078125000000000e-01   6.6054455309548366e-01   6.6054455308712312e-01   8.3605344869397413e-12
   5.5859375000000000e-01   7.2368351529493102e-01   7.2368351528592534e-01   9.0056850865494198e-12
   5.6640625000000000e-01   7.8656579274262473e-01   7.8656579273314930e-01   9.4754204482683235e-12
   5.7421875000000000e-01   8.4791131088611427e-01   8.4791131087634275e-01   9.7715169289358528e-12
   5.8203125000000000e-01   9.0653639842977629e-01   9.0653639841989953e-01   9.8767660716703176e-12
   5.8984375000000000e-01   9.6138561913205067e-01   9.6138561912230791e-01   9.7427621525980612e-12
   5.9765625000000000e-01   1.0115566510900524e+00   1.0115566510806293e+00   9.4231289438084787e-12
   6.0546875000000000e-01   1.0563172356614177e+00   1.0563172356524766e+00   8.9410701065162357e-12
   6.1328125000000000e-01   1.0951136523891070e+00   1.0951136523808016e+00   8.3053564026158710e-12
   6.2109375000000000e-01   1.1275706443169198e+00   1.1275706443094096e+00   7.5102146723793339e-12
   6.2890625000000000e-01   1.1534831920555326e+00   1.1534831920489257e+00   6.6069372195443066e-12
   6.3671875000000000e-01   1.1728009857236594e+00   1.1728009857179842e+00   5.6752380572788752e-12
   6.4453125000000000e-01   1.1856068429656144e+00   1.1856068429609301e+00   4.6842529854984605e-12
   6.5234375000000000e-01   1.1920906428758222e+00   1.1920906428721600e+00   3.6621816690285414e-12
   6.6015625000000000e-01   1.1925205687416589e+00   1.1925205687388964e+00   2.7624569298723145e-12
   6.6796875000000000e-01   1.1872135622891318e+00   1.1872135622871571e+00   1.9746426715983034e-12
   6.7578125000000000e-01   1.1765068813973019e+00   1.1765068813959738e+00   1.3280487820566123e-12
   6.8359375000000000e-01   1.1607325231188010e+00   1.1607325231179919e+00   8.0913054034681409e-13
   6.9140625000000000e-01   1.1401960337065007e+00   1.1401960337060915e+00   4.0922820687683270e-13
   6.9921875000000000e-01   1.1151608942965219e+00   1.1151608942964364e+00   8.5487172896137054e-14
   7.0703125000000000e-01   1.0858392684855322e+00   1.0858392684857237e+00   1.9140244944537699e-13
   7.1484375000000000e-01   1.0523894544854484e+00   1.0523894544859067e+00   4.5830006456526462e-13
   7.2265625000000000e-01   1.0149199305593313e+00   1.0149199305601018e+00   7.7049477908985864e-13
   7.3046875000000000e-01   9.7349944888381279e-01   9.7349944888500228e-01   1.1894929485833927e-12
   7.3828125000000000e-01   9.2817224844772606e-01   9.2817224844951640e-01   1.7903456495105274e-12
   7.4609375000000000e-01   8.7897714629584622e-01   8.7897714629847679e-01   2.6305624345468459e-12
   8.7890625000000000e-01  -2.0267337789323742e-01  -2.0267337788257075e-01   1.0666661998115501e-11
   8.8671875000000000e-01  -2.3913195502165399e-01  -2.3913195501278889e-01   8.8651030960562593e-12
   8.9453125000000000e-01  -2.6741845525775204e-01  -2.6741845525076308e-01   6.9889649623178229e-12
   9.0234375000000000e-01  -2.8714258748158672e-01  -2.8714258747650118e-01   5.0855430977492233e-12
   9.1015625000000000e-01  -2.9809860074850658e-01  -2.9809860074535816e-01   3.1484259643832502e-12
   9.1796875000000000e-01  -3.0027684289064860e-01  -3.0027684288945372e-01   1.1948775302528247e-12
   9.2578125000000000e-01  -2.9386936189585855e-01  -2.9386936189654950e-01   6.9094729937546617e-13
   9.3359375000000000e-01  -2.7926912984732577e-01  -2.7926912984981267e-01   2.4868995751603507e-12
   9.4140625000000000e-01  -2.5706265155109703e-01  -2.5706265155526320e-01   4.1661674110571312e-12
   9.4921875000000000e-01  -2.2801592419621874e-01  -2.2801592420199301e-01   5.7742699510754392e-12
   9.5703125000000000e-01  -1.9305393939519147e-01  -1.9305393940248036e-01   7.2888917124203090e-12
   9.6484375000000000e-01  -1.5323416095824990e-01  -1.5323416096690792e-01   8.6580187463880520e-12
   9.7265625000000000e-01  -1.0971466381197580e-01  -1.0971466382174944e-01   9.7736402304704484e-12
   9.8046875000000000e-01  -6.3717871392902026e-02  -6.3717871403560264e-02   1.0658238180916157e-11
   9.8828125000000000e-01  -1.6491067587501875e-02  -1.6491067598823995e-02   1.1322120324619434e-11
   9.9609375000000000e-01   3.0734930243661703e-02   3.0734930231948791e-02   1.1712911890393585e-11
   7.5390625000000000e-01   8.2596904643651281e-01   8.2596904644016489e-01   3.6520786395044524e-12
   7.6171875000000000e-01   7.6924128780651635e-01   7.6924128781139578e-01   4.8794301932275630e-12
   7.6953125000000000e-01   7.0894723973104434e-01   7.0894723973738061e-01   6.3362648461406934e-12
   7.7734375000000000e-01   6.4531964054218549e-01   6.4531964055013569e-01   7.9501960570382835e-12
   7.8515625000000000e-01   5.7868635076495956e-01   5.7868635077456165e-01   9.6020968953780539e-12
   7.9296875000000000e-01   5.0948143937570911e-01   5.0948143938695167e-01   1.1242562436564185e-11
   8.0078125000000000e-01   4.3825081918363884e-01   4.3825081919644171e-01   1.2802869875372380e-11
   8.0859375000000000e-01   3.6565197274117267e-01   3.6565197275529648e-01   1.4123813230071391e-11
   8.1640625000000000e-01   2.9244764097312470e-01   2.9244764098831666e-01   1.5191958802063255e-11
   8.2421875000000000e-01   2.1949366262285636e-01   2.1949366263876402e-01   1.5907664074887862e-11
   8.3203125000000000e-01   1.4772143686635830e-01   1.4772143688259537e-01   1.6237067246294146e-11
   8.3984375000000000e-01   7.8115721764242529e-02   7.8115721780431149e-02   1.6188619889057065e-11
   8.4765625000000000e-01   1.1688670241670505e-02   1.1688670257431154e-02   1.5760649729745779e-11
   8.5546875000000000e-01  -5.0548859578644932e-02  -5.0548859563712571e-02   1.4932360903330277e-11
   8.6328125000000000e-01  -1.0761760004996439e-01  -1.0761760003621604e-01   1.3748349680930971e-11
   8.7109375000000000e-01  -1.5860062084033899e-01  -1.5860062082804999e-01   1.2289003148424626e-11
