#                  Coord.                Numerical               Analytical                    Error
   3.9062500000000000e-03   1.5388673598523039e+00   1.5388673598658571e+00   1.3553158595414061e-11
   1.1718750000000000e-02   1.6427232320241902e+00   1.6427232320294687e+00   5.2784443482778443e-12
   1.9531250000000000e-02   1.7407924366355687e+00   1.7407924366319176e+00   3.6510794387822898e-12
   2.7343750000000000e-02   1.8311471899092933e+00   1.8311471898962088e+00   1.3084422434417320e-11
   3.5156250000000000e-02   1.9119999896312643e+00   1.9119999896085440e+00   2.2720270109743979e-11
   4.2968750000000000e-02   1.9817465874300024e+00   1.9817465873976641e+00   3.2338354216676635e-11
   5.0781250000000000e-02   2.0390028511813290e+00   2.0390028511396565e+00   4.1672443273910176e-11
   5.8593750000000000e-02   2.0826358493227377e+00   2.0826358492723394e+00   5.0398352158254056e-11
   6.6406250000000000e-02   2.1117893943317161e+00   2.1117893942733654e+00   5.8350657639039127e-11
   7.4218750000000000e-02   2.1259040862157659e+00   2.1259040861505145e+00   6.5251359870899250e-11
   8.2031250000000000e-02   2.1247316576984634e+00   2.1247316576274735e+00   7.0989880640581760e-11
   8.9843750000000000e-02   2.1083431901051011e+00   2.1083431900298195e+00   7.5281558764572765e-11
   9.7656250000000000e-02   2.0771305792095940e+00   2.0771305791314560e+00   7.8137940562328367e-11
   1.0546875000000000e-01   2.0318005084423847e+00   2.0318005083627639e+00   7.9620754434017726e-11
   1.1328125000000000e-01   1.9733601503145808e+00   1.9733601502347424e+00   7.9838358146844257e-11
   1.2109375000000000e-01   1.9030938802988528e+00   1.9030938802200625e+00   7.8790307611598109e-11
   1.2890625000000000e-01   1.8225304659237216e+00   1.8225304658471242e+00   7.6597395093358500e-11
   1.3671875000000000e-01   1.7334005037441729e+00   1.7334005036708646e+00   7.3308248360604011e-11
   1.4453125000000000e-01   1.6375843322932773e+00   1.6375843322244246e+00   6.8852701318178333e-11
   1.5234375000000000e-01   1.5370512555655624e+00   1.5370512555023110e+00   6.3251404114339493e-11
   1.6015625000000000e-01   1.4337916572219411e+00   1.4337916571652036e+00   5.6737503584258775e-11
   1.6796875000000000e-01   1.3297444329964927e+00   1.3297444329471353e+00   4.9357407050365509e-11
   1.7578125000000000e-01   1.2267230487548462e+00   1.2267230487137137e+00   4.1132430794732500e-11
   1.8359375000000000e-01   1.1263443434928508e+00   1.1263443434606326e+00   3.2218228085412193e-11
   1.9140625000000000e-01   1.0299648142770701e+00   1.0299648142540934e+00   2.2976731628432390e-11
   1.9921875000000000e-01   9.3862940681345219e-01   9.3862940679974027e-01   1.3711920487935458e-11
   2.0703125000000000e-01   8.5303766403310022e-01   8.5303766402843828e-01   4.6619375027034948e-12
   2.1484375000000000e-01   7.7353136350344898e-01   7.7353136350738994e-01   3.9409586705119182e-12
   2.2265625000000000e-01   7.0010646943595256e-01   7.0010646944758070e-01   1.1628142893016502e-11
   2.3046875000000000e-01   6.3245038183439772e-01   6.3245038185251101e-01   1.8113288646759429e-11
   2.3828125000000000e-01   5.7000321701435952e-01   5.7000321703756973e-01   2.3210211530511060e-11
   2.4609375000000000e-01   5.1203941703434797e-01   5.1203941706103651e-01   2.6688540266661676e-11
   2.5390625000000000e-01   4.5776364135563125e-01   4.5776364138415143e-01   2.8520186212688259e-11
   2.6171875000000000e-01   4.0641295355185647e-01   4.0641295358060936e-01   2.8752888958649692e-11
   2.6953125000000000e-01   3.5735607679994535e-01   3.5735607682751142e-01   2.7566060545325399e-11
   2.7734375000000000e-01   3.1018019043058837e-01   3.1018019045574408e-01   2.5155710847712953e-11
   2.8515625000000000e-01   2.6475650700428466e-01   2.6475650702616826e-01   2.1883606038386461e-11
   2.9296875000000000e-01   2.2127769951892509e-01   2.2127769953696577e-01   1.8040680060948944e-11
   3.0078125000000000e-01   1.8026298666024732e-01   1.8026298667427143e-01   1.4024115202460052e-11
   3.0859375000000000e-01   1.4253003726714839e-01   1.4253003727744090e-01   1.0292516838816823e-11
   3.1640625000000000e-01   1.0913642561503782e-01   1.0913642562224816e-01   7.2103434334280792e-12
   3.2421875000000000e-01   8.1296707367888091e-02   8.1296707372921800e-02   5.0337095602870363e-12
   3.3203125000000000e-01   6.0283855575711393e-02   6.0283855579692645e-02   3.9812528274119074e-12
   3.3984375000000000e-01   4.7325438679373048e-02   4.7325438683554120e-02   4.1810721551627239e-12
   3.4765625000000000e-01   4.3505313926176258e-02   4.3505313931874179e-02   5.6979213014507479e-12
   3.5546875000000000e-01   4.9680695925027558e-02   4.9680695933540471e-02   8.5129125970695441e-12
   3.6328125000000000e-01   6.6422367770941376e-02   6.6422367783435174e-02   1.2493797663104544e-11
   3.7109375000000000e-01   9.3982820343874868e-02   9.3982820361351582e-02   1.7476714520014980e-11
   3.7890625000000000e-01   1.3229364254884893e-01   1.3229364257208345e-01   2.3234525414750351e-11
   3.8671875000000000e-01   1.8099000795389819e-01   1.8099000798344411e-01   2.9545921265139441e-11
   3.9453125000000000e-01   2.3945706672805836e-01   2.3945706676419487e-01   3.6136510450646142e-11
   4.0234375000000000e-01   3.0689083402031392e-01   3.0689083406299872e-01   4.2684800138914625e-11
   4.1015625000000000e-01   3.8236501595133282e-01   3.8236501600016171e-01   4.8828885379492704e-11
   4.1796875000000000e-01   4.6489522216431606e-01   4.6489522221861890e-01   5.4302840002407038e-11
   4.2578125000000000e-01   5.5349310593742895e-01   5.5349310599627444e-01   5.8845484041114560e-11
   4.3359375000000000e-01   6.4720493287997938e-01   6.4720493294218617e-01   6.2206795270469684e-11
   4.4140625000000000e-01   7.4513158868442697e-01   7.4513158874855823e-01   6.4131255861354930e-11
   4.4921875000000000e-01   8.4642972739629119e-01   8.4642972746068201e-01   6.4390826004512292e-11
   4.5703125000000000e-01   9.5029627273147976e-01   9.5029627279445561e-01   6.2975846759627530e-11
   4.6484375000000000e-01   1.0559405108315330e+00   1.0559405108914039e+00   5.9870997048960817e-11
   4.7265625000000000e-01   1.1625493409503118e+00   1.1625493410054786e+00   5.5166760049019103e-11
   4.8046875000000000e-01   1.2692517802486751e+00   1.2692517802975938e+00   4.8918646911033647e-11
   4.8828125000000000e-01   1.3750885621560707e+00   1.3750885621973836e+00   4.1312953058536550e-11
   4.9609375000000000e-01   1.4789917339891006e+00   1.4789917340216241e+00   3.2523539417184111e-11
   5.0390625000000000e-01   1.5797777283503458e+00   1.5797777283731986e+00   2.2852830738884222e-11
   5.1171875000000000e-01   1.6761556713253452e+00   1.6761556713378276e+00   1.2482459510465560e-11
   5.1953125000000000e-01   1.7667509201787552e+00   1.7667509201804865e+00   1.7312817846004691e-12
   5.2734375000000000e-01   1.8501421920773899e+00   1.8501421920680821e+00   9.3078877938523874e-12
   5.3515625000000000e-01   1.9249093079007562e+00   1.9249093078804855e+00   2.0270674028211033e-11
   5.4296875000000000e-01   1.9896876323352850e+00   1.9896876323043047e+00   3.0980329412955143e-11
   5.5078125000000000e-01   2.0432247892814894e+00   2.0432247892401776e+00   4.1311842835511925e-11
   5.5859375000000000e-01   2.0844351675011890e+00   2.0844351674502328e+00   5.0956128205825735e-11
   5.6640625000000000e-01   2.1124480646264230e+00   2.1124480645668857e+00   5.9537264007758495e-11
   5.7421875000000000e-01   2.1266459814581418e+00   2.1266459813914023e+00   6.6739502813106810e-11
   5.8203125000000000e-01   2.1266904916669351e+00   2.1266904915942715e+00   7.2663652872506646e-11
   5.8984375000000000e-01   2.1125341876070980e+00   2.1125341875300538e+00   7.7044148838467663e-11
   5.9765625000000000e-01   2.0844183538695753e+00   2.0844183537899958e+00   7.9579454137501671e-11
   6.0546875000000000e-01   2.0428571618628606e+00   2.0428571617826288e+00   8.0231821186771413e-11
   6.1328125000000000e-01   1.9886102298808253e+00   1.9886102298015249e+00   7.9300344069110906e-11
   6.2109375000000000e-01   1.9226462762631629e+00   1.9226462761863352e+00   7.6827655348665758e-11
   6.2890625000000000e-01   1.8461012360453306e+00   1.8461012359725300e+00   7.2800654393745390e-11
   6.3671875000000000e-01   1.7602345505003905e+00   1.7602345504326569e+00   6.7733596509356175e-11
   6.4453125000000000e-01   1.6663873260066735e+00   1.6663873259447013e+00   6.1972205145366388e-11
   6.5234375000000000e-01   1.5659456692414364e+00   1.5659456691855898e+00   5.5846660629299549e-11
   6.6015625000000000e-01   1.4603117482219110e+00   1.4603117481721459e+00   4.9765080945007867e-11
   6.6796875000000000e-01   1.3508840524000001e+00   1.3508840523559678e+00   4.4032333335053409e-11
   6.7578125000000000e-01   1.2390470238735745e+00   1.2390470238347848e+00   3.8789638168168494e-11
   6.8359375000000000e-01   1.1261688425291250e+00   1.1261688424949319e+00   3.4193092801615421e-11
   6.9140625000000000e-01   1.0136048402514568e+00   1.0136048402210003e+00   3.0456526189936994e-11
   6.9921875000000000e-01   9.0270297808187405e-01   9.0270297805435007e-01   2.7523983092692106e-11
   7.0703125000000000e-01   7.9480722096986078e-01   7.9480722094470491e-01   2.5155877381166647e-11
   7.1484375000000000e-01   6.9125462569898211e-01   6.9125462567580043e-01   2.3181678798778194e-11
   7.2265625000000000e-01   5.9336259186187890e-01   5.9336259184044715e-01   2.1431745267364022e-11
   7.3046875000000000e-01   5.0240399984686335e-01   5.0240399982721240e-01   1.9650947535865271e-11
   7.3828125000000000e-01   4.1956976231495413e-01   4.1956976229734066e-01   1.7613466241073183e-11
   7.4609375000000000e-01   3.4592044091719443e-01   3.4592044090215934e-01   1.5035084288683720e-11
   8.7890625000000000e-01   3.4012232261849146e-01   3.4012232267561238e-01   5.7120919105813073e-11
   8.8671875000000000e-01   3.7040478039503499e-01   3.7040478045245046e-01   5.7415461274246127e-11
   8.9453125000000000e-01   4.0386675417354106e-01   4.0386675423097224e-01   5.7431170930044573e-11
   9.0234375000000000e-01   4.4171240263167916e-01   4.4171240268882805e-01   5.7148896726033627e-11
   9.1015625000000000e-01   4.8515063077009174e-01   4.8515063082671550e-01   5.6623761235385928e-11
   9.1796875000000000e-01   5.3528230973332824e-01   5.3528230978919111e-01   5.5862869885459077e-11
   9.2578125000000000e-01   5.9299833076808184e-01   5.9299833082295339e-01   5.4871551746771274e-11
   9.3359375000000000e-01   6.5889607540374640e-01   6.5889607545729867e-01   5.3552273726609201e-11
   9.4140625000000000e-01   7.3321951283837972e-01   7.3321951289010623e-01   5.1726511962613131e-11
   9.4921875000000000e-01   8.1582549376418889e-01   8.1582549381354785e-01   4.9358961362599985e-11
   9.5703125000000000e-01   9.0617623832156358e-01   9.0617623836803840e-01   4.6474823989228753e-11
   9.6484375000000000e-01   1.0033558044756450e+00   1.0033558045187010e+00   4.3056003207198046e-11
   9.7265625000000000e-01   1.1061066763813141e+00   1.1061066764201339e+00   3.8819836234438299e-11
   9.8046875000000000e-01   1.2128816317979612e+00   1.2128816318316948e+00   3.3733682514025531e-11
   9.8828125000000000e-01   1.3219057321555734e+00   1.3219057321834087e+00   2.7835289628797000e-11
   9.9609375000000000e-01   1.4312435402306960e+00   1.4312435402518084e+00   2.1112445125481827e-11
   7.5390625000000000e-01   2.8233074773848932e-01   2.8233074772666694e-01   1.1822376411174673e-11
   7.6171875000000000e-01   2.2943264104522282e-01   2.2943264103732977e-01   7.8930473268457035e-12
   7.6953125000000000e-01   1.8756402323755844e-01   1.8756402323432175e-01   3.2366886948409501e-12
   7.7734375000000000e-01   1.5673049750133483e-01   1.5673049750342755e-01   2.0927148902671888e-12
   7.8515625000000000e-01   1.3658708301049532e-01   1.3658708301848457e-01   7.9892481519294734e-12
   7.9296875000000000e-01   1.2644520755852948e-01   1.2644520757276878e-01   1.4239304180208023e-11
   8.0078125000000000e-01   1.2530782314389427e-01   1.2530782316452657e-01   2.0632301422907062e-11
   8.0859375000000000e-01   1.3193239840071536e-01   1.3193239842765964e-01   2.6944280140384080e-11
   8.1640625000000000e-01   1.4491821548352701e-01   1.4491821551649878e-01   3.2971764207800902e-11
   8.2421875000000000e-01   1.6281127888467745e-01   1.6281127892316055e-01   3.8483105591069489e-11
   8.3203125000000000e-01   1.8421766333458897e-01   1.8421766337793555e-01   4.3346576328318065e-11
   8.3984375000000000e-01   2.0791464793079437e-01   2.0791464797827255e-01   4.7478188047733738e-11
   8.4765625000000000e-01   2.3294873475194891e-01   2.3294873480278119e-01   5.0832282827428799e-11
   8.5546875000000000e-01   2.5871069602270186e-01   2.5871069607609326e-01   5.3391402410341016e-11
   8.6328125000000000e-01   2.8498001904704640e-01   2.8498001910227094e-01   5.5224547157450843e-11
   8.7109375000000000e-01   3.1193424455590690e-01   3.1193424461234470e-01   5.6437798878761214e-11
