#                  Coord.                Numerical               Analytical                    Error
   3.9062500000000000e-03   6.5750922890728014e-01   6.5750922887342378e-01   3.3856362158246611e-11
   1.1718750000000000e-02   7.2844288356519005e-01   7.2844288352644249e-01   3.8747560715535201e-11
   1.9531250000000000e-02   8.0988821946867107e-01   8.0988821942518263e-01   4.3488435075289544e-11
   2.7343750000000000e-02   9.0099780183013034e-01   9.0099780178227162e-01   4.7858716989424011e-11
   3.5156250000000000e-02   1.0004592026279111e+00   1.0004592025763042e+00   5.1606940942861002e-11
   4.2968750000000000e-02   1.1064602751436308e+00   1.1064602750892381e+00   5.4392712556250444e-11
   5.0781250000000000e-02   1.2166903902519750e+00   1.2166903901959842e+00   5.5990767577895895e-11
   5.8593750000000000e-02   1.3283814335021242e+00   1.3283814334460280e+00   5.6096238765235285e-11
   6.6406250000000000e-02   1.4383890985698911e+00   1.4383890985153371e+00   5.4553916939426017e-11
   7.4218750000000000e-02   1.5433114611263252e+00   1.5433114610750396e+00   5.1285642399534481e-11
   8.2031250000000000e-02   1.6396382999802401e+00   1.6396382999339512e+00   4.6288972654906502e-11
   8.9843750000000000e-02   1.7239215037662998e+00   1.7239215037267115e+00   3.9588332612083832e-11
   9.7656250000000000e-02   1.7929545077108091e+00   1.7929545076794537e+00   3.1355362750673521e-11
   1.0546875000000000e-01   1.8439473398315041e+00   1.8439473398096426e+00   2.1861401577893957e-11
   1.1328125000000000e-01   1.8746837179775537e+00   1.8746837179660212e+00   1.1532552690596276e-11
   1.2109375000000000e-01   1.8836477985673532e+00   1.8836477985666600e+00   6.9322325657594774e-13
   1.2890625000000000e-01   1.8701105583397226e+00   1.8701105583501216e+00   1.0399014982453991e-11
   1.3671875000000000e-01   1.8341691704701260e+00   1.8341691704914314e+00   2.1305401887161679e-11
   1.4453125000000000e-01   1.7767367717906646e+00   1.7767367718220233e+00   3.1358693419747397e-11
   1.5234375000000000e-01   1.6994842822094449e+00   1.6994842822495781e+00   4.0133230072569859e-11
   1.6015625000000000e-01   1.6047399757159542e+00   1.6047399757634115e+00   4.7457371366022016e-11
   1.6796875000000000e-01   1.4953558892617043e+00   1.4953558893149326e+00   5.3228310648023580e-11
   1.7578125000000000e-01   1.3745525500727722e+00   1.3745525501298670e+00   5.7094773353583150e-11
   1.8359375000000000e-01   1.2457546883675195e+00   1.2457546884265160e+00   5.8996585394766043e-11
   1.9140625000000000e-01   1.1124305151264073e+00   1.1124305151853766e+00   5.8969273908360265e-11
   1.9921875000000000e-01   9.7794586847181919e-01   9.7794586852922094e-01   5.7401750019892006e-11
   2.0703125000000000e-01   8.4544228358147711e-01   8.4544228363590079e-01   5.4423687778637486e-11
   2.1484375000000000e-01   7.1774513057838751e-01   7.1774513062875411e-01   5.0366599779749777e-11
   2.2265625000000000e-01   5.9730475045952414e-01   5.9730475050502463e-01   4.5500492262817716e-11
   2.3046875000000000e-01   4.8617035635442907e-01   4.8617035639458328e-01   4.0154213287735274e-11
   2.3828125000000000e-01   3.8599366502558580e-01   3.8599366506016503e-01   3.4579228369580051e-11
   2.4609375000000000e-01   2.9805701101356397e-01   2.9805701104253540e-01   2.8971436361047154e-11
   2.5390625000000000e-01   2.2331920635278685e-01   2.2331920637624209e-01   2.3455237752045832e-11
   2.6171875000000000e-01   1.6247167853997263e-01   1.6247167855807823e-01   1.8105600352313900e-11
   2.6953125000000000e-01   1.1599740132188049e-01   1.1599740133468284e-01   1.2802342519435683e-11
   2.7734375000000000e-01   8.4225720071960608e-02   8.4225720079438612e-02   7.4780043268773966e-12
   2.8515625000000000e-01   6.7377227445413551e-02   6.7377227447450783e-02   2.0372314946115466e-12
   2.9296875000000000e-01   6.5594221682657938e-02   6.5594221679041859e-02   3.6160796579309817e-12
   3.0078125000000000e-01   7.8953850216619367e-02   7.8953850207060194e-02   9.5591728976884838e-12
   3.0859375000000000e-01   1.0746270160716888e-01   1.0746270159133907e-01   1.5829809685286023e-11
   3.1640625000000000e-01   1.5103328214318593e-01   1.5103328212072872e-01   2.2457202764059048e-11
   3.2421875000000000e-01   2.0944444115743069e-01   2.0944444112813457e-01   2.9296121084598781e-11
   3.3203125000000000e-01   2.8228933816039076e-01   2.8228933812419371e-01   3.6197045361063829e-11
   3.3984375000000000e-01   3.6891591400854368e-01   3.6891591396554230e-01   4.3001380234386488e-11
   3.4765625000000000e-01   4.6836595790032681e-01   4.6836595785076596e-01   4.9560855419628069e-11
   3.5546875000000000e-01   5.7931965171774502e-01   5.7931965166218591e-01   5.5559112865921634e-11
   3.6328125000000000e-01   7.0005280912598311e-01   7.0005280906522016e-01   6.0762950226944668e-11
   3.7109375000000000e-01   8.2841379773042989e-01   8.2841379766554446e-01   6.4885430361982799e-11
   3.7890625000000000e-01   9.6182625340564976e-01   9.6182625333791272e-01   6.7737038200732513e-11
   3.8671875000000000e-01   1.0973221334278953e+00   1.0973221333587846e+00   6.9110717149101220e-11
   3.9453125000000000e-01   1.2316074504268051e+00   1.2316074503580992e+00   6.8705929834322887e-11
   4.0234375000000000e-01   1.3611603116836217e+00   1.3611603116172688e+00   6.6352923155932331e-11
   4.1015625000000000e-01   1.4823578756353162e+00   1.4823578755732940e+00   6.2022165181474520e-11
   4.1796875000000000e-01   1.5916258203404019e+00   1.5916258202847846e+00   5.5617288552411992e-11
   4.2578125000000000e-01   1.6856012303331245e+00   1.6856012302860195e+00   4.7104986578005992e-11
   4.3359375000000000e-01   1.7612977822288407e+00   1.7612977821922420e+00   3.6598724051373210e-11
   4.4140625000000000e-01   1.8162610317893859e+00   1.8162610317650096e+00   2.4376278773274862e-11
   4.4921875000000000e-01   1.8487016694343108e+00   1.8487016694235443e+00   1.0766498803604918e-11
   4.5703125000000000e-01   1.8575958833543762e+00   1.8575958833581723e+00   3.7960745657983352e-12
   4.6484375000000000e-01   1.8427443699408299e+00   1.8427443699595845e+00   1.8754553465782919e-11
   4.7265625000000000e-01   1.8047848383274381e+00   1.8047848383610268e+00   3.3588687387009486e-11
   4.8046875000000000e-01   1.7451567298616135e+00   1.7451567299093755e+00   4.7762016563979159e-11
   4.8828125000000000e-01   1.6660208998063692e+00   1.6660208998670298e+00   6.0660587664074228e-11
   4.9609375000000000e-01   1.5701407527084534e+00   1.5701407527804088e+00   7.1955330582795796e-11
   5.0390625000000000e-01   1.4607343870846996e+00   1.4607343871660015e+00   8.1301854137905138e-11
   5.1171875000000000e-01   1.3413093805989795e+00   1.3413093806873846e+00   8.8405061049456890e-11
   5.1953125000000000e-01   1.2154927511886173e+00   1.2154927512817093e+00   9.3091978570214451e-11
   5.2734375000000000e-01   1.0868683243278192e+00   1.0868683244232480e+00   9.5428775992445480e-11
   5.3515625000000000e-01   9.5883232423225051e-01   9.5883232432781562e-01   9.5565111379869450e-11
   5.4296875000000000e-01   8.3447570743577026e-01   8.3447570752930111e-01   9.3530849731848775e-11
   5.5078125000000000e-01   7.1649887083275843e-01   7.1649887092234366e-01   8.9585228124633431e-11
   5.5859375000000000e-01   6.0716122754491730e-01   6.0716122762882774e-01   8.3910434156564406e-11
   5.6640625000000000e-01   5.0826507681524946e-01   5.0826507689193900e-01   7.6689543604402388e-11
   5.7421875000000000e-01   4.2117047406186081e-01   4.2117047412995401e-01   6.8093197747032264e-11
   5.8203125000000000e-01   3.4683563573789328e-01   3.4683563579625237e-01   5.8359095334026279e-11
   5.8984375000000000e-01   2.8587590739037128e-01   2.8587590743801272e-01   4.7641446343504867e-11
   5.9765625000000000e-01   2.3863351744115949e-01   2.3863351747731715e-01   3.6157660199265251e-11
   6.0546875000000000e-01   2.0525020189749935e-01   2.0525020192163393e-01   2.4134583220813965e-11
   6.1328125000000000e-01   1.8573523866038549e-01   1.8573523867213726e-01   1.1751766226808513e-11
   6.2109375000000000e-01   1.8002237291414394e-01   1.8002237291333423e-01   8.0971340743474229e-13
   6.2890625000000000e-01   1.8801044099214795e-01   1.8801044097876562e-01   1.3382323027499865e-11
   6.3671875000000000e-01   2.0958411001141516e-01   2.0958410998570831e-01   2.5706853312712497e-11
   6.4453125000000000e-01   2.4461295623662169e-01   2.4461295619897133e-01   3.7650355055873774e-11
   6.5234375000000000e-01   2.9292902546523614e-01   2.9292902541617499e-01   4.9061144036244286e-11
   6.6015625000000000e-01   3.5428497089473870e-01   3.5428497083498439e-01   5.9754312609072713e-11
   6.6796875000000000e-01   4.2829675322032740e-01   4.2829675315080407e-01   6.9523331536203159e-11
   6.7578125000000000e-01   5.1437660003029595e-01   5.1437659995206331e-01   7.8232642586328893e-11
   6.8359375000000000e-01   6.1166332218512420e-01   6.1166332209937846e-01   8.5745743838572253e-11
   6.9140625000000000e-01   7.1895802552013821e-01   7.1895802542835763e-01   9.1780583133527216e-11
   6.9921875000000000e-01   8.3467359088776027e-01   8.3467359079162473e-01   9.6135543969921855e-11
   7.0703125000000000e-01   9.5680590318920899e-01   9.5680590309053382e-01   9.8675179138751901e-11
   7.1484375000000000e-01   1.0829336204640292e+00   1.0829336203648365e+00   9.9192654090529686e-11
   7.2265625000000000e-01   1.2102512922467956e+00   1.2102512921492188e+00   9.7576835500490233e-11
   7.3046875000000000e-01   1.3356379594578665e+00   1.3356379593641152e+00   9.3751229002236869e-11
   7.3828125000000000e-01   1.4557601908326536e+00   1.4557601907447542e+00   8.7899465484042594e-11
   7.4609375000000000e-01   1.5672051160103107e+00   1.5672051159303271e+00   7.9983575318465228e-11
   8.7890625000000000e-01   9.7123234482730270e-01   9.7123234487747223e-01   5.0169535192878811e-11
   8.8671875000000000e-01   8.7479999321574753e-01   8.7479999326004432e-01   4.4296788459519121e-11
   8.9453125000000000e-01   7.8705688259413009e-01   7.8705688263181395e-01   3.7683856035641838e-11
   9.0234375000000000e-01   7.0910527231071541e-01   7.0910527234153475e-01   3.0819347074384495e-11
   9.1015625000000000e-01   6.4161728752214686e-01   6.4161728754620773e-01   2.4060864411978855e-11
   9.1796875000000000e-01   5.8490943110650362e-01   5.8490943112411509e-01   1.7611467839628858e-11
   9.2578125000000000e-01   5.3903362560739876e-01   5.3903362561894930e-01   1.1550538303595204e-11
   9.3359375000000000e-01   5.0387476328179204e-01   5.0387476328776604e-01   5.9739990732055048e-12
   9.4140625000000000e-01   4.7924482616677433e-01   4.7924482616772934e-01   9.5501384578255966e-13
   9.4921875000000000e-01   4.6496449605501416e-01   4.6496449605147894e-01   3.5352276661626547e-12
   9.5703125000000000e-01   4.6092468488812810e-01   4.6092468488044169e-01   7.6864070663873463e-12
   9.6484375000000000e-01   4.6712243265527781e-01   4.6712243264354025e-01   1.1737555372093311e-11
   9.7265625000000000e-01   4.8366798454861137e-01   4.8366798453275234e-01   1.5859036306409280e-11
   9.8046875000000000e-01   5.1076241179749426e-01   5.1076241177738635e-01   2.0107915332800985e-11
   9.8828125000000000e-01   5.4864772309379894e-01   5.4864772306928100e-01   2.4517943231217032e-11
   9.9609375000000000e-01   5.9753387022093851e-01   5.9753387019187132e-01   2.9067193096921073e-11
   7.5390625000000000e-01   1.6666357483267054e+00   1.6666357482565188e+00   7.0186523259962996e-11
   7.6171875000000000e-01   1.7509581206033618e+00   1.7509581205446842e+00   5.8677507297488773e-11
   7.6953125000000000e-01   1.8174878311999831e+00   1.8174878311540907e+00   4.5892400990510396e-11
   7.7734375000000000e-01   1.8641027897601519e+00   1.8641027897279492e+00   3.2202684963067441e-11
   7.8515625000000000e-01   1.8893694222410871e+00   1.8893694222231039e+00   1.7983170508273361e-11
   7.9296875000000000e-01   1.8926313589996180e+00   1.8926313589958059e+00   3.8120617773529375e-12
   8.0078125000000000e-01   1.8740525500019130e+00   1.8740525500117247e+00   9.8117070024272834e-12
   8.0859375000000000e-01   1.8346105472879763e+00   1.8346105473104939e+00   2.2517543385447425e-11
   8.1640625000000000e-01   1.7760399759838426e+00   1.7760399760178365e+00   3.3993918790997668e-11
   8.2421875000000000e-01   1.7007305287478760e+00   1.7007305287916128e+00   4.3736791965898192e-11
   8.3203125000000000e-01   1.6115877072541855e+00   1.6115877073054603e+00   5.1274762213893155e-11
   8.3984375000000000e-01   1.5118675938839186e+00   1.5118675939404358e+00   5.6517235336173144e-11
   8.4765625000000000e-01   1.4049988653611831e+00   1.4049988654205503e+00   5.9367177840385921e-11
   8.5546875000000000e-01   1.2944058921776480e+00   1.2944058922375690e+00   5.9920957085068949e-11
   8.6328125000000000e-01   1.1833460884192035e+00   1.1833460884775029e+00   5.8299365335301445e-11
   8.7109375000000000e-01   1.0747728151446114e+00   1.0747728151995659e+00   5.4954485406710774e-11
