#                  Coord.                Numerical               Analytical                    Error
   3.9062500000000000e-03  -5.7346869141349222e-01  -5.7346869142030188e-01   6.8096639438408602e-12
   1.1718750000000000e-02  -6.1273687120178311e-01  -6.1273687120427633e-01   2.4932278464007140e-12
   1.9531250000000000e-02  -6.4450579657251894e-01  -6.4450579657068741e-01   1.8315349237241207e-12
   2.7343750000000000e-02  -6.6882584677223822e-01  -6.6882584676630830e-01   5.9299232191278861e-12
   3.5156250000000000e-02  -6.8599597680527569e-01  -6.8599597679569935e-01   9.5763397212067503e-12
   4.2968750000000000e-02  -6.9654192122387204e-01  -6.9654192121124203e-01   1.2630008150438243e-11
   5.0781250000000000e-02  -7.0118533312882891e-01  -7.0118533311380471e-01   1.5024204103042393e-11
   5.8593750000000000e-02  -7.0080518048266183e-01  -7.0080518046601759e-01   1.6644241540575422e-11
   6.6406250000000000e-02  -6.9639308632842134e-01  -6.9639308631104102e-01   1.7380319405901901e-11
   7.4218750000000000e-02  -6.8900459389276814e-01  -6.8900459387548418e-01   1.7283952047364437e-11
   8.2031250000000000e-02  -6.7970854517137314e-01  -6.7970854515497825e-01   1.6394885449244612e-11
   8.9843750000000000e-02  -6.6953686926631861e-01  -6.6953686925160238e-01   1.4716228236011375e-11
   9.7656250000000000e-02  -6.5943707568181609e-01  -6.5943707566944043e-01   1.2375656055496620e-11
   1.0546875000000000e-01  -6.5022963438499848e-01  -6.5022963437546688e-01   9.5315977333143564e-12
   1.1328125000000000e-01  -6.4257220084450672e-01  -6.4257220083815403e-01   6.3526961469051457e-12
   1.2109375000000000e-01  -6.3693231863251121e-01  -6.3693231862951660e-01   2.9946045643214347e-12
   1.2890625000000000e-01  -6.3356981863261674e-01  -6.3356981863299566e-01   3.7891911830456593e-13
   1.3671875000000000e-01  -6.3252965205375933e-01  -6.3252965205732614e-01   3.5668135112132404e-12
   1.4453125000000000e-01  -6.3364536858752640e-01  -6.3364536859397314e-01   6.4467320370908965e-12
   1.5234375000000000e-01  -6.3655290889485350e-01  -6.3655290890380378e-01   8.9502849576206245e-12
   1.6015625000000000e-01  -6.4071385183326346e-01  -6.4071385184416296e-01   1.0899503521955012e-11
   1.6796875000000000e-01  -6.4544677130095507e-01  -6.4544677131316841e-01   1.2213341449296422e-11
   1.7578125000000000e-01  -6.4996494348793055e-01  -6.4996494350084344e-01   1.2912892977112733e-11
   1.8359375000000000e-01  -6.5341832740235584e-01  -6.5341832741537387e-01   1.3018031097544736e-11
   1.9140625000000000e-01  -6.5493753932827270e-01  -6.5493753934079091e-01   1.2518208691858490e-11
   1.9921875000000000e-01  -6.5367746832624574e-01  -6.5367746833768825e-01   1.1442513603299176e-11
   2.0703125000000000e-01  -6.4885824036157802e-01  -6.4885824037149997e-01   9.9219521487725615e-12
   2.1484375000000000e-01  -6.3980143032908476e-01  -6.3980143033711490e-01   8.0301321148112947e-12
   2.2265625000000000e-01  -6.2595973315188391e-01  -6.2595973315773334e-01   5.8494320498425623e-12
   2.3046875000000000e-01  -6.0693871862823201e-01  -6.0693871863171478e-01   3.4827696282491161e-12
   2.3828125000000000e-01  -5.8250978454513314e-01  -5.8250978454618418e-01   1.0510481374126357e-12
   2.4609375000000000e-01  -5.5261395845699846e-01  -5.5261395845568928e-01   1.3091749906379846e-12
   2.5390625000000000e-01  -5.1735674695512290e-01  -5.1735674695161993e-01   3.5029756872972939e-12
   2.6171875000000000e-01  -4.7699475773135280e-01  -4.7699475772591704e-01   5.4357629508672289e-12
   2.6953125000000000e-01  -4.3191529103950882e-01  -4.3191529103243281e-01   7.0760064474484352e-12
   2.7734375000000000e-01  -3.8261048356561617e-01  -3.8261048355720867e-01   8.4074969208813854e-12
   2.8515625000000000e-01  -3.2964786508203464e-01  -3.2964786507259441e-01   9.4402263783877061e-12
   2.9296875000000000e-01  -2.7363933969824678e-01  -2.7363933968807996e-01   1.0166811836853640e-11
   3.0078125000000000e-01  -2.1521062065176180e-01  -2.1521062064115160e-01   1.0610207157313312e-11
   3.0859375000000000e-01  -1.5497303118083508e-01  -1.5497303116995642e-01   1.0878659084667675e-11
   3.1640625000000000e-01  -9.3499344030700940e-02  -9.3499344019651043e-02   1.1049897108428297e-11
   3.2421875000000000e-01  -3.1304987032276264e-02  -3.1304987021101710e-02   1.1174554337411990e-11
   3.3203125000000000e-01   3.1164482336712013e-02   3.1164482348030684e-02   1.1318671694349192e-11
   3.3984375000000000e-01   9.3539203328485324e-02   9.3539203340066546e-02   1.1581222092438281e-11
   3.4765625000000000e-01   1.5552419603094841e-01   1.5552419604295684e-01   1.2008422034526234e-11
   3.5546875000000000e-01   2.1689242602617020e-01   2.1689242603879491e-01   1.2624706835495658e-11
   3.6328125000000000e-01   2.7747268472588793e-01   2.7747268473932046e-01   1.3432532863788538e-11
   3.7109375000000000e-01   3.3713355064026534e-01   3.3713355065469786e-01   1.4432510742068416e-11
   3.7890625000000000e-01   3.9576492296561705e-01   3.9576492298120436e-01   1.5587309221132273e-11
   3.8671875000000000e-01   4.5325872741177303e-01   4.5325872742861900e-01   1.6845969064149813e-11
   3.9453125000000000e-01   5.0949038076634789e-01   5.0949038078448472e-01   1.8136825374881482e-11
   4.0234375000000000e-01   5.6430247042531356e-01   5.6430247044466342e-01   1.9349855051586928e-11
   4.1015625000000000e-01   6.1749187207909395e-01   6.1749187209950640e-01   2.0412449508455666e-11
   4.1796875000000000e-01   6.6880121470539178e-01   6.6880121472662546e-01   2.1233681479770894e-11
   4.2578125000000000e-01   7.1791523457380457e-01   7.1791523459553375e-01   2.1729174015661101e-11
   4.3359375000000000e-01   7.6446217015514917e-01   7.6446217017698936e-01   2.1840196318123617e-11
   4.4140625000000000e-01   8.0801996950287192e-01   8.0801996952434429e-01   2.1472379430065303e-11
   4.4921875000000000e-01   8.4812674081497375e-01   8.4812674083558071e-01   2.0606960582369993e-11
   4.5703125000000000e-01   8.8429460110336711e-01   8.8429460112262626e-01   1.9259149830475053e-11
   4.6484375000000000e-01   9.1602588634519388e-01   9.1602588636265847e-01   1.7464585333470950e-11
   4.7265625000000000e-01   9.4283059037224115e-01   9.4283059038745720e-01   1.5216050641697620e-11
   4.8046875000000000e-01   9.6424390155913797e-01   9.6424390157170370e-01   1.2565726237312447e-11
   4.8828125000000000e-01   9.7984279990131895e-01   9.7984279991089018e-01   9.5712326952934745e-12
   4.9609375000000000e-01   9.8926084825719462e-01   9.8926084826349503e-01   6.3004046424453009e-12
   5.0390625000000000e-01   9.9220053993858182e-01   9.9220053994138346e-01   2.8016478026415825e-12
   5.1171875000000000e-01   9.8844282576083908e-01   9.8844282575995190e-01   8.8717921897796259e-13
   5.1953125000000000e-01   9.7785371055220394e-01   9.7785371054747583e-01   4.7281067949711542e-12
   5.2734375000000000e-01   9.6038805612501255e-01   9.6038805611635347e-01   8.6590734582614459e-12
   5.3515625000000000e-01   9.3609093212497185e-01   9.3609093211233074e-01   1.2641110380684495e-11
   5.4296875000000000e-01   9.0509700052131570e-01   9.0509700050470787e-01   1.6607826225367717e-11
   5.5078125000000000e-01   8.6762849305415679e-01   8.6762849303363310e-01   2.0523693855523106e-11
   5.5859375000000000e-01   8.2399234057957704e-01   8.2399234055520243e-01   2.4374613438737924e-11
   5.6640625000000000e-01   7.7457694347315287e-01   7.7457694344505412e-01   2.8098745552540549e-11
   5.7421875000000000e-01   7.1984894456536153e-01   7.1984894453373438e-01   3.1627145347101759e-11
   5.8203125000000000e-01   6.6035019759353997e-01   6.6035019755862501e-01   3.4914959812226698e-11
   5.8984375000000000e-01   5.9669493568562804e-01   5.9669493564775788e-01   3.7870151459173940e-11
   5.9765625000000000e-01   5.2956695826064371e-01   5.2956695822022648e-01   4.0417225122268974e-11
   6.0546875000000000e-01   4.5971649244514523e-01   4.5971649240268581e-01   4.2459424864915718e-11
   6.1328125000000000e-01   3.8795626519344861e-01   3.8795626514951903e-01   4.3929582194124350e-11
   6.2109375000000000e-01   3.1515625851308654e-01   3.1515625846827888e-01   4.4807657584300387e-11
   6.2890625000000000e-01   2.4223662025109352e-01   2.4223662020605372e-01   4.5039805218749507e-11
   6.3671875000000000e-01   1.7015826787017579e-01   1.7015826782563595e-01   4.4539844035185183e-11
   6.4453125000000000e-01   9.9910847076430054e-02   9.9910847033093095e-02   4.3336959021367250e-11
   6.5234375000000000e-01   3.2497879821862891e-02   3.2497879780435134e-02   4.1427757058176695e-11
   6.6015625000000000e-01  -3.1080858576146893e-02  -3.1080858614931782e-02   3.8784888495291270e-11
   6.6796875000000000e-01  -8.9849474066966473e-02  -8.9849474102445745e-02   3.5479272297855857e-11
   6.7578125000000000e-01  -1.4287812672736461e-01  -1.4287812675895448e-01   3.1589869609049970e-11
   6.8359375000000000e-01  -1.8930657697258821e-01  -1.8930657699978684e-01   2.7198632235325704e-11
   6.9140625000000000e-01  -2.2836828714584367e-01  -2.2836828716819815e-01   2.2354479378705605e-11
   6.9921875000000000e-01  -2.5941415679046548e-01  -2.5941415680754998e-01   1.7084500480990528e-11
   7.0703125000000000e-01  -2.8193492177976015e-01  -2.8193492179128543e-01   1.1525280729784981e-11
   7.1484375000000000e-01  -2.9558125607447172e-01  -2.9558125608025881e-01   5.7870930270098597e-12
   7.2265625000000000e-01  -3.0018067658914094e-01  -3.0018067658909886e-01   4.2077452633293433e-14
   7.3046875000000000e-01  -2.9575045896993429e-01  -2.9575045896406510e-01   5.8691940196808901e-12
   7.3828125000000000e-01  -2.8250591479385839e-01  -2.8250591478227827e-01   1.1580125747201464e-11
   7.4609375000000000e-01  -2.6086354722669536e-01  -2.6086354720961719e-01   1.7078172209750164e-11
   8.7890625000000000e-01   3.2583730473758499e-01   3.2583730474342881e-01   5.8438254235682052e-12
   8.8671875000000000e-01   3.0562919289679391e-01   3.0562919289700330e-01   2.0938806244430452e-13
   8.9453125000000000e-01   2.7560243074542967e-01   2.7560243074021018e-01   5.2194915056702484e-12
   9.0234375000000000e-01   2.3628479499583976e-01   2.3628479498562133e-01   1.0218437207498710e-11
   9.1015625000000000e-01   1.8845194321548264e-01   1.8845194320082020e-01   1.4662437930468286e-11
   9.1796875000000000e-01   1.3310574836480249e-01   1.3310574834637337e-01   1.8429119341689670e-11
   9.2578125000000000e-01   7.1444843205111713e-02   7.1444843183693402e-02   2.1418311568766057e-11
   9.3359375000000000e-01   4.8281575880335780e-03   4.8281575644617452e-03   2.3571832853674923e-11
   9.4140625000000000e-01  -6.5267450853167264e-02  -6.5267450878037356e-02   2.4870092096840324e-11
   9.4921875000000000e-01  -1.3729408432491397e-01  -1.3729408435018614e-01   2.5272173242996132e-11
   9.5703125000000000e-01  -2.0968258089860514e-01  -2.0968258092337513e-01   2.4769991613382558e-11
   9.6484375000000000e-01  -2.8089336814584004e-01  -2.8089336816925836e-01   2.3418322836477046e-11
   9.7265625000000000e-01  -3.4946647532922392e-01  -3.4946647535050041e-01   2.1276480577370194e-11
   9.8046875000000000e-01  -4.1406875792555131e-01  -4.1406875794396208e-01   1.8410772906207740e-11
   9.8828125000000000e-01  -4.7353644674752804e-01  -4.7353644676247864e-01   1.4950596316509746e-11
   9.9609375000000000e-01  -5.2691127849226305e-01  -5.2691127850327413e-01   1.1011080935929840e-11
   7.5390625000000000e-01  -2.3143878098622994e-01  -2.3143878096389278e-01   2.2337159899521453e-11
   7.6171875000000000e-01  -1.9503814324926402e-01  -1.9503814322211563e-01   2.7148394643461415e-11
   7.6953125000000000e-01  -1.5264594675308726e-01  -1.5264594672171830e-01   3.1368962982725179e-11
   7.7734375000000000e-01  -1.0540568925113770e-01  -1.0540568921618854e-01   3.4949168559172961e-11
   7.8515625000000000e-01  -5.4596531879376083e-02  -5.4596531841558903e-02   3.7817179943111512e-11
   7.9296875000000000e-01  -1.6053524306108694e-03  -1.6053523908241565e-03   3.9786712986711326e-11
   8.0078125000000000e-01   5.2105010729309745e-02   5.2105010770132243e-02   4.0822498159620579e-11
   8.0859375000000000e-01   1.0503060026986638e-01   1.0503060031081171e-01   4.0945330459507545e-11
   8.1640625000000000e-01   1.5566344480495736e-01   1.5566344484507152e-01   4.0114161992121922e-11
   8.2421875000000000e-01   2.0253001528286946e-01   2.0253001532113193e-01   3.8262476520500854e-11
   8.3203125000000000e-01   2.4423004098994608e-01   2.4423004102540008e-01   3.5454000846257827e-11
   8.3984375000000000e-01   2.7947462557235758e-01   2.7947462560418218e-01   3.1824598512031343e-11
   8.4765625000000000e-01   3.0712255284490303e-01   3.0712255287241985e-01   2.7516822154183274e-11
   8.5546875000000000e-01   3.2621364500750855e-01   3.2621364503008737e-01   2.2578827696406734e-11
   8.6328125000000000e-01   3.3599803954396118e-01   3.3599803956112945e-01   1.7168266808198496e-11
   8.7109375000000000e-01   3.3596029284376666e-01   3.3596029285529821e-01   1.1531553489874113e-11
