#                  Coord.                Numerical               Analytical                    Error
   3.9062500000000000e-03   2.4898413207985556e-01   2.4898413208004397e-01   1.8840484727888906e-13
   1.1718750000000000e-02   2.7475346292182551e-01   2.7475346292186026e-01   3.4749980670767400e-14
   1.9531250000000000e-02   2.9229670331391872e-01   2.9229670331380592e-01   1.1279865930191590e-13
   2.7343750000000000e-02   3.0110184679866381e-01   3.0110184679841467e-01   2.4913404672588513e-13
   3.5156250000000000e-02   3.0085900888631356e-01   3.0085900888594691e-01   3.6665115388245795e-13
   4.2968750000000000e-02   2.9145988123523686e-01   2.9145988123473987e-01   4.9699133697345133e-13
   5.0781250000000000e-02   2.7299192149801027e-01   2.7299192149739882e-01   6.1145533081230496e-13
   5.8593750000000000e-02   2.4572765881717695e-01   2.4572765881650938e-01   6.6757710470710663e-13
   6.6406250000000000e-02   2.1010966226555616e-01   2.1010966226486827e-01   6.8789418605774699e-13
   7.4218750000000000e-02   1.6673187204561135e-01   1.6673187204492471e-01   6.8664518515504369e-13
   8.2031250000000000e-02   1.1631811998221520e-01   1.1631811998154180e-01   6.7339189779858089e-13
   8.9843750000000000e-02   5.9698755902624530e-02   5.9698755901983355e-02   6.4117461340273962e-13
   9.7656250000000000e-02  -2.2136594680075678e-03  -2.2136594686144682e-03   6.0690038064525886e-13
   1.0546875000000000e-01  -6.8448643009458784e-02  -6.8448643010004862e-02   5.4607707244969106e-13
   1.1328125000000000e-01  -1.3800117075599097e-01  -1.3800117075646984e-01   4.7886694609644564e-13
   1.2109375000000000e-01  -2.0985338099320680e-01  -2.0985338099365652e-01   4.4972359170003529e-13
   1.2890625000000000e-01  -2.8299399033044681e-01  -2.8299399033087635e-01   4.2954528822747307e-13
   1.3671875000000000e-01  -3.5643501146012618e-01  -3.5643501146052353e-01   3.9734882051334353e-13
   1.4453125000000000e-01  -4.2922557739689698e-01  -4.2922557739727707e-01   3.8008485248042234e-13
   1.5234375000000000e-01  -5.0046289381360187e-01  -5.0046289381399478e-01   3.9290792841484290e-13
   1.6015625000000000e-01  -5.6930053981546735e-01  -5.6930053981586382e-01   3.9646064209364340e-13
   1.6796875000000000e-01  -6.3495450038755730e-01  -6.3495450038792889e-01   3.7159164634203989e-13
   1.7578125000000000e-01  -6.9670742607843950e-01  -6.9670742607878167e-01   3.4217073618947325e-13
   1.8359375000000000e-01  -7.5391166716059654e-01  -7.5391166716092739e-01   3.3084646133829665e-13
   1.9140625000000000e-01  -8.0599161633356708e-01  -8.0599161633387018e-01   3.0309088572266774e-13
   1.9921875000000000e-01  -8.5244581834025235e-01  -8.5244581834048860e-01   2.3625545964023331e-13
   2.0703125000000000e-01  -8.9284917549389087e-01  -8.9284917549404308e-01   1.5221157667610896e-13
   2.1484375000000000e-01  -9.2685540970441094e-01  -9.2685540970447722e-01   6.6280314570121845e-14
   2.2265625000000000e-01  -9.5419975323573536e-01  -9.5419975323572559e-01   9.7699626167013776e-15
   2.3046875000000000e-01  -9.7470165378774209e-01  -9.7470165378762885e-01   1.1324274851176597e-13
   2.3828125000000000e-01  -9.8826711663001277e-01  -9.8826711662979028e-01   2.2248869413488137e-13
   2.4609375000000000e-01  -9.9489018756174330e-01  -9.9489018756144088e-01   3.0242475190789264e-13
   2.5390625000000000e-01  -9.9465302149791013e-01  -9.9465302149754808e-01   3.6204372833026355e-13
   2.6171875000000000e-01  -9.8772399268019218e-01  -9.8772399267976674e-01   4.2543746303635999e-13
   2.6953125000000000e-01  -9.7435338695975993e-01  -9.7435338695927409e-01   4.8583359557596850e-13
   2.7734375000000000e-01  -9.5486636971620753e-01  -9.5486636971572392e-01   4.8361314952671819e-13
   2.8515625000000000e-01  -9.2965313274281014e-01  -9.2965313274236816e-01   4.4197978610327482e-13
   2.9296875000000000e-01  -8.9915637135964888e-01  -8.9915637135922633e-01   4.2255088317233458e-13
   3.0078125000000000e-01  -8.6385650581573625e-01  -8.6385650581535101e-01   3.8524738954492932e-13
   3.0859375000000000e-01  -8.2425531275538344e-01  -8.2425531275504893e-01   3.3451019731955967e-13
   3.1640625000000000e-01  -7.8085884701732455e-01  -7.8085884701706465e-01   2.5990321006474915e-13
   3.2421875000000000e-01  -7.3416068753813968e-01  -7.3416068753796149e-01   1.7819079545233762e-13
   3.3203125000000000e-01  -6.8462661460138974e-01  -6.8462661460126151e-01   1.2823075934420558e-13
   3.3984375000000000e-01  -6.3268180677118346e-01  -6.3268180677108676e-01   9.6700425444851135e-14
   3.4765625000000000e-01  -5.7870153030242222e-01  -5.7870153030236948e-01   5.2735593669694936e-14
   3.5546875000000000e-01  -5.2300608607157595e-01  -5.2300608607157062e-01   5.3290705182007514e-15
   3.6328125000000000e-01  -4.6586049212645042e-01  -4.6586049212646546e-01   1.5043521983670871e-14
   3.7109375000000000e-01  -4.0747903443807337e-01  -4.0747903443809597e-01   2.2593038551121936e-14
   3.7890625000000000e-01  -3.4803444096228675e-01  -3.4803444096232433e-01   3.7581049383561549e-14
   3.8671875000000000e-01  -2.8767105507456164e-01  -2.8767105507461560e-01   5.3956838996782608e-14
   3.9453125000000000e-01  -2.2652103544361629e-01  -2.2652103544366101e-01   4.4714232316778180e-14
   4.0234375000000000e-01  -1.6472232059651040e-01  -1.6472232059654326e-01   3.2862601528904634e-14
   4.1015625000000000e-01  -1.0243689387277183e-01  -1.0243689387282218e-01   5.0348614166750849e-14
   4.1796875000000000e-01  -3.9867787906849930e-02  -3.9867787906919340e-02   6.9409755720784005e-14
   4.2578125000000000e-01   2.2726711117036429e-02   2.2726711116952920e-02   8.3509588133523494e-14
   4.3359375000000000e-01   8.5023057909838815e-02   8.5023057909748692e-02   9.0122354023947082e-14
   4.4140625000000000e-01   1.4662778518808758e-01   1.4662778518797923e-01   1.0835776720341528e-13
   4.4921875000000000e-01   2.0707897565749697e-01   2.0707897565735978e-01   1.3719581026805372e-13
   4.5703125000000000e-01   2.6585423588037732e-01   2.6585423588022389e-01   1.5343282200319663e-13
   4.6484375000000000e-01   3.2238507024759150e-01   3.2238507024743129e-01   1.6020518245341009e-13
   4.7265625000000000e-01   3.7607707450873085e-01   3.7607707450854955e-01   1.8129941992128806e-13
   4.8046875000000000e-01   4.2633491440628235e-01   4.2633491440605159e-01   2.3075985566833879e-13
   4.8828125000000000e-01   4.7259065934863381e-01   4.7259065934836025e-01   2.7355895326763857e-13
   4.9609375000000000e-01   5.1433373329695387e-01   5.1433373329666010e-01   2.9376501231581642e-13
   5.0390625000000000e-01   5.5114054863615070e-01   5.5114054863583339e-01   3.1730174043786974e-13
   5.1171875000000000e-01   5.8270181951728350e-01   5.8270181951692634e-01   3.5715874702191286e-13
   5.1953125000000000e-01   6.0884561592848940e-01   6.0884561592808462e-01   4.0478731477833207e-13
   5.2734375000000000e-01   6.2955441622834907e-01   6.2955441622791930e-01   4.2976733283239810e-13
   5.3515625000000000e-01   6.4497473266743943e-01   6.4497473266701211e-01   4.2732484217822275e-13
   5.4296875000000000e-01   6.5541830195471074e-01   6.5541830195429118e-01   4.1955328100584666e-13
   5.5078125000000000e-01   6.6135432485439416e-01   6.6135432485397561e-01   4.1855408028368402e-13
   5.5859375000000000e-01   6.6339277387729745e-01   6.6339277387689322e-01   4.0423220326601950e-13
   5.6640625000000000e-01   6.6225933235553325e-01   6.6225933235516343e-01   3.6981528950263964e-13
   5.7421875000000000e-01   6.5876304710159983e-01   6.5876304710128730e-01   3.1252778143198157e-13
   5.8203125000000000e-01   6.5375823780967968e-01   6.5375823780944342e-01   2.3625545964023331e-13
   5.8984375000000000e-01   6.4810258063754167e-01   6.4810258063737736e-01   1.6431300764452317e-13
   5.9765625000000000e-01   6.4261354800684467e-01   6.4261354800676551e-01   7.9158901655773661e-14
   6.0546875000000000e-01   6.3802552566461956e-01   6.3802552566463122e-01   1.1657341758564144e-14
   6.1328125000000000e-01   6.3494993351106421e-01   6.3494993351114637e-01   8.2156503822261584e-14
   6.2109375000000000e-01   6.3384054897184883e-01   6.3384054897198716e-01   1.3833378886829450e-13
   6.2890625000000000e-01   6.3496597921034692e-01   6.3496597921053233e-01   1.8540724511240114e-13
   6.3671875000000000e-01   6.3839086701853309e-01   6.3839086701875114e-01   2.1804780203638074e-13
   6.4453125000000000e-01   6.4396696673937381e-01   6.4396696673961540e-01   2.4158453015843406e-13
   6.5234375000000000e-01   6.5133471762285422e-01   6.5133471762310546e-01   2.5124347047267293e-13
   6.6015625000000000e-01   6.5993540200847156e-01   6.5993540200872092e-01   2.4935609133081016e-13
   6.6796875000000000e-01   6.6903343502121559e-01   6.6903343502145007e-01   2.3447910280083306e-13
   6.7578125000000000e-01   6.7774782052293958e-01   6.7774782052314353e-01   2.0394796962364126e-13
   6.8359375000000000e-01   6.8509135172137681e-01   6.8509135172154878e-01   1.7197354651443675e-13
   6.9140625000000000e-01   6.9001575688799366e-01   6.9001575688812578e-01   1.3211653993039363e-13
   6.9921875000000000e-01   6.9146070868534104e-01   6.9146070868544662e-01   1.0558220964185239e-13
   7.0703125000000000e-01   6.8840444137974710e-01   6.8840444137981882e-01   7.1720407390785113e-14
   7.1484375000000000e-01   6.7991365924002822e-01   6.7991365924003710e-01   8.8817841970012523e-15
   7.2265625000000000e-01   6.6519047110475737e-01   6.6519047110471330e-01   4.4075854077618715e-14
   7.3046875000000000e-01   6.4361424415140445e-01   6.4361424415133273e-01   7.1720407390785113e-14
   7.3828125000000000e-01   6.1477652304583941e-01   6.1477652304573649e-01   1.0291767438275201e-13
   7.4609375000000000e-01   5.7850749353862863e-01   5.7850749353847297e-01   1.5565326805244695e-13
   8.7890625000000000e-01  -3.4450742084319769e-01  -3.4450742084255298e-01   6.4470651039982840e-13
   8.8671875000000000e-01  -3.4848615195894528e-01  -3.4848615195826116e-01   6.8411942777402146e-13
   8.9453125000000000e-01  -3.4243063589745804e-01  -3.4243063589674178e-01   7.1626038433691974e-13
   9.0234375000000000e-01  -3.2674836384502642e-01  -3.2674836384428851e-01   7.3790973331711029e-13
   9.1015625000000000e-01  -3.0209193021071862e-01  -3.0209193020995695e-01   7.6166850604408864e-13
   9.1796875000000000e-01  -2.6933746011319110e-01  -2.6933746011239990e-01   7.9120043849911781e-13
   9.2578125000000000e-01  -2.2955731008699187e-01  -2.2955731008619079e-01   8.0108142341828170e-13
   9.3359375000000000e-01  -1.8398812369381570e-01  -1.8398812369303863e-01   7.7707285051076269e-13
   9.4140625000000000e-01  -1.3399538895401797e-01  -1.3399538895325755e-01   7.6041950514138534e-13
   9.4921875000000000e-01  -8.1035665448259728e-02  -8.1035665447502625e-02   7.5710271385531769e-13
   9.5703125000000000e-01  -2.6617632433546323e-02  -2.6617632432831963e-02   7.1435912740724916e-13
   9.6484375000000000e-01   2.7736936881779046e-02   2.7736936882443056e-02   6.6401051324049831e-13
   9.7265625000000000e-01   8.0531238027505239e-02   8.0531238028112892e-02   6.0765281695296380e-13
   9.8046875000000000e-01   1.3032958177504864e-01   1.3032958177556794e-01   5.1930681976841697e-13
   9.8828125000000000e-01   1.7579076556458192e-01   1.7579076556500348e-01   4.2155168245017194e-13
   9.9609375000000000e-01   2.1569791285978152e-01   2.1569791286010243e-01   3.2090996526790150e-13
   7.5390625000000000e-01   5.3489286380385426e-01   5.3489286380364320e-01   2.1105339698124226e-13
   7.6171875000000000e-01   4.8428047201428526e-01   4.8428047201402880e-01   2.5646151868841116e-13
   7.6953125000000000e-01   4.2727638352920988e-01   4.2727638352892489e-01   2.8499425042127768e-13
   7.7734375000000000e-01   3.6473069443775818e-01   3.6473069443744310e-01   3.1508129438861943e-13
   7.8515625000000000e-01   2.9771368983585639e-01   2.9771368983551444e-01   3.4194869158454821e-13
   7.9296875000000000e-01   2.2748339668428028e-01   2.2748339668394854e-01   3.3173463975799677e-13
   8.0078125000000000e-01   1.5544590642081937e-01   1.5544590642053985e-01   2.7952640202499879e-13
   8.0859375000000000e-01   8.3110108728158646e-02   8.3110108727942889e-02   2.1575796704809136e-13
   8.1640625000000000e-01   1.2038665511447819e-02   1.2038665511303915e-02   1.4390398594965603e-13
   8.2421875000000000e-01  -5.6202842461415173e-02  -5.6202842461460074e-02   4.4901582452183675e-14
   8.3203125000000000e-01  -1.2009664633641481e-01  -1.2009664633636603e-01   4.8780424144467815e-14
   8.3984375000000000e-01  -1.7822151355018498e-01  -1.7822151355003998e-01   1.4499512701604544e-13
   8.4765625000000000e-01  -2.2929772539787519e-01  -2.2929772539761170e-01   2.6348367931916528e-13
   8.5546875000000000e-01  -2.7222677825670771e-01  -2.7222677825633262e-01   3.7508884886960914e-13
   8.6328125000000000e-01  -3.0612454438967768e-01  -3.0612454438920200e-01   4.7567505490064832e-13
   8.7109375000000000e-01  -3.3034693311822577e-01  -3.3034693311765362e-01   5.7215343574057442e-13
