#                  Coord.                Numerical               Analytical                    Error
   3.9062500000000000e-03   9.7750227320781413e-01   9.7750227325412087e-01   4.6306736223300504e-11
   1.1718750000000000e-02   9.4596040033910866e-01   9.4596040039029383e-01   5.1185167215805905e-11
   1.9531250000000000e-02   9.0924711656356438e-01   9.0924711661850099e-01   5.4936610816014309e-11
   2.7343750000000000e-02   8.6821321275948560e-01   8.6821321281713160e-01   5.7645999085309541e-11
   3.5156250000000000e-02   8.2375626361112930e-01   8.2375626367047627e-01   5.9346971781337743e-11
   4.2968750000000000e-02   7.7680305236234115e-01   7.7680305242242365e-01   6.0082494535151909e-11
   5.0781250000000000e-02   7.2829250235403553e-01   7.2829250241398691e-01   5.9951377195943678e-11
   5.8593750000000000e-02   6.7915889185226042e-01   6.7915889191123935e-01   5.8978932848674503e-11
   6.6406250000000000e-02   6.3031508773898948e-01   6.3031508779619916e-01   5.7209681436631854e-11
   7.4218750000000000e-02   5.8263555733798544e-01   5.8263555739270889e-01   5.4723447995286278e-11
   8.2031250000000000e-02   5.3693900520472182e-01   5.3693900525636540e-01   5.1643578302673632e-11
   8.9843750000000000e-02   4.9397062575446493e-01   4.9397062580242268e-01   4.7957748883220574e-11
   9.7656250000000000e-02   4.5438414958330348e-01   4.5438414962706319e-01   4.3759718071356701e-11
   1.0546875000000000e-01   4.1872407252864940e-01   4.1872407256770944e-01   3.9060032985815951e-11
   1.1328125000000000e-01   3.8740866959300335e-01   3.8740866962695353e-01   3.3950176003827437e-11
   1.2109375000000000e-01   3.6071458687382307e-01   3.6071458690235375e-01   2.8530677820270967e-11
   1.2890625000000000e-01   3.3876395026402684e-01   3.3876395028699663e-01   2.2969792734528482e-11
   1.3671875000000000e-01   3.2151500943621608e-01   3.2151500945355832e-01   1.7342238756157258e-11
   1.4453125000000000e-01   3.0875733395488469e-01   3.0875733396671828e-01   1.1833589663723387e-11
   1.5234375000000000e-01   3.0011248633521542e-01   3.0011248634186277e-01   6.6473493376406623e-12
   1.6015625000000000e-01   2.9504091325918480e-01   2.9504091326124493e-01   2.0601298444944405e-12
   1.6796875000000000e-01   2.9285552788276425e-01   2.9285552788101066e-01   1.7535972673954348e-12
   1.7578125000000000e-01   2.9274211796059596e-01   2.9274211795594868e-01   4.6472825587784428e-12
   1.8359375000000000e-01   2.9378632790941345e-01   2.9378632790294107e-01   6.4723781889597376e-12
   1.9140625000000000e-01   2.9500655459719677e-01   2.9500655459013370e-01   7.0630723492115521e-12
   1.9921875000000000e-01   2.9539169624638262e-01   2.9539169624006617e-01   6.3164473651511344e-12
   2.0703125000000000e-01   2.9394233161502947e-01   2.9394233161077632e-01   4.2531533850365122e-12
   2.1484375000000000e-01   2.8971361088987230e-01   2.8971361088895825e-01   9.1404661617389138e-13
   2.2265625000000000e-01   2.8185793455730562e-01   2.8185793456078556e-01   3.4799385595363219e-12
   2.3046875000000000e-01   2.6966539975403675e-01   2.6966539976286635e-01   8.8296037148438700e-12
   2.3828125000000000e-01   2.5260001540449484e-01   2.5260001541941840e-01   1.4923562385860123e-11
   2.4609375000000000e-01   2.3032982951074552e-01   2.3032982953215864e-01   2.1413121276125935e-11
   2.5390625000000000e-01   2.0274936736696952e-01   2.0274936739491142e-01   2.7941898794736630e-11
   2.6171875000000000e-01   1.6999313330549659e-01   1.6999313333972588e-01   3.4229286072218201e-11
   2.6953125000000000e-01   1.3243935911304611e-01   1.3243935915307645e-01   4.0030340153762722e-11
   2.7734375000000000e-01   9.0703662645021624e-02   9.0703662689933864e-02   4.4912240593220076e-11
   2.8515625000000000e-01   4.5622780520414789e-02   4.5622780568974182e-02   4.8559392618052755e-11
   2.9296875000000000e-01  -1.7709716213776541e-03  -1.7709715705777015e-03   5.0799952569166584e-11
   3.0078125000000000e-01  -5.0283408317141433e-02  -5.0283408265637382e-02   5.1504051024053865e-11
   3.0859375000000000e-01  -9.8598866456306791e-02  -9.8598866405774754e-02   5.0532036888206733e-11
   3.1640625000000000e-01  -1.4532549729945296e-01  -1.4532549725166916e-01   4.7783804690837428e-11
   3.2421875000000000e-01  -1.8904347981578565e-01  -1.8904347977250355e-01   4.3282100126162959e-11
   3.3203125000000000e-01  -2.2835409008757185e-01  -2.2835409005038732e-01   3.7184533230316674e-11
   3.3984375000000000e-01  -2.6192758359811052e-01  -2.6192758356853041e-01   2.9580116134297896e-11
   3.4765625000000000e-01  -2.8854797136588795e-01  -2.8854797134522819e-01   2.0659751687190919e-11
   3.5546875000000000e-01  -3.0715298439897698e-01  -3.0715298438820227e-01   1.0774714453987144e-11
   3.6328125000000000e-01  -3.1686780638159162e-01  -3.1686780638142004e-01   1.7158496845581794e-13
   3.7109375000000000e-01  -3.1703149123854057e-01  -3.1703149124939545e-01   1.0854872556365081e-11
   3.7890625000000000e-01  -3.0721534811555851e-01  -3.0721534813753987e-01   2.1981361175704706e-11
   3.8671875000000000e-01  -2.8723294940713506e-01  -2.8723294943989741e-01   3.2762348389780982e-11
   3.9453125000000000e-01  -2.5714177752368966e-01  -2.5714177756654000e-01   4.2850334391886236e-11
   4.0234375000000000e-01  -2.1723685589234334e-01  -2.1723685594439951e-01   5.2056164934199955e-11
   4.1015625000000000e-01  -1.6803699594866264e-01  -1.6803699600875685e-01   6.0094207388061704e-11
   4.1796875000000000e-01  -1.1026452577933582e-01  -1.1026452584608586e-01   6.6750036054052941e-11
   4.2578125000000000e-01  -4.4819543330303017e-02  -4.4819543402097470e-02   7.1794452327633707e-11
   4.3359375000000000e-01   2.7250142399346301e-02   2.7250142324212075e-02   7.5134225230311102e-11
   4.4140625000000000e-01   1.0478215161543272e-01   1.0478215153863789e-01   7.6794834380500276e-11
   4.4921875000000000e-01   1.8653450520194301e-01   1.8653450512501962e-01   7.6923384328964062e-11
   4.5703125000000000e-01   2.7122119767204839e-01   2.7122119759649310e-01   7.5555284251294097e-11
   4.6484375000000000e-01   3.5754719496331255e-01   3.5754719489058512e-01   7.2727435185271361e-11
   4.7265625000000000e-01   4.4424175930599824e-01   4.4424175923733961e-01   6.8658634333473856e-11
   4.8046875000000000e-01   5.3008910264488540e-01   5.3008910258126418e-01   6.3621219403842133e-11
   4.8828125000000000e-01   6.1395548626347796e-01   6.1395548620562834e-01   5.7849613988025794e-11
   4.9609375000000000e-01   6.9481201580515894e-01   6.9481201575366103e-01   5.1497917041842811e-11
   5.0390625000000000e-01   7.7175252786927384e-01   7.7175252782450154e-01   4.4772296980966075e-11
   5.1171875000000000e-01   8.4400612777030659e-01   8.4400612773236872e-01   3.7937875063676074e-11
   5.1953125000000000e-01   9.1094411890572768e-01   9.1094411887459947e-01   3.1128211119835214e-11
   5.2734375000000000e-01   9.7208126253370641e-01   9.7208126250925631e-01   2.4450108604412435e-11
   5.3515625000000000e-01   1.0270715207425143e+00   1.0270715207244674e+00   1.8046897309886845e-11
   5.4296875000000000e-01   1.0756986604585046e+00   1.0756986604464114e+00   1.2093215318031980e-11
   5.5078125000000000e-01   1.1178623248521580e+00   1.1178623248455202e+00   6.6378014196288859e-12
   5.5859375000000000e-01   1.1535603997405557e+00   1.1535603997388328e+00   1.7228440896133179e-12
   5.6640625000000000e-01   1.1828687032257352e+00   1.1828687032283529e+00   2.6176838474611941e-12
   5.7421875000000000e-01   1.2059191918635903e+00   1.2059191918698455e+00   6.2552185653430570e-12
   5.8203125000000000e-01   1.2228779907963820e+00   1.2228779908056640e+00   9.2819085750761587e-12
   5.8984375000000000e-01   1.2339246044122663e+00   1.2339246044240189e+00   1.1752598894076982e-11
   5.9765625000000000e-01   1.2392336370300299e+00   1.2392336370437280e+00   1.3698153722430106e-11
   6.0546875000000000e-01   1.2389602431273874e+00   1.2389602431425566e+00   1.5169199230058439e-11
   6.1328125000000000e-01   1.2332303327547824e+00   1.2332303327710978e+00   1.6315393480681450e-11
   6.2109375000000000e-01   1.2221362855597149e+00   1.2221362855770219e+00   1.7307044686276640e-11
   6.2890625000000000e-01   1.2057385886111898e+00   1.2057385886294358e+00   1.8246071320504598e-11
   6.3671875000000000e-01   1.1840734276077938e+00   1.1840734276270142e+00   1.9220403046915635e-11
   6.4453125000000000e-01   1.1571658519735422e+00   1.1571658519939441e+00   2.0401902389721727e-11
   6.5234375000000000e-01   1.1250477292825223e+00   1.1250477293044749e+00   2.1952661910518145e-11
   6.6015625000000000e-01   1.0877793323946181e+00   1.0877793324184666e+00   2.3848478747368063e-11
   6.6796875000000000e-01   1.0454730917794439e+00   1.0454730918055390e+00   2.6095126059999529e-11
   6.7578125000000000e-01   9.9831782068376385e-01   9.9831782071243202e-01   2.8668178941870792e-11
   6.8359375000000000e-01   9.4660160158900430e-01   9.4660160162053919e-01   3.1534885813755409e-11
   6.9140625000000000e-01   8.9073152116686283e-01   8.9073152120134336e-01   3.4480529542690874e-11
   6.9921875000000000e-01   8.3124856164781036e-01   8.3124856168512828e-01   3.7317926526725387e-11
   7.0703125000000000e-01   7.6883619425713012e-01   7.6883619429694805e-01   3.9817926733576314e-11
   7.1484375000000000e-01   7.0432156157562698e-01   7.0432156161735171e-01   4.1724734778370021e-11
   7.2265625000000000e-01   6.3866855907869391e-01   6.3866855912142717e-01   4.2733261373939513e-11
   7.3046875000000000e-01   5.7296260432223012e-01   5.7296260436489943e-01   4.2669312527721104e-11
   7.3828125000000000e-01   5.0838738387180160e-01   5.0838738391316429e-01   4.1362691050039757e-11
   7.4609375000000000e-01   4.4619436006706836e-01   4.4619436010567493e-01   3.8606562391407806e-11
   8.7890625000000000e-01   5.3537879338290006e-01   5.3537879330330163e-01   7.9598438951222761e-11
   8.8671875000000000e-01   5.9991482275890373e-01   5.9991482268184548e-01   7.7058248670880403e-11
   8.9453125000000000e-01   6.6425021379223970e-01   6.6425021371936399e-01   7.2875705470210050e-11
   9.0234375000000000e-01   7.2692209377800421e-01   7.2692209371081340e-01   6.7190808472616936e-11
   9.1015625000000000e-01   7.8655132774638292e-01   7.8655132768625624e-01   6.0126681411531990e-11
   9.1796875000000000e-01   8.4187653530457507e-01   8.4187653525263217e-01   5.1942894430112574e-11
   9.2578125000000000e-01   8.9178251807454567e-01   8.9178251803165764e-01   4.2888026463572260e-11
   9.3359375000000000e-01   9.3532245271139203e-01   9.3532245267820635e-01   3.3185676429070554e-11
   9.4140625000000000e-01   9.7173353122203765e-01   9.7173353119901940e-01   2.3018253969553371e-11
   9.4921875000000000e-01   1.0004460490781082e+00   1.0004460490654221e+00   1.2686074413181814e-11
   9.5703125000000000e-01   1.0210862348479635e+00   1.0210862348455103e+00   2.4531487952117459e-12
   9.6484375000000000e-01   1.0334733670594551e+00   1.0334733670669216e+00   7.4664718852091028e-12
   9.7265625000000000e-01   1.0376119218244899e+00   1.0376119218413735e+00   1.6883605624684606e-11
   9.8046875000000000e-01   1.0336796290820500e+00   1.0336796291076156e+00   2.5565549677253330e-11
   9.8828125000000000e-01   1.0220123810869974e+00   1.0220123811204262e+00   3.3428815271463463e-11
   9.9609375000000000e-01   1.0030869336513952e+00   1.0030869336917672e+00   4.0371928022864267e-11
   7.5390625000000000e-01   3.8766626986539376e-01   3.8766626989972880e-01   3.4335034815313747e-11
   7.6171875000000000e-01   3.3407622729509251e-01   3.3407622732369552e-01   2.8603008850325295e-11
   7.6953125000000000e-01   2.8664432568100984e-01   2.8664432570249343e-01   2.1483592682614017e-11
   7.7734375000000000e-01   2.4649380880146438e-01   2.4649380881451421e-01   1.3049838987200246e-11
   7.8515625000000000e-01   2.1460893231085112e-01   2.1460893231436412e-01   3.5129954500945360e-12
   7.9296875000000000e-01   1.9179656709077872e-01   1.9179656708403586e-01   6.7428562733340414e-12
   8.0078125000000000e-01   1.7865341154110465e-01   1.7865341152370565e-01   1.7398998908291219e-11
   8.0859375000000000e-01   1.7554039412196829e-01   1.7554039409378352e-01   2.8184760081373383e-11
   8.1640625000000000e-01   1.8256548041740239e-01   1.8256548037865414e-01   3.8748254604925592e-11
   8.2421875000000000e-01   1.9957567447050706e-01   1.9957567442183596e-01   4.8671094932117853e-11
   8.3203125000000000e-01   2.2615854837027799e-01   2.2615854831262985e-01   5.7648136264631944e-11
   8.3984375000000000e-01   2.6165317383621972e-01   2.6165317377081765e-01   6.5402072646492115e-11
   8.4765625000000000e-01   3.0516989048586840e-01   3.0516989041416742e-01   7.1700978487854172e-11
   8.5546875000000000e-01   3.5561795059838591e-01   3.5561795052201606e-01   7.6369854884461574e-11
   8.6328125000000000e-01   4.1173974872461677e-01   4.1173974864535023e-01   7.9266537778011070e-11
   8.7109375000000000e-01   4.7215009103924033e-01   4.7215009095890553e-01   8.0334794372305396e-11
