#                  Coord.                Numerical               Analytical                    Error
   3.9062500000000000e-03   9.7168361617045107e-01   9.7168361624259136e-01   7.2140293738698347e-11
   1.1718750000000000e-02   9.5441230720514092e-01   9.5441230725875204e-01   5.3611115546914334e-11
   1.9531250000000000e-02   9.4152971305087618e-01   9.4152971308464428e-01   3.3768099427788911e-11
   2.7343750000000000e-02   9.3308682615698346e-01   9.3308682617057903e-01   1.3595569114954742e-11
   3.5156250000000000e-02   9.2891218531151487e-01   9.2891218530569875e-01   5.8161253591038076e-12
   4.2968750000000000e-02   9.2861802474855781e-01   9.2861802472515864e-01   2.3399171489302262e-11
   5.0781250000000000e-02   9.3161647164047245e-01   9.3161647160228822e-01   3.8184233552840396e-11
   5.8593750000000000e-02   9.3714518191617224e-01   9.3714518186693729e-01   4.9234949450749355e-11
   6.6406250000000000e-02   9.4430133618150314e-01   9.4430133612563405e-01   5.5869087134396977e-11
   7.4218750000000000e-02   9.5208250634165881e-01   9.5208250628397229e-01   5.7686522225708359e-11
   8.2031250000000000e-02   9.5943256892584627e-01   9.5943256887145012e-01   5.4396154247626782e-11
   8.9843750000000000e-02   9.6529059810823026e-01   9.6529059806214967e-01   4.6080583793184360e-11
   9.7656250000000000e-02   9.6864052998597894e-01   9.6864052995307148e-01   3.2907454539099490e-11
   1.0546875000000000e-01   9.6855935456724029e-01   9.6855935455194586e-01   1.5294432387236157e-11
   1.1328125000000000e-01   9.6426166272130887e-01   9.6426166272731140e-01   6.0025318049383714e-12
   1.2109375000000000e-01   9.5513854673698029e-01   9.5513854676704057e-01   3.0060287592448276e-11
   1.2890625000000000e-01   9.4078911534557996e-01   9.4078911540147692e-01   5.5896953732315069e-11
   1.3671875000000000e-01   9.2104322341374389e-01   9.2104322349620404e-01   8.2460149819496564e-11
   1.4453125000000000e-01   8.9597441609471395e-01   8.9597441620336871e-01   1.0865475186250251e-10
   1.5234375000000000e-01   8.6590252767702702e-01   8.6590252781044375e-01   1.3341672211453215e-10
   1.6015625000000000e-01   8.3138583569123603e-01   8.3138583584692571e-01   1.5568968336765465e-10
   1.6796875000000000e-01   7.9320312932562176e-01   7.9320312949998983e-01   1.7436807553394829e-10
   1.7578125000000000e-01   7.5232648642406863e-01   7.5232648661260182e-01   1.8853318906053573e-10
   1.8359375000000000e-01   7.0988594513175329e-01   7.0988594532934590e-01   1.9759260894147701e-10
   1.9140625000000000e-01   6.6712758673928130e-01   6.6712758694032526e-01   2.0104395925812923e-10
   1.9921875000000000e-01   6.2536680081499851e-01   6.2536680101357423e-01   1.9857571142978259e-10
   2.0703125000000000e-01   5.8593867173865821e-01   5.8593867192865312e-01   1.8999490869475721e-10
   2.1484375000000000e-01   5.5014750139189372e-01   5.5014750156736425e-01   1.7547052699740107e-10
   2.2265625000000000e-01   5.1921746523235723e-01   5.1921746538773395e-01   1.5537671149701282e-10
   2.3046875000000000e-01   4.9424629261211134e-01   4.9424629274222287e-01   1.3011153265907183e-10
   2.3828125000000000e-01   4.7616367615028216e-01   4.7616367625064787e-01   1.0036571573834863e-10
   2.4609375000000000e-01   4.6569586253891543e-01   4.6569586260602269e-01   6.7107264190013893e-11
   2.5390625000000000e-01   4.6333757481986876e-01   4.6333757485122606e-01   3.1357305640966615e-11
   2.6171875000000000e-01   4.6933208232519391e-01   4.6933208231933715e-01   5.8567595218050883e-12
   2.6953125000000000e-01   4.8365988808646510e-01   4.8365988804309556e-01   4.3369530189352190e-11
   2.7734375000000000e-01   5.0603616271330409e-01   5.0603616263328088e-01   8.0023210280444346e-11
   2.8515625000000000e-01   5.3591673452786759e-01   5.3591673441314791e-01   1.1471967820142481e-10
   2.9296875000000000e-01   5.7251216099014235e-01   5.7251216084372814e-01   1.4641421408612132e-10
   3.0078125000000000e-01   6.1480916519900630e-01   6.1480916502480498e-01   1.7420132003564959e-10
   3.0859375000000000e-01   6.6159852845281419e-01   6.6159852825549870e-01   1.9731549727453057e-10
   3.1640625000000000e-01   7.1150838651269277e-01   7.1150838629753865e-01   2.1515411674499774e-10
   3.2421875000000000e-01   7.6304178096225672e-01   7.6304178073497653e-01   2.2728019466455862e-10
   3.3203125000000000e-01   8.1461726302576898e-01   8.1461726279236224e-01   2.3340673838134762e-10
   3.3984375000000000e-01   8.6461132907762039e-01   8.6461132884418734e-01   2.3343305066703124e-10
   3.4765625000000000e-01   9.1140147821158390e-01   9.1140147798409610e-01   2.2748780637016353e-10
   3.5546875000000000e-01   9.5340871670144189e-01   9.5340871648565928e-01   2.1578261399923804e-10
   3.6328125000000000e-01   9.8913838752512950e-01   9.8913838732640358e-01   1.9872592460501437e-10
   3.7109375000000000e-01   1.0172182728305506e+00   1.0172182726536458e+00   1.7690471310061184e-10
   3.7890625000000000e-01   1.0364330027887596e+00   1.0364330026378050e+00   1.5095458216762836e-10
   3.8671875000000000e-01   1.0457539068741069e+00   1.0457539067526047e+00   1.2150214168116236e-10
   3.9453125000000000e-01   1.0443635653947339e+00   1.0443635653053867e+00   8.9347196308153798e-11
   4.0234375000000000e-01   1.0316744623262524e+00   1.0316744622709326e+00   5.5319748781812450e-11
   4.1015625000000000e-01   1.0073413065086545e+00   1.0073413064883097e+00   2.0344836926255994e-11
   4.1796875000000000e-01   9.7126677650736126e-01   9.7126677652208715e-01   1.4725887176325614e-11
   4.2578125000000000e-01   9.2360065174580075e-01   9.2360065179482997e-01   4.9029225124286313e-11
   4.3359375000000000e-01   8.6473251269199303e-01   8.6473251277376895e-01   8.1775919369420080e-11
   4.4140625000000000e-01   7.9527841671405386e-01   7.9527841682626921e-01   1.1221534812477785e-10
   4.4921875000000000e-01   7.1606217196647071e-01   7.1606217210606293e-01   1.3959222666670712e-10
   4.5703125000000000e-01   6.2809202596006586e-01   6.2809202612335557e-01   1.6328971508272616e-10
   4.6484375000000000e-01   5.3253374456613023e-01   5.3253374474905035e-01   1.8292012349263587e-10
   4.7265625000000000e-01   4.3068116845917681e-01   4.3068116865737915e-01   1.9820234342660115e-10
   4.8046875000000000e-01   3.2392538735011389e-01   3.2392538755897898e-01   2.0886509188855484e-10
   4.8828125000000000e-01   2.1372366167774423e-01   2.1372366189252062e-01   2.1477639111644464e-10
   4.9609375000000000e-01   1.0156914553780926e-01   1.0156914575385248e-01   2.1604322497648099e-10
   5.0390625000000000e-01  -1.1037672124940686e-02  -1.1037671911979316e-02   2.1296137076021182e-10
   5.1171875000000000e-01  -1.2261507882263405e-01  -1.2261507861687133e-01   2.0576271242411792e-10
   5.1953125000000000e-01  -2.3172329718673046e-01  -2.3172329699185981e-01   1.9487064739642790e-10
   5.2734375000000000e-01  -3.3698442781963084e-01  -3.3698442763892422e-01   1.8070661633728946e-10
   5.3515625000000000e-01  -4.3709915250046361e-01  -4.3709915233665142e-01   1.6381218603811476e-10
   5.4296875000000000e-01  -5.3086038992489337e-01  -5.3086038978021888e-01   1.4467449460653370e-10
   5.5078125000000000e-01  -6.1716427006089070e-01  -6.1716426993718909e-01   1.2370160451524725e-10
   5.5859375000000000e-01  -6.9501890999546079e-01  -6.9501890989410398e-01   1.0135681183243150e-10
   5.6640625000000000e-01  -7.6355152423292405e-01  -7.6355152415484051e-01   7.8083539634121735e-11
   5.7421875000000000e-01  -8.2201438268798954e-01  -8.2201438263371884e-01   5.4270699045844140e-11
   5.8203125000000000e-01  -8.6979004396458481e-01  -8.6979004393432069e-01   3.0264124539769455e-11
   5.8984375000000000e-01  -9.0639615053475953e-01  -9.0639615052845901e-01   6.3005156647477634e-12
   5.9765625000000000e-01  -9.3148989256570025e-01  -9.3148989258313086e-01   1.7430612508917420e-11
   6.0546875000000000e-01  -9.4487204911401923e-01  -9.4487204915463718e-01   4.0617953445121202e-11
   6.1328125000000000e-01  -9.4649032224400775e-01  -9.4649032230695118e-01   6.2943428247308475e-11
   6.2109375000000000e-01  -9.3644151438488743e-01  -9.3644151446901192e-01   8.4124485155712136e-11
   6.2890625000000000e-01  -9.1497198268280933e-01  -9.1497198278670999e-01   1.0390066584875512e-10
   6.3671875000000000e-01  -8.8247575255346622e-01  -8.8247575267535605e-01   1.2188983156136146e-10
   6.4453125000000000e-01  -8.3948969624837877e-01  -8.3948969638616977e-01   1.3779100083155527e-10
   6.5234375000000000e-01  -7.8668528380896363e-01  -7.8668528396025039e-01   1.5128676089659621e-10
   6.6015625000000000e-01  -7.2485658826730293e-01  -7.2485658842937073e-01   1.6206780362182371e-10
   6.6796875000000000e-01  -6.5490446178336381e-01  -6.5490446195311214e-01   1.6974832650618055e-10
   6.7578125000000000e-01  -5.7781707546680550e-01  -5.7781707564106277e-01   1.7425727527609070e-10
   6.8359375000000000e-01  -4.9464730891002390e-01  -4.9464730908559079e-01   1.7556689435593853e-10
   6.9140625000000000e-01  -4.0648775920611047e-01  -4.0648775937972043e-01   1.7360995974158300e-10
   6.9921875000000000e-01  -3.1444438638739980e-01  -3.1444438655590318e-01   1.6850337791751713e-10
   7.0703125000000000e-01  -2.1960999794274225e-01  -2.1960999810335016e-01   1.6060791585559286e-10
   7.1484375000000000e-01  -1.2303887903625509e-01  -1.2303887918666759e-01   1.5041250189806732e-10
   7.2265625000000000e-01  -2.5723883440387518e-02  -2.5723883578750835e-02   1.3836331733130258e-10
   7.3046875000000000e-01   7.1422792915642977e-02   7.1422792790573966e-02   1.2506901070352683e-10
   7.3828125000000000e-01   1.6758412582866092e-01   1.6758412571740902e-01   1.1125189658400814e-10
   7.4609375000000000e-01   2.6204731375465751e-01   2.6204731365703610e-01   9.7621410954928933e-11
   8.7890625000000000e-01   1.2718648897313078e+00   1.2718648897032099e+00   2.8097968396423312e-11
   8.8671875000000000e-01   1.2833230899136832e+00   1.2833230898978616e+00   1.5821566279328181e-11
   8.9453125000000000e-01   1.2883687635505086e+00   1.2883687635491750e+00   1.3335998971797380e-12
   9.0234375000000000e-01   1.2871088151287979e+00   1.2871088151436194e+00   1.4821477378745840e-11
   9.1015625000000000e-01   1.2797825735999362e+00   1.2797825736319040e+00   3.1967761771056757e-11
   9.1796875000000000e-01   1.2667719303067173e+00   1.2667719303562197e+00   4.9502402177381555e-11
   9.2578125000000000e-01   1.2486044199887583e+00   1.2486044200552813e+00   6.6523009323304905e-11
   9.3359375000000000e-01   1.2259484696441394e+00   1.2259484697263785e+00   8.2239104415293696e-11
   9.4140625000000000e-01   1.1996005160449399e+00   1.1996005161408085e+00   9.5868646354801967e-11
   9.4921875000000000e-01   1.1704641982119843e+00   1.1704641983185848e+00   1.0660050620003858e-10
   9.5703125000000000e-01   1.1395223337447413e+00   1.1395223338585725e+00   1.1383116671481730e-10
   9.6484375000000000e-01   1.1078028555446562e+00   1.1078028556617914e+00   1.1713519043610177e-10
   9.7265625000000000e-01   1.0763402886268796e+00   1.0763402887429976e+00   1.1611800410094020e-10
   9.8046875000000000e-01   1.0461346602565220e+00   1.0461346603673336e+00   1.1081158213244180e-10
   9.8828125000000000e-01   1.0181099414042223e+00   1.0181099415056587e+00   1.0143641482329713e-10
   9.9609375000000000e-01   9.9307420139241809e-01   9.9307420148075531e-01   8.8337226422652293e-11
   7.5390625000000000e-01   3.5420696365476884e-01   3.5420696357000625e-01   8.4762585839115445e-11
   7.6171875000000000e-01   4.4356240130785596e-01   4.4356240123470320e-01   7.3152761626005258e-11
   7.6953125000000000e-01   5.2970950131466032e-01   5.2970950125131455e-01   6.3345773071432632e-11
   7.7734375000000000e-01   6.1232782034647548e-01   6.1232782029075816e-01   5.5717319646930719e-11
   7.8515625000000000e-01   6.9116415754449889e-01   6.9116415749420457e-01   5.0294324260846679e-11
   7.9296875000000000e-01   7.6601393090905556e-01   7.6601393086204483e-01   4.7010728643215316e-11
   8.0078125000000000e-01   8.3670192600219240e-01   8.3670192595648862e-01   4.5703774098626582e-11
   8.0859375000000000e-01   9.0306402850212586e-01   9.0306402845599065e-01   4.6135206765995918e-11
   8.1640625000000000e-01   9.6493148868014311e-01   9.6493148863254363e-01   4.7599479913174036e-11
   8.2421875000000000e-01   1.0221190862508633e+00   1.0221190862013612e+00   4.9502180132776630e-11
   8.3203125000000000e-01   1.0744182795917254e+00   1.0744182795404673e+00   5.1258108868523777e-11
   8.3984375000000000e-01   1.1215960532985885e+00   1.1215960532463076e+00   5.2280846318808472e-11
   8.4765625000000000e-01   1.1633997482105152e+00   1.1633997481585803e+00   5.1934900824335273e-11
   8.5546875000000000e-01   1.1995676987677999e+00   1.1995676987181816e+00   4.9618309461152421e-11
   8.6328125000000000e-01   1.2298450466000581e+00   1.2298450465550914e+00   4.4966697032577940e-11
   8.7109375000000000e-01   1.2540036792964069e+00   1.2540036792585765e+00   3.7830405474892359e-11
