#                  Coord.                Numerical               Analytical                    Error
   3.9062500000000000e-03   1.6306087594346935e-01   1.6306087594312629e-01   3.4305891460917337e-13
   1.1718750000000000e-02   1.9824071921559736e-01   1.9824071921523981e-01   3.5754732508053166e-13
   1.9531250000000000e-02   2.2858124450829090e-01   2.2858124450793321e-01   3.5768610295860981e-13
   2.7343750000000000e-02   2.5379097893094066e-01   2.5379097893056507e-01   3.7558844923069046e-13
   3.5156250000000000e-02   2.7381394488597322e-01   2.7381394488560196e-01   3.7125857943465235e-13
   4.2968750000000000e-02   2.8882593843399973e-01   2.8882593843368798e-01   3.1175062531474396e-13
   5.0781250000000000e-02   2.9922119534356945e-01   2.9922119534329439e-01   2.7505775435088253e-13
   5.8593750000000000e-02   3.0559006748397227e-01   3.0559006748372075e-01   2.5152102622882921e-13
   6.6406250000000000e-02   3.0868878393918425e-01   3.0868878393900107e-01   1.8318679906315083e-13
   7.4218750000000000e-02   3.0940276704390152e-01   3.0940276704377978e-01   1.2173595465014841e-13
   8.2031250000000000e-02   3.0870528805602981e-01   3.0870528805594433e-01   8.5487172896137054e-14
   8.9843750000000000e-02   3.0761345996393169e-01   3.0761345996390477e-01   2.6922908347160046e-14
   9.7656250000000000e-02   3.0714366217995948e-01   3.0714366218000094e-01   4.1466829969749597e-14
   1.0546875000000000e-01   3.0826846758247334e-01   3.0826846758255483e-01   8.1490370007486490e-14
   1.1328125000000000e-01   3.1187699890333320e-01   3.1187699890341969e-01   8.6486373618299694e-14
   1.2109375000000000e-01   3.1874038951190459e-01   3.1874038951199002e-01   8.5431661744905796e-14
   1.2890625000000000e-01   3.2948368154243080e-01   3.2948368154251378e-01   8.2989171090730451e-14
   1.3671875000000000e-01   3.4456508667138686e-01   3.4456508667143587e-01   4.9016346537200661e-14
   1.4453125000000000e-01   3.6426309074514018e-01   3.6426309074515784e-01   1.7652546091539989e-14
   1.5234375000000000e-01   3.8867143416298339e-01   3.8867143416295474e-01   2.8643754035329039e-14
   1.6015625000000000e-01   4.1770157647427325e-01   4.1770157647418626e-01   8.6985973979381015e-14
   1.6796875000000000e-01   4.5109188440650266e-01   4.5109188440637010e-01   1.3256062914024369e-13
   1.7578125000000000e-01   4.8842249093157308e-01   4.8842249093140044e-01   1.7263968032921184e-13
   1.8359375000000000e-01   5.2913457567924749e-01   5.2913457567904076e-01   2.0672352718520415e-13
   1.9140625000000000e-01   5.7255272269094104e-01   5.7255272269069846e-01   2.4258373088059670e-13
   1.9921875000000000e-01   6.1790902027275174e-01   6.1790902027249095e-01   2.6079138848444927e-13
   2.0703125000000000e-01   6.6436767126655938e-01   6.6436767126630691e-01   2.5246471579976060e-13
   2.1484375000000000e-01   7.1104906464610906e-01   7.1104906464588369e-01   2.2537527399890678e-13
   2.2265625000000000e-01   7.5705249928075002e-01   7.5705249928053464e-01   2.1538326677728037e-13
   2.3046875000000000e-01   8.0147702245465302e-01   8.0147702245442398e-01   2.2903900998016979e-13
   2.3828125000000000e-01   8.4344012225933307e-01   8.4344012225911003e-01   2.2304380564719395e-13
   2.4609375000000000e-01   8.8209426823052273e-01   8.8209426823032189e-01   2.0083934515469082e-13
   2.5390625000000000e-01   9.1664150578774173e-01   9.1664150578755443e-01   1.8729462425426391e-13
   2.6171875000000000e-01   9.4634645958850638e-01   9.4634645958832919e-01   1.7719159473017498e-13
   2.6953125000000000e-01   9.7054817789664816e-01   9.7054817789647074e-01   1.7741363933510002e-13
   2.7734375000000000e-01   9.8867125095573882e-01   9.8867125095556174e-01   1.7708057242771247e-13
   2.8515625000000000e-01   1.0002365650866214e+00   1.0002365650864453e+00   1.7608137170554983e-13
   2.9296875000000000e-01   1.0048719215587494e+00   1.0048719215585697e+00   1.7963408538435033e-13
   3.0078125000000000e-01   1.0023225715931794e+00   1.0023225715930062e+00   1.7319479184152442e-13
   3.0859375000000000e-01   9.9246151643202374e-01   9.9246151643187619e-01   1.4754863997268330e-13
   3.1640625000000000e-01   9.7529921648986018e-01   9.7529921648973372e-01   1.2645440250480533e-13
   3.2421875000000000e-01   9.5099216830750877e-01   9.5099216830739952e-01   1.0924594562311540e-13
   3.3203125000000000e-01   9.1984966241104771e-01   9.1984966241098232e-01   6.5392136150421720e-14
   3.3984375000000000e-01   8.8233794555243306e-01   8.8233794555243206e-01   9.9920072216264089e-16
   3.4765625000000000e-01   8.3908098848589130e-01   8.3908098848592061e-01   2.9309887850104133e-14
   3.5546875000000000e-01   7.9085711096015043e-01   7.9085711096021494e-01   6.4503957730721595e-14
   3.6328125000000000e-01   7.3859083850663543e-01   7.3859083850676821e-01   1.3278267374516872e-13
   3.7109375000000000e-01   6.8333955463570895e-01   6.8333955463589791e-01   1.8895995879120164e-13
   3.7890625000000000e-01   6.2627475589170656e-01   6.2627475589193404e-01   2.2748469774569458e-13
   3.8671875000000000e-01   5.6865800046346771e-01   5.6865800046372217e-01   2.5446311724408588e-13
   3.9453125000000000e-01   5.1181194545930542e-01   5.1181194545958120e-01   2.7577939931688888e-13
   4.0234375000000000e-01   4.5708717378682689e-01   4.5708717378712316e-01   2.9626301412122302e-13
   4.1015625000000000e-01   4.0582579889669340e-01   4.0582579889699222e-01   2.9881652707786088e-13
   4.1796875000000000e-01   3.5932308557401171e-01   3.5932308557431430e-01   3.0259128536158642e-13
   4.2578125000000000e-01   3.1878852073977981e-01   3.1878852074009201e-01   3.1219471452459402e-13
   4.3359375000000000e-01   2.8530789612138907e-01   2.8530789612170843e-01   3.1935565303342628e-13
   4.4140625000000000e-01   2.5980801463144554e-01   2.5980801463176928e-01   3.2374103398069565e-13
   4.4921875000000000e-01   2.4302559850309083e-01   2.4302559850340555e-01   3.1472047190561625e-13
   4.5703125000000000e-01   2.3548185828119272e-01   2.3548185828150245e-01   3.0972446829480305e-13
   4.6484375000000000e-01   2.3746398085097506e-01   2.3746398085128681e-01   3.1175062531474396e-13
   4.7265625000000000e-01   2.4901451949140299e-01   2.4901451949168560e-01   2.8260727091833360e-13
   4.8046875000000000e-01   2.6992933142562503e-01   2.6992933142587189e-01   2.4685808952540356e-13
   4.8828125000000000e-01   2.9976432429521904e-01   2.9976432429544891e-01   2.2987167724863866e-13
   4.9609375000000000e-01   3.3785086141421089e-01   3.3785086141439208e-01   1.8118839761882555e-13
   5.0390625000000000e-01   3.8331925796928629e-01   3.8331925796940042e-01   1.1413092693146609e-13
   5.1171875000000000e-01   4.3512939931386618e-01   4.3512939931394035e-01   7.4162898044960457e-14
   5.1953125000000000e-01   4.9210715113655151e-01   4.9210715113657505e-01   2.3536728122053319e-14
   5.2734375000000000e-01   5.5298493142059690e-01   5.5298493142053817e-01   5.8730798002670781e-14
   5.3515625000000000e-01   6.1644459507549731e-01   6.1644459507538740e-01   1.0991207943789050e-13
   5.4296875000000000e-01   6.8116065933866510e-01   6.8116065933851477e-01   1.5032419753424620e-13
   5.5078125000000000e-01   7.4584188179408595e-01   7.4584188179388788e-01   1.9806378759312793e-13
   5.5859375000000000e-01   8.0926929726472807e-01   8.0926929726450070e-01   2.2737367544323206e-13
   5.6640625000000000e-01   8.7032902222091402e-01   8.7032902222066677e-01   2.4724666758402236e-13
   5.7421875000000000e-01   9.2803843600035951e-01   9.2803843600009905e-01   2.6045832157706172e-13
   5.8203125000000000e-01   9.8156473061485483e-01   9.8156473061459371e-01   2.6112445539183682e-13
   5.8984375000000000e-01   1.0302352628610723e+00   1.0302352628608276e+00   2.4469315462738450e-13
   5.9765625000000000e-01   1.0735396169016720e+00   1.0735396169014528e+00   2.1915802506100590e-13
   6.0546875000000000e-01   1.1111237626327284e+00   1.1111237626325314e+00   1.9695356456850277e-13
   6.1328125000000000e-01   1.1427771444124610e+00   1.1427771444122747e+00   1.8629542353210127e-13
   6.2109375000000000e-01   1.1684139269280718e+00   1.1684139269279019e+00   1.6986412276764895e-13
   6.2890625000000000e-01   1.1880499345648827e+00   1.1880499345647499e+00   1.3278267374516872e-13
   6.3671875000000000e-01   1.2017770276333368e+00   1.2017770276332362e+00   1.0058620603103918e-13
   6.4453125000000000e-01   1.2097367503707002e+00   1.2097367503706096e+00   9.0594198809412774e-14
   6.5234375000000000e-01   1.2120950571054701e+00   1.2120950571053768e+00   9.3258734068513149e-14
   6.6015625000000000e-01   1.2090197782469938e+00   1.2090197782468988e+00   9.5035090907913400e-14
   6.6796875000000000e-01   1.2006622389750172e+00   1.2006622389749120e+00   1.0524914273446484e-13
   6.7578125000000000e-01   1.1871441100366857e+00   1.1871441100365765e+00   1.0924594562311540e-13
   6.8359375000000000e-01   1.1685501769580620e+00   1.1685501769579567e+00   1.0524914273446484e-13
   6.9140625000000000e-01   1.1449272899082403e+00   1.1449272899081238e+00   1.1657341758564144e-13
   6.9921875000000000e-01   1.1162893313851505e+00   1.1162893313850286e+00   1.2190248810384219e-13
   7.0703125000000000e-01   1.0826276417127656e+00   1.0826276417126419e+00   1.2367884494324244e-13
   7.1484375000000000e-01   1.0439259986318818e+00   1.0439259986317608e+00   1.2101430968414206e-13
   7.2265625000000000e-01   1.0001789774352314e+00   1.0001789774351308e+00   1.0058620603103918e-13
   7.3046875000000000e-01   9.5141233600682951e-01   9.5141233600678210e-01   4.7406523151494184e-14
   7.3828125000000000e-01   8.9770398137698193e-01   8.9770398137696872e-01   1.3211653993039363e-14
   7.4609375000000000e-01   8.3920408028308224e-01   8.3920408028308180e-01   4.4408920985006262e-16
   8.7890625000000000e-01  -2.7055427531965554e-01  -2.7055427531933346e-01   3.2207569944375791e-13
   8.8671875000000000e-01  -2.9124968543025026e-01  -2.9124968542996443e-01   2.8582691768974655e-13
   8.9453125000000000e-01  -3.0262185132713976e-01  -3.0262185132689479e-01   2.4497071038354079e-13
   9.0234375000000000e-01  -3.0471982675766196e-01  -3.0471982675744558e-01   2.1638246749944301e-13
   9.1015625000000000e-01  -2.9780910103704533e-01  -2.9780910103688052e-01   1.6481260800560449e-13
   9.1796875000000000e-01  -2.8236858092221034e-01  -2.8236858092208988e-01   1.2045919817182948e-13
   9.2578125000000000e-01  -2.5908036891823849e-01  -2.5908036891814840e-01   9.0094598448331453e-14
   9.3359375000000000e-01  -2.2881231961089238e-01  -2.2881231961084564e-01   4.6740389336719090e-14
   9.4140625000000000e-01  -1.9259363875373939e-01  -1.9259363875373833e-01   1.0547118733938987e-15
   9.4921875000000000e-01  -1.5158409259225197e-01  -1.5158409259228997e-01   3.7997383017795983e-14
   9.5703125000000000e-01  -1.0703770316692313e-01  -1.0703770316700927e-01   8.6139428923104333e-14
   9.6484375000000000e-01  -6.0262102033396943e-02  -6.0262102033532397e-02   1.3545414789817301e-13
   9.7265625000000000e-01  -1.2574981080456132e-02  -1.2574981080643014e-02   1.8688176006698143e-13
   9.8046875000000000e-01   3.4740704363379289e-02   3.4740704363159298e-02   2.1999069232947477e-13
   9.8828125000000000e-01   8.0480976236489643e-02   8.0480976236237484e-02   2.5215940446798868e-13
   9.9609375000000000e-01   1.2356264868973033e-01   1.2356264868942626e-01   3.0406233086921475e-13
   7.5390625000000000e-01   7.7615296830437830e-01   7.7615296830444469e-01   6.6391336872584361e-14
   7.6171875000000000e-01   7.0889567743780624e-01   7.0889567743795867e-01   1.5243362128103399e-13
   7.6953125000000000e-01   6.3789212356538205e-01   6.3789212356559188e-01   2.0983215165415459e-13
   7.7734375000000000e-01   5.6372225406255394e-01   5.6372225406281029e-01   2.5635049638594865e-13
   7.8515625000000000e-01   4.8708573246808684e-01   4.8708573246841280e-01   3.2596148002994596e-13
   7.9296875000000000e-01   4.0879601377438246e-01   4.0879601377477082e-01   3.8835601401387976e-13
   8.0078125000000000e-01   3.2976892540815306e-01   3.2976892540856800e-01   4.1494585545365226e-13
   8.0859375000000000e-01   2.5100610399584555e-01   2.5100610399628170e-01   4.3615111522399275e-13
   8.1640625000000000e-01   1.7357383932500664e-01   1.7357383932547341e-01   4.6676551512803144e-13
   8.2421875000000000e-01   9.8578041321828222e-02   9.8578041322313487e-02   4.8526460627584811e-13
   8.3203125000000000e-01   2.7136173605655057e-02   2.7136173606134854e-02   4.7979675787956921e-13
   8.3984375000000000e-01  -3.9652909004387525e-02  -3.9652909003924069e-02   4.6345566273586769e-13
   8.4765625000000000e-01  -1.0074021765544208e-01  -1.0074021765500517e-01   4.3691439355342254e-13
   8.5546875000000000e-01  -1.5515794142888481e-01  -1.5515794142846809e-01   4.1672221229305251e-13
   8.6328125000000000e-01  -2.0204975778316434e-01  -2.0204975778277956e-01   3.8477554475946363e-13
   8.7109375000000000e-01  -2.4069908888148009e-01  -2.4069908888113289e-01   3.4719449537590208e-13
