#                  Coord.                Numerical               Analytical                    Error
   3.9062500000000000e-03   1.3211364910822734e-01   1.3211364909968887e-01   8.5384754822115383e-12
   1.1718750000000000e-02   1.5777027677229893e-01   1.5777027676651928e-01   5.7796545327448712e-12
   1.9531250000000000e-02   1.8712500970485138e-01   1.8712500970227605e-01   2.5753288390717444e-12
   2.7343750000000000e-02   2.2049471794323083e-01   2.2049471794432468e-01   1.0938472350119355e-12
   3.5156250000000000e-02   2.5812177687253629e-01   2.5812177687767390e-01   5.1376125576041431e-12
   4.2968750000000000e-02   3.0015669661696165e-01   3.0015669662644734e-01   9.4856900112461062e-12
   5.0781250000000000e-02   3.4664120392421410e-01   3.4664120393829295e-01   1.4078849197574073e-11
   5.8593750000000000e-02   3.9749262459827722e-01   3.9749262461710033e-01   1.8823109737553523e-11
   6.6406250000000000e-02   4.5249051755458275e-01   4.5249051757818176e-01   2.3599011633734790e-11
   7.4218750000000000e-02   5.1126655962412249e-01   5.1126655965240531e-01   2.8282820530023400e-11
   8.2031250000000000e-02   5.7329866332388191e-01   5.7329866335660173e-01   3.2719826847937838e-11
   8.9843750000000000e-02   6.3791022169620926e-01   6.3791022173291179e-01   3.6702529904175663e-11
   9.7656250000000000e-02   7.0427521330064669e-01   7.0427521334070997e-01   4.0063286022018474e-11
   1.0546875000000000e-01   7.7142966992325168e-01   7.7142966996592655e-01   4.2674863642844230e-11
   1.1328125000000000e-01   8.3828971831453236e-01   8.3828971835891131e-01   4.4378944963341382e-11
   1.2109375000000000e-01   9.0367606927785482e-01   9.0367606932295064e-01   4.5095815970341846e-11
   1.2890625000000000e-01   9.6634446139965680e-01   9.6634446144440045e-01   4.4743653226930746e-11
   1.3671875000000000e-01   1.0250211950643906e+00   1.0250211951076700e+00   4.3279380079752627e-11
   1.4453125000000000e-01   1.0784425399166129e+00   1.0784425399573074e+00   4.0694558833820338e-11
   1.5234375000000000e-01   1.1253964910816707e+00   1.1253964911187078e+00   3.7037040101495222e-11
   1.6015625000000000e-01   1.1647651104670016e+00   1.1647651104994394e+00   3.2437830199683049e-11
   1.6796875000000000e-01   1.1955655403755918e+00   1.1955655404026613e+00   2.7069457786410567e-11
   1.7578125000000000e-01   1.2169877334438710e+00   1.2169877334649524e+00   2.1081358880792322e-11
   1.8359375000000000e-01   1.2284270148911391e+00   1.2284270149057706e+00   1.4631407196930013e-11
   1.9140625000000000e-01   1.2295097817589689e+00   1.2295097817669112e+00   7.9423134735634449e-12
   1.9921875000000000e-01   1.2201109423839938e+00   1.2201109423852772e+00   1.2834178164666810e-12
   2.0703125000000000e-01   1.2003620926742116e+00   1.2003620926690368e+00   5.1747495177778546e-12
   2.1484375000000000e-01   1.1706498912679539e+00   1.1706498912566878e+00   1.1266099164686239e-11
   2.2265625000000000e-01   1.1316046047638124e+00   1.1316046047470625e+00   1.6749934772519737e-11
   2.3046875000000000e-01   1.0840793143567509e+00   1.0840793143352567e+00   2.1494139801347956e-11
   2.3828125000000000e-01   1.0291207722970506e+00   1.0291207722715847e+00   2.5465851649641991e-11
   2.4609375000000000e-01   9.6793333758760924e-01   9.6793333755906330e-01   2.8545943386859562e-11
   2.5390625000000000e-01   9.0183777591236558e-01   9.0183777588167291e-01   3.0692670627274765e-11
   2.6171875000000000e-01   8.3222695560936855e-01   8.3222695557744075e-01   3.1927793742170252e-11
   2.6953125000000000e-01   7.6052059407700801e-01   7.6052059404471661e-01   3.2291391782734991e-11
   2.7734375000000000e-01   6.8812120086506323e-01   6.8812120083325279e-01   3.1810443168467373e-11
   2.8515625000000000e-01   6.1637322783015080e-01   6.1637322779956027e-01   3.0590530109009251e-11
   2.9296875000000000e-01   5.4652718516952847e-01   5.4652718514078047e-01   2.8748003977341341e-11
   3.0078125000000000e-01   4.7971013485466746e-01   4.7971013482830993e-01   2.6357527271869685e-11
   3.0859375000000000e-01   4.1690355608213114e-01   4.1690355605862128e-01   2.3509860724857390e-11
   3.1640625000000000e-01   3.5892912087050166e-01   3.5892912085019230e-01   2.0309365300619220e-11
   3.2421875000000000e-01   3.0644245330955733e-01   3.0644245329260872e-01   1.6948609182776408e-11
   3.3203125000000000e-01   2.5993450358966014e-01   2.5993450357609443e-01   1.3565704115592325e-11
   3.3984375000000000e-01   2.1973977483247631e-01   2.1973977482228094e-01   1.0195372324162122e-11
   3.4765625000000000e-01   1.8605031871434982e-01   1.8605031870740477e-01   6.9450556416938980e-12
   3.5546875000000000e-01   1.5893418020190522e-01   1.5893418019799480e-01   3.9104275373347264e-12
   3.6328125000000000e-01   1.3835683049997205e-01   1.3835683049878453e-01   1.1875223027146831e-12
   3.7109375000000000e-01   1.2420408144614388e-01   1.2420408144736961e-01   1.2257278525495963e-12
   3.7890625000000000e-01   1.1630501839683714e-01   1.1630501840013278e-01   3.2956415374485459e-12
   3.8671875000000000e-01   1.1445361098737333e-01   1.1445361099233223e-01   4.9588944062151086e-12
   3.9453125000000000e-01   1.1842784686156499e-01   1.1842784686783084e-01   6.2658489508038429e-12
   4.0234375000000000e-01   1.2800546504519061e-01   1.2800546505244123e-01   7.2506167736463567e-12
   4.1015625000000000e-01   1.4297562487172641e-01   1.4297562487974941e-01   8.0229989318780781e-12
   4.1796875000000000e-01   1.6314611585092467e-01   1.6314611585952948e-01   8.6048113079328914e-12
   4.2578125000000000e-01   1.8834597821440691e-01   1.8834597822338689e-01   8.9799834235293474e-12
   4.3359375000000000e-01   2.1842365056729671e-01   2.1842365057658472e-01   9.2880148017115971e-12
   4.4140625000000000e-01   2.5324098092690350e-01   2.5324098093655029e-01   9.6467833721192164e-12
   4.4921875000000000e-01   2.9266362460041606e-01   2.9266362461044604e-01   1.0029976849068589e-11
   4.5703125000000000e-01   3.3654850405547265e-01   3.3654850406592368e-01   1.0451028931157680e-11
   4.6484375000000000e-01   3.8472912184031455e-01   3.8472912185124725e-01   1.0932699190391304e-11
   4.7265625000000000e-01   4.3699959909513930e-01   4.3699959910671038e-01   1.1571077429550769e-11
   4.8046875000000000e-01   4.9309836155047143e-01   4.9309836156278003e-01   1.2308598584809261e-11
   4.8828125000000000e-01   5.5269241456731000e-01   5.5269241458041196e-01   1.3101963958206397e-11
   4.9609375000000000e-01   6.1536314071384635e-01   6.1536314072777154e-01   1.3925194330965951e-11
   5.0390625000000000e-01   6.8059451871568366e-01   6.8059451873043975e-01   1.4756085242595418e-11
   5.1171875000000000e-01   7.4776460148891855e-01   7.4776460150442348e-01   1.5504930672705086e-11
   5.1953125000000000e-01   8.1614100263052802e-01   8.1614100264665745e-01   1.6129431124056737e-11
   5.2734375000000000e-01   8.8488102396074941e-01   8.8488102397734480e-01   1.6595391727491915e-11
   5.3515625000000000e-01   9.5303691031195092e-01   9.5303691032872151e-01   1.6770584920777765e-11
   5.4296875000000000e-01   1.0195665413101882e+00   1.0195665413267985e+00   1.6610268716021892e-11
   5.5078125000000000e-01   1.0833496644304261e+00   1.0833496644464484e+00   1.6022294602180409e-11
   5.5859375000000000e-01   1.1432095422696091e+00   1.1432095422845792e+00   1.4970025219440686e-11
   5.6640625000000000e-01   1.1979396355365859e+00   1.1979396355500047e+00   1.3418821609434417e-11
   5.7421875000000000e-01   1.2463346803451354e+00   1.2463346803564470e+00   1.1311618308695870e-11
   5.8203125000000000e-01   1.2872252555044501e+00   1.2872252555130717e+00   8.6215479200291156e-12
   5.8984375000000000e-01   1.3195146865982490e+00   1.3195146866036338e+00   5.3848037140369343e-12
   5.9765625000000000e-01   1.3422169144655098e+00   1.3422169144670768e+00   1.5669687769559459e-12
   6.0546875000000000e-01   1.3544937827340737e+00   1.3544937827313250e+00   2.7486901643669626e-12
   6.1328125000000000e-01   1.3556900882962251e+00   1.3556900882888014e+00   7.4236172764585717e-12
   6.2109375000000000e-01   1.3453647041129981e+00   1.3453647041006533e+00   1.2344791855412041e-11
   6.2890625000000000e-01   1.3233161361967587e+00   1.3233161361793977e+00   1.7361001525273423e-11
   6.3671875000000000e-01   1.2896010220670613e+00   1.2896010220447178e+00   2.2343460415186200e-11
   6.4453125000000000e-01   1.2445443166579000e+00   1.2445443166308388e+00   2.7061242136028341e-11
   6.5234375000000000e-01   1.1887402373729046e+00   1.1887402373415692e+00   3.1335378736230268e-11
   6.6015625000000000e-01   1.1230434398704827e+00   1.1230434398354714e+00   3.5011327170764162e-11
   6.6796875000000000e-01   1.0485503510313416e+00   1.0485503509934213e+00   3.7920333539886997e-11
   6.7578125000000000e-01   9.6657107084119998e-01   9.6657107080125992e-01   3.9940051266285082e-11
   6.8359375000000000e-01   8.7859274211497573e-01   8.7859274207401417e-01   4.0961567471242688e-11
   6.9140625000000000e-01   7.8623574559281550e-01   7.8623574555190001e-01   4.0915493215720744e-11
   6.9921875000000000e-01   6.9120447767254634e-01   6.9120447763271564e-01   3.9830694298359504e-11
   7.0703125000000000e-01   5.9523478120551454e-01   5.9523478116774775e-01   3.7766789695581338e-11
   7.1484375000000000e-01   5.0004030352446693e-01   5.0004030348965356e-01   3.4813374405473496e-11
   7.2265625000000000e-01   4.0726013418337820e-01   4.0726013415234902e-01   3.1029179226038650e-11
   7.3046875000000000e-01   3.1841002009824398e-01   3.1841002007165581e-01   2.6588176105235561e-11
   7.3828125000000000e-01   2.3483926940761593e-01   2.3483926938586547e-01   2.1750462542158289e-11
   7.4609375000000000e-01   1.5769514825127659e-01   1.5769514823464095e-01   1.6635637312134577e-11
   8.7890625000000000e-01  -9.6102086891657820e-02  -9.6102086884193777e-02   7.4640432723427352e-12
   8.8671875000000000e-01  -8.0646943693680542e-02  -8.0646943689219625e-02   4.4609177463073024e-12
   8.9453125000000000e-01  -6.5637156799703208e-02  -6.5637156798298860e-02   1.4043488594239761e-12
   9.0234375000000000e-01  -5.1285427505658135e-02  -5.1285427507266917e-02   1.6087825516208909e-12
   9.1015625000000000e-01  -3.7700349474824590e-02  -3.7700349479349173e-02   4.5245820978756512e-12
   9.1796875000000000e-01  -2.4893079845951297e-02  -2.4893079853170186e-02   7.2188886812707409e-12
   9.2578125000000000e-01  -1.2785499185557115e-02  -1.2785499195137875e-02   9.5807597966235392e-12
   9.3359375000000000e-01  -1.2192465599004487e-03  -1.2192465714496248e-03   1.1549176111985693e-11
   9.4140625000000000e-01   1.0034840936006213e-02   1.0034840922867704e-02   1.3138509377674801e-11
   9.4921875000000000e-01   2.1267191512397341e-02   2.1267191498093918e-02   1.4303423029327078e-11
   9.5703125000000000e-01   3.2820005190769289e-02   3.2820005175795794e-02   1.4973494666392639e-11
   9.6484375000000000e-01   4.5077788805059506e-02   4.5077788789928720e-02   1.5130785513406408e-11
   9.7265625000000000e-01   5.8457775631620162e-02   5.8457775616836703e-02   1.4783459179046332e-11
   9.8046875000000000e-01   7.3399993438269931e-02   7.3399993424300203e-02   1.3969728152041228e-11
   9.8828125000000000e-01   9.0356697011290052e-02   9.0356696998603575e-02   1.2686476869028240e-11
   9.9609375000000000e-01   1.0978088224930448e-01   1.0978088223843686e-01   1.0867612365572654e-11
   7.5390625000000000e-01   8.7896166263309872e-02   8.7896166251931321e-02   1.1378550879292959e-11
   7.6171875000000000e-01   2.6115163593497692e-02   2.6115163587306946e-02   6.1907458326349030e-12
   7.6953125000000000e-01  -2.7227413377273565e-02  -2.7227413378538165e-02   1.2645995361992846e-12
   7.7734375000000000e-01  -7.1960194132916488e-02  -7.1960194129641289e-02   3.2751995560076352e-12
   7.8515625000000000e-01  -1.0814817745630947e-01  -1.0814817744895681e-01   7.3526601473972164e-12
   7.9296875000000000e-01  -1.3607173808720596e-01  -1.3607173807636030e-01   1.0845657705260692e-11
   8.0078125000000000e-01  -1.5619881126119897e-01  -1.5619881124748047e-01   1.3718498559356362e-11
   8.0859375000000000e-01  -1.6915197709688543e-01  -1.6915197708093957e-01   1.5945855746934967e-11
   8.1640625000000000e-01  -1.7567230714139667e-01  -1.7567230712393581e-01   1.7460866086338456e-11
   8.2421875000000000e-01  -1.7658185620129835e-01  -1.7658185618306543e-01   1.8232915177662790e-11
   8.3203125000000000e-01  -1.7274659007922760e-01  -1.7274659006092266e-01   1.8304940896385347e-11
   8.3984375000000000e-01  -1.6504134805869039e-01  -1.6504134804093445e-01   1.7755935610708207e-11
   8.4765625000000000e-01  -1.5431816831097570e-01  -1.5431816829434722e-01   1.6628476373625745e-11
   8.5546875000000000e-01  -1.4137897958816720e-01  -1.4137897957322457e-01   1.4942630466308060e-11
   8.6328125000000000e-01  -1.2695331051968503e-01  -1.2695331050688932e-01   1.2795708936863548e-11
   8.7109375000000000e-01  -1.1168131536932520e-01  -1.1168131535905237e-01   1.0272824257917534e-11
