#                  Coord.                Numerical               Analytical                    Error
   3.9062500000000000e-03   8.5997173406146332e-01   8.5997173411742855e-01   5.5965232448329516e-11
   1.1718750000000000e-02   1.0094432246841272e+00   1.0094432247426770e+00   5.8549831649656880e-11
   1.9531250000000000e-02   1.1707917652411870e+00   1.1707917653010309e+00   5.9843907607159963e-11
   2.7343750000000000e-02   1.3418699161029584e+00   1.3418699161624466e+00   5.9488192150070063e-11
   3.5156250000000000e-02   1.5198376601382830e+00   1.5198376601957200e+00   5.7436944089772624e-11
   4.2968750000000000e-02   1.7012025337431220e+00   1.7012025337966923e+00   5.3570259339608128e-11
   5.0781250000000000e-02   1.8819060225056241e+00   1.8819060225535542e+00   4.7930104329907408e-11
   5.8593750000000000e-02   2.0574558728534109e+00   2.0574558728940970e+00   4.0686121138833187e-11
   6.6406250000000000e-02   2.2230999760279992e+00   2.2230999760600407e+00   3.2041480579891868e-11
   7.4218750000000000e-02   2.3740334442546280e+00   2.3740334442768822e+00   2.2254198484006338e-11
   8.2031250000000000e-02   2.5056268563688109e+00   2.5056268563804842e+00   1.1673328970118746e-11
   8.9843750000000000e-02   2.6136608345840582e+00   2.6136608345847430e+00   6.8478556158879655e-13
   9.7656250000000000e-02   2.6945504993079972e+00   2.6945504992975318e+00   1.0465406319326576e-11
   1.0546875000000000e-01   2.7455431952885161e+00   2.7455431952670675e+00   2.1448620657338324e-11
   1.1328125000000000e-01   2.7648742945988198e+00   2.7648742945670906e+00   3.1729285865367274e-11
   1.2109375000000000e-01   2.7518687860339224e+00   2.7518687859929916e+00   4.0930814293460571e-11
   1.2890625000000000e-01   2.7069805044803390e+00   2.7069805044312591e+00   4.9079851294209220e-11
   1.3671875000000000e-01   2.6317658336896859e+00   2.6317658336337697e+00   5.5916160590641084e-11
   1.4453125000000000e-01   2.5287940231791115e+00   2.5287940231180266e+00   6.1084914904085963e-11
   1.5234375000000000e-01   2.4015013449144442e+00   2.4015013448499012e+00   6.4543037581188401e-11
   1.6015625000000000e-01   2.2540006561655033e+00   2.2540006560990338e+00   6.6469496573517972e-11
   1.6796875000000000e-01   2.0908611026455937e+00   2.0908611025788209e+00   6.6772809503845565e-11
   1.7578125000000000e-01   1.9168744064245498e+00   1.9168744063590684e+00   6.5481398081601583e-11
   1.8359375000000000e-01   1.7368243267868559e+00   1.7368243267240531e+00   6.2802874012390930e-11
   1.9140625000000000e-01   1.5552745306494136e+00   1.5552745305904776e+00   5.8935967217621510e-11
   1.9921875000000000e-01   1.3763874959967439e+00   1.3763874959424949e+00   5.4249049696863949e-11
   2.0703125000000000e-01   1.2037835538410566e+00   1.2037835537920312e+00   4.9025450366002588e-11
   2.1484375000000000e-01   1.0404451789421576e+00   1.0404451788987048e+00   4.3452796916199077e-11
   2.2265625000000000e-01   8.8866760759030683e-01   8.8866760755260144e-01   3.7705394362319566e-11
   2.3046875000000000e-01   7.5005319211392785e-01   7.5005319208175325e-01   3.2174596320544424e-11
   2.3828125000000000e-01   6.2554391254567587e-01   6.2554391251856678e-01   2.7109092748389685e-11
   2.4609375000000000e-01   5.1548436086493732e-01   5.1548436084244886e-01   2.2488455542202246e-11
   2.5390625000000000e-01   4.1970637597552984e-01   4.1970637595720156e-01   1.8328283335478091e-11
   2.6171875000000000e-01   3.3762630712436781e-01   3.3762630710964558e-01   1.4722223440344351e-11
   2.6953125000000000e-01   2.6834649456517551e-01   2.6834649455351983e-01   1.1655676424027206e-11
   2.7734375000000000e-01   2.1075378828073685e-01   2.1075378827163774e-01   9.0991103540716267e-12
   2.8515625000000000e-01   1.6360955486217119e-01   1.6360955485516959e-01   7.0015937492229341e-12
   2.9296875000000000e-01   1.2562742354257370e-01   1.2562742353731199e-01   5.2617077361816200e-12
   3.0078125000000000e-01   9.5536792900046907e-02   9.5536792896242326e-02   3.8045816497245255e-12
   3.0859375000000000e-01   7.2131699571420779e-02   7.2131699568799584e-02   2.6211949277765711e-12
   3.1640625000000000e-01   5.4305930284272205e-02   5.4305930282627368e-02   1.6448370443455929e-12
   3.2421875000000000e-01   4.1076181933237456e-02   4.1076181932430351e-02   8.0710438332687318e-13
   3.3203125000000000e-01   3.1595631796833223e-02   3.1595631796783902e-02   4.9321657868972579e-14
   3.3984375000000000e-01   2.5160499125039919e-02   2.5160499125686738e-02   6.4681940359356815e-13
   3.4765625000000000e-01   2.1212113129334523e-02   2.1212113130636832e-02   1.3023089551200684e-12
   3.5546875000000000e-01   1.9336716409318142e-02   1.9336716411294665e-02   1.9765231118462623e-12
   3.6328125000000000e-01   1.9264794225700873e-02   1.9264794228419098e-02   2.7182249506818579e-12
   3.7109375000000000e-01   2.0871189284325898e-02   2.0871189287868498e-02   3.5426002409355561e-12
   3.7890625000000000e-01   2.4176687720502923e-02   2.4176687724974957e-02   4.4720338543413618e-12
   3.8671875000000000e-01   2.9351180587544243e-02   2.9351180593099081e-02   5.5548378397052289e-12
   3.9453125000000000e-01   3.6717940820983404e-02   3.6717940827823335e-02   6.8399313990497035e-12
   4.0234375000000000e-01   4.6758025624390451e-02   4.6758025632755523e-02   8.3650725235528967e-12
   4.1015625000000000e-01   6.0113334089963562e-02   6.0113334100130159e-02   1.0166596731142619e-11
   4.1796875000000000e-01   7.7586439237622734e-02   7.7586439249940534e-02   1.2317799558125841e-11
   4.2578125000000000e-01   1.0013500069247605e-01   1.0013500070737510e-01   1.4899054212591523e-11
   4.3359375000000000e-01   1.2885838777130271e-01   1.2885838778922926e-01   1.7926549134017478e-11
   4.4140625000000000e-01   1.6497415113932062e-01   1.6497415116072617e-01   2.1405544003982868e-11
   4.4921875000000000e-01   2.0978222717582620e-01   2.0978222720120049e-01   2.5374286005686031e-11
   4.5703125000000000e-01   2.6461529115287213e-01   2.6461529118266636e-01   2.9794222644596857e-11
   4.6484375000000000e-01   3.3077452572785998e-01   3.3077452576240240e-01   3.4542424476313727e-11
   4.7265625000000000e-01   4.0945124369517499e-01   4.0945124373461644e-01   3.9441450105925924e-11
   4.8046875000000000e-01   5.0163626132830008e-01   5.0163626137265815e-01   4.4358072770478429e-11
   4.8828125000000000e-01   6.0802057478490490e-01   6.0802057483401506e-01   4.9110160382781487e-11
   4.9609375000000000e-01   7.2889260939056499e-01   7.2889260944388423e-01   5.3319237913740380e-11
   5.0390625000000000e-01   8.6403890703703257e-01   8.6403890709372100e-01   5.6688431726570343e-11
   5.1171875000000000e-01   1.0126563765961358e+00   1.0126563766551302e+00   5.8994364948716793e-11
   5.1953125000000000e-01   1.1732849351332681e+00   1.1732849351932539e+00   5.9985794109707058e-11
   5.2734375000000000e-01   1.3437693156533925e+00   1.3437693157128390e+00   5.9446447764344157e-11
   5.3515625000000000e-01   1.5212578678011826e+00   1.5212578678584086e+00   5.7226001715093844e-11
   5.4296875000000000e-01   1.7022442757619376e+00   1.7022442758151957e+00   5.3258064625083534e-11
   5.5078125000000000e-01   1.8826553170869791e+00   1.8826553171346374e+00   4.7658321733479170e-11
   5.5859375000000000e-01   2.0579842626787852e+00   2.0579842627193199e+00   4.0534686718274315e-11
   5.6640625000000000e-01   2.2234655623378310e+00   2.2234655623699080e+00   3.2077007716679873e-11
   5.7421875000000000e-01   2.3742824544189607e+00   2.3742824544413077e+00   2.2347013128865001e-11
   5.8203125000000000e-01   2.5057955162205490e+00   2.5057955162322374e+00   1.1688428003253648e-11
   5.8984375000000000e-01   2.6137773670102376e+00   2.6137773670108322e+00   5.9463545198923384e-13
   5.9765625000000000e-01   2.6946371230326811e+00   2.6946371230219945e+00   1.0686562745831907e-11
   6.0546875000000000e-01   2.7456180455974715e+00   2.7456180455756654e+00   2.1806112471267625e-11
   6.1328125000000000e-01   2.7649532261068117e+00   2.7649532260744989e+00   3.2312819087110256e-11
   6.2109375000000000e-01   2.7519670435400920e+00   2.7519670434982850e+00   4.1807002304494745e-11
   6.2890625000000000e-01   2.7071142602195275e+00   2.7071142601694498e+00   5.0077719748742311e-11
   6.3671875000000000e-01   2.6319535879683129e+00   2.6319535879114442e+00   5.6868731945769468e-11
   6.4453125000000000e-01   2.5290578517487359e+00   2.5290578516868627e+00   6.1873173251569824e-11
   6.5234375000000000e-01   2.4018679528113793e+00   2.4018679527464268e+00   6.4952487832670158e-11
   6.6015625000000000e-01   2.2545021674864070e+00   2.2545021674201915e+00   6.6215477545483736e-11
   6.6796875000000000e-01   2.0915354832654316e+00   2.0915354831996971e+00   6.5734528931216119e-11
   6.7578125000000000e-01   1.9177653874721328e+00   1.9177653874084490e+00   6.3683724960128529e-11
   6.8359375000000000e-01   1.7379806771253992e+00   1.7379806770650097e+00   6.0389471201460765e-11
   6.9140625000000000e-01   1.5567485234764100e+00   1.5567485234203926e+00   5.6017412930486898e-11
   6.9921875000000000e-01   1.3782324345231018e+00   1.3782324344721759e+00   5.0925930139555931e-11
   7.0703125000000000e-01   1.2060502690893535e+00   1.2060502690440091e+00   4.5344394905555419e-11
   7.1484375000000000e-01   1.0431774917492054e+00   1.0431774917096381e+00   3.9567238374615954e-11
   7.2265625000000000e-01   8.9189685583503397e-01   8.9189685580121059e-01   3.3823388534415244e-11
   7.3046875000000000e-01   7.5379205708242070e-01   7.5379205705417440e-01   2.8246294192513233e-11
   7.3828125000000000e-01   6.2977992382495318e-01   6.2977992380182979e-01   2.3123392089985373e-11
   7.4609375000000000e-01   5.2017360065959584e-01   5.2017360064107210e-01   1.8523738098963349e-11
   8.7890625000000000e-01   9.6306241498092058e-03   9.6306241511781455e-03   1.3689396838323376e-12
   8.8671875000000000e-01   1.3599753250959303e-02   1.3599753253100073e-02   2.1407701999986983e-12
   8.9453125000000000e-01   2.0123119925534880e-02   2.0123119928777536e-02   3.2426561435983103e-12
   9.0234375000000000e-01   2.9702731892209518e-02   2.9702731896928111e-02   4.7185935714288973e-12
   9.1015625000000000e-01   4.2981122226463851e-02   4.2981122233071115e-02   6.6072633475577902e-12
   9.1796875000000000e-01   6.0742164484447081e-02   6.0742164493404957e-02   8.9578761075514990e-12
   9.2578125000000000e-01   8.3907888576709388e-02   8.3907888588504578e-02   1.1795189824859165e-11
   9.3359375000000000e-01   1.1352862150103010e-01   1.1352862151614558e-01   1.5115478313454389e-11
   9.4140625000000000e-01   1.5076369489337441e-01   1.5076369491226380e-01   1.8889390052123645e-11
   9.4921875000000000e-01   1.9685016850016002e-01   1.9685016852329013e-01   2.3130108939284355e-11
   9.5703125000000000e-01   2.5305756402455420e-01   2.5305756405232832e-01   2.7774116340140154e-11
   9.6484375000000000e-01   3.2062751315760396e-01   3.2062751319037275e-01   3.2768787683323808e-11
   9.7265625000000000e-01   4.0069848846037531e-01   4.0069848849828865e-01   3.7913339134831858e-11
   9.8046875000000000e-01   4.9421735375030512e-01   4.9421735379333359e-01   4.3028469676187342e-11
   9.8828125000000000e-01   6.0184123978180326e-01   6.0184123982972459e-01   4.7921333568012869e-11
   9.9609375000000000e-01   7.2383506976109102e-01   7.2383506981341927e-01   5.2328252841959966e-11
   7.5390625000000000e-01   4.2476802071605546e-01   4.2476802070160047e-01   1.4454992758317076e-11
   7.6171875000000000e-01   3.4293871439284018e-01   3.4293871438198203e-01   1.0858147714287725e-11
   7.6953125000000000e-01   2.7374554583109895e-01   2.7374554582323962e-01   7.8593243024727144e-12
   7.7734375000000000e-01   2.1603411693920194e-01   2.1603411693373598e-01   5.4659610171370332e-12
   7.8515625000000000e-01   1.6852911756243963e-01   1.6852911755886466e-01   3.5749736504442353e-12
   7.9296875000000000e-01   1.2991561540776375e-01   1.2991561540565918e-01   2.1045665210550624e-12
   8.0078125000000000e-01   9.8905981760182241e-02   9.8905981759143113e-02   1.0391271176857231e-12
   8.0859375000000000e-01   7.4291691281662464e-02   7.4291691281325262e-02   3.3720248815427567e-13
   8.1640625000000000e-01   5.4980517154805841e-02   5.4980517154904270e-02   9.8428210026924035e-14
   8.2421875000000000e-01   4.0020615138872499e-02   4.0020615139214122e-02   3.4162256357106457e-13
   8.3203125000000000e-01   2.8613641254256996e-02   2.8613641254695312e-02   4.3831605012201180e-13
   8.3984375000000000e-01   2.0119397707116897e-02   2.0119397707556778e-02   4.3988077069734288e-13
   8.4765625000000000e-01   1.4054588921539686e-02   1.4054588921965382e-02   4.2569593683428053e-13
   8.5546875000000000e-01   1.0088140734645354e-02   1.0088140735100923e-02   4.5556960981407713e-13
   8.6328125000000000e-01   8.0352371481940479e-03   8.0352371487767589e-03   5.8271096281536927e-13
   8.7109375000000000e-01   7.8518013021828380e-03   7.8518013030499222e-03   8.6708418223224726e-13
