#                  Coord.                Numerical               Analytical                    Error
   3.9062500000000000e-03   8.5775733104535246e-01   8.5775733104532170e-01   3.0753177782116836e-14
   1.1718750000000000e-02   8.9265962108388719e-01   8.9265962108386288e-01   2.4313884239290928e-14
   1.9531250000000000e-02   9.2740486598664340e-01   9.2740486598662142e-01   2.1982415887578100e-14
   2.7343750000000000e-02   9.6211742761063501e-01   9.6211742761061514e-01   1.9872992140790302e-14
   3.5156250000000000e-02   9.9693343948129276e-01   9.9693343948127155e-01   2.1205259770340490e-14
   4.2968750000000000e-02   1.0319952905921286e+00   1.0319952905921117e+00   1.6875389974302379e-14
   5.0781250000000000e-02   1.0674455229356550e+00   1.0674455229356332e+00   2.1760371282653068e-14
   5.8593750000000000e-02   1.1034202236292976e+00   1.1034202236292814e+00   1.6209256159527285e-14
   6.6406250000000000e-02   1.1400420096510173e+00   1.1400420096510056e+00   1.1768364061026659e-14
   7.4218750000000000e-02   1.1774127198097779e+00   1.1774127198097672e+00   1.0658141036401503e-14
   8.2031250000000000e-02   1.2156059445245895e+00   1.2156059445245886e+00   8.8817841970012523e-16
   8.9843750000000000e-02   1.2546595393036777e+00   1.2546595393036848e+00   7.1054273576010019e-15
   9.7656250000000000e-02   1.2945682825893245e+00   1.2945682825893310e+00   6.4392935428259079e-15
   1.0546875000000000e-01   1.3352768528978025e+00   1.3352768528977994e+00   3.1086244689504383e-15
   1.1328125000000000e-01   1.3766733138206377e+00   1.3766733138206351e+00   2.6645352591003757e-15
   1.2109375000000000e-01   1.4185833081244388e+00   1.4185833081244426e+00   3.7747582837255322e-15
   1.2890625000000000e-01   1.4607651732867712e+00   1.4607651732867741e+00   2.8865798640254070e-15
   1.3671875000000000e-01   1.5029061994571298e+00   1.5029061994571278e+00   1.9984014443252818e-15
   1.4453125000000000e-01   1.5446202559057951e+00   1.5446202559057891e+00   5.9952043329758453e-15
   1.5234375000000000e-01   1.5854470121915507e+00   1.5854470121915436e+00   7.1054273576010019e-15
   1.6015625000000000e-01   1.6248529740895767e+00   1.6248529740895676e+00   9.1038288019262836e-15
   1.6796875000000000e-01   1.6622345402857797e+00   1.6622345402857694e+00   1.0214051826551440e-14
   1.7578125000000000e-01   1.6969232625430217e+00   1.6969232625430122e+00   9.5479180117763462e-15
   1.8359375000000000e-01   1.7281934582322898e+00   1.7281934582322771e+00   1.2656542480726785e-14
   1.9140625000000000e-01   1.7552722788381971e+00   1.7552722788381840e+00   1.3100631690576847e-14
   1.9921875000000000e-01   1.7773522807303033e+00   1.7773522807302902e+00   1.3100631690576847e-14
   2.0703125000000000e-01   1.7936064750802165e+00   1.7936064750801965e+00   1.9984014443252818e-14
   2.1484375000000000e-01   1.8032057528446550e+00   1.8032057528446352e+00   1.9761969838327786e-14
   2.2265625000000000e-01   1.8053384894623823e+00   1.8053384894623556e+00   2.6645352591003757e-14
   2.3046875000000000e-01   1.7992320343234876e+00   1.7992320343234602e+00   2.7311486405778851e-14
   2.3828125000000000e-01   1.7841756849610946e+00   1.7841756849610773e+00   1.7319479184152442e-14
   2.4609375000000000e-01   1.7595446388932745e+00   1.7595446388932594e+00   1.5099033134902129e-14
   2.5390625000000000e-01   1.7248243114876256e+00   1.7248243114876161e+00   9.5479180117763462e-15
   2.6171875000000000e-01   1.6796343111993530e+00   1.6796343111993439e+00   9.1038288019262836e-15
   2.6953125000000000e-01   1.6237512796560312e+00   1.6237512796560276e+00   3.5527136788005009e-15
   2.7734375000000000e-01   1.5571297392813606e+00   1.5571297392813521e+00   8.4376949871511897e-15
   2.8515625000000000e-01   1.4799200514935045e+00   1.4799200514935067e+00   2.2204460492503131e-15
   2.9296875000000000e-01   1.3924825797694769e+00   1.3924825797694842e+00   7.3274719625260332e-15
   3.0078125000000000e-01   1.2953971792138137e+00   1.2953971792138179e+00   4.2188474935755949e-15
   3.0859375000000000e-01   1.1894672018866903e+00   1.1894672018867101e+00   1.9761969838327786e-14
   3.1640625000000000e-01   1.0757173177984567e+00   1.0757173177984847e+00   2.7977620220553945e-14
   3.2421875000000000e-01   9.5538460612715426e-01   9.5538460612719278e-01   3.8524738954492932e-14
   3.3203125000000000e-01   8.2990256867029677e-01   8.2990256867034484e-01   4.8072656966269278e-14
   3.3984375000000000e-01   7.0087795417267118e-01   7.0087795417272181e-01   5.0626169922907138e-14
   3.4765625000000000e-01   5.7006055174577330e-01   5.7006055174582704e-01   5.3734794391857577e-14
   3.5546875000000000e-01   4.3930640523249420e-01   4.3930640523255787e-01   6.3671290462252728e-14
   3.6328125000000000e-01   3.1053520667414375e-01   3.1053520667421036e-01   6.6613381477509392e-14
   3.7109375000000000e-01   1.8568293238977165e-01   1.8568293238984088e-01   6.9222405585378510e-14
   3.7890625000000000e-01   6.6651074238345098e-02   6.6651074238415278e-02   7.0179972944117708e-14
   3.8671875000000000e-01  -4.4745924989148908e-02  -4.4745924989082128e-02   6.6779914931203166e-14
   3.9453125000000000e-01  -1.4683321600455707e-01  -1.4683321600448540e-01   7.1664896239553855e-14
   4.0234375000000000e-01  -2.3812610925225614e-01  -2.3812610925218233e-01   7.3802075561957281e-14
   4.1015625000000000e-01  -3.1737664201283394e-01  -3.1737664201276183e-01   7.2108985449403917e-14
   4.1796875000000000e-01  -3.8361415274595173e-01  -3.8361415274588528e-01   6.6446848023815619e-14
   4.2578125000000000e-01  -4.3617799362324716e-01  -4.3617799362317916e-01   6.8001160258290838e-14
   4.3359375000000000e-01  -4.7474073635788983e-01  -4.7474073635782049e-01   6.9333427887841026e-14
   4.4140625000000000e-01  -4.9932054689592070e-01  -4.9932054689585803e-01   6.2672089740090087e-14
   4.4921875000000000e-01  -5.1028181209382395e-01  -5.1028181209375434e-01   6.9610983643997315e-14
   4.5703125000000000e-01  -5.0832358099659802e-01  -5.0832358099653885e-01   5.9174887212520844e-14
   4.6484375000000000e-01  -4.9445591398083732e-01  -4.9445591398079125e-01   4.6074255521943996e-14
   4.7265625000000000e-01  -4.6996478926152896e-01  -4.6996478926147772e-01   5.1236792586450974e-14
   4.8046875000000000e-01  -4.3636676891443682e-01  -4.3636676891439136e-01   4.5463632858400160e-14
   4.8828125000000000e-01  -3.9535514446270614e-01  -3.9535514446266989e-01   3.6248781754011361e-14
   4.9609375000000000e-01  -3.4873973391520752e-01  -3.4873973391518176e-01   2.5757174171303632e-14
   5.0390625000000000e-01  -2.9838285856051133e-01  -2.9838285856049857e-01   1.2767564783189300e-14
   5.1171875000000000e-01  -2.4613426348975459e-01  -2.4613426348974790e-01   6.6890937233665682e-15
   5.1953125000000000e-01  -1.9376784146121090e-01  -1.9376784146121451e-01   3.6082248300317588e-15
   5.2734375000000000e-01  -1.4292296380567110e-01  -1.4292296380568914e-01   1.8041124150158794e-14
   5.3515625000000000e-01  -9.5053012129505482e-02  -9.5053012129532932e-02   2.7450264283856995e-14
   5.4296875000000000e-01  -5.1383347895254554e-02  -5.1383347895290525e-02   3.5971225997855072e-14
   5.5078125000000000e-01  -1.2880470656255687e-02  -1.2880470656295280e-02   3.9593328615694645e-14
   5.5859375000000000e-01   1.9766473961814891e-02   1.9766473961772082e-02   4.2809505940155645e-14
   5.6640625000000000e-01   4.6151334522935100e-02   4.6151334522893044e-02   4.2056635951581711e-14
   5.7421875000000000e-01   6.6143929111939823e-02   6.6143929111907654e-02   3.2168712138513911e-14
   5.8203125000000000e-01   7.9871218435398073e-02   7.9871218435372787e-02   2.5285329385837940e-14
   5.8984375000000000e-01   8.7688159496830981e-02   8.7688159496807791e-02   2.3189783426857957e-14
   5.9765625000000000e-01   9.0140247180124131e-02   9.0140247180110170e-02   1.3961054534661343e-14
   6.0546875000000000e-01   8.7920146225877183e-02   8.7920146225869661e-02   7.5217609918354356e-15
   6.1328125000000000e-01   8.1821056691685018e-02   8.1821056691676358e-02   8.6597395920762210e-15
   6.2109375000000000e-01   7.2689527558167974e-02   7.2689527558163630e-02   4.3437475838459250e-15
   6.2890625000000000e-01   6.1380333109998825e-02   6.1380333110002093e-02   3.2682190287403046e-15
   6.3671875000000000e-01   4.8715764766209098e-02   4.8715764766209799e-02   7.0082828429463007e-16
   6.4453125000000000e-01   3.5451288430419253e-02   3.5451288430412647e-02   6.6058269965196814e-15
   6.5234375000000000e-01   2.2249005438598628e-02   2.2249005438591277e-02   7.3517580911897085e-15
   6.6015625000000000e-01   9.6597726043222750e-03   9.6597726043265424e-03   4.2674197509029455e-15
   6.6796875000000000e-01  -1.8857730286326578e-03  -1.8857730286373489e-03   4.6911259599102806e-15
   6.7578125000000000e-01  -1.2077632037594944e-02  -1.2077632037610631e-02   1.5687104393258267e-14
   6.8359375000000000e-01  -2.0719184580714010e-02  -2.0719184580730281e-02   1.6271706204662451e-14
   6.9140625000000000e-01  -2.7713577501259735e-02  -2.7713577501279521e-02   1.9786255966991462e-14
   6.9921875000000000e-01  -3.3045395137175831e-02  -3.3045395137191257e-02   1.5425161148385769e-14
   7.0703125000000000e-01  -3.6759431151772680e-02  -3.6759431151790235e-02   1.7555401576885288e-14
   7.1484375000000000e-01  -3.8938413544503857e-02  -3.8938413544518040e-02   1.4183099139586375e-14
   7.2265625000000000e-01  -3.9681432407350482e-02  -3.9681432407359073e-02   8.5903506530371487e-15
   7.3046875000000000e-01  -3.9084597043261206e-02  -3.9084597043269935e-02   8.7291285311152933e-15
   7.3828125000000000e-01  -3.7225131516385838e-02  -3.7225131516388350e-02   2.5118795932144167e-15
   7.4609375000000000e-01  -3.4149737375331640e-02  -3.4149737375328018e-02   3.6221026178395732e-15
   8.7890625000000000e-01   2.6926545066295338e-01   2.6926545066293839e-01   1.4988010832439613e-14
   8.8671875000000000e-01   3.0364974032789011e-01   3.0364974032787445e-01   1.5654144647214707e-14
   8.9453125000000000e-01   3.3920404551635197e-01   3.3920404551633554e-01   1.6431300764452317e-14
   9.0234375000000000e-01   3.7570714959170753e-01   3.7570714959169010e-01   1.7430501486614958e-14
   9.1015625000000000e-01   4.1293766129405068e-01   4.1293766129403253e-01   1.8152146452621309e-14
   9.1796875000000000e-01   4.5068039193628473e-01   4.5068039193626364e-01   2.1094237467877974e-14
   9.2578125000000000e-01   4.8873210586395438e-01   4.8873210586393351e-01   2.0872192862952943e-14
   9.3359375000000000e-01   5.2690654149420357e-01   5.2690654149417804e-01   2.5535129566378600e-14
   9.4140625000000000e-01   5.6503864886062893e-01   5.6503864886060051e-01   2.8421709430404007e-14
   9.4921875000000000e-01   6.0298802462802625e-01   6.0298802462799850e-01   2.7755575615628914e-14
   9.5703125000000000e-01   6.4064154729756950e-01   6.4064154729753120e-01   3.8302694349567901e-14
   9.6484375000000000e-01   6.7791522566531925e-01   6.7791522566529383e-01   2.5424107263916085e-14
   9.7265625000000000e-01   7.1475527540210904e-01   7.1475527540208639e-01   2.2648549702353193e-14
   9.8046875000000000e-01   7.5113843519854528e-01   7.5113843519851287e-01   3.2418512319054571e-14
   9.8828125000000000e-01   7.8707152849095652e-01   7.8707152849093387e-01   2.2648549702353193e-14
   9.9609375000000000e-01   8.2259027208725255e-01   8.2259027208722280e-01   2.9753977059954195e-14
   7.5390625000000000e-01  -2.9867643993581987e-02  -2.9867643993576113e-02   5.8737736896574688e-15
   7.6171875000000000e-01  -2.4348365329261688e-02  -2.4348365329251321e-02   1.0366707492437399e-14
   7.6953125000000000e-01  -1.7523818349936160e-02  -1.7523818349924711e-02   1.1449174941446927e-14
   7.7734375000000000e-01  -9.2941585886958614e-03  -9.2941585886828285e-03   1.3032977475013752e-14
   7.8515625000000000e-01   4.6352960671656578e-04   4.6352960673126599e-04   1.4700209365753336e-14
   7.9296875000000000e-01   1.1884677117602944e-02   1.1884677117604043e-02   1.0980799602933189e-15
   8.0078125000000000e-01   2.5105831840565942e-02   2.5105831840563555e-02   2.3869795029440866e-15
   8.0859375000000000e-01   4.0253391366643874e-02   4.0253391366649391e-02   5.5164206536062466e-15
   8.1640625000000000e-01   5.7433318585104705e-02   5.7433318585100354e-02   4.3506864777498322e-15
   8.2421875000000000e-01   7.6722518933584061e-02   7.6722518933575040e-02   9.0205620750793969e-15
   8.3203125000000000e-01   9.8162353596869104e-02   9.8162353596855836e-02   1.3267165144270621e-14
   8.3984375000000000e-01   1.2175454871106317e-01   1.2175454871105100e-01   1.2170819907453279e-14
   8.4765625000000000e-01   1.4745955599811766e-01   1.4745955599810887e-01   8.7985174701543656e-15
   8.5546875000000000e-01   1.7519724118417879e-01   1.7519724118416469e-01   1.4099832412739488e-14
   8.6328125000000000e-01   2.0484963439678341e-01   2.0484963439677359e-01   9.8254737679326354e-15
   8.7109375000000000e-01   2.3626537774139708e-01   2.3626537774138728e-01   9.7977181923170065e-15
