#                  Coord.                Numerical               Analytical                    Error
   3.9062500000000000e-03  -8.3911685842044093e-01  -8.3911685840982608e-01   1.0614842338441122e-11
   1.1718750000000000e-02  -8.6651399943993135e-01  -8.6651399942883456e-01   1.1096790153430902e-11
   1.9531250000000000e-02  -8.8926913223052462e-01  -8.8926913221941051e-01   1.1114109632615055e-11
   2.7343750000000000e-02  -9.0836072242048171e-01  -9.0836072240980270e-01   1.0679013229264456e-11
   3.5156250000000000e-02  -9.2477852133275218e-01  -9.2477852132292560e-01   9.8265839909572605e-12
   4.2968750000000000e-02  -9.3947811998317876e-01  -9.3947811997459918e-01   8.5795814896982847e-12
   5.0781250000000000e-02  -9.5333834496810765e-01  -9.5333834496109271e-01   7.0149441810940516e-12
   5.8593750000000000e-02  -9.6712339119385338e-01  -9.6712339118865220e-01   5.2011728257639334e-12
   6.6406250000000000e-02  -9.8145131093821680e-01  -9.8145131093494953e-01   3.2672753391693732e-12
   7.4218750000000000e-02  -9.9677011530358572e-01  -9.9677011530230408e-01   1.2816414596272807e-12
   8.2031250000000000e-02  -1.0133423159304076e+00  -1.0133423159311239e+00   7.1631589548815100e-13
   8.9843750000000000e-02  -1.0312382696908009e+00  -1.0312382696934210e+00   2.6201263381153694e-12
   9.7656250000000000e-02  -1.0503382173847713e+00  -1.0503382173891218e+00   4.3505199442961384e-12
   1.0546875000000000e-01  -1.0703424599848272e+00  -1.0703424599906914e+00   5.8641980160700768e-12
   1.1328125000000000e-01  -1.0907887215231264e+00  -1.0907887215302206e+00   7.0941030827498253e-12
   1.2109375000000000e-01  -1.1110754309247628e+00  -1.1110754309327679e+00   8.0051520967572287e-12
   1.2890625000000000e-01  -1.1304894345166201e+00  -1.1304894345252112e+00   8.5911278091543863e-12
   1.3671875000000000e-01  -1.1482365376224668e+00  -1.1482365376313204e+00   8.8535845321757733e-12
   1.4453125000000000e-01  -1.1634732702831123e+00  -1.1634732702918895e+00   8.7772011880815626e-12
   1.5234375000000000e-01  -1.1753383729158196e+00  -1.1753383729241955e+00   8.3759665869820310e-12
   1.6015625000000000e-01  -1.1829826889315118e+00  -1.1829826889392114e+00   7.6996187203803856e-12
   1.6796875000000000e-01  -1.1855964125702587e+00  -1.1855964125770184e+00   6.7597039077327281e-12
   1.7578125000000000e-01  -1.1824329462520820e+00  -1.1824329462576788e+00   5.5968563117403392e-12
   1.8359375000000000e-01  -1.1728289447088192e+00  -1.1728289447130962e+00   4.2770231800659531e-12
   1.9140625000000000e-01  -1.1562204350275944e+00  -1.1562204350304024e+00   2.8079760738819459e-12
   1.9921875000000000e-01  -1.1321551767315272e+00  -1.1321551767327649e+00   1.2376766278521245e-12
   2.0703125000000000e-01  -1.1003016428557126e+00  -1.1003016428553249e+00   3.8768988019910466e-13
   2.1484375000000000e-01  -1.0604551465999639e+00  -1.0604551465979153e+00   2.0485835250383388e-12
   2.2265625000000000e-01  -1.0125417009283648e+00  -1.0125417009246167e+00   3.7481129311345285e-12
   2.3046875000000000e-01  -9.5662018070903976e-01  -9.5662018070363097e-01   5.4087845313688376e-12
   2.3828125000000000e-01  -8.9288326654850370e-01  -8.9288326654151595e-01   6.9877437169907353e-12
   2.4609375000000000e-01  -8.2165750095117740e-01  -8.2165750094270751e-01   8.4698914548653192e-12
   2.5390625000000000e-01  -7.4340260053236462e-01  -7.4340260052251650e-01   9.8481223176349886e-12
   2.6171875000000000e-01  -6.5870996557861428e-01  -6.5870996556751071e-01   1.1103562513881116e-11
   2.6953125000000000e-01  -5.6830013406042801e-01  -5.6830013404828095e-01   1.2147061134726300e-11
   2.7734375000000000e-01  -4.7301876373677260e-01  -4.7301876372382201e-01   1.2950585048798757e-11
   2.8515625000000000e-01  -3.7383061238977927e-01  -3.7383061237625143e-01   1.3527845510452607e-11
   2.9296875000000000e-01  -2.7181093664021744e-01  -2.7181093662635858e-01   1.3858858505244598e-11
   3.0078125000000000e-01  -1.6813375222871269e-01  -1.6813375221483703e-01   1.3875650628492053e-11
   3.0859375000000000e-01  -6.4056494425173721e-02  -6.4056494411618106e-02   1.3555614963856044e-11
   3.1640625000000000e-01   3.9099218954123216e-02   3.9099218967052492e-02   1.2929275705619858e-11
   3.2421875000000000e-01   1.3997079888244021e-01   1.3997079889441644e-01   1.1976225566812104e-11
   3.3203125000000000e-01   2.3718168665030126e-01   2.3718168666098535e-01   1.0684092499602116e-11
   3.3984375000000000e-01   3.2937167935171319e-01   3.2937167936078138e-01   9.0681906428358161e-12
   3.4765625000000000e-01   4.1522983146743742e-01   4.1522983147463161e-01   7.1941896884197831e-12
   3.5546875000000000e-01   4.9352892499434386e-01   4.9352892499941009e-01   5.0662252171207456e-12
   3.6328125000000000e-01   5.6316028283131447e-01   5.6316028283400710e-01   2.6926239016233922e-12
   3.7109375000000000e-01   6.2316754151029208e-01   6.2316754151042064e-01   1.2856382625159313e-13
   3.7890625000000000e-01   6.7277791310573820e-01   6.7277791310322599e-01   2.5122126601218042e-12
   3.8671875000000000e-01   7.1142946087289716e-01   7.1142946086777126e-01   5.1258997046943477e-12
   3.9453125000000000e-01   7.3879299243075414e-01   7.3879299242301066e-01   7.7434725298530793e-12
   4.0234375000000000e-01   7.5478733660351793e-01   7.5478733659320030e-01   1.0317635634748967e-11
   4.1015625000000000e-01   7.5958700897604126e-01   7.5958700896334763e-01   1.2693623929749265e-11
   4.1796875000000000e-01   7.5362157598378920e-01   7.5362157596899237e-01   1.4796830427599161e-11
   4.2578125000000000e-01   7.3756638332740931e-01   7.3756638331082514e-01   1.6584178474943201e-11
   4.3359375000000000e-01   7.1232470400899650e-01   7.1232470399100845e-01   1.7988055489581711e-11
   4.4140625000000000e-01   6.7900176446835336e-01   6.7900176444938176e-01   1.8971602067097137e-11
   4.4921875000000000e-01   6.3887150302724061e-01   6.3887150300772511e-01   1.9515500326861002e-11
   4.5703125000000000e-01   5.9333728172222400e-01   5.9333728170266109e-01   1.9562906850012496e-11
   4.6484375000000000e-01   5.4388808996549398e-01   5.4388808994639559e-01   1.9098389536509330e-11
   4.7265625000000000e-01   4.9205202746797494e-01   4.9205202744982596e-01   1.8148982317001128e-11
   4.8046875000000000e-01   4.3934901850065555e-01   4.3934901848390268e-01   1.6752876863534993e-11
   4.8828125000000000e-01   3.8724477773693883e-01   3.8724477772198196e-01   1.4956869076598878e-11
   4.9609375000000000e-01   3.3710801226779558e-01   3.3710801225497983e-01   1.2815748462458032e-11
   5.0390625000000000e-01   2.9017270308463411e-01   2.9017270307420423e-01   1.0429879182538571e-11
   5.1171875000000000e-01   2.4750706655753602e-01   2.4750706654964205e-01   7.8939632608410193e-12
   5.1953125000000000e-01   2.0999046254696260e-01   2.0999046254169423e-01   5.2683690743293710e-12
   5.2734375000000000e-01   1.7829910707794575e-01   1.7829910707532581e-01   2.6199320490860600e-12
   5.3515625000000000e-01   1.5290098559548373e-01   1.5290098559539328e-01   9.0455420931334629e-14
   5.4296875000000000e-01   1.3405987357908039e-01   1.3405987358134602e-01   2.2656321263525570e-12
   5.5078125000000000e-01   1.2184788338083515e-01   1.2184788338527598e-01   4.4408365873493949e-12
   5.5859375000000000e-01   1.1616549923183368e-01   1.1616549923816301e-01   6.3293259522367862e-12
   5.6640625000000000e-01   1.1676766512656996e-01   1.1676766513442186e-01   7.8518996859955337e-12
   5.7421875000000000e-01   1.2329417841490532e-01   1.2329417842398947e-01   9.0841500988148027e-12
   5.8203125000000000e-01   1.3530243610977413e-01   1.3530243611981257e-01   1.0038442299631356e-11
   5.8984375000000000e-01   1.5230049523626107e-01   1.5230049524692504e-01   1.0663969707280785e-11
   5.9765625000000000e-01   1.7377844922666336e-01   1.7377844923766958e-01   1.1006223710197105e-11
   6.0546875000000000e-01   1.9923628709646382e-01   1.9923628710763674e-01   1.1172923697344572e-11
   6.1328125000000000e-01   2.2820668005362771e-01   2.2820668006479694e-01   1.1169232205787694e-11
   6.2109375000000000e-01   2.6027151253145125e-01   2.6027151254248582e-01   1.1034562152900662e-11
   6.2890625000000000e-01   2.9507141601612441e-01   2.9507141602696529e-01   1.0840883746254804e-11
   6.3671875000000000e-01   3.3230804431955546e-01   3.3230804433021294e-01   1.0657474902586728e-11
   6.4453125000000000e-01   3.7173931547349065e-01   3.7173931548401778e-01   1.0527134719495734e-11
   6.5234375000000000e-01   4.1316830549667094e-01   4.1316830550710382e-01   1.0432876784705059e-11
   6.6015625000000000e-01   4.5642688265174958e-01   4.5642688266211590e-01   1.0366318914378780e-11
   6.6796875000000000e-01   5.0135549190260931e-01   5.0135549191294326e-01   1.0333955913210957e-11
   6.7578125000000000e-01   5.4778071910045423e-01   5.4778071911082438e-01   1.0370149183813737e-11
   6.8359375000000000e-01   5.9549237180099490e-01   5.9549237181139925e-01   1.0404344052972192e-11
   6.9140625000000000e-01   6.4422180581814981e-01   6.4422180582857314e-01   1.0423328866693282e-11
   6.9921875000000000e-01   6.9362310924310988e-01   6.9362310925354287e-01   1.0432987807007521e-11
   7.0703125000000000e-01   7.4325854178963291e-01   7.4325854180001372e-01   1.0380807324850139e-11
   7.1484375000000000e-01   7.9258933613633331e-01   7.9258933614652283e-01   1.0189515897707224e-11
   7.2265625000000000e-01   8.4097262280065055e-01   8.4097262281053264e-01   9.8820951421885184e-12
   7.3046875000000000e-01   8.8766486645021692e-01   8.8766486645969156e-01   9.4746432921510859e-12
   7.3828125000000000e-01   9.3183182479277415e-01   9.3183182480168791e-01   8.9137586201104568e-12
   7.4609375000000000e-01   9.7256468454253542e-01   9.7256468455069567e-01   8.1602502532973631e-12
   8.7890625000000000e-01   4.4619951562469135e-01   4.4619951560687654e-01   1.7814805186588956e-11
   8.8671875000000000e-01   3.4240220470938348e-01   3.4240220469163074e-01   1.7752743719512409e-11
   8.9453125000000000e-01   2.3604309136430243e-01   2.3604309134708562e-01   1.7216811309950231e-11
   9.0234375000000000e-01   1.2864952596621526e-01   1.2864952594996096e-01   1.6254303458751451e-11
   9.1015625000000000e-01   2.1746468507049546e-02   2.1746468492200320e-02   1.4849226015467565e-11
   9.1796875000000000e-01  -8.3187533318674942e-02  -8.3187533331712110e-02   1.3037168566931712e-11
   9.2578125000000000e-01  -1.8476358688543476e-01  -1.8476358689631880e-01   1.0884043666337107e-11
   9.3359375000000000e-01  -2.8172326133318082e-01  -2.8172326134166559e-01   8.4847684433952963e-12
   9.4140625000000000e-01  -3.7297531066633582e-01  -3.7297531067224382e-01   5.9079963143915393e-12
   9.4921875000000000e-01  -4.5762675282117199e-01  -4.5762675282439996e-01   3.2279734440976426e-12
   9.5703125000000000e-01  -5.3500691266318634e-01  -5.3500691266373335e-01   5.4700688423281463e-13
   9.6484375000000000e-01  -6.0468328507598723e-01  -6.0468328507395908e-01   2.0281554213852360e-12
   9.7265625000000000e-01  -6.6646839519289203e-01  -6.6646839518849010e-01   4.4019232703362832e-12
   9.8046875000000000e-01  -7.2041721366069489e-01  -7.2041721365417910e-01   6.5157879092225812e-12
   9.8828125000000000e-01  -7.6681510771716610e-01  -7.6681510770885941e-01   8.3066886702454212e-12
   9.9609375000000000e-01  -8.0615675170048040e-01  -8.0615675169079559e-01   9.6848085107126280e-12
   7.5390625000000000e-01   1.0089017119351500e+00   1.0089017119423607e+00   7.2106765003354667e-12
   7.6171875000000000e-01   1.0398544924299471e+00   1.0398544924360225e+00   6.0753624353537816e-12
   7.6953125000000000e-01   1.0644376346664950e+00   1.0644376346712736e+00   4.7786219425915988e-12
   7.7734375000000000e-01   1.0817006809964893e+00   1.0817006809997887e+00   3.2993607845810402e-12
   7.8515625000000000e-01   1.0907608995992941e+00   1.0907608996009628e+00   1.6686652060116103e-12
   7.9296875000000000e-01   1.0908356259406307e+00   1.0908356259405101e+00   1.2057022047429200e-13
   8.0078125000000000e-01   1.0812728660655586e+00   1.0812728660635236e+00   2.0350388041379119e-12
   8.0859375000000000e-01   1.0615789615058391e+00   1.0615789615017570e+00   4.0820680169417756e-12
   8.1640625000000000e-01   1.0314422359682471e+00   1.0314422359620903e+00   6.1568528053612681e-12
   8.2421875000000000e-01   9.9075168904040800e-01   9.9075168903217492e-01   8.2330808837127734e-12
   8.3203125000000000e-01   9.3960996526947593e-01   9.3960996525920215e-01   1.0273781825276274e-11
   8.3984375000000000e-01   8.7834000360929798e-01   8.7834000359710362e-01   1.2194356635575332e-11
   8.4765625000000000e-01   8.0748495986786328e-01   8.0748495985393876e-01   1.3924528197151176e-11
   8.5546875000000000e-01   7.2780119241913932e-01   7.2780119240374985e-01   1.5389467478144070e-11
   8.6328125000000000e-01   6.4024430883416317e-01   6.4024430881761663e-01   1.6546541914408408e-11
   8.7109375000000000e-01   5.4594848783776906e-01   5.4594848782039263e-01   1.7376433625315713e-11
