#                  Coord.                Numerical               Analytical                    Error
   3.9062500000000000e-03  -3.4684960357369848e-01  -3.4684960358067957e-01   6.9810823788429843e-12
   1.1718750000000000e-02  -3.1827959143091078e-01  -3.1827959143995821e-01   9.0474294722753257e-12
   1.9531250000000000e-02  -2.8236882553297371e-01  -2.8236882554389431e-01   1.0920597759422890e-11
   2.7343750000000000e-02  -2.4000326956028079e-01  -2.4000326957283846e-01   1.2557677120383914e-11
   3.5156250000000000e-02  -1.9222827249631458e-01  -1.9222827251019045e-01   1.3875872673096978e-11
   4.2968750000000000e-02  -1.4021641854769604e-01  -1.4021641856250885e-01   1.4812817639153764e-11
   5.0781250000000000e-02  -8.5230618449639237e-02  -8.5230618465037877e-02   1.5398640695885035e-11
   5.8593750000000000e-02  -2.8583873558106463e-02  -2.8583873573756580e-02   1.5650116619303489e-11
   6.6406250000000000e-02   2.8402781225109110e-02   2.8402781209557901e-02   1.5551209625597195e-11
   7.4218750000000000e-02   8.4442636150496922e-02   8.4442636135407229e-02   1.5089693383707470e-11
   8.2031250000000000e-02   1.3832448673929018e-01   1.3832448672493133e-01   1.4358847444384537e-11
   8.9843750000000000e-02   1.8895123785458590e-01   1.8895123784116785e-01   1.3418044453317179e-11
   9.7656250000000000e-02   2.3537465110990441e-01   2.3537465109763789e-01   1.2266521132175967e-11
   1.0546875000000000e-01   2.7682509793659410e-01   2.7682509792565307e-01   1.0941025863075993e-11
   1.1328125000000000e-01   3.1273534358202187e-01   3.1273534357250460e-01   9.5172758562966919e-12
   1.2109375000000000e-01   3.4275756645611949e-01   3.4275756644805500e-01   8.0644935174234433e-12
   1.2890625000000000e-01   3.6677301086220843e-01   3.6677301085558361e-01   6.6248118102407716e-12
   1.3671875000000000e-01   3.8489387905200395e-01   3.8489387904675648e-01   5.2474691258908024e-12
   1.4453125000000000e-01   3.9745729121854084e-01   3.9745729121456908e-01   3.9717673594452663e-12
   1.5234375000000000e-01   4.0501137959667133e-01   4.0501137959391453e-01   2.7567947924467262e-12
   1.6015625000000000e-01   4.0829383397057484e-01   4.0829383396888669e-01   1.6881496200937818e-12
   1.6796875000000000e-01   4.0820347696182169e-01   4.0820347696099740e-01   8.2428508463294747e-13
   1.7578125000000000e-01   4.0576571194063416e-01   4.0576571194045929e-01   1.7486012637846216e-13
   1.8359375000000000e-01   4.0209294460172090e-01   4.0209294460203698e-01   3.1608049511078207e-13
   1.9140625000000000e-01   3.9834131867337169e-01   3.9834131867398492e-01   6.1323168765170522e-13
   1.9921875000000000e-01   3.9566531229367213e-01   3.9566531229438029e-01   7.0815575625715610e-13
   2.0703125000000000e-01   3.9517189876777825e-01   3.9517189876833497e-01   5.5672133569828475e-13
   2.1484375000000000e-01   3.9787606871586162e-01   3.9787606871603470e-01   1.7308376953906190e-13
   2.2265625000000000e-01   4.0465952715895182e-01   4.0465952715859504e-01   3.5677016896329405e-13
   2.3046875000000000e-01   4.1623430968543224e-01   4.1623430968435859e-01   1.0736411759637576e-12
   2.3828125000000000e-01   4.3311290235020306e-01   4.3311290234824373e-01   1.9593215938584763e-12
   2.4609375000000000e-01   4.5558620224999724e-01   4.5558620224700869e-01   2.9885538488372276e-12
   2.5390625000000000e-01   4.8371032812886761e-01   4.8371032812480386e-01   4.0637493370354605e-12
   2.6171875000000000e-01   5.1730289759173054e-01   5.1730289758657344e-01   5.1570969716863146e-12
   2.6953125000000000e-01   5.5594894986593379e-01   5.5594894985968368e-01   6.2501115394297813e-12
   2.7734375000000000e-01   5.9901623523475112e-01   5.9901623522749525e-01   7.2558625774377106e-12
   2.8515625000000000e-01   6.4567914158937290e-01   6.4567914158124673e-01   8.1261664064413708e-12
   2.9296875000000000e-01   6.9495011292523823e-01   6.9495011291643838e-01   8.7998497377839158e-12
   3.0078125000000000e-01   7.4571706041540176e-01   7.4571706040620600e-01   9.1957552683652466e-12
   3.0859375000000000e-01   7.9678499665926850e-01   7.9678499664996483e-01   9.3036689463588118e-12
   3.1640625000000000e-01   8.4691995509541584e-01   8.4691995508632523e-01   9.0906171479332443e-12
   3.2421875000000000e-01   8.9489319976604254e-01   8.9489319975747561e-01   8.5669249472175579e-12
   3.3203125000000000e-01   9.3952378825071781e-01   9.3952378824297145e-01   7.7463591097171047e-12
   3.3984375000000000e-01   9.7971771725854129e-01   9.7971771725193868e-01   6.6026073497482685e-12
   3.4765625000000000e-01   1.0145021430520038e+00   1.0145021430468497e+00   5.1540993695198267e-12
   3.5546875000000000e-01   1.0430535078949992e+00   1.0430535078916086e+00   3.3906211172052281e-12
   3.6328125000000000e-01   1.0647187942566645e+00   1.0647187942551932e+00   1.4712675522332574e-12
   3.7109375000000000e-01   1.0790295425222114e+00   1.0790295425227159e+00   5.0448534238967113e-13
   3.7890625000000000e-01   1.0857086763590464e+00   1.0857086763616932e+00   2.6467716907063732e-12
   3.8671875000000000e-01   1.0846705547260824e+00   1.0846705547309008e+00   4.8183679268731794e-12
   3.9453125000000000e-01   1.0760149861657748e+00   1.0760149861727049e+00   6.9300121197102271e-12
   4.0234375000000000e-01   1.0600161800163268e+00   1.0600161800251651e+00   8.8382634544359462e-12
   4.1015625000000000e-01   1.0371077576630845e+00   1.0371077576736489e+00   1.0564438213123140e-11
   4.1796875000000000e-01   1.0078649995713584e+00   1.0078649995834674e+00   1.2108980484981657e-11
   4.2578125000000000e-01   9.7298546308893952e-01   9.7298546310230138e-01   1.3361867168271147e-11
   4.3359375000000000e-01   9.3326898185345575e-01   9.3326898186772900e-01   1.4273249249185938e-11
   4.4140625000000000e-01   8.8959786662513407e-01   8.8959786664004548e-01   1.4911405443740477e-11
   4.4921875000000000e-01   8.4291789110864668e-01   8.4291789112393534e-01   1.5288659227508106e-11
   4.5703125000000000e-01   7.9422038963764108e-01   7.9422038965300013e-01   1.5359047367269341e-11
   4.6484375000000000e-01   7.4452554230412704e-01   7.4452554231928159e-01   1.5154544286133387e-11
   4.7265625000000000e-01   6.9486670181883814e-01   6.9486670183355603e-01   1.4717893570548313e-11
   4.8046875000000000e-01   6.4627544630488742e-01   6.4627544631896816e-01   1.4080736576715935e-11
   4.8828125000000000e-01   5.9976693932528091e-01   5.9976693933857039e-01   1.3289480627065586e-11
   4.9609375000000000e-01   5.5632515204063071e-01   5.5632515205299593e-01   1.2365219959065143e-11
   5.0390625000000000e-01   5.1688755432469946e-01   5.1688755433599409e-01   1.1294631896419105e-11
   5.1171875000000000e-01   4.8232900613098845e-01   4.8232900614103136e-01   1.0042910947305472e-11
   5.1953125000000000e-01   4.5344476449299359e-01   4.5344476450163967e-01   8.6460838488733316e-12
   5.2734375000000000e-01   4.3093274639943968e-01   4.3093274640656715e-01   7.1274652846398112e-12
   5.3515625000000000e-01   4.1537543033305135e-01   4.1537543033851559e-01   5.4642401714488642e-12
   5.4296875000000000e-01   4.0722201429254523e-01   4.0722201429614552e-01   3.6002867354056889e-12
   5.5078125000000000e-01   4.0677165060521275e-01   4.0677165060681730e-01   1.6045498263395075e-12
   5.5859375000000000e-01   4.1415872521876174e-01   4.1415872521825642e-01   5.0531800965814000e-13
   5.6640625000000000e-01   4.2934122340338182e-01   4.2934122340066322e-01   2.7186031203996208e-12
   5.7421875000000000e-01   4.5209321304553440e-01   4.5209321304054301e-01   4.9913961852610100e-12
   5.8203125000000000e-01   4.8200237638696353e-01   4.8200237637972337e-01   7.2401529216392646e-12
   5.8984375000000000e-01   5.1847333427023057e-01   5.1847333426085151e-01   9.3790530897308599e-12
   5.9765625000000000e-01   5.6073724425455940e-01   5.6073724424317783e-01   1.1381562359247255e-11
   6.0546875000000000e-01   6.0786783247146947e-01   6.0786783245835463e-01   1.3114842545292049e-11
   6.1328125000000000e-01   6.5880366099752863e-01   6.5880366098306165e-01   1.4466983166983027e-11
   6.2109375000000000e-01   7.1237606326738911e-01   7.1237606325198888e-01   1.5400236641482934e-11
   6.2890625000000000e-01   7.6734182622877434e-01   7.6734182621283931e-01   1.5935031072444872e-11
   6.3671875000000000e-01   8.2241938518434998e-01   8.2241938516829027e-01   1.6059709118110277e-11
   6.4453125000000000e-01   8.7632704828360641e-01   8.7632704826792085e-01   1.5685563958811599e-11
   6.5234375000000000e-01   9.2782160055838026e-01   9.2782160054353913e-01   1.4841128326281705e-11
   6.6015625000000000e-01   9.7573556458334254e-01   9.7573556456966082e-01   1.3681722421665654e-11
   6.6796875000000000e-01   1.0190114221245568e+00   1.0190114221123485e+00   1.2208234423383146e-11
   6.7578125000000000e-01   1.0567312276497254e+00   1.0567312276392917e+00   1.0433653940822296e-11
   6.8359375000000000e-01   1.0881402630436061e+00   1.0881402630351464e+00   8.4596774030387678e-12
   6.9140625000000000e-01   1.1126636803571097e+00   1.1126636803506802e+00   6.4295235802092066e-12
   6.9921875000000000e-01   1.1299154383447485e+00   1.1299154383404109e+00   4.3376413572104866e-12
   7.0703125000000000e-01   1.1396992379745485e+00   1.1396992379723112e+00   2.2373214392246155e-12
   7.1484375000000000e-01   1.1420015790971489e+00   1.1420015790969513e+00   1.9761969838327786e-13
   7.2265625000000000e-01   1.1369774714870822e+00   1.1369774714887733e+00   1.6910917111090384e-12
   7.3046875000000000e-01   1.1249297156461515e+00   1.1249297156496436e+00   3.4920955016559674e-12
   7.3828125000000000e-01   1.1062830010501692e+00   1.1062830010553366e+00   5.1674220458153286e-12
   7.4609375000000000e-01   1.0815543337334010e+00   1.0815543337400466e+00   6.6455729808012620e-12
   8.7890625000000000e-01   1.8769197141995494e-01   1.8769197143000488e-01   1.0049933107936226e-11
   8.8671875000000000e-01   1.2312388356325814e-01   1.2312388357347258e-01   1.0214440404610059e-11
   8.9453125000000000e-01   5.9101817254359507e-02   5.9101817264766494e-02   1.0406987771549581e-11
   9.0234375000000000e-01  -3.7173463584427163e-03  -3.7173463478760555e-03   1.0566660827576735e-11
   9.1015625000000000e-01  -6.4578591933349069e-02  -6.4578591922734865e-02   1.0614203960201962e-11
   9.1796875000000000e-01  -1.2264584281491063e-01  -1.2264584280442080e-01   1.0489831225868329e-11
   9.2578125000000000e-01  -1.7702591479941449e-01  -1.7702591478925758e-01   1.0156903096358860e-11
   9.3359375000000000e-01  -2.2679823622021578e-01  -2.2679823621069709e-01   9.5186913906530890e-12
   9.4140625000000000e-01  -2.7104886040393089e-01  -2.7104886039534393e-01   8.5869644728120420e-12
   9.4921875000000000e-01  -3.0890702808011072e-01  -3.0890702807274112e-01   7.3696049263105579e-12
   9.5703125000000000e-01  -3.3958237546906545e-01  -3.3958237546318631e-01   5.8791305157512852e-12
   9.6484375000000000e-01  -3.6240083654660921e-01  -3.6240083654254257e-01   4.0666359168994859e-12
   9.7265625000000000e-01  -3.7683735532225737e-01  -3.7683735532021878e-01   2.0385915178167124e-12
   9.8046875000000000e-01  -3.8254369797377091e-01  -3.8254369797390703e-01   1.3611334281904419e-13
   9.8828125000000000e-01  -3.7936992053481322e-01  -3.7936992053721857e-01   2.4053536940016329e-12
   9.9609375000000000e-01  -3.6737838523130911e-01  -3.6737838523606164e-01   4.7525317015129076e-12
   7.5390625000000000e-01   1.0513214867035758e+00   1.0513214867114598e+00   7.8839157424681616e-12
   7.6171875000000000e-01   1.0161912554261943e+00   1.0161912554351211e+00   8.9268592518010337e-12
   7.6953125000000000e-01   9.7676929103387267e-01   9.7676929104369947e-01   9.8268060355621856e-12
   7.7734375000000000e-01   9.3363317558214798e-01   9.3363317559269077e-01   1.0542788864142949e-11
   7.8515625000000000e-01   8.8731020132903260e-01   8.8731020134006799e-01   1.1035394820169131e-11
   7.9296875000000000e-01   8.3826102948329428e-01   8.3826102949464176e-01   1.1347478512391262e-11
   8.0078125000000000e-01   7.8687004775525082e-01   7.8687004776672642e-01   1.1475598249433006e-11
   8.0859375000000000e-01   7.3344283921184938e-01   7.3344283922325526e-01   1.1405876243486546e-11
   8.1640625000000000e-01   6.7821073970728485e-01   6.7821073971850709e-01   1.1222245355213545e-11
   8.2421875000000000e-01   6.2134202226352797e-01   6.2134202227453317e-01   1.1005196753899327e-11
   8.3203125000000000e-01   5.6295883006618064e-01   5.6295883007694747e-01   1.0766831870512306e-11
   8.3984375000000000e-01   5.0315861071332846e-01   5.0315861072379264e-01   1.0464185073999488e-11
   8.4765625000000000e-01   4.4203850653845100e-01   4.4203850654864735e-01   1.0196343769308669e-11
   8.5546875000000000e-01   3.7972094917429150e-01   3.7972094918433758e-01   1.0046075082925654e-11
   8.6328125000000000e-01   3.1637860590297784e-01   3.1637860591296479e-01   9.9869557068643644e-12
   8.7109375000000000e-01   2.5225683928743819e-01   2.5225683929740028e-01   9.9620867111127609e-12
