#                  Coord.                Numerical               Analytical                    Error
   3.9062500000000000e-03   8.8960668625255779e-01   8.8960668625047867e-01   2.0791146582155307e-12
   1.1718750000000000e-02   9.6800123848299080e-01   9.6800123848225939e-01   7.3141492862305313e-13
   1.9531250000000000e-02   1.0498482686102701e+00   1.0498482686109054e+00   6.3526961469051457e-13
   2.7343750000000000e-02   1.1349387441428787e+00   1.1349387441450332e+00   2.1544988015875788e-12
   3.5156250000000000e-02   1.2230186195519206e+00   1.2230186195558508e+00   3.9301895071730542e-12
   4.2968750000000000e-02   1.3137824987816857e+00   1.3137824987876385e+00   5.9527938134351643e-12
   5.0781250000000000e-02   1.4068691321155118e+00   1.4068691321236952e+00   8.1834539145120289e-12
   5.8593750000000000e-02   1.5018592818741703e+00   1.5018592818848104e+00   1.0640155423402575e-11
   6.6406250000000000e-02   1.5982761609034448e+00   1.5982761609167517e+00   1.3306911128552201e-11
   7.4218750000000000e-02   1.6955883549603512e+00   1.6955883549765118e+00   1.6160628391048704e-11
   8.2031250000000000e-02   1.7932149196839062e+00   1.7932149197030851e+00   1.9178880705794654e-11
   8.9843750000000000e-02   1.8905322108078604e+00   1.8905322108302203e+00   2.2359891715950653e-11
   9.7656250000000000e-02   1.9868819611435176e+00   1.9868819611689954e+00   2.5477842058307942e-11
   1.0546875000000000e-01   2.0815801446615243e+00   2.0815801446898643e+00   2.8339997015791596e-11
   1.1328125000000000e-01   2.1739262437152584e+00   2.1739262437463354e+00   3.1076918816097532e-11
   1.2109375000000000e-01   2.2632126346174148e+00   2.2632126346510875e+00   3.3672620247671148e-11
   1.2890625000000000e-01   2.3487339063200565e+00   2.3487339063560211e+00   3.5964564659707321e-11
   1.3671875000000000e-01   2.4297960094628879e+00   2.4297960095007216e+00   3.7833736143966235e-11
   1.4453125000000000e-01   2.5057251884339169e+00   2.5057251884732565e+00   3.9339642654567797e-11
   1.5234375000000000e-01   2.5758766744902042e+00   2.5758766745306598e+00   4.0455638838921004e-11
   1.6015625000000000e-01   2.6396431165843133e+00   2.6396431166253542e+00   4.1040948417503387e-11
   1.6796875000000000e-01   2.6964627055191461e+00   2.6964627055603971e+00   4.1251002613762466e-11
   1.7578125000000000e-01   2.7458269153962807e+00   2.7458269154374282e+00   4.1147529827867402e-11
   1.8359375000000000e-01   2.7872877528602142e+00   2.7872877529008435e+00   4.0629277719972379e-11
   1.9140625000000000e-01   2.8204643766011990e+00   2.8204643766410009e+00   3.9801939522021712e-11
   1.9921875000000000e-01   2.8450489318008825e+00   2.8450489318395786e+00   3.8696157389495056e-11
   2.0703125000000000e-01   2.8608114390075663e+00   2.8608114390450106e+00   3.7444269906927730e-11
   2.1484375000000000e-01   2.8676035844770600e+00   2.8676035845130441e+00   3.5984104584940724e-11
   2.2265625000000000e-01   2.8653612779861422e+00   2.8653612780203050e+00   3.4162894735345617e-11
   2.3046875000000000e-01   2.8541058724584589e+00   2.8541058724904698e+00   3.2010838424412213e-11
   2.3828125000000000e-01   2.8339439752812545e+00   2.8339439753108953e+00   2.9640734311442429e-11
   2.4609375000000000e-01   2.8050658220742579e+00   2.8050658221011391e+00   2.6881163961434140e-11
   2.5390625000000000e-01   2.7677422284330895e+00   2.7677422284568278e+00   2.3738344623325247e-11
   2.6171875000000000e-01   2.7223201825253422e+00   2.7223201825456780e+00   2.0335733097454067e-11
   2.6953125000000000e-01   2.6692171898746757e+00   2.6692171898914001e+00   1.6724399642953358e-11
   2.7734375000000000e-01   2.6089145290726563e+00   2.6089145290853653e+00   1.2708945007489092e-11
   2.8515625000000000e-01   2.5419496203351462e+00   2.5419496203435235e+00   8.3772988546115812e-12
   2.9296875000000000e-01   2.4689077435012896e+00   2.4689077435052864e+00   3.9968028886505635e-12
   3.0078125000000000e-01   2.3904133631962257e+00   2.3904133631959557e+00   2.7000623958883807e-13
   3.0859375000000000e-01   2.3071213213338497e+00   2.3071213213293951e+00   4.4546588640059781e-12
   3.1640625000000000e-01   2.2197081368829701e+00   2.2197081368744391e+00   8.5309537212197029e-12
   3.2421875000000000e-01   2.1288636082207861e+00   2.1288636082084431e+00   1.2343015498572640e-11
   3.3203125000000000e-01   2.0352828464968762e+00   2.0352828464810591e+00   1.5817125387229680e-11
   3.3984375000000000e-01   1.9396587858608030e+00   1.9396587858417820e+00   1.9021006991692957e-11
   3.4765625000000000e-01   1.8426751295361259e+00   1.8426751295140673e+00   2.2058577187067385e-11
   3.5546875000000000e-01   1.7449996148146198e+00   1.7449996147898392e+00   2.4780621998843344e-11
   3.6328125000000000e-01   1.6472774322662815e+00   1.6472774322391526e+00   2.7128965740530475e-11
   3.7109375000000000e-01   1.5501246308590024e+00   1.5501246308296410e+00   2.9361402198446740e-11
   3.7890625000000000e-01   1.4541213925091210e+00   1.4541213924776215e+00   3.1499469699269866e-11
   3.8671875000000000e-01   1.3598051695600861e+00   1.3598051695267221e+00   3.3363978246825354e-11
   3.9453125000000000e-01   1.2676638380571397e+00   1.2676638380223022e+00   3.4837466245107862e-11
   4.0234375000000000e-01   1.1781292069449525e+00   1.1781292069089753e+00   3.5977221202188048e-11
   4.1015625000000000e-01   1.0915714052796830e+00   1.0915714052428878e+00   3.6795233526731863e-11
   4.1796875000000000e-01   1.0082948052327210e+00   1.0082948051954774e+00   3.7243541584075501e-11
   4.2578125000000000e-01   9.2853618581155029e-01   9.2853618577430086e-01   3.7249425766106015e-11
   4.3359375000000000e-01   8.5246576575545729e-01   8.5246576571850496e-01   3.6952330084716323e-11
   4.4140625000000000e-01   7.8019151509799212e-01   7.8019151506167450e-01   3.6317615581538121e-11
   4.4921875000000000e-01   7.1176679853849978e-01   7.1176679850303870e-01   3.5461078518039812e-11
   4.5703125000000000e-01   6.4720094376362014e-01   6.4720094372918913e-01   3.4431013595792592e-11
   4.6484375000000000e-01   5.8647182630295636e-01   5.8647182626963834e-01   3.3318015013605873e-11
   4.7265625000000000e-01   5.2953910367327939e-01   5.2953910364111778e-01   3.2161606711156310e-11
   4.8046875000000000e-01   4.7635640988743055e-01   4.7635640985650973e-01   3.0920821458835235e-11
   4.8828125000000000e-01   4.2688072480668776e-01   4.2688072477711747e-01   2.9570290660529963e-11
   4.9609375000000000e-01   3.8107732403987549e-01   3.8107732401173516e-01   2.8140323404812762e-11
   5.0390625000000000e-01   3.3891921445220768e-01   3.3891921442556022e-01   2.6647462014750545e-11
   5.1171875000000000e-01   3.0038073373799645e-01   3.0038073371294732e-01   2.5049129437348938e-11
   5.1953125000000000e-01   2.6542594813769371e-01   2.6542594811431408e-01   2.3379631564068859e-11
   5.2734375000000000e-01   2.3399347840304094e-01   2.3399347838133103e-01   2.1709911646183855e-11
   5.3515625000000000e-01   2.0598024753113189e-01   2.0598024751106170e-01   2.0070195505539346e-11
   5.4296875000000000e-01   1.8122719855772376e-01   1.8122719853920388e-01   1.8519880073952777e-11
   5.5078125000000000e-01   1.5951013090914967e-01   1.5951013089206026e-01   1.7089413217874494e-11
   5.5859375000000000e-01   1.4053836595034686e-01   1.4053836593453659e-01   1.5810269760052620e-11
   5.6640625000000000e-01   1.2396298010757786e-01   1.2396298009291523e-01   1.4662632219497596e-11
   5.7421875000000000e-01   1.0939493942902380e-01   1.0939493941541542e-01   1.3608378313101355e-11
   5.8203125000000000e-01   9.6431826988375241e-02   9.6431826975730231e-02   1.2645010039058491e-11
   5.8984375000000000e-01   8.4690235749493553e-02   8.4690235737795133e-02   1.1698420010475274e-11
   5.9765625000000000e-01   7.3839592476431584e-02   7.3839592465728285e-02   1.0703299357928131e-11
   6.0546875000000000e-01   6.3632446941336060e-02   6.3632446931670986e-02   9.6650742964499159e-12
   6.1328125000000000e-01   5.3926293336105408e-02   5.3926293327533181e-02   8.5722262621601431e-12
   6.2109375000000000e-01   4.4692857566521665e-02   4.4692857559105049e-02   7.4166159325095293e-12
   6.2890625000000000e-01   3.6012412737361110e-02   3.6012412731124835e-02   6.2362753849853902e-12
   6.3671875000000000e-01   2.8052861378832072e-02   2.8052861373736433e-02   5.0956391883794083e-12
   6.4453125000000000e-01   2.1035717753798887e-02   2.1035717749775973e-02   4.0229139464109664e-12
   6.5234375000000000e-01   1.5193343924487056e-02   1.5193343921424018e-02   3.0630376707252438e-12
   6.6015625000000000e-01   1.0723448872698094e-02   1.0723448870435789e-02   2.2623049267256334e-12
   6.6796875000000000e-01   7.7476340729932605e-03   7.7476340713371131e-03   1.6561474414089616e-12
   6.7578125000000000e-01   6.2804798473230202e-03   6.2804798460730140e-03   1.2500061749576297e-12
   6.8359375000000000e-01   6.2143082419999808e-03   6.2143082409554812e-03   1.0444995562908233e-12
   6.9140625000000000e-01   7.3225090266577893e-03   7.3225090256286126e-03   1.0291767438275201e-12
   6.9921875000000000e-01   9.2815163504677903e-03   9.2815163492875035e-03   1.1802867710963838e-12
   7.0703125000000000e-01   1.1708622641533890e-02   1.1708622640086824e-02   1.4470664250199050e-12
   7.1484375000000000e-01   1.4210293092405844e-02   1.4210293090632016e-02   1.7738276125722763e-12
   7.2265625000000000e-01   1.6433925748671550e-02   1.6433925746563299e-02   2.1082510737180371e-12
   7.3046875000000000e-01   1.8115387100593072e-02   1.8115387098188596e-02   2.4044759239227886e-12
   7.3828125000000000e-01   1.9115255842467854e-02   1.9115255839852727e-02   2.6151268650576043e-12
   7.4609375000000000e-01   1.9438436848418367e-02   1.9438436845707997e-02   2.7103701227826349e-12
   8.7890625000000000e-01   1.5461873746852042e-01   1.5461873746225296e-01   6.2674587741895493e-12
   8.8671875000000000e-01   1.7580293829508289e-01   1.7580293828806334e-01   7.0195516066462460e-12
   8.9453125000000000e-01   1.9908686997622804e-01   1.9908686996840344e-01   7.8246020773775626e-12
   9.0234375000000000e-01   2.2481880963107839e-01   2.2481880962253326e-01   8.5451368203592892e-12
   9.1015625000000000e-01   2.5335781149376879e-01   2.5335781148460496e-01   9.1638363564072733e-12
   9.1796875000000000e-01   2.8504721773077429e-01   2.8504721772108954e-01   9.6847529995613968e-12
   9.2578125000000000e-01   3.2019260706940750e-01   3.2019260705935715e-01   1.0050349441570461e-11
   9.3359375000000000e-01   3.5904629182712156e-01   3.5904629181693987e-01   1.0181688825383617e-11
   9.4140625000000000e-01   4.0179921203981850e-01   4.0179921202977925e-01   1.0039247211324209e-11
   9.4921875000000000e-01   4.4857985502904862e-01   4.4857985501943864e-01   9.6099794788528925e-12
   9.5703125000000000e-01   4.9945883644669165e-01   4.9945883643773820e-01   8.9534490932408062e-12
   9.6484375000000000e-01   5.5445713978814015e-01   5.5445713978002753e-01   8.1126216855409439e-12
   9.7265625000000000e-01   6.1355577680921691e-01   6.1355577680218354e-01   7.0333738833028292e-12
   9.8046875000000000e-01   6.7670478013064195e-01   6.7670478012480040e-01   5.8415494663677237e-12
   9.8828125000000000e-01   7.4382989186629789e-01   7.4382989186162063e-01   4.6772585804433220e-12
   9.9609375000000000e-01   8.1483595175554224e-01   8.1483595175212242e-01   3.4198199827528697e-12
   7.5390625000000000e-01   1.9234380807617368e-02   1.9234380804935343e-02   2.6820247411851739e-12
   7.6171875000000000e-01   1.8778137449386979e-02   1.8778137446838292e-02   2.5486869559276926e-12
   7.6953125000000000e-01   1.8435389126132871e-02   1.8435389123774033e-02   2.3588388187167908e-12
   7.7734375000000000e-01   1.8616982266138872e-02   1.8616982263985761e-02   2.1531110228067973e-12
   7.8515625000000000e-01   1.9729922565743113e-02   1.9729922563775901e-02   1.9672111162272188e-12
   7.9296875000000000e-01   2.2132114269274597e-02   2.2132114267426069e-02   1.8485282748947895e-12
   8.0078125000000000e-01   2.6097288174687084e-02   2.6097288172866474e-02   1.8206096352724188e-12
   8.0859375000000000e-01   3.1794752916951302e-02   3.1794752915050489e-02   1.9008128404607305e-12
   8.1640625000000000e-01   3.9286150668129079e-02   3.9286150666051595e-02   2.0774840181481125e-12
   8.2421875000000000e-01   4.8538725067157486e-02   4.8538725064791136e-02   2.3663501713677704e-12
   8.3203125000000000e-01   5.9452155291312078e-02   5.9452155288569647e-02   2.7424312820656382e-12
   8.3984375000000000e-01   7.1894155356460376e-02   7.1894155353282904e-02   3.1774721742650058e-12
   8.4765625000000000e-01   8.5739040751776713e-02   8.5739040748097628e-02   3.6790848145784594e-12
   8.5546875000000000e-01   1.0090342669910302e-01   1.0090342669485501e-01   4.2480047257598130e-12
   8.6328125000000000e-01   1.1737408072359733e-01   1.1737408071870520e-01   4.8921283690717132e-12
   8.7109375000000000e-01   1.3522450181581930e-01   1.3522450181024703e-01   5.5722648717448919e-12
