#                  Coord.                Numerical               Analytical                    Error
   3.9062500000000000e-03  -3.9686353338106389e-01  -3.9686353336583929e-01   1.5224599358987234e-11
   1.1718750000000000e-02  -4.4562323131599557e-01  -4.4562323130077458e-01   1.5220991134157202e-11
   1.9531250000000000e-02  -4.9473881644657403e-01  -4.9473881643132384e-01   1.5250189999704844e-11
   2.7343750000000000e-02  -5.4354261058442366e-01  -5.4354261056909969e-01   1.5323964319691186e-11
   3.5156250000000000e-02  -5.9131001123500049e-01  -5.9131001121970406e-01   1.5296430788680482e-11
   4.2968750000000000e-02  -6.3726641468743117e-01  -6.3726641467247025e-01   1.4960921390638759e-11
   5.0781250000000000e-02  -6.8059566212827838e-01  -6.8059566211413292e-01   1.4145462579051582e-11
   5.8593750000000000e-02  -7.2045008493700935e-01  -7.2045008492425311e-01   1.2756240508338124e-11
   6.6406250000000000e-02  -7.5596221061011015e-01  -7.5596221059942070e-01   1.0689449325695932e-11
   7.4218750000000000e-02  -7.8625816543215221e-01  -7.8625816542447069e-01   7.6815220850789956e-12
   8.2031250000000000e-02  -8.1047277231155246e-01  -8.1047277230788461e-01   3.6678438064541297e-12
   8.9843750000000000e-02  -8.2776629092949428e-01  -8.2776629093093668e-01   1.4424017535930034e-12
   9.7656250000000000e-02  -8.3734268206512630e-01  -8.3734268207291718e-01   7.7908790530045735e-12
   1.0546875000000000e-01  -8.3846919913450679e-01  -8.3846919914995610e-01   1.5449308499171366e-11
   1.1328125000000000e-01  -8.3049701917449736e-01  -8.3049701919886920e-01   2.4371837881176361e-11
   1.2109375000000000e-01  -8.1288252546249096e-01  -8.1288252549694706e-01   3.4456104636149121e-11
   1.2890625000000000e-01  -7.8520874866837320e-01  -7.8520874871397062e-01   4.5597414732867492e-11
   1.3671875000000000e-01  -7.4720636807688057e-01  -7.4720636813454056e-01   5.7659987895419818e-11
   1.4453125000000000e-01  -6.9877357528302830e-01  -6.9877357535348261e-01   7.0454309053502584e-11
   1.5234375000000000e-01  -6.3999401702518377e-01  -6.3999401710890413e-01   8.3720363974748579e-11
   1.6015625000000000e-01  -5.7115196923020939e-01  -5.7115196932732504e-01   9.7115648856060943e-11
   1.6796875000000000e-01  -4.9274385882293675e-01  -4.9274385893324069e-01   1.1030393265443195e-10
   1.7578125000000000e-01  -4.0548525098964444e-01  -4.0548525111249945e-01   1.2285500394781934e-10
   1.8359375000000000e-01  -3.1031246407894747e-01  -3.1031246421332720e-01   1.3437972956609201e-10
   1.9140625000000000e-01  -2.0837806737002387e-01  -2.0837806751447505e-01   1.4445117324513035e-10
   1.9921875000000000e-01  -1.0103966161852994e-01  -1.0103966177113843e-01   1.5260849528520026e-10
   2.0703125000000000e-01   1.0158460994778068e-02   1.0158460836348211e-02   1.5842985777447804e-10
   2.1484375000000000e-01   1.2351093490156663e-01   1.2351093474000785e-01   1.6155878024282089e-10
   2.2265625000000000e-01   2.3718408555857301e-01   2.3718408539689506e-01   1.6167794880672659e-10
   2.3046875000000000e-01   3.4925538650453047e-01   3.4925538634606290e-01   1.5846757239756926e-10
   2.3828125000000000e-01   4.5775881351897441e-01   4.5775881336720864e-01   1.5176576662057073e-10
   2.4609375000000000e-01   5.6073495542657770e-01   5.6073495528504991e-01   1.4152778948783862e-10
   2.5390625000000000e-01   6.5628441217021793e-01   6.5628441204238297e-01   1.2783496483592671e-10
   2.6171875000000000e-01   7.4262271850216932e-01   7.4262271839135630e-01   1.1081302542237381e-10
   2.6953125000000000e-01   8.1813479703706860e-01   8.1813479694628577e-01   9.0782825701296588e-11
   2.7734375000000000e-01   8.8142678747162495e-01   8.8142678740339420e-01   6.8230754379783320e-11
   2.8515625000000000e-01   9.3137303697470120e-01   9.3137303693103390e-01   4.3667292004556657e-11
   2.9296875000000000e-01   9.6715608351463855e-01   9.6715608349698345e-01   1.7655099604496627e-11
   3.0078125000000000e-01   9.8829762719356062e-01   9.8829762720258807e-01   9.0274454578320729e-12
   3.0859375000000000e-01   9.9467876585352855e-01   9.9467876588908544e-01   3.5556890765064963e-11
   3.1640625000000000e-01   9.8654816422621294e-01   9.8654816428738135e-01   6.1168403675537775e-11
   3.2421875000000000e-01   9.6451731685686470e-01   9.6451731694202714e-01   8.5162432661434195e-11
   3.3203125000000000e-01   9.2954263252211111e-01   9.2954263262890091e-01   1.0678979922573717e-10
   3.3984375000000000e-01   8.8289468370451607e-01   8.8289468382985925e-01   1.2534318027945801e-10
   3.4765625000000000e-01   8.2611559536090062e-01   8.2611559550122726e-01   1.4032663919749666e-10
   3.5546875000000000e-01   7.6096615580396088e-01   7.6096615595534323e-01   1.5138235109901643e-10
   3.6328125000000000e-01   6.8936478106939247e-01   6.8936478122763423e-01   1.5824175303436050e-10
   3.7109375000000000e-01   6.1332091636845554e-01   6.1332091652917919e-01   1.6072365660591004e-10
   3.7890625000000000e-01   5.3486578221337477e-01   5.3486578237229232e-01   1.5891754578944983e-10
   3.8671875000000000e-01   4.5598354360520965e-01   4.5598354375829453e-01   1.5308487810727911e-10
   3.9453125000000000e-01   3.7854598253537203e-01   3.7854598267889622e-01   1.4352419253071957e-10
   4.0234375000000000e-01   3.0425358203958430e-01   3.0425358217031162e-01   1.3072731785968017e-10
   4.1015625000000000e-01   2.3458559090431302e-01   2.3458559101962898e-01   1.1531595123237537e-10
   4.1796875000000000e-01   1.7076115026475441e-01   1.7076115036273595e-01   9.7981539548541718e-11
   4.2578125000000000e-01   1.1371295585610862e-01   1.1371295593549816e-01   7.9389536611351730e-11
   4.3359375000000000e-01   6.4074240528872464e-02   6.4074240589191464e-02   6.0318999794972683e-11
   4.4140625000000000e-01   2.2179134952173087e-02   2.2179134993698921e-02   4.1525834854061472e-11
   4.4921875000000000e-01  -1.1924252682912077e-02  -1.1924252659205997e-02   2.3706080501395554e-11
   4.5703125000000000e-01  -3.8449358152184504e-02  -3.8449358144733464e-02   7.4510397851668131e-12
   4.6484375000000000e-01  -5.7837166578696773e-02  -5.7837166585487834e-02   6.7910607692844849e-12
   4.7265625000000000e-01  -7.0715013447306171e-02  -7.0715013465915133e-02   1.8608961593891138e-11
   4.8046875000000000e-01  -7.7850763716719826e-02  -7.7850763744555018e-02   2.7835192484282345e-11
   4.8828125000000000e-01  -8.0105050991345281e-02  -8.0105051025736826e-02   3.4391545167267168e-11
   4.9609375000000000e-01  -7.8384186898941055e-02  -7.8384186937250813e-02   3.8309758143562078e-11
   5.0390625000000000e-01  -7.3596120156493014e-02  -7.3596120196210021e-02   3.9717007460637888e-11
   5.1171875000000000e-01  -6.6611459024250225e-02  -6.6611459063224021e-02   3.8973796412378192e-11
   5.1953125000000000e-01  -5.8231102694244800e-02  -5.8231102730701624e-02   3.6456823671038308e-11
   5.2734375000000000e-01  -4.9161495448414472e-02  -4.9161495481040936e-02   3.2626464030460767e-11
   5.3515625000000000e-01  -3.9997963646574035e-02  -3.9997963674502590e-02   2.7928555301759417e-11
   5.4296875000000000e-01  -3.1216060438030085e-02  -3.1216060460771397e-02   2.2741312305507577e-11
   5.5078125000000000e-01  -2.3170363108507890e-02  -2.3170363125999772e-02   1.7491882942088921e-11
   5.5859375000000000e-01  -1.6099772889243288e-02  -1.6099772901764571e-02   1.2521282621857921e-11
   5.6640625000000000e-01  -1.0138077705907937e-02  -1.0138077714044794e-02   8.1368575072238158e-12
   5.7421875000000000e-01  -5.3283655920195808e-03  -5.3283655964542287e-03   4.4346479613488476e-12
   5.8203125000000000e-01  -1.6398210706071730e-03  -1.6398210721071714e-03   1.4999984761232543e-12
   5.8984375000000000e-01   1.0145098914355038e-03   1.0145098920705167e-03   6.3501287561607000e-13
   5.9765625000000000e-01   2.7602551278619529e-03   2.7602551298322535e-03   1.9703006587379335e-12
   6.0546875000000000e-01   3.7456045875822051e-03   3.7456045902493702e-03   2.6671650998899565e-12
   6.1328125000000000e-01   4.1273436402911364e-03   4.1273436431620465e-03   2.8709101068669085e-12
   6.2109375000000000e-01   4.0595431800630397e-03   4.0595431827963888e-03   2.7333491373071617e-12
   6.2890625000000000e-01   3.6851432640271158e-03   3.6851432664070528e-03   2.3799369593124897e-12
   6.3671875000000000e-01   3.1304176061877575e-03   3.1304176081133847e-03   1.9256271924228407e-12
   6.4453125000000000e-01   2.5020981206060810e-03   2.5020981220541718e-03   1.4480907792324693e-12
   6.5234375000000000e-01   1.8867818077025538e-03   1.8867818087199516e-03   1.0173977545852031e-12
   6.6015625000000000e-01   1.3521407367226767e-03   1.3521407374177084e-03   6.9503170579965357e-13
   6.6796875000000000e-01   9.4940850244113200e-04   9.4940850296472824e-04   5.2359624882342137e-13
   6.7578125000000000e-01   7.1661772895385140e-04   7.1661772933875531e-04   3.8490391429668591e-13
   6.8359375000000000e-01   6.8210418094359041e-04   6.8210418126287732e-04   3.1928691461569070e-13
   6.9140625000000000e-01   8.6786321031399579e-04   8.6786321074429189e-04   4.3029609823191928e-13
   6.9921875000000000e-01   1.2924324799791363e-03   1.2924324806333040e-03   6.5416769223780591e-13
   7.0703125000000000e-01   1.9730706608242243e-03   1.9730706616851055e-03   8.6088124476302319e-13
   7.1484375000000000e-01   2.9270960941894797e-03   2.9270960953784318e-03   1.1889521485397569e-12
   7.2265625000000000e-01   4.1723353189562721e-03   4.1723353206800729e-03   1.7238007896103191e-12
   7.3046875000000000e-01   5.7267042566089060e-03   5.7267042590414003e-03   2.4324943101450280e-12
   7.3828125000000000e-01   7.6070023595719563e-03   7.6070023628477274e-03   3.2757711473929696e-12
   7.4609375000000000e-01   9.8270417452847314e-03   9.8270417495377495e-03   4.2530180766053860e-12
   8.7890625000000000e-01   4.8608733497684339e-02   4.8608733525551069e-02   2.7866729757075603e-11
   8.8671875000000000e-01   4.2506893758789487e-02   4.2506893786395002e-02   2.7605515096063016e-11
   8.9453125000000000e-01   3.4034756059020052e-02   3.4034756086150440e-02   2.7130388213780776e-11
   9.0234375000000000e-01   2.2957452773000729e-02   2.2957452799539754e-02   2.6539024450267235e-11
   9.1015625000000000e-01   9.0623848783718090e-03   9.0623849041335091e-03   2.5761700064852455e-11
   9.1796875000000000e-01  -7.8339154642701227e-03  -7.8339154395121752e-03   2.4757947428288851e-11
   9.2578125000000000e-01  -2.7879030731943397e-02  -2.7879030708276336e-02   2.3667061366250408e-11
   9.3359375000000000e-01  -5.1178155895552323e-02  -5.1178155872988650e-02   2.2563673152120600e-11
   9.4140625000000000e-01  -7.7787984072159436e-02  -7.7787984050802589e-02   2.1356846846565247e-11
   9.4921875000000000e-01  -1.0771110495492636e-01  -1.0771110493482418e-01   2.0102183806436358e-11
   9.5703125000000000e-01  -1.4089102843004231e-01  -1.4089102841112339e-01   1.8918921984578674e-11
   9.6484375000000000e-01  -1.7720793262945919e-01  -1.7720793261156909e-01   1.7890106063234157e-11
   9.7265625000000000e-01  -2.1647522311961653e-01  -2.1647522310263090e-01   1.6985635120647657e-11
   9.8046875000000000e-01  -2.5843697908281249e-01  -2.5843697906655544e-01   1.6257051260737398e-11
   9.8828125000000000e-01  -3.0276635410082181e-01  -3.0276635408513747e-01   1.5684342713484511e-11
   9.9609375000000000e-01  -3.4906499409857089e-01  -3.4906499408322461e-01   1.5346279802486151e-11
   7.5390625000000000e-01   1.2395260360210492e-02   1.2395260365731719e-02   5.5212275723581783e-12
   7.6171875000000000e-01   1.5311982639551846e-02   1.5311982646562776e-02   7.0109300309706413e-12
   7.6953125000000000e-01   1.8566495525751660e-02   1.8566495534411344e-02   8.6596840809249898e-12
   7.7734375000000000e-01   2.2134104691114934e-02   2.2134104701599627e-02   1.0484692974932486e-11
   7.8515625000000000e-01   2.5973327679740036e-02   2.5973327692193161e-02   1.2453125336486792e-11
   7.9296875000000000e-01   3.0023369233743859e-02   3.0023369248193855e-02   1.4449996754706262e-11
   8.0078125000000000e-01   3.4202010500230771e-02   3.4202010516674222e-02   1.6443450767678058e-11
   8.0859375000000000e-01   3.8404028769728031e-02   3.8404028788164311e-02   1.8436280280198503e-11
   8.1640625000000000e-01   4.2500248070146900e-02   4.2500248090525050e-02   2.0378150555888652e-11
   8.2421875000000000e-01   4.6337303249086095e-02   4.6337303271227703e-02   2.2141607991521539e-11
   8.3203125000000000e-01   4.9738180932925723e-02   4.9738180956607543e-02   2.3681820393584019e-11
   8.3984375000000000e-01   5.2503579821136424e-02   5.2503579846154370e-02   2.5017946048144779e-11
   8.4765625000000000e-01   5.4414110203802595e-02   5.4414110229941262e-02   2.6138667619246547e-11
   8.5546875000000000e-01   5.5233328678518039e-02   5.5233328705474490e-02   2.6956450960291534e-11
   8.6328125000000000e-01   5.4711579358156487e-02   5.4711579385698463e-02   2.7541975644584937e-11
   8.7109375000000000e-01   5.2590588207633189e-02   5.2590588235486971e-02   2.7853781781050913e-11
