#                  Coord.                Numerical               Analytical                    Error
   3.9062500000000000e-03   4.6550082310750013e-01   4.6550082309931401e-01   8.1861184497711292e-12
   1.1718750000000000e-02   4.4849351516185387e-01   4.4849351515907704e-01   2.7768343180412103e-12
   1.9531250000000000e-02   4.4012739029948633e-01   4.4012739030217973e-01   2.6934010577406298e-12
   2.7343750000000000e-02   4.4043813856823633e-01   4.4043813857636710e-01   8.1307738319935652e-12
   3.5156250000000000e-02   4.4920768958949053e-01   4.4920768960285073e-01   1.3360201833734209e-11
   4.2968750000000000e-02   4.6597467642595752e-01   4.6597467644416174e-01   1.8204215912476229e-11
   5.0781250000000000e-02   4.9005244186047475e-01   4.9005244188296315e-01   2.2488400031051015e-11
   5.8593750000000000e-02   5.2055419058783292e-01   5.2055419061392305e-01   2.6090130056388716e-11
   6.6406250000000000e-02   5.5642465339255898e-01   5.5642465342144398e-01   2.8885005498580085e-11
   7.4218750000000000e-02   5.9647738901561209e-01   5.9647738904639014e-01   3.0778046777868440e-11
   8.2031250000000000e-02   6.3943661517862360e-01   6.3943661521038497e-01   3.1761371310778941e-11
   8.9843750000000000e-02   6.8398224367147864e-01   6.8398224370325311e-01   3.1774471942469518e-11
   9.7656250000000000e-02   7.2879660875499885e-01   7.2879660878585761e-01   3.0858759991758689e-11
   1.0546875000000000e-01   7.7261123724724190e-01   7.7261123727635606e-01   2.9114155530862718e-11
   1.1328125000000000e-01   8.1425192575207450e-01   8.1425192577871819e-01   2.6643687256466819e-11
   1.2109375000000000e-01   8.5268037675675901e-01   8.5268037678027242e-01   2.3513413438536190e-11
   1.2890625000000000e-01   8.8703070872526191e-01   8.8703070874513990e-01   1.9877988144401115e-11
   1.3671875000000000e-01   9.1663929952793932e-01   9.1663929954385670e-01   1.5917378526353332e-11
   1.4453125000000000e-01   9.4106664631127657e-01   9.4106664632304782e-01   1.1771250640890685e-11
   1.5234375000000000e-01   9.6011022175632732e-01   9.6011022176386962e-01   7.5423001177910010e-12
   1.6015625000000000e-01   9.7380766511627692e-01   9.7380766511971939e-01   3.4424685324552229e-12
   1.6796875000000000e-01   9.8243005056858457e-01   9.8243005056825206e-01   3.3251179587523438e-13
   1.7578125000000000e-01   9.8646540593189946e-01   9.8646540592820797e-01   3.6914915568786455e-12
   1.8359375000000000e-01   9.8659309013956364e-01   9.8659309013297658e-01   6.5870642274035163e-12
   1.9140625000000000e-01   9.8365005564972752e-01   9.8365005564082486e-01   8.9026563898642053e-12
   1.9921875000000000e-01   9.7859040038761580e-01   9.7859040037709322e-01   1.0522582805094771e-11
   2.0703125000000000e-01   9.7243993291341912e-01   9.7243993290200181e-01   1.1417311540640185e-11
   2.1484375000000000e-01   9.6624771735153459e-01   9.6624771733997139e-01   1.1563194846075930e-11
   2.2265625000000000e-01   9.6103671816585778e-01   9.6103671815489011e-01   1.0967671215666996e-11
   2.3046875000000000e-01   9.5775572059974068e-01   9.5775572059003244e-01   9.7082342165322189e-12
   2.3828125000000000e-01   9.5723465685999665e-01   9.5723465685219167e-01   7.8049788854173130e-12
   2.4609375000000000e-01   9.6014532219374726e-01   9.6014532218840132e-01   5.3459459081750538e-12
   2.5390625000000000e-01   9.6696922496263304e-01   9.6696922496015814e-01   2.4749091664943990e-12
   2.6171875000000000e-01   9.7797399120261352e-01   9.7797399120323347e-01   6.1994853695068741e-13
   2.6953125000000000e-01   9.9319935148517657e-01   9.9319935148900251e-01   3.8259395651607520e-12
   2.7734375000000000e-01   1.0124532940480850e+00   1.0124532940550823e+00   6.9972916350025116e-12
   2.8515625000000000e-01   1.0353184936671167e+00   1.0353184936770454e+00   9.9287245092227749e-12
   2.9296875000000000e-01   1.0611686429553131e+00   1.0611686429677833e+00   1.2470247057194683e-11
   3.0078125000000000e-01   1.0891938449848750e+00   1.0891938449994127e+00   1.4537704373651650e-11
   3.0859375000000000e-01   1.1184337965362152e+00   1.1184337965522384e+00   1.6023182780600109e-11
   3.1640625000000000e-01   1.1478171219505520e+00   1.1478171219673858e+00   1.6833867633181399e-11
   3.2421875000000000e-01   1.1762049282903897e+00   1.1762049283073597e+00   1.6969980976000443e-11
   3.3203125000000000e-01   1.2024364596927570e+00   1.2024364597091983e+00   1.6441292771673943e-11
   3.3984375000000000e-01   1.2253746443706566e+00   1.2253746443859583e+00   1.5301759859198683e-11
   3.4765625000000000e-01   1.2439493582249768e+00   1.2439493582385905e+00   1.3613776772558595e-11
   3.5546875000000000e-01   1.2571963749164763e+00   1.2571963749279869e+00   1.1510570274708698e-11
   3.6328125000000000e-01   1.2642902274639622e+00   1.2642902274730976e+00   9.1353591358256381e-12
   3.7109375000000000e-01   1.2645695584060004e+00   1.2645695584126260e+00   6.6255889663580092e-12
   3.7890625000000000e-01   1.2575539656084476e+00   1.2575539656125472e+00   4.0996095407308530e-12
   3.8671875000000000e-01   1.2429518349791284e+00   1.2429518349807702e+00   1.6417978088156815e-12
   3.9453125000000000e-01   1.2206591617474296e+00   1.2206591617468303e+00   5.9929838869265950e-13
   4.0234375000000000e-01   1.1907498683259270e+00   1.1907498683234392e+00   2.4877877535800508e-12
   4.1015625000000000e-01   1.1534585983928662e+00   1.1534585983887991e+00   4.0671910284117985e-12
   4.1796875000000000e-01   1.1091573746090455e+00   1.1091573746037402e+00   5.3053117454737730e-12
   4.2578125000000000e-01   1.0583278257894291e+00   1.0583278257832445e+00   6.1846083809768970e-12
   4.3359375000000000e-01   1.0015308982816438e+00   1.0015308982749311e+00   6.7126304514886215e-12
   4.4140625000000000e-01   9.3937605257447088e-01   9.3937605256750289e-01   6.9679817471524075e-12
   4.4921875000000000e-01   8.7249190453765602e-01   8.7249190453061320e-01   7.0428107790121430e-12
   4.5703125000000000e-01   8.0150010440544084e-01   8.0150010439847008e-01   6.9707573047139704e-12
   4.6484375000000000e-01   7.2699396723534160e-01   7.2699396722847831e-01   6.8632877159302552e-12
   4.7265625000000000e-01   6.4952299532180002e-01   6.4952299531496027e-01   6.8397509878082019e-12
   4.8046875000000000e-01   5.6958399152167793e-01   5.6958399151473160e-01   6.9463323981722169e-12
   4.8828125000000000e-01   4.8761898289009614e-01   4.8761898288287309e-01   7.2230554870600372e-12
   4.9609375000000000e-01   4.0401968921157383e-01   4.0401968920383868e-01   7.7351458571683906e-12
   5.0390625000000000e-01   3.1913781397649166e-01   3.1913781396797231e-01   8.5193518906123700e-12
   5.1171875000000000e-01   2.3330003705384184e-01   2.3330003704426494e-01   9.5768948327190628e-12
   5.1953125000000000e-01   1.4682627543396989e-01   1.4682627542303447e-01   1.0935419236801636e-11
   5.2734375000000000e-01   6.0049571479803381e-02   6.0049571467238279e-02   1.2565101736861095e-11
   5.3515625000000000e-01  -2.6664119980814600e-02  -2.6664119995189011e-02   1.4374411383411001e-11
   5.4296875000000000e-01  -1.1289793932464219e-01  -1.1289793934092887e-01   1.6286680337707082e-11
   5.5078125000000000e-01  -1.9816946443475625e-01  -1.9816946445297459e-01   1.8218343500464584e-11
   5.5859375000000000e-01  -2.8192066809509408e-01  -2.8192066811516853e-01   2.0074442108608537e-11
   5.6640625000000000e-01  -3.6351342634893402e-01  -3.6351342637069711e-01   2.1763091329063400e-11
   5.7421875000000000e-01  -4.4223111037596058e-01  -4.4223111039916080e-01   2.3200219523289434e-11
   5.8203125000000000e-01  -5.1728636279782703e-01  -5.1728636282207618e-01   2.4249158236955282e-11
   5.8984375000000000e-01  -5.8783473137858433e-01  -5.8783473140343201e-01   2.4847679469530703e-11
   5.9765625000000000e-01  -6.5299344004912863e-01  -6.5299344007408722e-01   2.4958590749690757e-11
   6.0546875000000000e-01  -7.1186424703258222e-01  -7.1186424705712203e-01   2.4539814624802148e-11
   6.1328125000000000e-01  -7.6355909518543530e-01  -7.6355909520900445e-01   2.3569146634372373e-11
   6.2109375000000000e-01  -8.0722711599542607e-01  -8.0722711601748653e-01   2.2060464566209248e-11
   6.2890625000000000e-01  -8.4208151322490998e-01  -8.4208151324494906e-01   2.0039081505274225e-11
   6.3671875000000000e-01  -8.6742492344766720e-01  -8.6742492346527322e-01   1.7606027746808195e-11
   6.4453125000000000e-01  -8.8267201868040690e-01  -8.8267201869516676e-01   1.4759860000879144e-11
   6.5234375000000000e-01  -8.8736836338976688e-01  -8.8736836340137404e-01   1.1607159677851087e-11
   6.6015625000000000e-01  -8.8120484083466388e-01  -8.8120484084288941e-01   8.2255313671453223e-12
   6.6796875000000000e-01  -8.6402729458743521e-01  -8.6402729459211780e-01   4.6825876509615227e-12
   6.7578125000000000e-01  -8.3584136133194042e-01  -8.3584136133299747e-01   1.0570433417456115e-12
   6.8359375000000000e-01  -7.9681277291681829e-01  -7.9681277291423558e-01   2.5827118221855017e-12
   6.9140625000000000e-01  -7.4726365491252866e-01  -7.4726365490637492e-01   6.1537441808923177e-12
   6.9921875000000000e-01  -6.8766552694752991e-01  -6.8766552693790262e-01   9.6272989580370449e-12
   7.0703125000000000e-01  -6.1862980540954615e-01  -6.1862980539661228e-01   1.2933876192278149e-11
   7.1484375000000000e-01  -5.4089661828523594e-01  -5.4089661826920032e-01   1.6035617278475911e-11
   7.2265625000000000e-01  -4.5532266978043734e-01  -4.5532266976152264e-01   1.8914703137085098e-11
   7.3046875000000000e-01  -3.6286875132167618e-01  -3.6286875130016333e-01   2.1512847059312890e-11
   7.3828125000000000e-01  -2.6458730428328731e-01  -2.6458730425949228e-01   2.3795021508732361e-11
   7.4609375000000000e-01  -1.6161022140789941e-01  -1.6161022138214456e-01   2.5754842702951919e-11
   8.7890625000000000e-01   1.1137226554591344e+00   1.1137226554451278e+00   1.4006573678670975e-11
   8.8671875000000000e-01   1.1071406569693942e+00   1.1071406569510338e+00   1.8360424292040989e-11
   8.9453125000000000e-01   1.0901425046190425e+00   1.0901425045967148e+00   2.2327695248236523e-11
   9.0234375000000000e-01   1.0635632871886118e+00   1.0635632871628444e+00   2.5767388223130183e-11
   9.1015625000000000e-01   1.0284455411980877e+00   1.0284455411694253e+00   2.8662405782142741e-11
   9.1796875000000000e-01   9.8601587881761810e-01   9.8601587878670871e-01   3.0909386161681596e-11
   9.2578125000000000e-01   9.3765561773709083e-01   9.3765561770462291e-01   3.2467917243650390e-11
   9.3359375000000000e-01   8.8486628656806965e-01   8.8486628653476962e-01   3.3300029400606945e-11
   9.4140625000000000e-01   8.2923107963712361e-01   8.2923107960378772e-01   3.3335889604302338e-11
   9.4921875000000000e-01   7.7237348060299815e-01   7.7237348057039246e-01   3.2605695921006372e-11
   9.5703125000000000e-01   7.1591436317792345e-01   7.1591436314680357e-01   3.1119884447150525e-11
   9.6484375000000000e-01   6.6142891148220107e-01   6.6142891145333227e-01   2.8868796242420558e-11
   9.7265625000000000e-01   6.1040468755043986e-01   6.1040468752454546e-01   2.5894397737147301e-11
   9.8046875000000000e-01   5.6420211661878295e-01   5.6420211659649344e-01   2.2289503576189418e-11
   9.8828125000000000e-01   5.2401857021131493e-01   5.2401857019320941e-01   1.8105517085587053e-11
   9.9609375000000000e-01   4.9085711047378688e-01   4.9085711046043146e-01   1.3355427874728321e-11
   7.5390625000000000e-01  -5.5136853601002997e-02  -5.5136853573677203e-02   2.7325794405008708e-11
   7.6171875000000000e-01   5.3578008554247707e-02   5.3578008582705387e-02   2.8457680656401863e-11
   7.6953125000000000e-01   1.6323656148116528e-01   1.6323656151025895e-01   2.9093671916058383e-11
   7.7734375000000000e-01   2.7251129634742155e-01   2.7251129637665089e-01   2.9229341169667578e-11
   7.8515625000000000e-01   3.8005967753572628e-01   3.8005967756451470e-01   2.8788416095437697e-11
   7.9296875000000000e-01   4.8454062191610497e-01   4.8454062194385478e-01   2.7749802455900863e-11
   8.0078125000000000e-01   5.8463307732779946e-01   5.8463307735393644e-01   2.6136981468027898e-11
   8.0859375000000000e-01   6.7905680656144252e-01   6.7905680658538470e-01   2.3942181570646426e-11
   8.1640625000000000e-01   7.6659524817951141e-01   7.6659524820061731e-01   2.1105894809636538e-11
   8.2421875000000000e-01   8.4612006962400466e-01   8.4612006964167830e-01   1.7673640329007867e-11
   8.3203125000000000e-01   9.1661677527822449e-01   9.1661677529205332e-01   1.3828826972428487e-11
   8.3984375000000000e-01   9.7721050636402451e-01   9.7721050637363049e-01   9.6059826759642419e-12
   8.4765625000000000e-01   1.0271909922636056e+00   1.0271909922686009e+00   4.9953374769984293e-12
   8.5546875000000000e-01   1.0660355012061487e+00   1.0660355012063525e+00   2.0383694732117874e-13
   8.6328125000000000e-01   1.0934286035627505e+00   1.0934286035581147e+00   4.6358472616248037e-12
   8.7109375000000000e-01   1.1092776078347804e+00   1.1092776078253717e+00   9.4086960444883516e-12
