#                  Coord.                Numerical               Analytical                    Error
   3.9062500000000000e-03   5.5264987548629085e-01   5.5264987557755885e-01   9.1267993163057781e-11
   1.1718750000000000e-02   6.0609548709030925e-01   6.0609548717422734e-01   8.3918094695434320e-11
   1.9531250000000000e-02   6.6165575658078402e-01   6.6165575665192644e-01   7.1142425284165256e-11
   2.7343750000000000e-02   7.2023626732897639e-01   7.2023626738216162e-01   5.3185233994668124e-11
   3.5156250000000000e-02   7.8268871316317556e-01   7.8268871319383315e-01   3.0657587579696610e-11
   4.2968750000000000e-02   8.4970388036973854e-01   8.4970388037409583e-01   4.3572923047463519e-12
   5.0781250000000000e-02   9.2172190456029357e-01   9.2172190453558900e-01   2.4704571721656521e-11
   5.8593750000000000e-02   9.9886637730808214e-01   9.9886637725271499e-01   5.5367155304963944e-11
   6.6406250000000000e-02   1.0809060828212966e+00   1.0809060827348516e+00   8.6445073321783639e-11
   7.4218750000000000e-02   1.1672452752126883e+00   1.1672452750958406e+00   1.1684764267272385e-10
   8.2031250000000000e-02   1.2569407859841919e+00   1.2569407858384600e+00   1.4573187101518670e-10
   8.9843750000000000e-02   1.3487421326287661e+00   1.3487421324564675e+00   1.7229861981604699e-10
   9.7656250000000000e-02   1.4411493427986826e+00   1.4411493426030499e+00   1.9563262121380376e-10
   1.0546875000000000e-01   1.5324824737681222e+00   1.5324824735528706e+00   2.1525159432655983e-10
   1.1328125000000000e-01   1.6209567604165558e+00   1.6209567601856143e+00   2.3094148815516746e-10
   1.2109375000000000e-01   1.7047578591717139e+00   1.7047578589292121e+00   2.4250179642137937e-10
   1.2890625000000000e-01   1.7821126145547883e+00   1.7821126143050516e+00   2.4973667578365166e-10
   1.3671875000000000e-01   1.8513519828867324e+00   1.8513519826341247e+00   2.5260771252533232e-10
   1.4453125000000000e-01   1.9109640325884563e+00   1.9109640323374217e+00   2.5103452649943847e-10
   1.5234375000000000e-01   1.9596361544114265e+00   1.9596361541662792e+00   2.4514723584445619e-10
   1.6015625000000000e-01   1.9962866456409973e+00   1.9962866454058394e+00   2.3515789315808888e-10
   1.6796875000000000e-01   2.0200866076912414e+00   2.0200866074697981e+00   2.2144330813489432e-10
   1.7578125000000000e-01   2.0304735827205671e+00   2.0304735825163300e+00   2.0423707169925365e-10
   1.8359375000000000e-01   2.0271585505539083e+00   2.0271585503700176e+00   1.8389068046076318e-10
   1.9140625000000000e-01   2.0101278358689023e+00   2.0101278357080448e+00   1.6085754950267983e-10
   1.9921875000000000e-01   1.9796411788247885e+00   1.9796411786889643e+00   1.3582424074343180e-10
   2.0703125000000000e-01   1.9362267543680591e+00   1.9362267542585592e+00   1.0949996465114964e-10
   2.1484375000000000e-01   1.8806733503933850e+00   1.8806733503111126e+00   8.2272411106032450e-11
   2.2265625000000000e-01   1.8140193051787394e+00   1.8140193051237414e+00   5.4998006149276080e-11
   2.3046875000000000e-01   1.7375372396501119e+00   1.7375372396218203e+00   2.8291591291917939e-11
   2.3828125000000000e-01   1.6527131843624308e+00   1.6527131843597216e+00   2.7091662246903070e-12
   2.4609375000000000e-01   1.5612184783360266e+00   1.5612184783575205e+00   2.1493917756743031e-11
   2.5390625000000000e-01   1.4648728815681837e+00   1.4648728816122660e+00   4.4082293371161541e-11
   2.6171875000000000e-01   1.3655977487158844e+00   1.3655977487807349e+00   6.4850569359009569e-11
   2.6953125000000000e-01   1.2653588775285520e+00   1.2653588776120459e+00   8.3493878477725048e-11
   2.7734375000000000e-01   1.1660997451401165e+00   1.1660997452400499e+00   9.9933394892559591e-11
   2.8515625000000000e-01   1.0696671968396452e+00   1.0696671969540739e+00   1.1442868874667056e-10
   2.9296875000000000e-01   9.7773311837248444e-01   9.7773311849959621e-01   1.2711176555768589e-10
   3.0078125000000000e-01   8.9171701974353201e-01   8.9171701988173790e-01   1.3820589117585769e-10
   3.0859375000000000e-01   8.1271557231585589e-01   8.1271557246392800e-01   1.4807211012879407e-10
   3.1640625000000000e-01   7.4144575617570219e-01   7.4144575633256238e-01   1.5686019150251695e-10
   3.2421875000000000e-01   6.7820820682381877e-01   6.7820820698869011e-01   1.6487133880360716e-10
   3.3203125000000000e-01   6.2287648005588259e-01   6.2287648022808750e-01   1.7220491699276863e-10
   3.3984375000000000e-01   5.7491625689326142e-01   5.7491625707236260e-01   1.7910117833253025e-10
   3.4765625000000000e-01   5.3343607562373530e-01   5.3343607580936503e-01   1.8562973380653602e-10
   3.5546875000000000e-01   4.9726821132981247e-01   4.9726821152146816e-01   1.9165569131729399e-10
   3.6328125000000000e-01   4.6507513278010287e-01   4.6507513297697783e-01   1.9687496077835931e-10
   3.7109375000000000e-01   4.3547392957917175e-01   4.3547392978015348e-01   2.0098173125759899e-10
   3.7890625000000000e-01   4.0716861803038856e-01   4.0716861823395167e-01   2.0356311081215495e-10
   3.8671875000000000e-01   3.7907866684277303e-01   3.7907866704688770e-01   2.0411466961078872e-10
   3.9453125000000000e-01   3.5045170748195131e-01   3.5045170768395784e-01   2.0200652262047925e-10
   4.0234375000000000e-01   3.2094934456011548e-01   3.2094934475690623e-01   1.9679075036194149e-10
   4.1015625000000000e-01   2.9069722733867043e-01   2.9069722752692390e-01   1.8825346836948142e-10
   4.1796875000000000e-01   2.6029387823722144e-01   2.6029387841340429e-01   1.7618284609000057e-10
   4.2578125000000000e-01   2.3077683781435299e-01   2.3077683797489609e-01   1.6054310658653037e-10
   4.3359375000000000e-01   2.0354900710554588e-01   2.0354900724719285e-01   1.4164697192953213e-10
   4.4140625000000000e-01   1.8027212838758239e-01   1.8027212850764865e-01   1.2006626248783903e-10
   4.4921875000000000e-01   1.6273764866694160e-01   1.6273764876333646e-01   9.6394864312898676e-11
   4.5703125000000000e-01   1.5272735387182473e-01   1.5272735394316483e-01   7.1340100493699765e-11
   4.6484375000000000e-01   1.5187689337509680e-01   1.5187689342088831e-01   4.5791509473147585e-11
   4.7265625000000000e-01   1.6155456686525252e-01   1.6155456688601622e-01   2.0763696317871450e-11
   4.8046875000000000e-01   1.8276564455955427e-01   1.8276564455662825e-01   2.9260205369752157e-12
   4.8828125000000000e-01   2.1608933561797353e-01   2.1608933559333807e-01   2.4635460338373605e-11
   4.9609375000000000e-01   2.6165173367102573e-01   2.6165173362728278e-01   4.3742953703684861e-11
   5.0390625000000000e-01   3.1913414218270947e-01   3.1913414212286145e-01   5.9848015432351076e-11
   5.1171875000000000e-01   3.8781259988576289e-01   3.8781259981279614e-01   7.2966743758229313e-11
   5.1953125000000000e-01   4.6662160005446740e-01   4.6662159997120656e-01   8.3260842664856227e-11
   5.2734375000000000e-01   5.5423321526837555e-01   5.5423321517721047e-01   9.1165075488675029e-11
   5.3515625000000000e-01   6.4914223459829457e-01   6.4914223450102437e-01   9.7270191901088765e-11
   5.4296875000000000e-01   7.4974846358298353e-01   7.4974846348067414e-01   1.0230938318755989e-10
   5.5078125000000000e-01   8.5442885425415160e-01   8.5442885414699410e-01   1.0715750509149302e-10
   5.5859375000000000e-01   9.6159433879711742e-01   9.6159433868452782e-01   1.1258960430637899e-10
   5.6640625000000000e-01   1.0697287913345035e+00   1.0697287912152644e+00   1.1923906306776644e-10
   5.7421875000000000e-01   1.1774100843829665e+00   1.1774100842554531e+00   1.2751333322569280e-10
   5.8203125000000000e-01   1.2833154258443669e+00   1.2833154257068222e+00   1.3754464234239094e-10
   5.8984375000000000e-01   1.3862148216020467e+00   1.3862148214526810e+00   1.4936563097478484e-10
   5.9765625000000000e-01   1.4849574691026788e+00   1.4849574689400757e+00   1.6260304214199550e-10
   6.0546875000000000e-01   1.5784561140605606e+00   1.5784561138838660e+00   1.7669465890435276e-10
   6.1328125000000000e-01   1.6656739557983324e+00   1.6656739556074929e+00   1.9083956637189203e-10
   6.2109375000000000e-01   1.7456177010578733e+00   1.7456177008538651e+00   2.0400814371157594e-10
   6.2890625000000000e-01   1.8173390225962416e+00   1.8173390223809118e+00   2.1532975402749344e-10
   6.3671875000000000e-01   1.8799451768340572e+00   1.8799451766101141e+00   2.2394308629714033e-10
   6.4453125000000000e-01   1.9326180656254941e+00   1.9326180653965825e+00   2.2891155637694283e-10
   6.5234375000000000e-01   1.9746397541578571e+00   1.9746397539280329e+00   2.2982415970318470e-10
   6.6015625000000000e-01   2.0054215024522275e+00   2.0054215022258712e+00   2.2635626706346557e-10
   6.6796875000000000e-01   2.0245328079574669e+00   2.0245328077393205e+00   2.1814638984096746e-10
   6.7578125000000000e-01   2.0317268216121889e+00   2.0317268214071857e+00   2.0500312558624501e-10
   6.8359375000000000e-01   2.0269587789347558e+00   2.0269587787473928e+00   1.8736301399258082e-10
   6.9140625000000000e-01   2.0103947367518815e+00   2.0103947365862584e+00   1.6562307081358085e-10
   6.9921875000000000e-01   1.9824088541207738e+00   1.9824088539805476e+00   1.4022627503607055e-10
   7.0703125000000000e-01   1.9435686119645224e+00   1.9435686118529114e+00   1.1161094271017191e-10
   7.1484375000000000e-01   1.8946086247222182e+00   1.8946086246417648e+00   8.0453421702486594e-11
   7.2265625000000000e-01   1.8363949442620089e+00   1.8363949442145242e+00   4.7484682852427795e-11
   7.3046875000000000e-01   1.7698828723932698e+00   1.7698828723797251e+00   1.3544720900426910e-11
   7.3828125000000000e-01   1.6960721664344982e+00   1.6960721664552945e+00   2.0796253608068582e-11
   7.4609375000000000e-01   1.6159640355195846e+00   1.6159640355742093e+00   5.4624749168397102e-11
   8.7890625000000000e-01   1.2609935512411111e-01   1.2609935519565679e-01   7.1545686042284729e-11
   8.8671875000000000e-01   8.9387696097316366e-02   8.9387696148765530e-02   5.1449164373273959e-11
   8.9453125000000000e-01   6.5101171497759611e-02   6.5101171531977434e-02   3.4217823019488947e-11
   9.0234375000000000e-01   5.3325068060104938e-02   5.3325068080793576e-02   2.0688638302512885e-11
   9.1015625000000000e-01   5.3702738877493758e-02   5.3702738888964346e-02   1.1470588368034385e-11
   9.1796875000000000e-01   6.5449279752034822e-02   6.5449279758961448e-02   6.9266259394851204e-12
   9.2578125000000000e-01   8.7402283433810402e-02   8.7402283440912359e-02   7.1019579106490482e-12
   9.3359375000000000e-01   1.1810631249760491e-01   1.1810631250933876e-01   1.1733850002748625e-11
   9.4140625000000000e-01   1.5592385551515994e-01   1.5592385553534455e-01   2.0184603988226968e-11
   9.4921875000000000e-01   1.9916240664393337e-01   1.9916240667551571e-01   3.1582347848058134e-11
   9.5703125000000000e-01   2.4620534051215168e-01   2.4620534055698007e-01   4.4828390999285261e-11
   9.6484375000000000e-01   2.9563369780765120e-01   2.9563369786630306e-01   5.8651861145619932e-11
   9.7265625000000000e-01   3.4632692240611263e-01   3.4632692247770880e-01   7.1596173434329557e-11
   9.8046875000000000e-01   3.9753287429179734e-01   3.9753287437422896e-01   8.2431617087763698e-11
   9.8828125000000000e-01   4.4890078577519349e-01   4.4890078586516879e-01   8.9975304984335480e-11
   9.9609375000000000e-01   5.0047480398113930e-01   5.0047480407431277e-01   9.3173468940221937e-11
   7.5390625000000000e-01   1.5305243973789122e+00   1.5305243974660798e+00   8.7167606466209691e-11
   7.6171875000000000e-01   1.4406574426416654e+00   1.4406574427591781e+00   1.1751266626447432e-10
   7.6953125000000000e-01   1.3471926276046908e+00   1.3471926277495998e+00   1.4490897370933453e-10
   7.7734375000000000e-01   1.2508868332571796e+00   1.2508868334258063e+00   1.6862666818440175e-10
   7.8515625000000000e-01   1.1524416949619871e+00   1.1524416951499503e+00   1.8796320055969318e-10
   7.9296875000000000e-01   1.0525341891420863e+00   1.0525341893443474e+00   2.0226109676002579e-10
   8.0078125000000000e-01   9.5185667421397413e-01   9.5185667442517163e-01   2.1119750392983860e-10
   8.0859375000000000e-01   8.5116096431315003e-01   8.5116096452790124e-01   2.1475121680936127e-10
   8.1640625000000000e-01   7.5129990684267856e-01   7.5129990705572791e-01   2.1304935593491336e-10
   8.2421875000000000e-01   6.5325954474091408e-01   6.5325954494717120e-01   2.0625712249255912e-10
   8.3203125000000000e-01   5.5817540859725279e-01   5.5817540879195393e-01   1.9470114409614325e-10
   8.3984375000000000e-01   4.6732784040680447e-01   4.6732784058584004e-01   1.7903556415177491e-10
   8.4765625000000000e-01   3.8211341994645737e-01   3.8211342010659993e-01   1.6014256587482123e-10
   8.5546875000000000e-01   3.0399234510538992e-01   3.0399234524431157e-01   1.3892165195983353e-10
   8.6328125000000000e-01   2.3441470097708120e-01   2.3441470109344936e-01   1.1636816510396386e-10
   8.7109375000000000e-01   1.7473155751980676e-01   1.7473155761334797e-01   9.3541202561553405e-11
