#                  Coord.                Numerical               Analytical                    Error
   3.9062500000000000e-03   9.4077693543255014e-01   9.4077693543254959e-01   5.5511151231257827e-16
   1.1718750000000000e-02   1.1381532834181625e+00   1.1381532834181636e+00   1.1102230246251565e-15
   1.9531250000000000e-02   1.3618328374835591e+00   1.3618328374835400e+00   1.9095836023552692e-14
   2.7343750000000000e-02   1.6115945892018302e+00   1.6115945892018135e+00   1.6653345369377348e-14
   3.5156250000000000e-02   1.8862391362421382e+00   1.8862391362421205e+00   1.7763568394002505e-14
   4.2968750000000000e-02   2.1834671107736021e+00   2.1834671107735666e+00   3.5527136788005009e-14
   5.0781250000000000e-02   2.4998014173279861e+00   2.4998014173279683e+00   1.7763568394002505e-14
   5.8593750000000000e-02   2.8305662074608526e+00   2.8305662074608158e+00   3.6859404417555197e-14
   6.6406250000000000e-02   3.1699329590900223e+00   3.1699329590899641e+00   5.8175686490358203e-14
   7.4218750000000000e-02   3.5110400991913910e+00   3.5110400991913715e+00   1.9539925233402755e-14
   8.2031250000000000e-02   3.8461875157573209e+00   3.8461875157573044e+00   1.6431300764452317e-14
   8.9843750000000000e-02   4.1671014190717379e+00   4.1671014190717042e+00   3.3750779948604759e-14
   9.7656250000000000e-02   4.4652588438070770e+00   4.4652588438070264e+00   5.0626169922907138e-14
   1.0546875000000000e-01   4.7322552355495970e+00   4.7322552355495517e+00   4.5297099404706387e-14
   1.1328125000000000e-01   4.9601936692499926e+00   4.9601936692499811e+00   1.1546319456101628e-14
   1.2109375000000000e-01   5.1420708857777120e+00   5.1420708857776809e+00   3.1086244689504383e-14
   1.2890625000000000e-01   5.2721339645480896e+00   5.2721339645480381e+00   5.1514348342607263e-14
   1.3671875000000000e-01   5.3461823426436110e+00   5.3461823426435249e+00   8.6153306710912148e-14
   1.4453125000000000e-01   5.3617930755331571e+00   5.3617930755330567e+00   1.0036416142611415e-13
   1.5234375000000000e-01   5.3184524905535673e+00   5.3184524905534714e+00   9.5923269327613525e-14
   1.6015625000000000e-01   5.2175842546603013e+00   5.2175842546602116e+00   8.9706020389712648e-14
   1.6796875000000000e-01   5.0624717171578171e+00   5.0624717171577416e+00   7.5495165674510645e-14
   1.7578125000000000e-01   4.8580804362015320e+00   4.8580804362014645e+00   6.7501559897209518e-14
   1.8359375000000000e-01   4.6107942700033169e+00   4.6107942700032511e+00   6.5725203057809267e-14
   1.9140625000000000e-01   4.3280845934172678e+00   4.3280845934172367e+00   3.1086244689504383e-14
   1.9921875000000000e-01   4.0181365234862865e+00   4.0181365234862625e+00   2.3980817331903381e-14
   2.0703125000000000e-01   3.6894581537480153e+00   3.6894581537480140e+00   1.3322676295501878e-15
   2.1484375000000000e-01   3.3504986047840233e+00   3.3504986047840273e+00   3.9968028886505635e-15
   2.2265625000000000e-01   3.0092983444065666e+00   3.0092983444065640e+00   2.6645352591003757e-15
   2.3046875000000000e-01   2.6731910796243730e+00   2.6731910796243845e+00   1.1546319456101628e-14
   2.3828125000000000e-01   2.3485711003374132e+00   2.3485711003374261e+00   1.2878587085651816e-14
   2.4609375000000000e-01   2.0407338770291581e+00   2.0407338770291563e+00   1.7763568394002505e-15
   2.5390625000000000e-01   1.7537916086072538e+00   1.7537916086072443e+00   9.5479180117763462e-15
   2.6171875000000000e-01   1.4906598486580112e+00   1.4906598486580069e+00   4.2188474935755949e-15
   2.6953125000000000e-01   1.2531067576922938e+00   1.2531067576922850e+00   8.8817841970012523e-15
   2.7734375000000000e-01   1.0418532301158294e+00   1.0418532301158341e+00   4.6629367034256575e-15
   2.8515625000000000e-01   8.5671025451156935e-01   8.5671025451157812e-01   8.7707618945387367e-15
   2.9296875000000000e-01   6.9673935198716708e-01   6.9673935198717207e-01   4.9960036108132044e-15
   3.0078125000000000e-01   5.6042263468157683e-01   5.6042263468159392e-01   1.7097434579227411e-14
   3.0859375000000000e-01   4.4583067557639416e-01   4.4583067557641021e-01   1.6042722705833512e-14
   3.1640625000000000e-01   3.5077867131151946e-01   3.5077867131153007e-01   1.0602629885170245e-14
   3.2421875000000000e-01   2.7296399311224179e-01   2.7296399311225050e-01   8.7152507433074788e-15
   3.3203125000000000e-01   2.1008086596097866e-01   2.1008086596098496e-01   6.3005156647477634e-15
   3.3984375000000000e-01   1.5991035499489187e-01   1.5991035499489462e-01   2.7478019859472624e-15
   3.4765625000000000e-01   1.2038590117381273e-01   1.2038590117381207e-01   6.6613381477509392e-16
   3.5546875000000000e-01   8.9636238000777815e-02   8.9636238000777496e-02   3.1918911957973251e-16
   3.6328125000000000e-01   6.6008606768217765e-02   6.6008606768218694e-02   9.2981178312356860e-16
   3.7109375000000000e-01   4.8075793792012572e-02   4.8075793792012218e-02   3.5388358909926865e-16
   3.7890625000000000e-01   3.4630703449148141e-02   3.4630703449145893e-02   2.2482016248659420e-15
   3.8671875000000000e-01   2.4672043116646503e-02   2.4672043116644903e-02   1.5994150448506161e-15
   3.9453125000000000e-01   1.7384326481016066e-02   1.7384326481014938e-02   1.1275702593849246e-15
   4.0234375000000000e-01   1.2114892811017490e-02   1.2114892811015437e-02   2.0521778720805628e-15
   4.1015625000000000e-01   8.3500722788065803e-03   8.3500722788045975e-03   1.9827889330414905e-15
   4.1796875000000000e-01   5.6920649379936924e-03   5.6920649379925727e-03   1.1197640037430290e-15
   4.2578125000000000e-01   3.8375885554252794e-03   3.8375885554245495e-03   7.2988490251724158e-16
   4.3359375000000000e-01   2.5589154012950061e-03   2.5589154012945052e-03   5.0090140368830305e-16
   4.4140625000000000e-01   1.6875723512559491e-03   1.6875723512558517e-03   9.7361355089198298e-17
   4.4921875000000000e-01   1.1007224721908170e-03   1.1007224721907209e-03   9.6060312482215693e-17
   4.5703125000000000e-01   7.1007174030490207e-04   7.1007174030452249e-04   3.7957918058717510e-16
   4.6484375000000000e-01   4.5303900827987816e-04   4.5303900827989838e-04   2.0220370516854658e-17
   4.7265625000000000e-01   2.8587616956160983e-04   2.8587616956183957e-04   2.2974244034967839e-16
   4.8046875000000000e-01   1.7841415787840447e-04   1.7841415787834229e-04   6.2178994592043679e-17
   4.8828125000000000e-01   1.1012595442823255e-04   1.1012595442822637e-04   6.1799523831673753e-18
   4.9609375000000000e-01   6.7229368075987417e-05   6.7229368076024253e-05   3.6835768810195013e-17
   5.0390625000000000e-01   4.0591693046217689e-05   4.0591693046243107e-05   2.5417764681207045e-17
   5.1171875000000000e-01   2.4239493535477758e-05   2.4239493535499953e-05   2.2195651349851686e-17
   5.1953125000000000e-01   1.4315835835814242e-05   1.4315835835825565e-05   1.1323136438895487e-17
   5.2734375000000000e-01   8.3620592094722087e-06   8.3620592094657035e-06   6.5052130349130266e-18
   5.3515625000000000e-01   4.8306494798662220e-06   4.8306494798759587e-06   9.7366437286881824e-18
   5.4296875000000000e-01   2.7598003612451383e-06   2.7598003612632080e-06   1.8069753863775989e-17
   5.5078125000000000e-01   1.5591867114059081e-06   1.5591867114057243e-06   1.8380614955418317e-19
   5.5859375000000000e-01   8.7097912538820196e-07   8.7097912538003254e-07   8.1694210180309132e-18
   5.6640625000000000e-01   4.8095296636759746e-07   4.8095296636457102e-07   3.0264487205396151e-18
   5.7421875000000000e-01   2.6243124935133892e-07   2.6243124935496782e-07   3.6289009042742362e-18
   5.8203125000000000e-01   1.4142115362648159e-07   1.4142115362820411e-07   1.7225209075804248e-18
   5.8984375000000000e-01   7.5227034335032136e-08   7.5227034334788787e-08   2.4334991876820032e-19
   5.9765625000000000e-01   3.9507776871158729e-08   3.9507776870008537e-08   1.1501913330325348e-18
   6.0546875000000000e-01   2.0549722532204498e-08   2.0549722531991893e-08   2.1260526976082939e-19
   6.1328125000000000e-01   1.0716032804671197e-08   1.0716032805034271e-08   3.6307438626790044e-19
   6.2109375000000000e-01   5.8047267565722828e-09   5.8047267569103399e-09   3.3805713582184667e-19
   6.2890625000000000e-01   3.5397614043150747e-09   3.5397614041638872e-09   1.5118752286907336e-19
   6.3671875000000000e-01   2.7291116998907204e-09   2.7291116994953562e-09   3.9536420865952043e-19
   6.4453125000000000e-01   2.8168276381630861e-09   2.8168276384500400e-09   2.8695391757832062e-19
   6.5234375000000000e-01   3.6770126478409183e-09   3.6770126483734481e-09   5.3252977937490113e-19
   6.6015625000000000e-01   5.5767329219502179e-09   5.5767329211906552e-09   7.5956273337988043e-19
   6.6796875000000000e-01   9.2932774463986632e-09   9.2932774462784176e-09   1.2024559128560853e-19
   6.7578125000000000e-01   1.6425581985484866e-08   1.6425581986687858e-08   1.2029919258930196e-18
   6.8359375000000000e-01   3.0005702927316380e-08   3.0005702926249674e-08   1.0667056481687828e-18
   6.9140625000000000e-01   5.5612266454883276e-08   5.5612266452829730e-08   2.0535453538343457e-18
   6.9921875000000000e-01   1.0333861392089747e-07   1.0333861392101288e-07   1.1540823906339842e-19
   7.0703125000000000e-01   1.9120999851807978e-07   1.9120999851404849e-07   4.0312944937792323e-18
   7.1484375000000000e-01   3.5103022658941271e-07   3.5103022658198185e-07   7.4308612275843667e-18
   7.2265625000000000e-01   6.3824769886199388e-07   6.3824769886134654e-07   6.4734492993909903e-19
   7.3046875000000000e-01   1.1483789232003904e-06   1.1483789231917498e-06   8.6405830949411178e-18
   7.3828125000000000e-01   2.0439780099575945e-06   2.0439780099501512e-06   7.4433020239971642e-18
   7.4609375000000000e-01   3.5983209936706770e-06   3.5983209936665274e-06   4.1496144085988174e-18
   8.7890625000000000e-01   9.9650311659208839e-03   9.9650311659202021e-03   6.8174632605888519e-16
   8.8671875000000000e-01   1.4383001285605972e-02   1.4383001285605851e-02   1.2143064331837650e-16
   8.9453125000000000e-01   2.0531908945411258e-02   2.0531908945411216e-02   4.1633363423443370e-17
   9.0234375000000000e-01   2.8987989291711501e-02   2.8987989291709731e-02   1.7694179454963432e-15
   9.1015625000000000e-01   4.0477698118348442e-02   4.0477698118347824e-02   6.1756155744774333e-16
   9.1796875000000000e-01   5.5901372936996922e-02   5.5901372936998608e-02   1.6861512186494565e-15
   9.2578125000000000e-01   7.6355107635930716e-02   7.6355107635930453e-02   2.6367796834847468e-16
   9.3359375000000000e-01   1.0314844028746713e-01   1.0314844028746373e-01   3.4000580129145419e-15
   9.4140625000000000e-01   1.3781490475390468e-01   1.3781490475390107e-01   3.6082248300317588e-15
   9.4921875000000000e-01   1.8211204257048744e-01   1.8211204257048219e-01   5.2458037913538647e-15
   9.5703125000000000e-01   2.3800719927612812e-01   2.3800719927612210e-01   6.0229599085914742e-15
   9.6484375000000000e-01   3.0764543452072879e-01   3.0764543452072085e-01   7.9380946260698693e-15
   9.7265625000000000e-01   3.9329625171451416e-01   3.9329625171450344e-01   1.0713652187632761e-14
   9.8046875000000000e-01   4.9727667916789453e-01   4.9727667916789370e-01   8.3266726846886741e-16
   9.8828125000000000e-01   6.2184955796799446e-01   6.2184955796799590e-01   1.4432899320127035e-15
   9.9609375000000000e-01   7.6909771239702196e-01   7.6909771239701641e-01   5.5511151231257827e-15
   7.5390625000000000e-01   6.2651917789263010e-06   6.2651917789325665e-06   6.2655027108400596e-18
   7.6171875000000000e-01   1.0788815600374866e-05   1.0788815600389149e-05   1.4282669556602012e-17
   7.6953125000000000e-01   1.8374596731404301e-05   1.8374596731406120e-05   1.8194267707022371e-18
   7.7734375000000000e-01   3.0950498922100038e-05   3.0950498922128702e-05   2.8663594935085523e-17
   7.8515625000000000e-01   5.1561370965034437e-05   5.1561370965021251e-05   1.3186608922854948e-17
   7.9296875000000000e-01   8.4955024576002273e-05   8.4955024575972295e-05   2.9978190069224198e-17
   8.0078125000000000e-01   1.3844013804990003e-04   1.3844013804984685e-04   5.3180116560413992e-17
   8.0859375000000000e-01   2.2312262953991490e-04   2.2312262953985565e-04   5.9251648726332817e-17
   8.1640625000000000e-01   3.5565917645876750e-04   3.5565917645871806e-04   4.9439619065339002e-17
   8.2421875000000000e-01   5.6070354524500340e-04   5.6070354524495494e-04   4.8463837110102048e-17
   8.3203125000000000e-01   8.7426181292027871e-04   8.7426181292014167e-04   1.3704315460216776e-16
   8.3984375000000000e-01   1.3482134559830142e-03   1.3482134559825087e-03   5.0545505281274217e-16
   8.4765625000000000e-01   2.0562918493831368e-03   2.0562918493830570e-03   7.9797279894933126e-17
   8.5546875000000000e-01   3.1018429289512870e-03   3.1018429289507068e-03   5.8026500271424197e-16
   8.6328125000000000e-01   4.6276851413074886e-03   4.6276851413062890e-03   1.1995612836379621e-15
   8.7109375000000000e-01   6.8283654425087686e-03   6.8283654425080453e-03   7.2337968948232856e-16
