#                  Coord.                Numerical               Analytical                    Error
   3.9062500000000000e-03   4.2755195251984268e-01   4.2755195251242678e-01   7.4159012264374269e-12
   1.1718750000000000e-02   3.6577170817157706e-01   3.6577170816485921e-01   6.7178484997043597e-12
   1.9531250000000000e-02   3.0649324473367950e-01   3.0649324472783079e-01   5.8487104048765559e-12
   2.7343750000000000e-02   2.5112094939014323e-01   2.5112094938531576e-01   4.8274717556751057e-12
   3.5156250000000000e-02   2.0090535354339464e-01   2.0090535353972108e-01   3.6735614550309492e-12
   4.2968750000000000e-02   1.5691219003799736e-01   1.5691219003554707e-01   2.4502899709233361e-12
   5.0781250000000000e-02   1.1999894705229450e-01   1.1999894705109525e-01   1.1992490334122863e-12
   5.8593750000000000e-02   9.0799813919548805e-02   9.0799813919601888e-02   5.3082538364890297e-14
   6.6406250000000000e-02   6.9719512015842991e-02   6.9719512017126284e-02   1.2832929163764106e-12
   7.4218750000000000e-02   5.6936069789914404e-02   5.6936069792352689e-02   2.4382856844695766e-12
   8.2031250000000000e-02   5.2412157705309909e-02   5.2412157708762383e-02   3.4524744174646571e-12
   8.9843750000000000e-02   5.5914170429528127e-02   5.5914170433854743e-02   4.3266154547971780e-12
   9.7656250000000000e-02   6.7037854315542572e-02   6.7037854320602802e-02   5.0602300127877697e-12
   1.0546875000000000e-01   8.5238951131551777e-02   8.5238951137145857e-02   5.5940807541787763e-12
   1.1328125000000000e-01   1.0986708448812162e-01   1.0986708449406959e-01   5.9479782210658527e-12
   1.2109375000000000e-01   1.4020096977104474e-01   1.4020096977720783e-01   6.1630978098747846e-12
   1.2890625000000000e-01   1.7548299251182442e-01   1.7548299251802990e-01   6.2054805738398500e-12
   1.3671875000000000e-01   2.1495127850235934e-01   2.1495127850846915e-01   6.1098071046927771e-12
   1.4453125000000000e-01   2.5786756899431823e-01   2.5786756900023539e-01   5.9171556543446968e-12
   1.5234375000000000e-01   3.0353950614416808e-01   3.0353950614980729e-01   5.6392113201297889e-12
   1.6015625000000000e-01   3.5133631064728488e-01   3.5133631065257004e-01   5.2851611975768265e-12
   1.6796875000000000e-01   4.0069727233200636e-01   4.0069727233692698e-01   4.9206194674411563e-12
   1.7578125000000000e-01   4.5113294773130963e-01   4.5113294773590590e-01   4.5962678107969168e-12
   1.8359375000000000e-01   5.0221943579565909e-01   5.0221943579994155e-01   4.2824632728866163e-12
   1.9140625000000000e-01   5.5358655266413970e-01   5.5358655266812984e-01   3.9901415505028126e-12
   1.9921875000000000e-01   6.0490111897558319e-01   6.0490111897934429e-01   3.7611025405226428e-12
   2.0703125000000000e-01   6.5584688249649170e-01   6.5584688250006618e-01   3.5744740500831540e-12
   2.1484375000000000e-01   7.0610280449830454e-01   7.0610280450171758e-01   3.4130476223026562e-12
   2.2265625000000000e-01   7.5532152724427404e-01   7.5532152724758284e-01   3.3087976802903540e-12
   2.3046875000000000e-01   8.0310980735198301e-01   8.0310980735522808e-01   3.2450708786768701e-12
   2.3828125000000000e-01   8.4901254953920124e-01   8.4901254954240335e-01   3.2021052476238765e-12
   2.4609375000000000e-01   8.9250181949873408e-01   8.9250181950186414e-01   3.1300517733257038e-12
   2.5390625000000000e-01   9.3297187281785943e-01   9.3297187282085758e-01   2.9981572780002352e-12
   2.6171875000000000e-01   9.6974083406244771e-01   9.6974083406528644e-01   2.8387292516640628e-12
   2.6953125000000000e-01   1.0020592250903333e+00   1.0020592250929663e+00   2.6330049252010213e-12
   2.7734375000000000e-01   1.0291251043359466e+00   1.0291251043383087e+00   2.3621105071924831e-12
   2.8515625000000000e-01   1.0501051681356857e+00   1.0501051681376856e+00   1.9999557565597570e-12
   2.9296875000000000e-01   1.0641608067798489e+00   1.0641608067813910e+00   1.5420997812043424e-12
   3.0078125000000000e-01   1.0704778224139817e+00   1.0704778224150269e+00   1.0451639553821224e-12
   3.0859375000000000e-01   1.0682983172791041e+00   1.0682983172795812e+00   4.7717385598389228e-13
   3.1640625000000000e-01   1.0569531560769823e+00   1.0569531560767862e+00   1.9606538614880265e-13
   3.2421875000000000e-01   1.0358933953465854e+00   1.0358933953456708e+00   9.1460172768620396e-13
   3.3203125000000000e-01   1.0047191489955103e+00   1.0047191489938785e+00   1.6318058015940551e-12
   3.3984375000000000e-01   9.6320451054323608e-01   9.6320451054087486e-01   2.3612223287727829e-12
   3.4765625000000000e-01   9.1131736339645431e-01   9.1131736339332181e-01   3.1324942639798792e-12
   3.5546875000000000e-01   8.4923316274570826e-01   8.4923316274180427e-01   3.9039882437919005e-12
   3.6328125000000000e-01   7.7734204835233212e-01   7.7734204834774223e-01   4.5898840284053222e-12
   3.7109375000000000e-01   6.9624892984577536e-01   6.9624892984055464e-01   5.2207127509973361e-12
   3.7890625000000000e-01   6.0676646106751109e-01   6.0676646106167575e-01   5.8353322174298228e-12
   3.8671875000000000e-01   5.0990107682311692e-01   5.0990107681675600e-01   6.3609117972873719e-12
   3.9453125000000000e-01   4.0683249724350257e-01   4.0683249723676163e-01   6.7409411386165630e-12
   4.0234375000000000e-01   2.9888730848344125e-01   2.9888730847644762e-01   6.9936278990212486e-12
   4.1015625000000000e-01   1.8750740331174243e-01   1.8750740330464172e-01   7.1007089097463449e-12
   4.1796875000000000e-01   7.4214212868184359e-02   7.4214212861145809e-02   7.0385502981551440e-12
   4.2578125000000000e-01  -3.9430216060234384e-02  -3.9430216067043944e-02   6.8095598604323015e-12
   4.3359375000000000e-01  -1.5186414324100392e-01  -1.5186414324740211e-01   6.3981875353391615e-12
   4.4140625000000000e-01  -2.6156782243690252e-01  -2.6156782244271898e-01   5.8164584260111951e-12
   4.4921875000000000e-01  -3.6710466286639398e-01  -3.6710466287145926e-01   5.0652815275498142e-12
   4.5703125000000000e-01  -4.6716054169315024e-01  -4.6716054169730203e-01   4.1517900228882354e-12
   4.6484375000000000e-01  -5.6057994289198787e-01  -5.6057994289510293e-01   3.1150637624932642e-12
   4.7265625000000000e-01  -6.4639763253947469e-01  -6.4639763254147919e-01   2.0045076709607201e-12
   4.8046875000000000e-01  -7.2386465832752944e-01  -7.2386465832837099e-01   8.4154905266586866e-13
   4.8828125000000000e-01  -7.9246758786497906e-01  -7.9246758786463656e-01   3.4250380309686079e-13
   4.9609375000000000e-01  -8.5194008013951827e-01  -8.5194008013805389e-01   1.4643841694805815e-12
   5.0390625000000000e-01  -9.0226611830224346e-01  -9.0226611829975334e-01   2.4901192219317636e-12
   5.1171875000000000e-01  -9.4367451666454538e-01  -9.4367451666112967e-01   3.4157121575617566e-12
   5.1953125000000000e-01  -9.7662464289600714e-01  -9.7662464289184414e-01   4.1630032754369495e-12
   5.2734375000000000e-01  -1.0017836557020048e+00  -1.0017836556972821e+00   4.7226667021504909e-12
   5.3515625000000000e-01  -1.0199959323537449e+00  -1.0199959323486449e+00   5.0999204859181191e-12
   5.4296875000000000e-01  -1.0322457296296021e+00  -1.0322457296243537e+00   5.2484683266129650e-12
   5.5078125000000000e-01  -1.0396144642512706e+00  -1.0396144642461109e+00   5.1596504846429525e-12
   5.5859375000000000e-01  -1.0432342925685678e+00  -1.0432342925637055e+00   4.8623327586483356e-12
   5.6640625000000000e-01  -1.0442398931832721e+00  -1.0442398931788990e+00   4.3731684939984916e-12
   5.7421875000000000e-01  -1.0437204926008905e+00  -1.0437204925971351e+00   3.7554404030970545e-12
   5.8203125000000000e-01  -1.0426742097372648e+00  -1.0426742097342621e+00   3.0027091924011984e-12
   5.8984375000000000e-01  -1.0419667230486713e+00  -1.0419667230465501e+00   2.1211921108488241e-12
   5.9765625000000000e-01  -1.0422960839215034e+00  -1.0422960839203292e+00   1.1741718708435656e-12
   6.0546875000000000e-01  -1.0441652186993433e+00  -1.0441652186991035e+00   2.3980817331903381e-13
   6.1328125000000000e-01  -1.0478632933165619e+00  -1.0478632933172400e+00   6.7812422344104561e-13
   6.2109375000000000e-01  -1.0534566791983417e+00  -1.0534566791999271e+00   1.5853984791647235e-12
   6.2890625000000000e-01  -1.0607897821382533e+00  -1.0607897821406091e+00   2.3558932582545822e-12
   6.3671875000000000e-01  -1.0694955058601388e+00  -1.0694955058630997e+00   2.9609648066752925e-12
   6.4453125000000000e-01  -1.0790146488308450e+00  -1.0790146488342949e+00   3.4499070267202114e-12
   6.5234375000000000e-01  -1.0886231057234057e+00  -1.0886231057272306e+00   3.8249403644385893e-12
   6.6015625000000000e-01  -1.0974653899167590e+00  -1.0974653899207834e+00   4.0243364196612674e-12
   6.6796875000000000e-01  -1.1045927318531474e+00  -1.1045927318572004e+00   4.0529801736965965e-12
   6.7578125000000000e-01  -1.1090038547583203e+00  -1.1090038547622481e+00   3.9277470165188788e-12
   6.8359375000000000e-01  -1.1096864913300351e+00  -1.1096864913336804e+00   3.6453062790542390e-12
   6.9140625000000000e-01  -1.1056577814910920e+00  -1.1056577814943207e+00   3.2287506002148803e-12
   6.9921875000000000e-01  -1.0960018730315317e+00  -1.0960018730342214e+00   2.6896262994569042e-12
   7.0703125000000000e-01  -1.0799033173692278e+00  -1.0799033173713073e+00   2.0794477251229182e-12
   7.1484375000000000e-01  -1.0566751890835950e+00  -1.0566751890850004e+00   1.4053203045705231e-12
   7.2265625000000000e-01  -1.0257812333894898e+00  -1.0257812333901655e+00   6.7568173278687027e-13
   7.3046875000000000e-01  -9.8685173128754311e-01  -9.8685173128748027e-01   6.2838623193783860e-14
   7.3828125000000000e-01  -9.3969313898480333e-01  -9.3969313898403184e-01   7.7149397981202128e-13
   7.4609375000000000e-01  -8.8429188016475224e-01  -8.8429188016325455e-01   1.4976908602193362e-12
   8.7890625000000000e-01   6.4101665176312550e-01   6.4101665176509570e-01   1.9702017794998028e-12
   8.8671875000000000e-01   7.0239827909698194e-01   7.0239827909801855e-01   1.0366152380925087e-12
   8.9453125000000000e-01   7.5360023380368024e-01   7.5360023380372010e-01   3.9857006584043120e-14
   9.0234375000000000e-01   7.9396950353533202e-01   7.9396950353433848e-01   9.9353858473705259e-13
   9.1015625000000000e-01   8.2304671367964433e-01   8.2304671367756788e-01   2.0764501229564303e-12
   9.1796875000000000e-01   8.4058568581961191e-01   8.4058568581645710e-01   3.1548097467748448e-12
   9.2578125000000000e-01   8.4656840422154023e-01   8.4656840421735480e-01   4.1854297805343776e-12
   9.3359375000000000e-01   8.4121431065216368e-01   8.4121431064700858e-01   5.1550985702419894e-12
   9.4140625000000000e-01   8.2498302242155452e-01   8.2498302241549415e-01   6.0603744245213420e-12
   9.4921875000000000e-01   7.9856981533902227e-01   7.9856981533216576e-01   6.8565153554800418e-12
   9.5703125000000000e-01   7.6289351870897171e-01   7.6289351870146349e-01   7.5082162709350087e-12
   9.6484375000000000e-01   7.1907681596588169e-01   7.1907681595788986e-01   7.9918294204617268e-12
   9.7265625000000000e-01   6.6841931167933821e-01   6.6841931167104152e-01   8.2966966630237948e-12
   9.8046875000000000e-01   6.1236409172511930e-01   6.1236409171671324e-01   8.4060536309493727e-12
   9.8828125000000000e-01   5.5245884672391310e-01   5.5245884671562584e-01   8.2872597673144810e-12
   9.9609375000000000e-01   4.9031292901655182e-01   4.9031292900860807e-01   7.9437567634954576e-12
   7.5390625000000000e-01  -8.2081292536788164e-01  -8.2081292536565575e-01   2.2258861420709763e-12
   7.6171875000000000e-01  -7.4959396713335369e-01  -7.4959396713046922e-01   2.8844704402786192e-12
   7.6953125000000000e-01  -6.7113608524145396e-01  -6.7113608523798174e-01   3.4722225095151771e-12
   7.7734375000000000e-01  -5.8609179403466127e-01  -5.8609179403067713e-01   3.9841463461698368e-12
   7.8515625000000000e-01  -4.9525128183413214e-01  -4.9525128182970951e-01   4.4226289297455423e-12
   7.9296875000000000e-01  -3.9952750620897293e-01  -3.9952750620417515e-01   4.7977732897663827e-12
   8.0078125000000000e-01  -2.9994061889175111e-01  -2.9994061888666801e-01   5.0831006070950480e-12
   8.0859375000000000e-01  -1.9760198432011633e-01  -1.9760198431483819e-01   5.2781390369460723e-12
   8.1640625000000000e-01  -9.3697850939038499e-02  -9.3697850933671251e-02   5.3672483124600490e-12
   8.2421875000000000e-01   1.0527442049250929e-02   1.0527442054591284e-02   5.3403548944119805e-12
   8.3203125000000000e-01   1.1378896799609359e-01   1.1378896800131019e-01   5.2166049258062230e-12
   8.3984375000000000e-01   2.1477973715830570e-01   2.1477973716328930e-01   4.9835968685130183e-12
   8.4765625000000000e-01   3.1219054800178669e-01   3.1219054800637952e-01   4.5928261194205788e-12
   8.5546875000000000e-01   4.0473139521424267e-01   4.0473139521832702e-01   4.0843439741422571e-12
   8.6328125000000000e-01   4.9115452360526690e-01   4.9115452360875594e-01   3.4890423883382482e-12
   8.7109375000000000e-01   5.7027902518371254e-01   5.7027902518649864e-01   2.7861046802968303e-12
