#                  Coord.                Numerical               Analytical                    Error
   3.9062500000000000e-03   1.5653587189978422e+00   1.5653587189902765e+00   7.5657258236105918e-12
   1.1718750000000000e-02   1.6473887128477447e+00   1.6473887128719276e+00   2.4182877922385160e-11
   1.9531250000000000e-02   1.7222828586813583e+00   1.7222828587392047e+00   5.7846394341254381e-11
   2.7343750000000000e-02   1.7885332469157915e+00   1.7885332470085071e+00   9.2715612964866523e-11
   3.5156250000000000e-02   1.8448450930744633e+00   1.8448450932026648e+00   1.2820144945635548e-10
   4.2968750000000000e-02   1.8901566679559276e+00   1.8901566681193223e+00   1.6339463115855324e-10
   5.0781250000000000e-02   1.9236516986100554e+00   1.9236516988077788e+00   1.9772339321377785e-10
   5.8593750000000000e-02   1.9447665214389596e+00   1.9447665216689831e+00   2.3002355575840738e-10
   6.6406250000000000e-02   1.9531938918042058e+00   1.9531938920636844e+00   2.5947866078013249e-10
   7.4218750000000000e-02   1.9488847085497945e+00   1.9488847088351686e+00   2.8537416874030441e-10
   8.2031250000000000e-02   1.9320481067538511e+00   1.9320481070608373e+00   3.0698621422686756e-10
   8.9843750000000000e-02   1.9031495249109911e+00   1.9031495252347115e+00   3.2372038383243762e-10
   9.7656250000000000e-02   1.8629055793254934e+00   1.8629055796604972e+00   3.3500380247630801e-10
   1.0546875000000000e-01   1.8122739859295134e+00   1.8122739862700470e+00   3.4053360131736099e-10
   1.1328125000000000e-01   1.7524364501061449e+00   1.7524364504462309e+00   3.4008595939383213e-10
   1.2109375000000000e-01   1.6847724684860663e+00   1.6847724688194208e+00   3.3335445515092488e-10
   1.2890625000000000e-01   1.6108223936494204e+00   1.6108223939696620e+00   3.2024161100707715e-10
   1.3671875000000000e-01   1.5322389063908861e+00   1.5322389066919238e+00   3.0103763926092597e-10
   1.4453125000000000e-01   1.4507271797011294e+00   1.4507271799770596e+00   2.7593016760363298e-10
   1.5234375000000000e-01   1.3679754147536942e+00   1.3679754149988588e+00   2.4516455532364034e-10
   1.6015625000000000e-01   1.2855789456831050e+00   1.2855789458924483e+00   2.0934320943410967e-10
   1.6796875000000000e-01   1.2049625710182625e+00   1.2049625711877472e+00   1.6948464853783207e-10
   1.7578125000000000e-01   1.1273069751792189e+00   1.1273069753061487e+00   1.2692980000394982e-10
   1.8359375000000000e-01   1.0534858512048004e+00   1.0534858512877083e+00   8.2907902765327890e-11
   1.9140625000000000e-01   9.8402044871001404e-01   9.8402044874885741e-01   3.8843372962560352e-11
   1.9921875000000000e-01   9.1905762587705098e-01   9.1905762587341777e-01   3.6332048480858248e-12
   2.0703125000000000e-01   8.5837603822686892e-01   8.5837603818401220e-01   4.2856718174277830e-11
   2.1484375000000000e-01   8.0142290622450385e-01   8.0142290614723155e-01   7.7272299670028133e-11
   2.2265625000000000e-01   7.4738103083688223e-01   7.4738103073135942e-01   1.0552281271003494e-10
   2.3046875000000000e-01   6.9526263201282767e-01   6.9526263188627913e-01   1.2654854941729354e-10
   2.3828125000000000e-01   6.4402350623345506e-01   6.4402350609373371e-01   1.3972134560447103e-10
   2.4609375000000000e-01   5.9268831064296223e-01   5.9268831049806603e-01   1.4489620614455134e-10
   2.5390625000000000e-01   5.4047584868904897e-01   5.4047584854668673e-01   1.4236223311314689e-10
   2.6171875000000000e-01   4.8691236130239329e-01   4.8691236116942205e-01   1.3297124512590131e-10
   2.6953125000000000e-01   4.3192121600263061e-01   4.3192121588460303e-01   1.1802758770329547e-10
   2.7734375000000000e-01   3.7587908676922421e-01   3.7587908667011211e-01   9.9112107410093131e-11
   2.8515625000000000e-01   3.1963161918552641e-01   3.1963161910738558e-01   7.8140827142192393e-11
   2.9296875000000000e-01   2.6446540677375946e-01   2.6446540671660568e-01   5.7153781707341977e-11
   3.0078125000000000e-01   2.1203745985738237e-01   2.1203745981922117e-01   3.8161196425079424e-11
   3.0859375000000000e-01   1.6426773493491351e-01   1.6426773491200969e-01   2.2903817731290133e-11
   3.1640625000000000e-01   1.2320419274371712e-01   1.2320419273091515e-01   1.2801967819164872e-11
   3.2421875000000000e-01   9.0872792884718265e-02   9.0872792875796096e-02   8.9221685595219924e-12
   3.3203125000000000e-01   6.9126446575573125e-02   6.9126446563726907e-02   1.1846218450628498e-11
   3.3984375000000000e-01   5.9507031329068906e-02   5.9507031307326617e-02   2.1742288525139486e-11
   3.4765625000000000e-01   6.3133106658641983e-02   6.3133106620379575e-02   3.8262407131561815e-11
   3.5546875000000000e-01   8.0623136490452371e-02   8.0623136429804301e-02   6.0648069899471579e-11
   3.6328125000000000e-01   1.1206017011556596e-01   1.1206017002779398e-01   8.7771984125240010e-11
   3.7109375000000000e-01   1.5699953033630329e-01   1.5699953021802548e-01   1.1827780421747036e-10
   3.7890625000000000e-01   2.1451663481092398e-01   2.1451663466026991e-01   1.5065407255043795e-10
   3.8671875000000000e-01   2.8328815204904800e-01   2.8328815186589662e-01   1.8315138294866529e-10
   3.9453125000000000e-01   3.6169670476394783e-01   3.6169670454973130e-01   2.1421653340070179e-10
   4.0234375000000000e-01   4.4794758390610945e-01   4.4794758366379483e-01   2.4231461281942757e-10
   4.1015625000000000e-01   5.4018556250689542e-01   5.4018556224088743e-01   2.6600799341025549e-10
   4.1796875000000000e-01   6.3660085858236026e-01   6.3660085829830337e-01   2.8405688912158666e-10
   4.2578125000000000e-01   7.3551538893251678e-01   7.3551538863709165e-01   2.9542512880453842e-10
   4.3359375000000000e-01   8.3544335448612950e-01   8.3544335418657545e-01   2.9955404823311937e-10
   4.4140625000000000e-01   9.3512350310238335e-01   9.3512350280625989e-01   2.9612345908702764e-10
   4.4921875000000000e-01   1.0335237108819553e+00   1.0335237105968320e+00   2.8512325833673913e-10
   4.5703125000000000e-01   1.1298214288505475e+00   1.1298214285837538e+00   2.6679369824478272e-10
   4.6484375000000000e-01   1.2233657607031776e+00   1.2233657604613168e+00   2.4186075364696080e-10
   4.7265625000000000e-01   1.3136282821157299e+00   1.3136282819046143e+00   2.1111556947062127e-10
   4.8046875000000000e-01   1.4001501181618354e+00   1.4001501179864231e+00   1.7541235131091071e-10
   4.8828125000000000e-01   1.4824923146911293e+00   1.4824923145554487e+00   1.3568057788404531e-10
   4.9609375000000000e-01   1.5601953215110784e+00   1.5601953214179520e+00   9.3126395483977831e-11
   5.0390625000000000e-01   1.6327516673692231e+00   1.6327516673203100e+00   4.8913095795910522e-11
   5.1171875000000000e-01   1.6995939010125947e+00   1.6995939010083450e+00   4.2497116936601742e-12
   5.1953125000000000e-01   1.7600978522797024e+00   1.7600978523197157e+00   4.0013325985910342e-11
   5.2734375000000000e-01   1.8135994583088169e+00   1.8135994583916659e+00   8.2849060945022757e-11
   5.3515625000000000e-01   1.8594219801221188e+00   1.8594219802452385e+00   1.2311973662804121e-10
   5.4296875000000000e-01   1.8969095205318902e+00   1.8969095206917794e+00   1.5988921298060177e-10
   5.5078125000000000e-01   1.9254623965570039e+00   1.9254623967495665e+00   1.9256263250611028e-10
   5.5859375000000000e-01   1.9445701069232353e+00   1.9445701071438388e+00   2.2060353543906785e-10
   5.6640625000000000e-01   1.9538383023149706e+00   1.9538383025583834e+00   2.4341284543538677e-10
   5.7421875000000000e-01   1.9530072052824041e+00   1.9530072055429111e+00   2.6050694934554031e-10
   5.8203125000000000e-01   1.9419602019600088e+00   1.9419602022318752e+00   2.7186630724429506e-10
   5.8984375000000000e-01   1.9207226881442798e+00   1.9207226884220270e+00   2.7774715860573451e-10
   5.9765625000000000e-01   1.8894525453134488e+00   1.8894525455921181e+00   2.7866930984998817e-10
   6.0546875000000000e-01   1.8484247057297301e+00   1.8484247060049839e+00   2.7525381973703134e-10
   6.1328125000000000e-01   1.7980130188525556e+00   1.7980130191206929e+00   2.6813729014918408e-10
   6.2109375000000000e-01   1.7386729635895186e+00   1.7386729638476524e+00   2.5813373660810157e-10
   6.2890625000000000e-01   1.6709286110558090e+00   1.6709286113022306e+00   2.4642154983212095e-10
   6.3671875000000000e-01   1.5953666248008334e+00   1.5953666250348397e+00   2.3400636983694767e-10
   6.4453125000000000e-01   1.5126390343070835e+00   1.5126390345286578e+00   2.2157431445180009e-10
   6.5234375000000000e-01   1.4234751286461762e+00   1.4234751288560936e+00   2.0991741678244580e-10
   6.6015625000000000e-01   1.3287012340441942e+00   1.3287012342438786e+00   1.9968449116447573e-10
   6.6796875000000000e-01   1.2292655441625806e+00   1.2292655443539289e+00   1.9134827056177528e-10
   6.7578125000000000e-01   1.1262637711136116e+00   1.1262637712982468e+00   1.8463519602107681e-10
   6.8359375000000000e-01   1.0209603868717616e+00   1.0209603870509480e+00   1.7918644346082147e-10
   6.9140625000000000e-01   9.1479981359721285e-01   9.1479981377167885e-01   1.7446599720472022e-10
   6.9921875000000000e-01   8.0940223116208532e-01   8.0940223133186151e-01   1.6977619310409864e-10
   7.0703125000000000e-01   7.0653975792449475e-01   7.0653975808851532e-01   1.6402057489983690e-10
   7.1484375000000000e-01   6.0809058776563574e-01   6.0809058792173909e-01   1.5610335246662999e-10
   7.2265625000000000e-01   5.1597108948348192e-01   5.1597108962854332e-01   1.4506140733061557e-10
   7.3046875000000000e-01   4.3204865180197494e-01   4.3204865193205610e-01   1.3008116805934833e-10
   7.3828125000000000e-01   3.5804086836383631e-01   3.5804086847432098e-01   1.1048467696284092e-10
   7.4609375000000000e-01   2.9540913910556743e-01   2.9540913919148060e-01   8.5913165470685726e-11
   8.7890625000000000e-01   5.1978712395150195e-01   5.1978712364820678e-01   3.0329516675919876e-10
   8.8671875000000000e-01   5.4690060537446616e-01   5.4690060508292615e-01   2.9154001435216514e-10
   8.9453125000000000e-01   5.7609633242634006e-01   5.7609633214817135e-01   2.7816871028818468e-10
   9.0234375000000000e-01   6.0892552723173154e-01   6.0892552696801949e-01   2.6371205219533067e-10
   9.1015625000000000e-01   6.4684967929530579e-01   6.4684967904677126e-01   2.4853452629258754e-10
   9.1796875000000000e-01   6.9110984167723055e-01   6.9110984144427956e-01   2.3295099182973900e-10
   9.2578125000000000e-01   7.4261925787336724e-01   7.4261925765623304e-01   2.1713419950941670e-10
   9.3359375000000000e-01   8.0188652422306905e-01   8.0188652402177818e-01   2.0129087285880587e-10
   9.4140625000000000e-01   8.6897307146766867e-01   8.6897307128243284e-01   1.8523582667739902e-10
   9.4921875000000000e-01   9.4348528597864068e-01   9.4348528581010860e-01   1.6853207718270369e-10
   9.5703125000000000e-01   1.0245984706353599e+00   1.0245984704845104e+00   1.5084955506949882e-10
   9.6484375000000000e-01   1.1111073717760103e+00   1.1111073716441344e+00   1.3187584357865489e-10
   9.7265625000000000e-01   1.2014963664213665e+00   1.2014963663100391e+00   1.1132739174968265e-10
   9.8046875000000000e-01   1.2940216852042941e+00   1.2940216851154318e+00   8.8862250890997529e-11
   9.8828125000000000e-01   1.3867981965251366e+00   1.3867981964609966e+00   6.4140026623249469e-11
   9.9609375000000000e-01   1.4778841553762321e+00   1.4778841553391833e+00   3.7048808465556249e-11
   7.5390625000000000e-01   2.4525655755073980e-01   2.4525655760716955e-01   5.6429749761832682e-11
   7.6171875000000000e-01   2.0824075226539401e-01   2.0824075228782368e-01   2.2429669233048344e-11
   7.6953125000000000e-01   1.8451195228936515e-01   1.8451195227409423e-01   1.5270923414689719e-11
   7.7734375000000000e-01   1.7368488904179358e-01   1.7368488898623194e-01   5.5561638623302656e-11
   7.8515625000000000e-01   1.7485033097231714e-01   1.7485033087514121e-01   9.7175933966298089e-11
   7.9296875000000000e-01   1.8662833242489460e-01   1.8662833228636558e-01   1.3852902158717484e-10
   8.0078125000000000e-01   2.0726106053619525e-01   2.0726106035810948e-01   1.7808576835420808e-10
   8.0859375000000000e-01   2.3473882834434687e-01   2.3473882812989877e-01   2.1444809816806298e-10
   8.1640625000000000e-01   2.6694922078551436e-01   2.6694922053905756e-01   2.4645679941315279e-10
   8.2421875000000000e-01   3.0183642372736219e-01   3.0183642345420658e-01   2.7315560924279225e-10
   8.3203125000000000e-01   3.3755641876999998e-01   3.3755641847609502e-01   2.9390495592807042e-10
   8.3984375000000000e-01   3.7261379359636054e-01   3.7261379328782240e-01   3.0853813948183983e-10
   8.4765625000000000e-01   4.0596755504682408e-01   4.0596755472966217e-01   3.1716190784791820e-10
   8.5546875000000000e-01   4.3709634184110990e-01   4.3709634152081089e-01   3.2029900953745027e-10
   8.6328125000000000e-01   4.6601746698994312e-01   4.6601746667144694e-01   3.1849617387891271e-10
   8.7109375000000000e-01   4.9325880318704796e-01   4.9325880287448870e-01   3.1255925625472969e-10
