#                  Coord.                Numerical               Analytical                    Error
   3.9062500000000000e-03  -4.3759482496413910e-01  -4.3759482495078150e-01   1.3357592809626340e-11
   1.1718750000000000e-02  -5.3217319970258603e-01  -5.3217319968851706e-01   1.4068968212654909e-11
   1.9531250000000000e-02  -6.2643684673289413e-01  -6.2643684671821365e-01   1.4680479054618445e-11
   2.7343750000000000e-02  -7.1947733531509406e-01  -7.1947733529993940e-01   1.5154655308435849e-11
   3.5156250000000000e-02  -8.1028458578531681e-01  -8.1028458576993057e-01   1.5386247831372657e-11
   4.2968750000000000e-02  -8.9777064700456632e-01  -8.9777064698920972e-01   1.5356604876615165e-11
   5.0781250000000000e-02  -9.8079999183054356e-01  -9.8079999181546940e-01   1.5074164139150525e-11
   5.8593750000000000e-02  -1.0582249505300232e+00  -1.0582249505154937e+00   1.4529488723269424e-11
   6.6406250000000000e-02  -1.1289245802769379e+00  -1.1289245802632515e+00   1.3686385358369080e-11
   7.4218750000000000e-02  -1.1918450442973643e+00  -1.1918450442848394e+00   1.2524870030006241e-11
   8.2031250000000000e-02  -1.2460394607892715e+00  -1.2460394607782519e+00   1.1019629653219454e-11
   8.9843750000000000e-02  -1.2907051861512948e+00  -1.2907051861420691e+00   9.2257312900301258e-12
   9.7656250000000000e-02  -1.3252166181885536e+00  -1.3252166181813048e+00   7.2488681723825721e-12
   1.0546875000000000e-01  -1.3491518339951727e+00  -1.3491518339900985e+00   5.0741633117468155e-12
   1.1328125000000000e-01  -1.3623116982934866e+00  -1.3623116982907342e+00   2.7524649226506881e-12
   1.2109375000000000e-01  -1.3647304695378337e+00  -1.3647304695374041e+00   4.2965631052993558e-13
   1.2890625000000000e-01  -1.3566773674359409e+00  -1.3566773674377437e+00   1.8027801473863292e-12
   1.3671875000000000e-01  -1.3386490190627942e+00  -1.3386490190666902e+00   3.8959946380145993e-12
   1.4453125000000000e-01  -1.3113531439261596e+00  -1.3113531439319595e+00   5.7998050806418178e-12
   1.5234375000000000e-01  -1.2756842458537667e+00  -1.2756842458611450e+00   7.3783201770538653e-12
   1.6015625000000000e-01  -1.2326924300324875e+00  -1.2326924300410183e+00   8.5307316766147778e-12
   1.6796875000000000e-01  -1.1835467408688285e+00  -1.1835467408781231e+00   9.2945651175568855e-12
   1.7578125000000000e-01  -1.1294946106061596e+00  -1.1294946106158175e+00   9.6578300912142367e-12
   1.8359375000000000e-01  -1.0718191162131834e+00  -1.0718191162227864e+00   9.6029850737977540e-12
   1.9140625000000000e-01  -1.0117957653096403e+00  -1.0117957653187852e+00   9.1449070538374144e-12
   1.9921875000000000e-01  -9.5065047827456062e-01  -9.5065047828282767e-01   8.2670537082663031e-12
   2.0703125000000000e-01  -8.8952031447840774e-01  -8.8952031448550051e-01   7.0927708151202751e-12
   2.1484375000000000e-01  -8.2941831942304822e-01  -8.2941831942876665e-01   5.7184257329367938e-12
   2.2265625000000000e-01  -7.7120366088210346e-01  -7.7120366088629744e-01   4.1939784978239913e-12
   2.3046875000000000e-01  -7.1555798969755757e-01  -7.1555798970012863e-01   2.5710544804269375e-12
   2.3828125000000000e-01  -6.6296871670931001e-01  -6.6296871671024193e-01   9.3192120687035640e-13
   2.4609375000000000e-01  -6.1371965082478097e-01  -6.1371965082413471e-01   6.4626082263430362e-13
   2.5390625000000000e-01  -5.6788920106253071e-01  -5.6788920106046870e-01   2.0620172236363032e-12
   2.6171875000000000e-01  -5.2535611138359495e-01  -5.2535611138031890e-01   3.2760461010639119e-12
   2.6953125000000000e-01  -4.8581247292000551e-01  -4.8581247291576890e-01   4.2366110619695974e-12
   2.7734375000000000e-01  -4.4878354413032889e-01  -4.4878354412542232e-01   4.9065751461796481e-12
   2.8515625000000000e-01  -4.1365370540912166e-01  -4.1365370540386132e-01   5.2603477129764542e-12
   2.9296875000000000e-01  -3.7969768135403431e-01  -3.7969768134876264e-01   5.2716719878276308e-12
   3.0078125000000000e-01  -3.4611598336009369e-01  -3.4611598335502869e-01   5.0650039717936579e-12
   3.0859375000000000e-01  -3.1207336165184624e-01  -3.1207336164722232e-01   4.6239123641100832e-12
   3.1640625000000000e-01  -2.7673891573148501e-01  -2.7673891572756415e-01   3.9208636337662028e-12
   3.2421875000000000e-01  -2.3932640397718821e-01  -2.3932640397427121e-01   2.9169999749001363e-12
   3.3203125000000000e-01  -1.9913322657481161e-01  -1.9913322657312316e-01   1.6884549314255537e-12
   3.3984375000000000e-01  -1.5557654121355211e-01  -1.5557654121324249e-01   3.0961344599234053e-13
   3.4765625000000000e-01  -1.0822501713984872e-01  -1.0822501714106250e-01   1.2137790772470680e-12
   3.5546875000000000e-01  -5.6824846996447201e-02  -5.6824846999328466e-02   2.8812646712950141e-12
   3.6328125000000000e-01  -1.3188204552886981e-03  -1.3188204600048800e-03   4.7161818721164206e-12
   3.7109375000000000e-01   5.8142482664148468e-02   5.8142482657535861e-02   6.6126062958637988e-12
   3.7890625000000000e-01   1.2119800634644268e-01   1.2119800633790279e-01   8.5398910165679354e-12
   3.8671875000000000e-01   1.8728230068889171e-01   1.8728230067840571e-01   1.0486000956433372e-11
   3.9453125000000000e-01   2.5564023672450303e-01   2.5564023671207770e-01   1.2425338535848596e-11
   4.0234375000000000e-01   3.2534981067949531e-01   3.2534981066530377e-01   1.4191536834573526e-11
   4.1015625000000000e-01   3.9535210160420825e-01   3.9535210158850836e-01   1.5699885835829264e-11
   4.1796875000000000e-01   4.6448709270314315e-01   4.6448709268620825e-01   1.6934897928422288e-11
   4.2578125000000000e-01   5.3153377624172760e-01   5.3153377622388243e-01   1.7845169786312454e-11
   4.3359375000000000e-01   5.9525275504290509e-01   5.9525275502455877e-01   1.8346324459628249e-11
   4.4140625000000000e-01   6.5442944548920490e-01   6.5442944547085724e-01   1.8347656727257800e-11
   4.4921875000000000e-01   7.0791598609990114e-01   7.0791598608203887e-01   1.7862267220891681e-11
   4.5703125000000000e-01   7.5467006302652906e-01   7.5467006300964479e-01   1.6884271758499381e-11
   4.6484375000000000e-01   7.9378907218181416e-01   7.9378907216636574e-01   1.5448420320751666e-11
   4.7265625000000000e-01   8.2453833269293364e-01   8.2453833267930809e-01   1.3625545136619621e-11
   4.8046875000000000e-01   8.4637242704996973e-01   8.4637242703853077e-01   1.1438960889620375e-11
   4.8828125000000000e-01   8.5894914403435796e-01   8.5894914402538391e-01   8.9740437303476028e-12
   4.9609375000000000e-01   8.6213591286838209e-01   8.6213591286204394e-01   6.3381522252825562e-12
   5.0390625000000000e-01   8.5600901220301873e-01   8.5600901219939751e-01   3.6212144394198731e-12
   5.1171875000000000e-01   8.4084618862191951e-01   8.4084618862101623e-01   9.0327745283502736e-13
   5.1953125000000000e-01   8.1711360338328398e-01   8.1711360338503003e-01   1.7460477508279837e-12
   5.2734375000000000e-01   7.8544822607882270e-01   7.8544822608305420e-01   4.2315040360563216e-12
   5.3515625000000000e-01   7.4663689980323522e-01   7.4663689980973458e-01   6.4993566084581289e-12
   5.4296875000000000e-01   7.0159331213875109e-01   7.0159331214728826e-01   8.5371709701576037e-12
   5.5078125000000000e-01   6.5133402541979379e-01   6.5133402543011065e-01   1.0316858478631730e-11
   5.5859375000000000e-01   5.9695456119560064e-01   5.9695456120745383e-01   1.1853185100108021e-11
   5.6640625000000000e-01   5.3960631636726852e-01   5.3960631638037937e-01   1.3110845742403399e-11
   5.7421875000000000e-01   4.8047483523304935e-01   4.8047483524714074e-01   1.4091394717752337e-11
   5.8203125000000000e-01   4.2075969797980212e-01   4.2075969799460333e-01   1.4801215808546431e-11
   5.8984375000000000e-01   3.6165603741784552e-01   3.6165603743309033e-01   1.5244805418035412e-11
   5.9765625000000000e-01   3.0433748527667220e-01   3.0433748529211446e-01   1.5442258582964996e-11
   6.0546875000000000e-01   2.4994019637601075e-01   2.4994019639141882e-01   1.5408063713806541e-11
   6.1328125000000000e-01   1.9954751696764506e-01   1.9954751698279435e-01   1.5149298482342033e-11
   6.2109375000000000e-01   1.5417485916491305e-01   1.5417485917953408e-01   1.4621026611649768e-11
   6.2890625000000000e-01   1.1475441588405116e-01   1.1475441589781063e-01   1.3759465788965031e-11
   6.3671875000000000e-01   8.2119492014407838e-02   8.2119492027086655e-02   1.2678816330158327e-11
   6.4453125000000000e-01   5.6988422856795992e-02   5.6988422868184632e-02   1.1388640031029240e-11
   6.5234375000000000e-01   3.9948280075860869e-02   3.9948280085762546e-02   9.9016767007853446e-12
   6.6015625000000000e-01   3.1438804708820961e-02   3.1438804716931452e-02   8.1104914451124444e-12
   6.6796875000000000e-01   3.1737230789938814e-02   3.1737230796020331e-02   6.0815172342465473e-12
   6.7578125000000000e-01   4.0944847184323660e-02   4.0944847188228765e-02   3.9051054057104295e-12
   6.8359375000000000e-01   5.8976267456382472e-02   5.8976267457964270e-02   1.5817971932285957e-12
   6.9140625000000000e-01   8.5552421094142100e-02   8.5552421093307421e-02   8.3467954770100050e-13
   6.9921875000000000e-01   1.2019823373337607e-01   1.2019823373009267e-01   3.2834013286020536e-12
   7.0703125000000000e-01   1.6224582630431569e-01   1.6224582629860718e-01   5.7085169924420143e-12
   7.1484375000000000e-01   2.1084383839002180e-01   2.1084383838195503e-01   8.0667694746239249e-12
   7.2265625000000000e-01   2.6497318241194956e-01   2.6497318240163570e-01   1.0313860876465242e-11
   7.3046875000000000e-01   3.2346918222363757e-01   3.2346918221128368e-01   1.2353895684213967e-11
   7.3828125000000000e-01   3.8504966725643214e-01   3.8504966724234807e-01   1.4084067245789811e-11
   7.4609375000000000e-01   4.4834820975083789e-01   4.4834820973536849e-01   1.5469403535917081e-11
   8.7890625000000000e-01   7.5816972686984241e-01   7.5816972687207063e-01   2.2282176104226892e-12
   8.8671875000000000e-01   7.1149128479244472e-01   7.1149128479567514e-01   3.2304159347518180e-12
   8.9453125000000000e-01   6.5951622602840565e-01   6.5951622603247939e-01   4.0737413442570869e-12
   9.0234375000000000e-01   6.0275675908510551e-01   6.0275675908987880e-01   4.7732928720733980e-12
   9.1015625000000000e-01   5.4166483120831510e-01   5.4166483121369791e-01   5.3828053125926090e-12
   9.1796875000000000e-01   4.7662217835316040e-01   4.7662217835906362e-01   5.9032223553856511e-12
   9.2578125000000000e-01   4.0793767350208393e-01   4.0793767350851462e-01   6.4306893143850630e-12
   9.3359375000000000e-01   3.3585194802321178e-01   3.3585194803015422e-01   6.9424466175860289e-12
   9.4140625000000000e-01   2.6054882269674484e-01   2.6054882270420066e-01   7.4558137441727013e-12
   9.4921875000000000e-01   1.8217267302655274e-01   1.8217267303459223e-01   8.0394857437937617e-12
   9.5703125000000000e-01   1.0085049010800129e-01   1.0085049011674051e-01   8.7392176828515744e-12
   9.6484375000000000e-01   1.6717103934784323e-02   1.6717103944264060e-02   9.4797364402765538e-12
   9.7265625000000000e-01  -7.0058172428927576e-02  -7.0058172418715453e-02   1.0212122814046154e-11
   9.8046875000000000e-01  -1.5924532918198189e-01  -1.5924532917101430e-01   1.0967587948940150e-11
   9.8828125000000000e-01  -2.5052973145017593e-01  -2.5052973143839607e-01   1.1779854869331530e-11
   9.9609375000000000e-01  -3.4349222618992631e-01  -3.4349222617734876e-01   1.2577550112524705e-11
   7.5390625000000000e-01   5.1195133703032913e-01   5.1195133701380013e-01   1.6529000390619331e-11
   7.6171875000000000e-01   5.7443825102915347e-01   5.7443825101196966e-01   1.7183809930543248e-11
   7.6953125000000000e-01   6.3442136748286038e-01   6.3442136746547795e-01   1.7382428829648688e-11
   7.7734375000000000e-01   6.9058586580866599e-01   6.9058586579149073e-01   1.7175261213253634e-11
   7.8515625000000000e-01   7.4172642911555520e-01   7.4172642909897479e-01   1.6580403716659475e-11
   7.9296875000000000e-01   7.8677945538882355e-01   7.8677945537322724e-01   1.5596302027631737e-11
   8.0078125000000000e-01   8.2484923090719175e-01   8.2484923089292528e-01   1.4266476888735724e-11
   8.0859375000000000e-01   8.5522686286460559e-01   8.5522686285192018e-01   1.2685408279367039e-11
   8.1640625000000000e-01   8.7740115079979097e-01   8.7740115078888303e-01   1.0907941216942163e-11
   8.2421875000000000e-01   8.9106101145851391e-01   8.9106101144947658e-01   9.0373264427512368e-12
   8.3203125000000000e-01   8.9608953152710702e-01   8.9608953151996162e-01   7.1453953864875075e-12
   8.3984375000000000e-01   8.9255017843471529e-01   8.9255017842942963e-01   5.2856607979379078e-12
   8.4765625000000000e-01   8.8066612304481728e-01   8.8066612304131442e-01   3.5028646649948314e-12
   8.5546875000000000e-01   8.6079399407541046e-01   8.6079399407361534e-01   1.7951196085164156e-12
   8.6328125000000000e-01   8.3339367119173990e-01   8.3339367119150265e-01   2.3725466036239595e-13
   8.7109375000000000e-01   7.9899591591677332e-01   7.9899591591786201e-01   1.0886846979474285e-12
