#                  Coord.                Numerical               Analytical                    Error
   3.9062500000000000e-03   5.8962776447782317e-01   5.8962776448949794e-01   1.1674772260050759e-11
   1.1718750000000000e-02   5.3908236654798147e-01   5.3908236656836128e-01   2.0379808951531686e-11
   1.9531250000000000e-02   4.8344503782267612e-01   4.8344503785132847e-01   2.8652358263769884e-11
   2.7343750000000000e-02   4.2320563371676029e-01   4.2320563375293491e-01   3.6174618855966401e-11
   3.5156250000000000e-02   3.5901988364699416e-01   3.5901988368984483e-01   4.2850667458793623e-11
   4.2968750000000000e-02   2.9168277381422475e-01   2.9168277386279290e-01   4.8568149502159486e-11
   5.0781250000000000e-02   2.2209648379188107e-01   2.2209648384498026e-01   5.3099191710259674e-11
   5.8593750000000000e-02   1.5123460293423857e-01   1.5123460299060296e-01   5.6364385381257875e-11
   6.6406250000000000e-02   8.0104512560003713e-02   8.0104512618436902e-02   5.8433188843132200e-11
   7.4218750000000000e-02   9.7098768336423523e-03   9.7098768930429270e-03   5.9400574736745426e-11
   8.2031250000000000e-02  -5.8984862371862609e-02  -5.8984862312554655e-02   5.9307954380916073e-11
   8.9843750000000000e-02  -1.2508623966535046e-01  -1.2508623960709248e-01   5.8257981772058542e-11
   9.7656250000000000e-02  -1.8779826233092739e-01  -1.8779826227448426e-01   5.6443127949279415e-11
   1.0546875000000000e-01  -2.4644245935116740e-01  -2.4644245929709635e-01   5.4071053190440921e-11
   1.1328125000000000e-01  -3.0047067248892462e-01  -3.0047067243766695e-01   5.1257664779313927e-11
   1.2109375000000000e-01  -3.4947019721391764e-01  -3.4947019716578537e-01   4.8132275942691649e-11
   1.2890625000000000e-01  -3.9316131761486162e-01  -3.9316131756993961e-01   4.4922010555836778e-11
   1.3671875000000000e-01  -4.3138771025061984e-01  -4.3138771020884470e-01   4.1775138903688003e-11
   1.4453125000000000e-01  -4.6410059389679675e-01  -4.6410059385802011e-01   3.8776648558780380e-11
   1.5234375000000000e-01  -4.9133785323135332e-01  -4.9133785319537676e-01   3.5976555068373273e-11
   1.6015625000000000e-01  -5.1319964483284086e-01  -5.1319964479941771e-01   3.3423153134037875e-11
   1.6796875000000000e-01  -5.2982218694783179e-01  -5.2982218691668481e-01   3.1146973888951379e-11
   1.7578125000000000e-01  -5.4135152819249843e-01  -5.4135152816339438e-01   2.9104052501338629e-11
   1.8359375000000000e-01  -5.4791907780901616e-01  -5.4791907778178850e-01   2.7227664567419652e-11
   1.9140625000000000e-01  -5.4962056034729878e-01  -5.4962056032186490e-01   2.5433877226532786e-11
   1.9921875000000000e-01  -5.4649983603989649e-01  -5.4649983601630192e-01   2.3594570741636289e-11
   2.0703125000000000e-01  -5.3853871637048722e-01  -5.3853871634891570e-01   2.1571522346164329e-11
   2.1484375000000000e-01  -5.2565352003774246e-01  -5.2565352001850263e-01   1.9239831949846575e-11
   2.2265625000000000e-01  -5.0769868043229704e-01  -5.0769868041580901e-01   1.6488033161010662e-11
   2.3046875000000000e-01  -4.8447725848207518e-01  -4.8447725846890788e-01   1.3167300583205588e-11
   2.3828125000000000e-01  -4.5575776312368160e-01  -4.5575776311449728e-01   9.1843199712116075e-12
   2.4609375000000000e-01  -4.2129626490731514e-01  -4.2129626490285638e-01   4.4587666891970912e-12
   2.5390625000000000e-01  -3.8086243383214879e-01  -3.8086243383312313e-01   9.7433172641103738e-13
   2.6171875000000000e-01  -3.3426786422971405e-01  -3.3426786423678728e-01   7.0732308898868723e-12
   2.6953125000000000e-01  -2.8139488564040882e-01  -2.8139488565412901e-01   1.3720191649468916e-11
   2.7734375000000000e-01  -2.2222401045908960e-01  -2.2222401047983420e-01   2.0744600481847897e-11
   2.8515625000000000e-01  -1.5685824001510984e-01  -1.5685824004310944e-01   2.7999602636441523e-11
   2.9296875000000000e-01  -8.5542635740096615e-02  -8.5542635775410714e-02   3.5314098867367250e-11
   3.0078125000000000e-01  -8.6778481605177902e-03  -8.6778482029521414e-03   4.2434351171793949e-11
   3.0859375000000000e-01   7.3173336501140385e-02   7.3173336452118556e-02   4.9021828263384748e-11
   3.1640625000000000e-01   1.5928695010666166e-01   1.5928695005179208e-01   5.4869581100902565e-11
   3.2421875000000000e-01   2.4878636684610156e-01   2.4878636678629415e-01   5.9807409025225411e-11
   3.3203125000000000e-01   3.4065802541559032e-01   3.4065802535192985e-01   6.3660465787762632e-11
   3.3984375000000000e-01   4.3377356938814665e-01   4.3377356932192834e-01   6.6218308614196530e-11
   3.4765625000000000e-01   5.2691728119468606e-01   5.2691728112729308e-01   6.7392980085401177e-11
   3.5546875000000000e-01   6.1881742448211918e-01   6.1881742441488807e-01   6.7231109568410830e-11
   3.6328125000000000e-01   7.0817994825550035e-01   7.0817994818980590e-01   6.5694449880027150e-11
   3.7109375000000000e-01   7.9372295148122241e-01   7.9372295141845683e-01   6.2765570518763525e-11
   3.7890625000000000e-01   8.7421035790194068e-01   8.7421035784339329e-01   5.8547389159002705e-11
   3.8671875000000000e-01   9.4848339894377853e-01   9.4848339889051825e-01   5.3260285071132785e-11
   3.9453125000000000e-01   1.0154887319711712e+00   1.0154887319241481e+00   4.7023052118788655e-11
   4.0234375000000000e-01   1.0743023102963458e+00   1.0743023102564027e+00   3.9943159890754032e-11
   4.1015625000000000e-01   1.1241484449850823e+00   1.1241484449528436e+00   3.2238656189065296e-11
   4.1796875000000000e-01   1.1644138296104181e+00   1.1644138295862585e+00   2.4159563238868031e-11
   4.2578125000000000e-01   1.1946566111763275e+00   1.1946566111605037e+00   1.5823786725377431e-11
   4.3359375000000000e-01   1.2146108595898384e+00   1.2146108595823910e+00   7.4473760491855501e-12
   4.4140625000000000e-01   1.2241869949764019e+00   1.2241869949771664e+00   7.6449957475688279e-13
   4.4921875000000000e-01   1.2234688635446673e+00   1.2234688635532365e+00   8.5691453932668082e-12
   4.5703125000000000e-01   1.2127082024137523e+00   1.2127082024296707e+00   1.5918377727075494e-11
   4.6484375000000000e-01   1.1923172030995306e+00   1.1923172031223024e+00   2.2771784458086586e-11
   4.7265625000000000e-01   1.1628597807545928e+00   1.1628597807835352e+00   2.8942404028953206e-11
   4.8046875000000000e-01   1.1250419967394070e+00   1.1250419967736820e+00   3.4275027260832758e-11
   4.8828125000000000e-01   1.0797018856808451e+00   1.0797018857196539e+00   3.8808734004192047e-11
   4.9609375000000000e-01   1.0277987280737888e+00   1.0277987281163092e+00   4.2520431620118870e-11
   5.0390625000000000e-01   9.7040161002932779e-01   9.7040161007466275e-01   4.5334958009846105e-11
   5.1171875000000000e-01   9.0867694616629346e-01   9.0867694621352646e-01   4.7232995292745272e-11
   5.1953125000000000e-01   8.4387452979761923e-01   8.4387452984588207e-01   4.8262838170387568e-11
   5.2734375000000000e-01   7.7731163123872826e-01   7.7731163128718461e-01   4.8456350043579732e-11
   5.3515625000000000e-01   7.1035469843784527e-01   7.1035469848566823e-01   4.7822967808031080e-11
   5.4296875000000000e-01   6.4439832493165505e-01   6.4439832497795280e-01   4.6297743416801040e-11
   5.5078125000000000e-01   5.8084133148405381e-01   5.8084133152790096e-01   4.3847148134545932e-11
   5.5859375000000000e-01   5.2106004568675190e-01   5.2106004572723263e-01   4.0480729879277533e-11
   5.6640625000000000e-01   4.6637913837941364e-01   4.6637913841567530e-01   3.6261660341097013e-11
   5.7421875000000000e-01   4.1804066288789432e-01   4.1804066291909109e-01   3.1196767391605817e-11
   5.8203125000000000e-01   3.7717221663926009e-01   3.7717221666456863e-01   2.5308533047052606e-11
   5.8984375000000000e-01   3.4475537885695040e-01   3.4475537887560392e-01   1.8653523170542030e-11
   5.9765625000000000e-01   3.2159574958064940e-01   3.2159574959193926e-01   1.1289857937413217e-11
   6.0546875000000000e-01   3.0829600577025507e-01   3.0829600577362565e-01   3.3705815916107440e-12
   6.1328125000000000e-01   3.0523338776304393e-01   3.0523338775814285e-01   4.9010795422077535e-12
   6.2109375000000000e-01   3.1254292942154788e-01   3.1254292940827666e-01   1.3271217458310502e-11
   6.2890625000000000e-01   3.3010755144805909e-01   3.3010755142652676e-01   2.1532331473395061e-11
   6.3671875000000000e-01   3.5755586069220219e-01   3.5755586066275619e-01   2.9446001192923177e-11
   6.4453125000000000e-01   3.9426815660927300e-01   3.9426815657253028e-01   3.6742719977667093e-11
   6.5234375000000000e-01   4.3939076215007489e-01   4.3939076210690781e-01   4.3167081020811793e-11
   6.6015625000000000e-01   4.9185839612308691e-01   4.9185839607462090e-01   4.8466008983893971e-11
   6.6796875000000000e-01   5.5042391412118707e-01   5.5042391406878211e-01   5.2404969252961564e-11
   6.7578125000000000e-01   6.1369439067823983e-01   6.1369439062345121e-01   5.4788618086831775e-11
   6.8359375000000000e-01   6.8017221819703833e-01   6.8017221814143980e-01   5.5598525783295827e-11
   6.9140625000000000e-01   7.4829967508209294e-01   7.4829967502721195e-01   5.4880988642480588e-11
   6.9921875000000000e-01   8.1650527696897568e-01   8.1650527691636510e-01   5.2610582557122143e-11
   7.0703125000000000e-01   8.8325017488544366e-01   8.8325017483657675e-01   4.8866910518086115e-11
   7.1484375000000000e-01   9.4707290006838496e-01   9.4707290002454081e-01   4.3844150532379444e-11
   7.2265625000000000e-01   1.0066308687461569e+00   1.0066308687083765e+00   3.7780445438784227e-11
   7.3046875000000000e-01   1.0607372387505731e+00   1.0607372387196525e+00   3.0920599414230310e-11
   7.3828125000000000e-01   1.1083919376949669e+00   1.1083919376714846e+00   2.3482327193846686e-11
   7.4609375000000000e-01   1.1488059427576027e+00   1.1488059427417823e+00   1.5820456056303556e-11
   8.7890625000000000e-01   9.4065147050094466e-01   9.4065147049084163e-01   1.0103029524088925e-11
   8.8671875000000000e-01   9.1828948954800438e-01   9.1828948953141265e-01   1.6591727991510652e-11
   8.9453125000000000e-01   8.9854633871277023e-01   8.9854633868996880e-01   2.2801427412844077e-11
   9.0234375000000000e-01   8.8126939197088106e-01   8.8126939194251308e-01   2.8367974636012150e-11
   9.1015625000000000e-01   8.6611620892931529e-01   8.6611620889626706e-01   3.3048230818621960e-11
   9.1796875000000000e-01   8.5257231721920179e-01   8.5257231718257032e-01   3.6631475630599653e-11
   9.2578125000000000e-01   8.3997659559919458e-01   8.3997659556024729e-01   3.8947289837665267e-11
   9.3359375000000000e-01   8.2755325329586127e-01   8.2755325325605356e-01   3.9807712681749763e-11
   9.4140625000000000e-01   8.1444906181822918e-01   8.1444906177910892e-01   3.9120262584901866e-11
   9.4921875000000000e-01   7.9977421013537298e-01   7.9977421009847371e-01   3.6899261424139240e-11
   9.5703125000000000e-01   7.8264494283610564e-01   7.8264494280297880e-01   3.3126834608765421e-11
   9.6484375000000000e-01   7.6222601994008599e-01   7.6222601991215966e-01   2.7926327916816263e-11
   9.7265625000000000e-01   7.3777101730128403e-01   7.3777101727980965e-01   2.1474377831509628e-11
   9.8046875000000000e-01   7.0865857257978582e-01   7.0865857256575315e-01   1.4032663919749666e-11
   9.8828125000000000e-01   6.7442287123565570e-01   6.7442287122983635e-01   5.8193450058752205e-12
   9.9609375000000000e-01   6.3477695079899976e-01   6.3477695080184382e-01   2.8440583221822635e-12
   7.5390625000000000e-01   1.1814181683635601e+00   1.1814181683553293e+00   8.2307494153610605e-12
   7.6171875000000000e-01   1.2059045956064367e+00   1.2059045956055205e+00   9.1615603992067918e-13
   7.6953125000000000e-01   1.2221795443020249e+00   1.2221795443079180e+00   5.8930638147103309e-12
   7.7734375000000000e-01   1.2303892367845930e+00   1.2303892367964870e+00   1.1894041307414227e-11
   7.8515625000000000e-01   1.2308980271533876e+00   1.2308980271703094e+00   1.6921797296731711e-11
   7.9296875000000000e-01   1.2242678690241036e+00   1.2242678690449922e+00   2.0888624163717395e-11
   8.0078125000000000e-01   1.2112317697052846e+00   1.2112317697289399e+00   2.3655299941083285e-11
   8.0859375000000000e-01   1.1926621312389389e+00   1.1926621312640620e+00   2.5123014779637742e-11
   8.1640625000000000e-01   1.1695350112861380e+00   1.1695350113114240e+00   2.5285995519652715e-11
   8.2421875000000000e-01   1.1428914509352541e+00   1.1428914509594796e+00   2.4225510486530766e-11
   8.3203125000000000e-01   1.1137971120103254e+00   1.1137971120322694e+00   2.1944002170926069e-11
   8.3984375000000000e-01   1.0833015410194546e+00   1.0833015410379712e+00   1.8516521649303286e-11
   8.4765625000000000e-01   1.0523984258943759e+00   1.0523984259084387e+00   1.4062750963717008e-11
   8.5546875000000000e-01   1.0219882286145083e+00   1.0219882286232622e+00   8.7538865045644343e-12
   8.6328125000000000e-01   9.9284455403689675e-01   9.9284455403969030e-01   2.7935431745618189e-12
   8.7109375000000000e-01   9.6558554508954098e-01   9.6558554508597993e-01   3.5610403514851896e-12
