#                  Coord.                Numerical               Analytical                    Error
   3.9062500000000000e-03   8.1186487759505477e-01   8.1186487759620940e-01   1.1546319456101628e-12
   1.1718750000000000e-02   9.1376200723610035e-01   9.1376200723491774e-01   1.1826095658307167e-12
   1.9531250000000000e-02   1.0078837333667001e+00   1.0078837333628416e+00   3.8584690997822690e-12
   2.7343750000000000e-02   1.0918326603460817e+00   1.0918326603392419e+00   6.8398620101106644e-12
   3.5156250000000000e-02   1.1638361697367678e+00   1.1638361697268458e+00   9.9220631710750240e-12
   4.2968750000000000e-02   1.2227897535413599e+00   1.2227897535284333e+00   1.2926548720315623e-11
   5.0781250000000000e-02   1.2682630562269392e+00   1.2682630562112300e+00   1.5709211709236115e-11
   5.8593750000000000e-02   1.3004709269874044e+00   1.3004709269692940e+00   1.8110402066895404e-11
   6.6406250000000000e-02   1.3202135486881890e+00   1.3202135486682283e+00   1.9960699759735689e-11
   7.4218750000000000e-02   1.3287909795803483e+00   1.3287909795592201e+00   2.1128210292431504e-11
   8.2031250000000000e-02   1.3278982063603690e+00   1.3278982063389253e+00   2.1443735676029974e-11
   8.9843750000000000e-02   1.3195071118128365e+00   1.3195071117919377e+00   2.0898838215543947e-11
   9.7656250000000000e-02   1.3057417023615545e+00   1.3057417023419859e+00   1.9568568987438084e-11
   1.0546875000000000e-01   1.2887526391646318e+00   1.2887526391472841e+00   1.7347678848977921e-11
   1.1328125000000000e-01   1.2705966874680608e+00   1.2705966874537458e+00   1.4314993634911843e-11
   1.2109375000000000e-01   1.2531262327039732e+00   1.2531262326932910e+00   1.0682121853733406e-11
   1.2890625000000000e-01   1.2378935534581996e+00   1.2378935534515749e+00   6.6247007879383091e-12
   1.3671875000000000e-01   1.2260740834127026e+00   1.2260740834105042e+00   2.1984636333627350e-12
   1.4453125000000000e-01   1.2184123808230682e+00   1.2184123808254930e+00   2.4247270857813419e-12
   1.5234375000000000e-01   1.2151938671229978e+00   1.2151938671299696e+00   6.9717565054361330e-12
   1.6015625000000000e-01   1.2162445013409824e+00   1.2162445013522247e+00   1.1242340391959260e-11
   1.6796875000000000e-01   1.2209593525548990e+00   1.2209593525701090e+00   1.5210055437364645e-11
   1.7578125000000000e-01   1.2283594973461136e+00   1.2283594973647964e+00   1.8682833058392134e-11
   1.8359375000000000e-01   1.2371748515010308e+00   1.2371748515225629e+00   2.1532109428790136e-11
   1.9140625000000000e-01   1.2459485692318346e+00   1.2459485692555772e+00   2.3742563470818823e-11
   1.9921875000000000e-01   1.2531566997474433e+00   1.2531566997727737e+00   2.5330404440637722e-11
   2.0703125000000000e-01   1.2573351134967390e+00   1.2573351135230253e+00   2.6286306464839981e-11
   2.1484375000000000e-01   1.2572045396266696e+00   1.2572045396532392e+00   2.6569635380724321e-11
   2.2265625000000000e-01   1.2517841000527370e+00   1.2517841000790144e+00   2.6277424680642980e-11
   2.3046875000000000e-01   1.2404841209981903e+00   1.2404841210237416e+00   2.5551338822538128e-11
   2.3828125000000000e-01   1.2231702873515249e+00   1.2231702873760222e+00   2.4497293082959004e-11
   2.4609375000000000e-01   1.2001933031158576e+00   1.2001933031389038e+00   2.3046231589773924e-11
   2.5390625000000000e-01   1.1723809484905818e+00   1.1723809485118344e+00   2.1252555271189522e-11
   2.6171875000000000e-01   1.1409925104443643e+00   1.1409925104637102e+00   1.9345858248698278e-11
   2.6953125000000000e-01   1.1076386889181928e+00   1.1076386889355050e+00   1.7312151712189916e-11
   2.7734375000000000e-01   1.0741729195349574e+00   1.0741729195499861e+00   1.5028644995140894e-11
   2.8515625000000000e-01   1.0425623197593137e+00   1.0425623197719367e+00   1.2623013745383105e-11
   2.9296875000000000e-01   1.0147479497535363e+00   1.0147479497637508e+00   1.0214495915761290e-11
   3.0078125000000000e-01   9.9250467413304222e-01   9.9250467414079024e-01   7.7480244442540425e-12
   3.0859375000000000e-01   9.7731061812315334e-01   9.7731061812838527e-01   5.2319260035460502e-12
   3.1640625000000000e-01   9.7023513281762508e-01   9.7023513282036578e-01   2.7406965585896614e-12
   3.2421875000000000e-01   9.7185249696370379e-01   9.7185249696399401e-01   2.9021229863701592e-13
   3.3203125000000000e-01   9.8218650753241854e-01   9.8218650753030556e-01   2.1129764604665979e-12
   3.3984375000000000e-01   1.0006888758888550e+00   1.0006888758843295e+00   4.5254910929770631e-12
   3.4765625000000000e-01   1.0262521530876343e+00   1.0262521530805990e+00   7.0352612624446920e-12
   3.5546875000000000e-01   1.0572559107422146e+00   1.0572559107326622e+00   9.5523589038748469e-12
   3.6328125000000000e-01   1.0916431976641616e+00   1.0916431976520951e+00   1.2066569965440976e-11
   3.7109375000000000e-01   1.1270229137775365e+00   1.1270229137628400e+00   1.4696466266173047e-11
   3.7890625000000000e-01   1.1607926827037915e+00   1.1607926826864068e+00   1.7384760298000401e-11
   3.8671875000000000e-01   1.1902760270051902e+00   1.1902760269851755e+00   2.0014656598732472e-11
   3.9453125000000000e-01   1.2128671131878834e+00   1.2128671131652324e+00   2.2650992193007369e-11
   4.0234375000000000e-01   1.2261760063795344e+00   1.2261760063542342e+00   2.5300206374367917e-11
   4.1015625000000000e-01   1.2281672487766953e+00   1.2281672487488764e+00   2.7818858328032547e-11
   4.1796875000000000e-01   1.2172846684215595e+00   1.2172846683913943e+00   3.0165203668275353e-11
   4.2578125000000000e-01   1.1925556723863073e+00   1.1925556723540889e+00   3.2218450130017118e-11
   4.3359375000000000e-01   1.1536689259350519e+00   1.1536689259012065e+00   3.3845370950302822e-11
   4.4140625000000000e-01   1.1010203048316840e+00   1.1010203047966691e+00   3.5014879884442962e-11
   4.4921875000000000e-01   1.0357233482799459e+00   1.0357233482442965e+00   3.5649483365318702e-11
   4.5703125000000000e-01   9.5958211857523767e-01   9.5958211853953357e-01   3.5704106338130259e-11
   4.6484375000000000e-01   8.7502633467102275e-01   8.7502633463592028e-01   3.5102476481085887e-11
   4.7265625000000000e-01   7.8501079535357665e-01   7.8501079531977236e-01   3.3804292698391691e-11
   4.8046875000000000e-01   6.9288331465312580e-01   6.9288331462135733e-01   3.1768476738136542e-11
   4.8828125000000000e-01   6.0222750504721756e-01   6.0222750501823175e-01   2.8985813749216049e-11
   4.9609375000000000e-01   5.1668860008721995e-01   5.1668860006168682e-01   2.5533131164934275e-11
   5.0390625000000000e-01   4.3979194845278918e-01   4.3979194843133340e-01   2.1455781595847156e-11
   5.1171875000000000e-01   3.7476469552492231e-01   3.7476469550807545e-01   1.6846857242569513e-11
   5.1953125000000000e-01   3.2437138722635211e-01   3.2437138721455194e-01   1.1800171950682170e-11
   5.2734375000000000e-01   2.9077371789105499e-01   2.9077371788467693e-01   6.3780647430178306e-12
   5.3515625000000000e-01   2.7542338522485910e-01   2.7542338522409204e-01   7.6705308771352065e-13
   5.4296875000000000e-01   2.7899505549214532e-01   2.7899505549694292e-01   4.7976067563126890e-12
   5.5078125000000000e-01   3.0136388665607966e-01   3.0136388666624175e-01   1.0162093388998983e-11
   5.5859375000000000e-01   3.4162907130221060e-01   3.4162907131743092e-01   1.5220325000342427e-11
   5.6640625000000000e-01   3.9818166123782861e-01   3.9818166125762405e-01   1.9795443062520235e-11
   5.7421875000000000e-01   4.6881177535623081e-01   4.6881177537997765e-01   2.3746837829463630e-11
   5.8203125000000000e-01   5.5084744196441060e-01   5.5084744199139390e-01   2.6983304479699655e-11
   5.8984375000000000e-01   6.4131504732682121e-01   6.4131504735624512e-01   2.9423907754733136e-11
   5.9765625000000000e-01   7.3710987676580841e-01   7.3710987679682349e-01   3.1015079393625911e-11
   6.0546875000000000e-01   8.3516470032033785e-01   8.3516470035205392e-01   3.1716074211374234e-11
   6.1328125000000000e-01   9.3260483932395155e-01   9.3260483935553751e-01   3.1585956072888166e-11
   6.2109375000000000e-01   1.0268796170459478e+00   1.0268796170766692e+00   3.0721425403612557e-11
   6.2890625000000000e-01   1.1158624033213818e+00   1.1158624033506317e+00   2.9249935806774374e-11
   6.3671875000000000e-01   1.1979143731068145e+00   1.1979143731339705e+00   2.7156055182331329e-11
   6.4453125000000000e-01   1.2719103065965653e+00   1.2719103066210544e+00   2.4489077432576778e-11
   6.5234375000000000e-01   1.3372279262851676e+00   1.3372279263067202e+00   2.1552537532443239e-11
   6.6015625000000000e-01   1.3937050674521816e+00   1.3937050674707134e+00   1.8531842727043113e-11
   6.6796875000000000e-01   1.4415711402366256e+00   1.4415711402520004e+00   1.5374812534219018e-11
   6.7578125000000000e-01   1.4813606812882376e+00   1.4813606813005182e+00   1.2280620964588707e-11
   6.8359375000000000e-01   1.5138172421250087e+00   1.5138172421344738e+00   9.4650953741393096e-12
   6.9140625000000000e-01   1.5397954709175896e+00   1.5397954709243926e+00   6.8030026056931092e-12
   6.9921875000000000e-01   1.5601681731527497e+00   1.5601681731570776e+00   4.3278713945937852e-12
   7.0703125000000000e-01   1.5757436214065073e+00   1.5757436214087495e+00   2.2422064205329661e-12
   7.1484375000000000e-01   1.5871966988597430e+00   1.5871966988603887e+00   6.4570571112199104e-13
   7.2265625000000000e-01   1.5950158687941167e+00   1.5950158687934746e+00   6.4215299744319054e-13
   7.3046875000000000e-01   1.5994666729966982e+00   1.5994666729948528e+00   1.8454127115319352e-12
   7.3828125000000000e-01   1.6005715990321698e+00   1.6005715990293288e+00   2.8410607200157756e-12
   7.4609375000000000e-01   1.5981057400137497e+00   1.5981057400102217e+00   3.5280667276538225e-12
   8.7890625000000000e-01   4.8112693475380824e-01   4.8112693474446933e-01   9.3389185273906605e-12
   8.8671875000000000e-01   3.8062626284563650e-01   3.8062626283706441e-01   8.5720874842820649e-12
   8.9453125000000000e-01   2.9083835735394115e-01   2.9083835734643254e-01   7.5086048489936275e-12
   9.0234375000000000e-01   2.1493507186372623e-01   2.1493507185755095e-01   6.1752825075700457e-12
   9.1015625000000000e-01   1.5569806789372542e-01   1.5569806788909213e-01   4.6332937486681658e-12
   9.1796875000000000e-01   1.1535869235374480e-01   1.1535869235081345e-01   2.9313496074934164e-12
   9.2578125000000000e-01   9.5464438230838902e-02   9.5464438229711721e-02   1.1271816813263058e-12
   9.3359375000000000e-01   9.6781692288781918e-02   9.6781692289446955e-02   6.6503746953827658e-13
   9.4140625000000000e-01   1.1924189901163534e-01   1.1924189901396547e-01   2.3301222062954707e-12
   9.4921875000000000e-01   1.6193512940289403e-01   1.6193512940667276e-01   3.7787273310385672e-12
   9.5703125000000000e-01   2.2315161683383045e-01   2.2315161683871637e-01   4.8859249979216202e-12
   9.6484375000000000e-01   3.0046840594938179e-01   3.0046840595492635e-01   5.5445648072804943e-12
   9.7265625000000000e-01   3.9087513835934817e-01   3.9087513836505505e-01   5.7068794134806922e-12
   9.8046875000000000e-01   4.9093041685515826e-01   4.9093041686053690e-01   5.3786419762502646e-12
   9.8828125000000000e-01   5.9693833737623581e-01   5.9693833738076718e-01   4.5313752750075764e-12
   9.9609375000000000e-01   7.0513377306770086e-01   7.0513377307079472e-01   3.0938585027229237e-12
   7.5390625000000000e-01   1.5916076213129595e+00   1.5916076213088504e+00   4.1091574587426294e-12
   7.6171875000000000e-01   1.5804047291564884e+00   1.5804047291518144e+00   4.6740389336719090e-12
   7.6953125000000000e-01   1.5636534472229824e+00   1.5636534472178267e+00   5.1556536817543019e-12
   7.7734375000000000e-01   1.5403930924047591e+00   1.5403930923991469e+00   5.6121773894801663e-12
   7.8515625000000000e-01   1.5096133884354399e+00   1.5096133884293332e+00   6.1066707246482110e-12
   7.9296875000000000e-01   1.4703339542424896e+00   1.4703339542358744e+00   6.6151528699265327e-12
   8.0078125000000000e-01   1.4216932392503889e+00   1.4216932392432908e+00   7.0980998856384758e-12
   8.0859375000000000e-01   1.3630429356702247e+00   1.3630429356626099e+00   7.6147976812990237e-12
   8.1640625000000000e-01   1.2940424434637887e+00   1.2940424434556097e+00   8.1790130224135282e-12
   8.2421875000000000e-01   1.2147467090377526e+00   1.2147467090290589e+00   8.6937124166297508e-12
   8.3203125000000000e-01   1.1256799593820204e+00   1.1256799593728606e+00   9.1597840423673915e-12
   8.3984375000000000e-01   1.0278877243107001e+00   1.0278877243011344e+00   9.5656815801703488e-12
   8.4765625000000000e-01   9.2296021692399643e-01   9.2296021691409158e-01   9.9048547141933341e-12
   8.5546875000000000e-01   8.1302165802766557e-01   8.1302165801755155e-01   1.0114020732032714e-11
   8.6328125000000000e-01   7.0068240157891115e-01   7.0068240156881567e-01   1.0095480007521473e-11
   8.7109375000000000e-01   5.8895355658804271e-01   5.8895355657821169e-01   9.8310248830557612e-12
