#                  Coord.                Numerical               Analytical                    Error
   3.9062500000000000e-03   6.0992048703843116e-01   6.0992048703435653e-01   4.0746295226767870e-12
   1.1718750000000000e-02   6.6174365645042643e-01   6.6174365644920929e-01   1.2171375018965591e-12
   1.9531250000000000e-02   7.1696886068837906e-01   7.1696886069006938e-01   1.6903145549918008e-12
   2.7343750000000000e-02   7.7521132780759250e-01   7.7521132781217195e-01   4.5794479319738457e-12
   3.5156250000000000e-02   8.3588396387958519e-01   8.3588396388689123e-01   7.3060446581507676e-12
   4.2968750000000000e-02   8.9821002965625996e-01   8.9821002966596131e-01   9.7013508337795429e-12
   5.0781250000000000e-02   9.6124314983044978e-01   9.6124314984210102e-01   1.1651235531928705e-11
   5.8593750000000000e-02   1.0238941113192008e+00   1.0238941113323230e+00   1.3122170017254575e-11
   6.6406250000000000e-02   1.0849636427488480e+00   1.0849636427629004e+00   1.4052314867285531e-11
   7.4218750000000000e-02   1.1431801092456670e+00   1.1431801092600402e+00   1.4373169321402202e-11
   8.2031250000000000e-02   1.1972408174486249e+00   1.1972408174626596e+00   1.4034773343496454e-11
   8.9843750000000000e-02   1.2458554201248981e+00   1.2458554201379983e+00   1.3100187601366997e-11
   9.7656250000000000e-02   1.2877897535443696e+00   1.2877897535559995e+00   1.1629808227553440e-11
   1.0546875000000000e-01   1.3219083489552170e+00   1.3219083489648766e+00   9.6596064480536370e-12
   1.1328125000000000e-01   1.3472138450452196e+00   1.3472138450525148e+00   7.2952754948119036e-12
   1.2109375000000000e-01   1.3628816003947251e+00   1.3628816003993340e+00   4.6089798644288749e-12
   1.2890625000000000e-01   1.3682879677725699e+00   1.3682879677742352e+00   1.6653345369377348e-12
   1.3671875000000000e-01   1.3630309437869361e+00   1.3630309437855541e+00   1.3820056210533949e-12
   1.4453125000000000e-01   1.3469422394375046e+00   1.3469422394331398e+00   4.3647307990113404e-12
   1.5234375000000000e-01   1.3200902146638911e+00   1.3200902146566722e+00   7.2188921507176929e-12
   1.6015625000000000e-01   1.2827735624868961e+00   1.2827735624770074e+00   9.8887564803362693e-12
   1.6796875000000000e-01   1.2355060908061295e+00   1.2355060907938156e+00   1.2313927655327461e-11
   1.7578125000000000e-01   1.1789934046655242e+00   1.1789934046511270e+00   1.4397150138734105e-11
   1.8359375000000000e-01   1.1141027104870309e+00   1.1141027104709547e+00   1.6076251441177192e-11
   1.9140625000000000e-01   1.0418273195554884e+00   1.0418273195381562e+00   1.7332135726633169e-11
   1.9921875000000000e-01   9.6324769763859985e-01   9.6324769762040818e-01   1.8191670392297965e-11
   2.0703125000000000e-01   8.7949107314327390e-01   8.7949107312461017e-01   1.8663737222368582e-11
   2.1484375000000000e-01   7.9169166649584832e-01   7.9169166647712963e-01   1.8718693262087527e-11
   2.2265625000000000e-01   7.0095353492271117e-01   7.0095353490429435e-01   1.8416823621691947e-11
   2.3046875000000000e-01   6.0831784374131481e-01   6.0831784372351960e-01   1.7795209750204322e-11
   2.3828125000000000e-01   5.1473608931535697e-01   5.1473608929841352e-01   1.6943446645711902e-11
   2.4609375000000000e-01   4.2105042813136595e-01   4.2105042811544019e-01   1.5925760710189252e-11
   2.5390625000000000e-01   3.2798183426938576e-01   3.2798183425461880e-01   1.4766965428236745e-11
   2.6171875000000000e-01   2.3612634051916107e-01   2.3612634050564218e-01   1.3518880459528759e-11
   2.6953125000000000e-01   1.4595914473486132e-01   1.4595914472259211e-01   1.2269213423010683e-11
   2.7734375000000000e-01   5.7845910615209724e-02   5.7845910604101068e-02   1.1108655662006583e-11
   2.8515625000000000e-01  -2.7939813196112773e-02  -2.7939813206156648e-02   1.0043875453558115e-11
   2.9296875000000000e-01  -1.1119446760612513e-01  -1.1119446761519919e-01   9.0740609470785216e-12
   3.0078125000000000e-01  -1.9175931168244317e-01  -1.9175931169070670e-01   8.2635287501631183e-12
   3.0859375000000000e-01  -2.6949401497148989e-01  -2.6949401497912279e-01   7.6328943166004137e-12
   3.1640625000000000e-01  -3.4425086617884726e-01  -3.4425086618597261e-01   7.1253558608930234e-12
   3.2421875000000000e-01  -4.1585138731541071e-01  -4.1585138732208532e-01   6.6746053128952099e-12
   3.3203125000000000e-01  -4.8406697732482823e-01  -4.8406697733108706e-01   6.2588267901730887e-12
   3.3984375000000000e-01  -5.4860495285920996e-01  -5.4860495286505595e-01   5.8459903584662243e-12
   3.4765625000000000e-01  -6.0910102108325259e-01  -6.0910102108856268e-01   5.3100857044796612e-12
   3.5546875000000000e-01  -6.6511882873560291e-01  -6.6511882874019113e-01   4.5882186938683844e-12
   3.6328125000000000e-01  -7.1615680457804498e-01  -7.1615680458165543e-01   3.6104452760810091e-12
   3.7109375000000000e-01  -7.6166207208592207e-01  -7.6166207208825032e-01   2.3282487049414158e-12
   3.7890625000000000e-01  -8.0105077984143902e-01  -8.0105077984218187e-01   7.4285022577669224e-13
   3.8671875000000000e-01  -8.3373380231936800e-01  -8.3373380231818928e-01   1.1787237852445287e-12
   3.9453125000000000e-01  -8.5914642585281531e-01  -8.5914642584938528e-01   3.4300340345794211e-12
   4.0234375000000000e-01  -8.7678037313364654e-01  -8.7678037312768697e-01   5.9595661738853778e-12
   4.1015625000000000e-01  -8.8621635044964053e-01  -8.8621635044092961e-01   8.7109208735114407e-12
   4.1796875000000000e-01  -8.8715523597978574e-01  -8.8715523596817580e-01   1.1609935235412649e-11
   4.2578125000000000e-01  -8.7944607017225884e-01  -8.7944607015772558e-01   1.4533263481553149e-11
   4.3359375000000000e-01  -8.6310915954404921e-01  -8.6310915952666378e-01   1.7385426431815176e-11
   4.4140625000000000e-01  -8.3835285565569495e-01  -8.3835285563564621e-01   2.0048740445588464e-11
   4.4921875000000000e-01  -8.0558290762687379e-01  -8.0558290760444196e-01   2.2431834167946363e-11
   4.5703125000000000e-01  -7.6540368967985040e-01  -7.6540368965546091e-01   2.4389490427267901e-11
   4.6484375000000000e-01  -7.1861105041573725e-01  -7.1861105038984607e-01   2.5891178090375888e-11
   4.7265625000000000e-01  -6.6617699018697929e-01  -6.6617699016013232e-01   2.6846969092275685e-11
   4.8046875000000000e-01  -6.0922681795406430e-01  -6.0922681792686362e-01   2.7200686147921260e-11
   4.8828125000000000e-01  -5.4900984093789951e-01  -5.4900984091093519e-01   2.6964319665978564e-11
   4.9609375000000000e-01  -4.8686497343646845e-01  -4.8686497341033586e-01   2.6132596087080628e-11
   5.0390625000000000e-01  -4.2418289426383293e-01  -4.2418289423912781e-01   2.4705126833168833e-11
   5.1171875000000000e-01  -3.6236652062065783e-01  -3.6236652059790347e-01   2.2754353956599971e-11
   5.1953125000000000e-01  -3.0279159258865362e-01  -3.0279159256829741e-01   2.0356216712258401e-11
   5.2734375000000000e-01  -2.4676907778912430e-01  -2.4676907777158949e-01   1.7534806939778491e-11
   5.3515625000000000e-01  -1.9551091912018501e-01  -1.9551091910585322e-01   1.4331785758159299e-11
   5.4296875000000000e-01  -1.5010037637026441e-01  -1.5010037635938681e-01   1.0877604372794281e-11
   5.5078125000000000e-01  -1.1146787747179750e-01  -1.1146787746454974e-01   7.2477579493579469e-12
   5.5859375000000000e-01  -8.0372924022865014e-02  -8.0372924019334727e-02   3.5302871737030728e-12
   5.6640625000000000e-01  -5.7392217314584368e-02  -5.7392217314772752e-02   1.8838403059717734e-13
   5.7421875000000000e-01  -4.2913813974232634e-02  -4.2913813978087800e-02   3.8551661862840092e-12
   5.8203125000000000e-01  -3.7136810313793643e-02  -3.7136810321191260e-02   7.3976172410006313e-12
   5.8984375000000000e-01  -4.0075812661799770e-02  -4.0075812672498844e-02   1.0699073571540652e-11
   5.9765625000000000e-01  -5.1569292049182189e-02  -5.1569292062886012e-02   1.3703822798749599e-11
   6.0546875000000000e-01  -7.1290852824935788e-02  -7.1290852841375332e-02   1.6439544170410159e-11
   6.1328125000000000e-01  -9.8762465376566327e-02  -9.8762465395394766e-02   1.8828438808071724e-11
   6.2109375000000000e-01  -1.3336881473283824e-01  -1.3336881475365484e-01   2.0816598444994838e-11
   6.2890625000000000e-01  -1.7437208426818426e-01  -1.7437208429056308e-01   2.2378821018520512e-11
   6.3671875000000000e-01  -2.2092670652596325e-01  -2.2092670654946139e-01   2.3498147871947594e-11
   6.4453125000000000e-01  -2.7209384742954706e-01  -2.7209384745374238e-01   2.4195312420260962e-11
   6.5234375000000000e-01  -3.2685562067600332e-01  -3.2685562070043722e-01   2.4433899348252908e-11
   6.6015625000000000e-01  -3.8412923168217894e-01  -3.8412923170639718e-01   2.4218238525719471e-11
   6.6796875000000000e-01  -4.4278140392301296e-01  -4.4278140394661403e-01   2.3601065546330346e-11
   6.7578125000000000e-01  -5.0164352861586636e-01  -5.0164352863841188e-01   2.2545521005667979e-11
   6.8359375000000000e-01  -5.5952799151801691e-01  -5.5952799153906974e-01   2.1052826149059456e-11
   6.9140625000000000e-01  -6.1524606533976611e-01  -6.1524606535891280e-01   1.9146684238080525e-11
   6.9921875000000000e-01  -6.6762761756872069e-01  -6.6762761758556077e-01   1.6840084882119299e-11
   7.0703125000000000e-01  -7.1554268303236368e-01  -7.1554268304652946e-01   1.4165779660402222e-11
   7.1484375000000000e-01  -7.5792470604614637e-01  -7.5792470605725815e-01   1.1111778164263342e-11
   7.2265625000000000e-01  -7.9379499083773719e-01  -7.9379499084550986e-01   7.7726713954007209e-12
   7.3046875000000000e-01  -8.2228763614120359e-01  -8.2228763614541411e-01   4.2105208208909062e-12
   7.3828125000000000e-01  -8.4267399602170101e-01  -8.4267399602216175e-01   4.6074255521943996e-13
   7.4609375000000000e-01  -8.5438552809856749e-01  -8.5438552809517809e-01   3.3893998718781404e-12
   8.7890625000000000e-01  -4.9361158372231609e-02  -4.9361158365458173e-02   6.7734359787685605e-12
   8.8671875000000000e-01   6.7572285053988162e-03   6.7572285087638328e-03   3.3650165986998104e-12
   8.9453125000000000e-01   5.8927577595176604e-02   5.8927577595201279e-02   2.4674706722294104e-14
   9.0234375000000000e-01   1.0711259052671578e-01   1.0711259052357681e-01   3.1389613130983207e-12
   9.1015625000000000e-01   1.5147634039734681e-01   1.5147634039132946e-01   6.0173532823171172e-12
   9.1796875000000000e-01   1.9236920932260043e-01   1.9236920931402354e-01   8.5768891988635687e-12
   9.2578125000000000e-01   2.3030551228760004e-01   2.3030551227686191e-01   1.0738132605325745e-11
   9.3359375000000000e-01   2.6593485263923455e-01   2.6593485262683531e-01   1.2399248294769905e-11
   9.4140625000000000e-01   3.0000846217249449e-01   3.0000846215892468e-01   1.3569811940783438e-11
   9.4921875000000000e-01   3.3334192045643180e-01   3.3334192044222333e-01   1.4208467735699060e-11
   9.5703125000000000e-01   3.6677572553307319e-01   3.6677572551878823e-01   1.4284962102095733e-11
   9.6484375000000000e-01   4.0113520675820297e-01   4.0113520674442377e-01   1.3779200003227743e-11
   9.7265625000000000e-01   4.3719123809559451e-01   4.3719123808289506e-01   1.2699452600628547e-11
   9.8046875000000000e-01   4.7562313545395951e-01   4.7562313544283213e-01   1.1127376797759325e-11
   9.8828125000000000e-01   5.1698501331739644e-01   5.1698501330825042e-01   9.1460172768620396e-12
   9.9609375000000000e-01   5.6167674141140556e-01   5.6167674140462798e-01   6.7775784984291931e-12
   7.5390625000000000e-01  -8.5703378263144947e-01  -8.5703378262424035e-01   7.2091221881009915e-12
   7.6171875000000000e-01  -8.5042626613640326e-01  -8.5042626612551520e-01   1.0888068224801373e-11
   7.6953125000000000e-01  -8.3457698912663125e-01  -8.3457698911229095e-01   1.4340306719873297e-11
   7.7734375000000000e-01  -8.0971067934017116e-01  -8.0971067932268681e-01   1.7484347303309278e-11
   7.8515625000000000e-01  -7.7625990167676795e-01  -7.7625990165657655e-01   2.0191404104252797e-11
   7.9296875000000000e-01  -7.3485465890817125e-01  -7.3485465888584511e-01   2.2326140936002048e-11
   8.0078125000000000e-01  -6.8630443171256728e-01  -6.8630443168874034e-01   2.3826940420690335e-11
   8.0859375000000000e-01  -6.3157302682236149e-01  -6.3157302679766247e-01   2.4699020606533395e-11
   8.1640625000000000e-01  -5.7174700969120551e-01  -5.7174700966631731e-01   2.4888202609929522e-11
   8.2421875000000000e-01  -5.0799887451496495e-01  -5.0799887449058989e-01   2.4375057527947774e-11
   8.3203125000000000e-01  -4.4154642323232657e-01  -4.4154642320908344e-01   2.3243129643191196e-11
   8.3984375000000000e-01  -3.7361006407051517e-01  -3.7361006404899955e-01   2.1515622616874452e-11
   8.4765625000000000e-01  -3.0536988304462409e-01  -3.0536988302540674e-01   1.9217349933597916e-11
   8.5546875000000000e-01  -2.3792437949246414e-01  -2.3792437947596107e-01   1.6503076682994333e-11
   8.6328125000000000e-01  -1.7225268789246548e-01  -1.7225268787898590e-01   1.3479578564457029e-11
   8.7109375000000000e-01  -1.0918193915041918e-01  -1.0918193914023432e-01   1.0184866838791606e-11
