#                  Coord.                Numerical               Analytical                    Error
   3.9062500000000000e-03   1.1567975875711167e+00   1.1567975875699790e+00   1.1377565556358604e-12
   1.1718750000000000e-02   1.1224615039039962e+00   1.1224615039016361e+00   2.3601121057481578e-12
   1.9531250000000000e-02   1.0807820867054581e+00   1.0807820867018543e+00   3.6037839379332581e-12
   2.7343750000000000e-02   1.0323415913569227e+00   1.0323415913521425e+00   4.7801762548260740e-12
   3.5156250000000000e-02   9.7794188649594782e-01   9.7794188649010572e-01   5.8421045778800362e-12
   4.2968750000000000e-02   9.1858707243780013e-01   9.1858707243100601e-01   6.7941208214961080e-12
   5.0781250000000000e-02   8.5545902790943584e-01   8.5545902790185480e-01   7.5810469013504189e-12
   5.8593750000000000e-02   7.8988652745872567e-01   7.8988652745059484e-01   8.1308293431447964e-12
   6.6406250000000000e-02   7.2330882061228818e-01   7.2330882060384671e-01   8.4414697454349152e-12
   7.4218750000000000e-02   6.5723480054154415e-01   6.5723480053302619e-01   8.5179641118315885e-12
   8.2031250000000000e-02   5.9319910089076855e-01   5.9319910088243655e-01   8.3320017552068748e-12
   8.9843750000000000e-02   5.3271662956478616e-01   5.3271662955691235e-01   7.8738127129440727e-12
   9.7656250000000000e-02   4.7723716293431584e-01   4.7723716292712404e-01   7.1918027089168390e-12
   1.0546875000000000e-01   4.2810167016367523e-01   4.2810167015736195e-01   6.3132832295309527e-12
   1.1328125000000000e-01   3.8650200564045939e-01   3.8650200563517878e-01   5.2806092831758633e-12
   1.2109375000000000e-01   3.5344549297711836e-01   3.5344549297301658e-01   4.1017744756288721e-12
   1.2890625000000000e-01   3.2972572770355252e-01   3.2972572770071734e-01   2.8351765379852623e-12
   1.3671875000000000e-01   3.1590065477838913e-01   3.1590065477685486e-01   1.5342727088807351e-12
   1.4453125000000000e-01   3.1227864478976369e-01   3.1227864478952189e-01   2.4180657476335909e-13
   1.5234375000000000e-01   3.1891291803808491e-01   3.1891291803910926e-01   1.0243472736704007e-12
   1.6015625000000000e-01   3.3560427162609852e-01   3.3560427162831014e-01   2.2116197762045431e-12
   1.6796875000000000e-01   3.6191167668992108e-01   3.6191167669323776e-01   3.3166802637651926e-12
   1.7578125000000000e-01   3.9716995680951522e-01   3.9716995681383593e-01   4.3207104560849530e-12
   1.8359375000000000e-01   4.4051345841351058e-01   4.4051345841869399e-01   5.1834092573699309e-12
   1.9140625000000000e-01   4.9090439966501054e-01   4.9090439967092042e-01   5.9098836935334020e-12
   1.9921875000000000e-01   5.4716445013999693e-01   5.4716445014651927e-01   6.5223382250678696e-12
   2.0703125000000000e-01   6.0800805675498282e-01   6.0800805676199787e-01   7.0150552033965141e-12
   2.1484375000000000e-01   6.7207609124145218e-01   6.7207609124882350e-01   7.3713257719987269e-12
   2.2265625000000000e-01   7.3796854258397648e-01   7.3796854259154099e-01   7.5645045782835041e-12
   2.3046875000000000e-01   8.0427519874083064e-01   8.0427519874843567e-01   7.6050277186823223e-12
   2.3828125000000000e-01   8.6960353444424876e-01   8.6960353445178884e-01   7.5400796717417506e-12
   2.4609375000000000e-01   9.3260332090811371e-01   9.3260332091546094e-01   7.3472339323643610e-12
   2.5390625000000000e-01   9.9198777225832047e-01   9.9198777226530321e-01   6.9827477133799221e-12
   2.6171875000000000e-01   1.0465513166636533e+00   1.0465513166701281e+00   6.4748206796139129e-12
   2.6953125000000000e-01   1.0951843048104395e+00   1.0951843048163068e+00   5.8673066405390273e-12
   2.7734375000000000e-01   1.1368851269719076e+00   1.1368851269770528e+00   5.1452175853228255e-12
   2.8515625000000000e-01   1.1707702915387206e+00   1.1707702915430063e+00   4.2856829196580293e-12
   2.9296875000000000e-01   1.1960830190868461e+00   1.1960830190901441e+00   3.2980285169514900e-12
   3.0078125000000000e-01   1.2122008311684633e+00   1.2122008311706796e+00   2.2162272017567375e-12
   3.0859375000000000e-01   1.2186424735440602e+00   1.2186424735451420e+00   1.0818013151947525e-12
   3.1640625000000000e-01   1.2150743271139828e+00   1.2150743271138611e+00   1.2168044349891716e-13
   3.2421875000000000e-01   1.2013162483151913e+00   1.2013162483138276e+00   1.3637979634495423e-12
   3.3203125000000000e-01   1.1773465684984681e+00   1.1773465684958693e+00   2.5988100560425664e-12
   3.3984375000000000e-01   1.1433057931328119e+00   1.1433057931290269e+00   3.7849723355520837e-12
   3.4765625000000000e-01   1.0994983987784064e+00   1.0994983987734603e+00   4.9460435747050724e-12
   3.5546875000000000e-01   1.0463920466256207e+00   1.0463920466195582e+00   6.0624838482681298e-12
   3.6328125000000000e-01   9.8461352819484416e-01   9.8461352818777581e-01   7.0683459085785216e-12
   3.7109375000000000e-01   9.1494083676578541e-01   9.1494083675785487e-01   7.9305451095024182e-12
   3.7890625000000000e-01   8.3829091502657949e-01   8.3829091501795505e-01   8.6244344998931410e-12
   3.8671875000000000e-01   7.5570285572427387e-01   7.5570285571511342e-01   9.1604501761821666e-12
   3.9453125000000000e-01   6.6831661156710798e-01   6.6831661155756883e-01   9.5391472498818075e-12
   4.0234375000000000e-01   5.7734758176449164e-01   5.7734758175478129e-01   9.7103436402790066e-12
   4.1015625000000000e-01   4.8405776029972120e-01   4.8405776029007447e-01   9.6467278609679852e-12
   4.1796875000000000e-01   3.8972442868399254e-01   3.8972442867460910e-01   9.3834384706781293e-12
   4.2578125000000000e-01   2.9560762756002212e-01   2.9560762755109199e-01   8.9301344097236779e-12
   4.3359375000000000e-01   2.0291782393603056e-01   2.0291782392775468e-01   8.2758799813120731e-12
   4.4140625000000000e-01   1.1278528561991652e-01   1.1278528561246465e-01   7.4518724524352820e-12
   4.4921875000000000e-01   2.6232669526791080e-02   2.6232669520293548e-02   6.4975316793614013e-12
   4.5703125000000000e-01  -5.5847778650201366e-02  -5.5847778655617734e-02   5.4163687424058082e-12
   4.6484375000000000e-01  -1.3271122599842208e-01  -1.3271122600268689e-01   4.2648107267950763e-12
   4.7265625000000000e-01  -2.0377056746874805e-01  -2.0377056747186154e-01   3.1134816946831734e-12
   4.8046875000000000e-01  -2.6859953765560612e-01  -2.6859953765758143e-01   1.9753088054130785e-12
   4.8828125000000000e-01  -3.2692852019489399e-01  -3.2692852019576235e-01   8.6836093871056619e-13
   4.9609375000000000e-01  -3.7863339193844398e-01  -3.7863339193828943e-01   1.5454304502782179e-13
   5.0390625000000000e-01  -4.2371816345710706e-01  -4.2371816345603436e-01   1.0726974863928262e-12
   5.1171875000000000e-01  -4.6229255998875196e-01  -4.6229255998688346e-01   1.8685053504441385e-12
   5.1953125000000000e-01  -4.9454600033401869e-01  -4.9454600033148532e-01   2.5333624087409135e-12
   5.2734375000000000e-01  -5.2071965278525612e-01  -5.2071965278216437e-01   3.0917490789761359e-12
   5.3515625000000000e-01  -5.4107836077301363e-01  -5.4107836076947191e-01   3.5417224708567119e-12
   5.4296875000000000e-01  -5.5588422800464410e-01  -5.5588422800076287e-01   3.8812286717870847e-12
   5.5078125000000000e-01  -5.6537353318599859e-01  -5.6537353318185435e-01   4.1442405063207843e-12
   5.5859375000000000e-01  -5.6973841591386709e-01  -5.6973841590952212e-01   4.3449688291730126e-12
   5.6640625000000000e-01  -5.6911445349909928e-01  -5.6911445349459988e-01   4.4994008518983719e-12
   5.7421875000000000e-01  -5.6357485512234440e-01  -5.6357485511766725e-01   4.6771475581408595e-12
   5.8203125000000000e-01  -5.5313156124370422e-01  -5.5313156123882412e-01   4.8800963270423381e-12
   5.8984375000000000e-01  -5.3774308161948714e-01  -5.3774308161440887e-01   5.0782711369379285e-12
   5.9765625000000000e-01  -5.1732846418005052e-01  -5.1732846417475975e-01   5.2907678238511835e-12
   6.0546875000000000e-01  -4.9178638741914626e-01  -4.9178638741359526e-01   5.5510041008233202e-12
   6.1328125000000000e-01  -4.6101803548970693e-01  -4.6101803548385084e-01   5.8560933879903132e-12
   6.2109375000000000e-01  -4.2495216766947164e-01  -4.2495216766328742e-01   6.1842198029182782e-12
   6.2890625000000000e-01  -3.8357064608455765e-01  -3.8357064607803865e-01   6.5190075559939942e-12
   6.3671875000000000e-01  -3.3693264485164914e-01  -3.3693264484479757e-01   6.8515748630204598e-12
   6.4453125000000000e-01  -2.8519583075220573e-01  -2.8519583074502192e-01   7.1838091031395379e-12
   6.5234375000000000e-01  -2.2863297446952166e-01  -2.2863297446202471e-01   7.4969475072350633e-12
   6.6015625000000000e-01  -1.6764271091515615e-01  -1.6764271090741065e-01   7.7454986868730202e-12
   6.6796875000000000e-01  -1.0275350113290757e-01  -1.0275350112499324e-01   7.9143358533428909e-12
   6.7578125000000000e-01  -3.4620236980938753e-02  -3.4620236972940338e-02   7.9984144307765348e-12
   6.8359375000000000e-01   3.5986648853736654e-02   3.5986648861693074e-02   7.9564202448700883e-12
   6.9140625000000000e-01   1.0819927424913255e-01   1.0819927425686125e-01   7.7287065636255647e-12
   6.9921875000000000e-01   1.8107689043383365e-01   1.8107689044117231e-01   7.3386574594991316e-12
   7.0703125000000000e-01   2.5363586556236190e-01   2.5363586556918194e-01   6.8200445291211054e-12
   7.1484375000000000e-01   3.2488365423590670e-01   3.2488365424203586e-01   6.1291527408968705e-12
   7.2265625000000000e-01   3.9385508747386766e-01   3.9385508747909803e-01   5.2303716913115750e-12
   7.3046875000000000e-01   4.5964915416039559e-01   4.5964915416456659e-01   4.1709968812142506e-12
   7.3828125000000000e-01   5.2146437795244838e-01   5.2146437795548495e-01   3.0365709946522657e-12
   7.4609375000000000e-01   5.7863092752517731e-01   5.7863092752696887e-01   1.7915668948376151e-12
   8.7890625000000000e-01   9.7218512304207749e-01   9.7218512304042803e-01   1.6494583476855951e-12
   8.8671875000000000e-01   9.9384824996970678e-01   9.9384824996909860e-01   6.0818017288966075e-13
   8.9453125000000000e-01   1.0176088497002791e+00   1.0176088497006617e+00   3.8258285428582894e-13
   9.0234375000000000e-01   1.0430629430726006e+00   1.0430629430739180e+00   1.3173906410202108e-12
   9.1015625000000000e-01   1.0696308906668404e+00   1.0696308906689929e+00   2.1525004001432535e-12
   9.1796875000000000e-01   1.0965795102912828e+00   1.0965795102941309e+00   2.8481661473733766e-12
   9.2578125000000000e-01   1.1230505206861547e+00   1.1230505206895434e+00   3.3886227157609028e-12
   9.3359375000000000e-01   1.1480940958588244e+00   1.1480940958625865e+00   3.7621017412448055e-12
   9.4140625000000000e-01   1.1707061752905439e+00   1.1707061752944981e+00   3.9541703245049575e-12
   9.4921875000000000e-01   1.1898680987872527e+00   1.1898680987912134e+00   3.9606096180477834e-12
   9.5703125000000000e-01   1.2045871152896481e+00   1.2045871152934076e+00   3.7594372059857051e-12
   9.6484375000000000e-01   1.2139363444145876e+00   1.2139363444179325e+00   3.3448799285906716e-12
   9.7265625000000000e-01   1.2170928387076223e+00   1.2170928387103839e+00   2.7615687514526144e-12
   9.8046875000000000e-01   1.2133724945925328e+00   1.2133724945945366e+00   2.0037305148434825e-12
   9.8828125000000000e-01   1.2022606831376175e+00   1.2022606831386875e+00   1.0700329511337259e-12
   9.9609375000000000e-01   1.1834376123643144e+00   1.1834376123643244e+00   9.9920072216264089e-15
   7.5390625000000000e-01   6.3063773221117836e-01   6.3063773221161457e-01   4.3620662637522400e-13
   7.6171875000000000e-01   6.7715310367600479e-01   6.7715310367506742e-01   9.3736129969101967e-13
   7.6953125000000000e-01   7.1803767622898795e-01   7.1803767622675507e-01   2.2328805471261148e-12
   7.7734375000000000e-01   7.5334885789458039e-01   7.5334885789114037e-01   3.4400260418010475e-12
   7.8515625000000000e-01   7.8333641156645795e-01   7.8333641156192535e-01   4.5325965203346641e-12
   7.9296875000000000e-01   8.0842923741148642e-01   8.0842923740605488e-01   5.4315441033736533e-12
   8.0078125000000000e-01   8.2921387927886958e-01   8.2921387927274504e-01   6.1245453153446761e-12
   8.0859375000000000e-01   8.4640570388227798e-01   8.4640570387567948e-01   6.5984995245571554e-12
   8.1640625000000000e-01   8.6081407781319097e-01   8.6081407780633956e-01   6.8514083295667660e-12
   8.2421875000000000e-01   8.7330317263838697e-01   8.7330317263152157e-01   6.8653971396770430e-12
   8.3203125000000000e-01   8.8475024531812307e-01   8.8475024531150603e-01   6.6170402490683955e-12
   8.3984375000000000e-01   8.9600335832066280e-01   8.9600335831452593e-01   6.1368687909180153e-12
   8.4765625000000000e-01   9.0784051580107905e-01   9.0784051579560077e-01   5.4782844927103724e-12
   8.5546875000000000e-01   9.2093210046407659e-01   9.2093210045941487e-01   4.6617154580985698e-12
   8.6328125000000000e-01   9.3580830820558325e-01   9.3580830820185623e-01   3.7270186936666505e-12
   8.7109375000000000e-01   9.5283300817015981e-01   9.5283300816745375e-01   2.7060576002213566e-12
