#                  Coord.                Numerical               Analytical                    Error
   3.9062500000000000e-03   9.7411421958156708e-01   9.7411421958142264e-01   1.4444001550373287e-13
   1.1718750000000000e-02   1.0108488183250128e+00   1.0108488183248534e+00   1.5942802633617248e-13
   1.9531250000000000e-02   1.0443488409443913e+00   1.0443488409442334e+00   1.5787371410169726e-13
   2.7343750000000000e-02   1.0741720561565065e+00   1.0741720561563544e+00   1.5210055437364645e-13
   3.5156250000000000e-02   1.0998156270909620e+00   1.0998156270908099e+00   1.5210055437364645e-13
   4.2968750000000000e-02   1.1207380645120315e+00   1.1207380645118756e+00   1.5587531265737198e-13
   5.0781250000000000e-02   1.1363865623499871e+00   1.1363865623498359e+00   1.5121237595394632e-13
   5.8593750000000000e-02   1.1462281987206988e+00   1.1462281987205525e+00   1.4632739464559563e-13
   6.6406250000000000e-02   1.1497832377894535e+00   1.1497832377893185e+00   1.3500311979441904e-13
   7.4218750000000000e-02   1.1466586245317201e+00   1.1466586245315964e+00   1.2367884494324244e-13
   8.2031250000000000e-02   1.1365797320373485e+00   1.1365797320372364e+00   1.1213252548714081e-13
   8.9843750000000000e-02   1.1194184991594529e+00   1.1194184991593619e+00   9.1038288019262836e-14
   9.7656250000000000e-02   1.0952162783582529e+00   1.0952162783581962e+00   5.6621374255882984e-14
   1.0546875000000000e-01   1.0641999872695529e+00   1.0641999872695325e+00   2.0428103653102880e-14
   1.1328125000000000e-01   1.0267905059608382e+00   1.0267905059608353e+00   2.8865798640254070e-15
   1.2109375000000000e-01   9.8360266468260449e-01   9.8360266468262536e-01   2.0872192862952943e-14
   1.2890625000000000e-01   9.3543660159139652e-01   9.3543660159145359e-01   5.7065463465733046e-14
   1.3671875000000000e-01   8.8326071280612373e-01   8.8326071280621343e-01   8.9706020389712648e-14
   1.4453125000000000e-01   8.2818684481231764e-01   8.2818684481242577e-01   1.0813572259849025e-13
   1.5234375000000000e-01   7.7143876945443313e-01   7.7143876945455525e-01   1.2212453270876722e-13
   1.6015625000000000e-01   7.1431531461099251e-01   7.1431531461112530e-01   1.3278267374516872e-13
   1.6796875000000000e-01   6.5814978232613819e-01   6.5814978232628707e-01   1.4888090760223349e-13
   1.7578125000000000e-01   6.0426745777516078e-01   6.0426745777532875e-01   1.6797674362578618e-13
   1.8359375000000000e-01   5.5394308860993935e-01   5.5394308861012997e-01   1.9062529332813938e-13
   1.9140625000000000e-01   5.0836019161842116e-01   5.0836019161861867e-01   1.9750867608081535e-13
   1.9921875000000000e-01   4.6857392419549809e-01   4.6857392419569011e-01   1.9201307210892082e-13
   2.0703125000000000e-01   4.3547904917216368e-01   4.3547904917236024e-01   1.9656498650988397e-13
   2.1484375000000000e-01   4.0978423553255189e-01   4.0978423553275317e-01   2.0128343436454088e-13
   2.2265625000000000e-01   3.9199359152490215e-01   3.9199359152509183e-01   1.8968160375720799e-13
   2.3046875000000000e-01   3.8239594146893036e-01   3.8239594146909484e-01   1.6447954109821694e-13
   2.3828125000000000e-01   3.8106195661014663e-01   3.8106195661029046e-01   1.4382939284018903e-13
   2.4609375000000000e-01   3.8784885827996091e-01   3.8784885828008642e-01   1.2551071293387395e-13
   2.5390625000000000e-01   4.0241205255073492e-01   4.0241205255082141e-01   8.6486373618299694e-14
   2.6171875000000000e-01   4.2422275153659633e-01   4.2422275153663203e-01   3.5693670241698783e-14
   2.6953125000000000e-01   4.5259040568653214e-01   4.5259040568653586e-01   3.7192471324942744e-15
   2.7734375000000000e-01   4.8668862678807073e-01   4.8668862678805247e-01   1.8263168755083825e-14
   2.8515625000000000e-01   5.2558322952133574e-01   5.2558322952128445e-01   5.1292303737682232e-14
   2.9296875000000000e-01   5.6826105984128028e-01   5.6826105984118269e-01   9.7588603864551260e-14
   3.0078125000000000e-01   6.1365840370361013e-01   6.1365840370347724e-01   1.3289369604763124e-13
   3.0859375000000000e-01   6.6068796561400467e-01   6.6068796561384624e-01   1.5842882561400984e-13
   3.1640625000000000e-01   7.0826365365203670e-01   7.0826365365187327e-01   1.6342482922482304e-13
   3.2421875000000000e-01   7.5532268265944247e-01   7.5532268265927882e-01   1.6364687382974807e-13
   3.3203125000000000e-01   8.0084478502193612e-01   8.0084478502176515e-01   1.7097434579227411e-13
   3.3984375000000000e-01   8.4386857413393390e-01   8.4386857413377458e-01   1.5931700403370996e-13
   3.4765625000000000e-01   8.8350531702339508e-01   8.8350531702325075e-01   1.4432899320127035e-13
   3.5546875000000000e-01   9.1895052212633399e-01   9.1895052212620443e-01   1.2956302697375577e-13
   3.6328125000000000e-01   9.4949382442512087e-01   9.4949382442500230e-01   1.1857181902996672e-13
   3.7109375000000000e-01   9.7452764891640609e-01   9.7452764891629939e-01   1.0669243266647754e-13
   3.7890625000000000e-01   9.9355505807808731e-01   9.9355505807799027e-01   9.7033492352238682e-14
   3.8671875000000000e-01   1.0061970503604052e+00   1.0061970503603161e+00   8.9039886574937555e-14
   3.9453125000000000e-01   1.0121993917042758e+00   1.0121993917041969e+00   7.8825834748386114e-14
   4.0234375000000000e-01   1.0114388523343310e+00   1.0114388523342506e+00   8.0380146982861334e-14
   4.1015625000000000e-01   1.0039285108721767e+00   1.0039285108720946e+00   8.2156503822261584e-14
   4.1796875000000000e-01   9.8982160182030454e-01   9.8982160182023249e-01   7.2053474298172659e-14
   4.2578125000000000e-01   9.6941324338463286e-01   9.6941324338458779e-01   4.5075054799781356e-14
   4.3359375000000000e-01   9.4313930906191301e-01   9.4313930906187904e-01   3.3972824553529790e-14
   4.4140625000000000e-01   9.1157171120381530e-01   9.1157171120378244e-01   3.2862601528904634e-14
   4.4921875000000000e-01   8.7540945359703404e-01   8.7540945359703681e-01   2.7755575615628914e-15
   4.5703125000000000e-01   8.3546498100664457e-01   8.3546498100668187e-01   3.7303493627405260e-14
   4.6484375000000000e-01   7.9264559706000803e-01   7.9264559706007076e-01   6.2727600891321345e-14
   4.7265625000000000e-01   7.4793002138443054e-01   7.4793002138452580e-01   9.5257135512838431e-14
   4.8046875000000000e-01   7.0234049060311676e-01   7.0234049060324144e-01   1.2467804566540508e-13
   4.8828125000000000e-01   6.5691114995828681e-01   6.5691114995844002e-01   1.5321077739827160e-13
   4.9609375000000000e-01   6.1265380565448313e-01   6.1265380565467198e-01   1.8884893648873913e-13
   5.0390625000000000e-01   5.7052238579065884e-01   5.7052238579087655e-01   2.1771473512899320e-13
   5.1171875000000000e-01   5.3137766605580139e-01   5.3137766605604397e-01   2.4258373088059670e-13
   5.1953125000000000e-01   4.9595393601319554e-01   4.9595393601344995e-01   2.5440760609285462e-13
   5.2734375000000000e-01   4.6482929990389366e-01   4.6482929990415311e-01   2.5945912085489908e-13
   5.3515625000000000e-01   4.3840121692973316e-01   4.3840121692999079e-01   2.5762725286426758e-13
   5.4296875000000000e-01   4.1686869223007961e-01   4.1686869223032319e-01   2.4358293160275934e-13
   5.5078125000000000e-01   4.0022224123838396e-01   4.0022224123861089e-01   2.2692958623338200e-13
   5.5859375000000000e-01   3.8824238374414388e-01   3.8824238374434772e-01   2.0383694732117874e-13
   5.6640625000000000e-01   3.8050700242606578e-01   3.8050700242622554e-01   1.5976109324356003e-13
   5.7421875000000000e-01   3.7640745047671054e-01   3.7640745047682916e-01   1.1862733018119798e-13
   5.8203125000000000e-01   3.7517284280146779e-01   3.7517284280154872e-01   8.0935258495173912e-14
   5.8984375000000000e-01   3.7590154358575567e-01   3.7590154358579098e-01   3.5305092183079978e-14
   5.9765625000000000e-01   3.7759849597528539e-01   3.7759849597529610e-01   1.0713652187632761e-14
   6.0546875000000000e-01   3.7921674925057819e-01   3.7921674925056942e-01   8.7707618945387367e-15
   6.1328125000000000e-01   3.7970134156335894e-01   3.7970134156331942e-01   3.9523939676655573e-14
   6.2109375000000000e-01   3.7803360166707140e-01   3.7803360166701994e-01   5.1458837191376006e-14
   6.2890625000000000e-01   3.7327394350835469e-01   3.7327394350830650e-01   4.8183679268731794e-14
   6.3671875000000000e-01   3.6460133831059732e-01   3.6460133831055752e-01   3.9801495432811862e-14
   6.4453125000000000e-01   3.5134784867950075e-01   3.5134784867947477e-01   2.5979218776228663e-14
   6.5234375000000000e-01   3.3302688182310147e-01   3.3302688182309215e-01   9.3258734068513149e-15
   6.6015625000000000e-01   3.0935414403227585e-01   3.0935414403229988e-01   2.4036328483134639e-14
   6.6796875000000000e-01   2.8026063403902063e-01   2.8026063403907275e-01   5.2124971006151100e-14
   6.7578125000000000e-01   2.4589737664546107e-01   2.4589737664552824e-01   6.7168492989821971e-14
   6.8359375000000000e-01   2.0663194968626164e-01   2.0663194968635187e-01   9.0233376326409598e-14
   6.9140625000000000e-01   1.6303717969635764e-01   1.6303717969646420e-01   1.0655365478839940e-13
   6.9921875000000000e-01   1.1587266154984875e-01   1.1587266154996256e-01   1.1381173781188636e-13
   7.0703125000000000e-01   6.6059986499314882e-02   6.6059986499433815e-02   1.1893264151296989e-13
   7.1484375000000000e-01   1.4652737913194385e-02   1.4652737913311325e-02   1.1693944423907254e-13
   7.2265625000000000e-01  -3.7197564712177777e-02  -3.7197564712055924e-02   1.2185391584651484e-13
   7.3046875000000000e-01  -8.8278321120217093e-02  -8.8278321120100284e-02   1.1680933997837428e-13
   7.3828125000000000e-01  -1.3735422415566614e-01  -1.3735422415555720e-01   1.0894063429134349e-13
   7.4609375000000000e-01  -1.8320587872783095e-01  -1.8320587872772245e-01   1.0849654508149342e-13
   8.7890625000000000e-01   8.7819753543321610e-02   8.7819753543176074e-02   1.4553636074055021e-13
   8.8671875000000000e-01   1.5269983000867185e-01   1.5269983000851514e-01   1.5670797992584085e-13
   8.9453125000000000e-01   2.1822646438951646e-01   2.1822646438931909e-01   1.9736989820273720e-13
   9.0234375000000000e-01   2.8365848275574468e-01   2.8365848275551619e-01   2.2848389846785722e-13
   9.1015625000000000e-01   3.4836463355258568e-01   3.4836463355235264e-01   2.3303581286882036e-13
   9.1796875000000000e-01   4.1183258557710406e-01   4.1183258557687352e-01   2.3053781106341376e-13
   9.2578125000000000e-01   4.7367043680188003e-01   4.7367043680165938e-01   2.2065682614424986e-13
   9.3359375000000000e-01   5.3360082416986376e-01   5.3360082416963850e-01   2.2526425169644426e-13
   9.4140625000000000e-01   5.9144817075432110e-01   5.9144817075410305e-01   2.1804780203638074e-13
   9.4921875000000000e-01   6.4712002991877349e-01   6.4712002991857431e-01   1.9917401061775308e-13
   9.5703125000000000e-01   7.0058385732560702e-01   7.0058385732540152e-01   2.0550228185811648e-13
   9.6484375000000000e-01   7.5184083470061458e-01   7.5184083470042051e-01   1.9406698470447736e-13
   9.7265625000000000e-01   8.0089856299140616e-01   8.0089856299124951e-01   1.5665246877460959e-13
   9.8046875000000000e-01   8.4774452244800913e-01   8.4774452244786247e-01   1.4666046155298318e-13
   9.8828125000000000e-01   8.9232215652465552e-01   8.9232215652450975e-01   1.4577228313328305e-13
   9.9609375000000000e-01   9.3451127703377779e-01   9.3451127703364367e-01   1.3411494137471891e-13
   7.5390625000000000e-01  -2.2466742914034757e-01  -2.2466742914023979e-01   1.0777490011548707e-13
   7.6171875000000000e-01  -2.6066201834699920e-01  -2.6066201834688352e-01   1.1568523916594131e-13
   7.6953125000000000e-01  -2.9023398312504922e-01  -2.9023398312493076e-01   1.1846079672750420e-13
   7.7734375000000000e-01  -3.1257678850710147e-01  -3.1257678850699100e-01   1.1046719095020308e-13
   7.8515625000000000e-01  -3.2705582394116678e-01  -3.2705582394107163e-01   9.5146113210375916e-14
   7.9296875000000000e-01  -3.3322532488937379e-01  -3.3322532488928525e-01   8.8540286213856234e-14
   8.0078125000000000e-01  -3.3083884978934042e-01  -3.3083884978924161e-01   9.8809849191638932e-14
   8.0859375000000000e-01  -3.1985293574770629e-01  -3.1985293574761448e-01   9.1815444136500446e-14
   8.1640625000000000e-01  -3.0042377750813187e-01  -3.0042377750806848e-01   6.3393734706096438e-14
   8.2421875000000000e-01  -2.7289702084914058e-01  -2.7289702084909184e-01   4.8738790781044372e-14
   8.3203125000000000e-01  -2.3779102783303413e-01  -2.3779102783300712e-01   2.7006175074006933e-14
   8.3984375000000000e-01  -1.9577424765833654e-01  -1.9577424765834203e-01   5.4956039718945249e-15
   8.4765625000000000e-01  -1.4763760007828669e-01  -1.4763760007831589e-01   2.9198865547641617e-14
   8.5546875000000000e-01  -9.4263032366780214e-02  -9.4263032366841859e-02   6.1645133442311817e-14
   8.6328125000000000e-01  -3.6589627860399446e-02  -3.6589627860501704e-02   1.0225847946188082e-13
   8.7109375000000000e-01   2.4421193770506524e-02   2.4421193770369040e-02   1.3748377436506587e-13
