#                  Coord.                Numerical               Analytical                    Error
   3.9062500000000000e-03  -4.7961067663202239e-02  -4.7961067666890310e-02   3.6880706821840192e-12
   1.1718750000000000e-02  -5.2112649906623690e-02  -5.2112649910520517e-02   3.8968273052830682e-12
   1.9531250000000000e-02  -5.4175947637964003e-02  -5.4175947641736819e-02   3.7728153934324382e-12
   2.7343750000000000e-02  -5.4013189968815961e-02  -5.4013189972155137e-02   3.3391761578016599e-12
   3.5156250000000000e-02  -5.1499863423003653e-02  -5.1499863425595059e-02   2.5914062562470974e-12
   4.2968750000000000e-02  -4.6546099961972412e-02  -4.6546099963514678e-02   1.5422663146580362e-12
   5.0781250000000000e-02  -3.9119723913395230e-02  -3.9119723913659928e-02   2.6469798575234904e-13
   5.8593750000000000e-02  -2.9269269779215342e-02  -2.9269269778080847e-02   1.1344952755010240e-12
   6.6406250000000000e-02  -1.7145108628160672e-02  -1.7145108625560904e-02   2.5997676234013056e-12
   7.4218750000000000e-02  -3.0167796999225269e-03  -3.0167796958433879e-03   4.0791389363525887e-12
   8.2031250000000000e-02   1.2715272925647636e-02   1.2715272931089074e-02   5.4414372313571491e-12
   8.9843750000000000e-02   2.9515111462321567e-02   2.9515111468903066e-02   6.5814992344925827e-12
   9.7656250000000000e-02   4.6715036786845507e-02   4.6715036794241535e-02   7.3960282342966366e-12
   1.0546875000000000e-01   6.3528326699142254e-02   6.3528326706980859e-02   7.8386047652756474e-12
   1.1328125000000000e-01   7.9071098675170662e-02   7.9071098683045390e-02   7.8747286469393885e-12
   1.2109375000000000e-01   9.2392811226776644e-02   9.2392811234201205e-02   7.4245609660295031e-12
   1.2890625000000000e-01   1.0251431764859620e-01   1.0251431765505005e-01   6.4538513422363053e-12
   1.3671875000000000e-01   1.0847183273894531e-01   1.0847183274391198e-01   4.9666659673874847e-12
   1.4453125000000000e-01   1.0936470706971749e-01   1.0936470707274548e-01   3.0279945217870363e-12
   1.5234375000000000e-01   1.0440455857295516e-01   1.0440455857363438e-01   6.7922056867786296e-13
   1.6015625000000000e-01   9.2963113061685254e-02   9.2963113059644067e-02   2.0411866641367737e-12
   1.6796875000000000e-01   7.4616068876270245e-02   7.4616068871268496e-02   5.0017490149656396e-12
   1.7578125000000000e-01   4.9180429846702713e-02   4.9180429838583811e-02   8.1189013845239799e-12
   1.8359375000000000e-01   1.6743037453780286e-02   1.6743037442479999e-02   1.1300287094950789e-11
   1.9140625000000000e-01  -2.2321540905174238e-02  -2.2321540919545080e-02   1.4370841322497441e-11
   1.9921875000000000e-01  -6.7345072717316518e-02  -6.7345072734528805e-02   1.7212287151124883e-11
   2.0703125000000000e-01  -1.1737235987353201e-01  -1.1737235989325041e-01   1.9718407462399057e-11
   2.1484375000000000e-01  -1.7118061201956680e-01  -1.7118061204128915e-01   2.1722346144059657e-11
   2.2265625000000000e-01  -2.2731087535822189e-01  -2.2731087538134437e-01   2.3122476155990057e-11
   2.3046875000000000e-01  -2.8411028484518736e-01  -2.8411028486908335e-01   2.3895996292822019e-11
   2.3828125000000000e-01  -3.3978336881647059e-01  -3.3978336884045868e-01   2.3988089292714676e-11
   2.4609375000000000e-01  -3.9245019996169628e-01  -3.9245019998498826e-01   2.3291979456274703e-11
   2.5390625000000000e-01  -4.4020887668728231e-01  -4.4020887670911008e-01   2.1827761820247815e-11
   2.6171875000000000e-01  -4.8119964725125519e-01  -4.8119964727091041e-01   1.9655221894510078e-11
   2.6953125000000000e-01  -5.1366795969811907e-01  -5.1366795971494039e-01   1.6821322113003134e-11
   2.7734375000000000e-01  -5.3602382910219326e-01  -5.3602382911558966e-01   1.3396395104336989e-11
   2.8515625000000000e-01  -5.4689514771075132e-01  -5.4689514772025249e-01   9.5011776224396272e-12
   2.9296875000000000e-01  -5.4517290454799294e-01  -5.4517290455327561e-01   5.2826631957714199e-12
   3.0078125000000000e-01  -5.3004670528897979e-01  -5.3004670528984232e-01   8.6253226783128412e-13
   3.0859375000000000e-01  -5.0102946401070225e-01  -5.0102946400702708e-01   3.6751712784166557e-12
   3.1640625000000000e-01  -4.5797064775230145e-01  -4.5797064774409640e-01   8.2050477523409882e-12
   3.2421875000000000e-01  -4.0105796509802855e-01  -4.0105796508548847e-01   1.2540080085443606e-11
   3.3203125000000000e-01  -3.3080787567826636e-01  -3.3080787566171660e-01   1.6549761561179821e-11
   3.3984375000000000e-01  -2.4804573631979918e-01  -2.4804573629961971e-01   2.0179469206738077e-11
   3.4765625000000000e-01  -1.5387677360176341e-01  -1.5387677357843085e-01   2.3332558107824752e-11
   3.5546875000000000e-01  -4.9649368720167876e-02  -4.9649368694249775e-02   2.5918100998723048e-11
   3.6328125000000000e-01   6.3087649073998386e-02   6.3087649101894461e-02   2.7896074339395227e-11
   3.7109375000000000e-01   1.8263188242670214e-01   1.8263188245596951e-01   2.9267366308260989e-11
   3.7890625000000000e-01   3.0717656607573646e-01   3.0717656610575439e-01   3.0017932584058826e-11
   3.8671875000000000e-01   4.3486027961167811e-01   4.3486027964178159e-01   3.0103475268106195e-11
   3.9453125000000000e-01   5.6381548171412865e-01   5.6381548174368745e-01   2.9558799852225093e-11
   4.0234375000000000e-01   6.9221435049206903e-01   6.9221435052051916e-01   2.8450131139834411e-11
   4.1015625000000000e-01   8.1831063581419061e-01   8.1831063584099240e-01   2.6801783015173442e-11
   4.1796875000000000e-01   9.4047648199462031e-01   9.4047648201930134e-01   2.4681034993534468e-11
   4.2578125000000000e-01   1.0572334486815707e+00   1.0572334487037280e+00   2.2157387036259024e-11
   4.3359375000000000e-01   1.1672772308707247e+00   1.1672772308900503e+00   1.9325652189650100e-11
   4.4140625000000000e-01   1.2694958436109458e+00   1.2694958436272217e+00   1.6275869541004795e-11
   4.4921875000000000e-01   1.3629812829801271e+00   1.3629812829931733e+00   1.3046230762370215e-11
   4.5703125000000000e-01   1.4470348941688669e+00   1.4470348941785720e+00   9.7051255920632684e-12
   4.6484375000000000e-01   1.5211668641209593e+00   1.5211668641273475e+00   6.3882232836931507e-12
   4.7265625000000000e-01   1.5850904064541145e+00   1.5850904064572664e+00   3.1519231669108194e-12
   4.8046875000000000e-01   1.6387113187218407e+00   1.6387113187218645e+00   2.3758772726978350e-14
   4.8828125000000000e-01   1.6821136667573706e+00   1.6821136667544683e+00   2.9023450309750842e-12
   4.9609375000000000e-01   1.7155423897374469e+00   1.7155423897318400e+00   5.6068483189619656e-12
   5.0390625000000000e-01   1.7393836258773188e+00   1.7393836258692872e+00   8.0315754047433074e-12
   5.1171875000000000e-01   1.7541435364282003e+00   1.7541435364180646e+00   1.0135670081012904e-11
   5.1953125000000000e-01   1.7604263596222436e+00   1.7604263596103136e+00   1.1930012533412082e-11
   5.2734375000000000e-01   1.7589123614415807e+00   1.7589123614281323e+00   1.3448353541889446e-11
   5.3515625000000000e-01   1.7503362716618476e+00   1.7503362716471760e+00   1.4671597270421444e-11
   5.4296875000000000e-01   1.7354667064299782e+00   1.7354667064143539e+00   1.5624390670154753e-11
   5.5078125000000000e-01   1.7150869872012173e+00   1.7150869871849350e+00   1.6282308834547621e-11
   5.5859375000000000e-01   1.6899776741894166e+00   1.6899776741727393e+00   1.6677326186709251e-11
   5.6640625000000000e-01   1.6609010439768799e+00   1.6609010439600049e+00   1.6874945885092529e-11
   5.7421875000000000e-01   1.6285876583258321e+00   1.6285876583089351e+00   1.6896928300980107e-11
   5.8203125000000000e-01   1.5937250965912027e+00   1.5937250965744731e+00   1.6729506668866634e-11
   5.8984375000000000e-01   1.5569488588406026e+00   1.5569488588242171e+00   1.6385559575837760e-11
   5.9765625000000000e-01   1.5188353915957673e+00   1.5188353915798292e+00   1.5938139696913822e-11
   6.0546875000000000e-01   1.4798971431964612e+00   1.4798971431811270e+00   1.5334178371517737e-11
   6.1328125000000000e-01   1.4405795208300676e+00   1.4405795208154801e+00   1.4587442365154857e-11
   6.2109375000000000e-01   1.4012595955392393e+00   1.4012595955254878e+00   1.3751444427612114e-11
   6.2890625000000000e-01   1.3622463839977244e+00   1.3622463839848813e+00   1.2843059948863811e-11
   6.3671875000000000e-01   1.3237825253306381e+00   1.3237825253187205e+00   1.1917578035536280e-11
   6.4453125000000000e-01   1.2860471664987077e+00   1.2860471664877700e+00   1.0937695194002117e-11
   6.5234375000000000e-01   1.2491598695786070e+00   1.2491598695687023e+00   9.9047436918908716e-12
   6.6015625000000000e-01   1.2131853576218490e+00   1.2131853576129699e+00   8.8791196617421519e-12
   6.6796875000000000e-01   1.1781389218713922e+00   1.1781389218635165e+00   7.8757000920859355e-12
   6.7578125000000000e-01   1.1439923214274128e+00   1.1439923214205221e+00   6.8907102246384966e-12
   6.8359375000000000e-01   1.1106800167057911e+00   1.1106800166998470e+00   5.9441340738430881e-12
   6.9140625000000000e-01   1.0781055901433718e+00   1.0781055901383088e+00   5.0630610815005639e-12
   6.9921875000000000e-01   1.0461482215781637e+00   1.0461482215739659e+00   4.1977532561077169e-12
   7.0703125000000000e-01   1.0146691015340270e+00   1.0146691015307117e+00   3.3153479961356425e-12
   7.1484375000000000e-01   9.8351768304372345e-01   9.8351768304125331e-01   2.4701352074885108e-12
   7.2265625000000000e-01   9.5253769112133813e-01   9.5253769111969000e-01   1.6481260800560449e-12
   7.3046875000000000e-01   9.2157282762591575e-01   9.2157282762507897e-01   8.3677509365998048e-13
   7.3828125000000000e-01   8.9047212673025744e-01   8.9047212673025100e-01   6.4392935428259079e-15
   7.4609375000000000e-01   8.5909493090513389e-01   8.5909493090595024e-01   8.1634699000687760e-13
   8.7890625000000000e-01   2.6223015051951887e-01   2.6223015052639453e-01   6.8756667026548257e-12
   8.8671875000000000e-01   2.2973896420936490e-01   2.2973896421621096e-01   6.8460515034729497e-12
   8.9453125000000000e-01   1.9874053219747309e-01   1.9874053220426394e-01   6.7908456635734638e-12
   9.0234375000000000e-01   1.6938381378899170e-01   1.6938381379565423e-01   6.6625316375024113e-12
   9.1015625000000000e-01   1.4178319205792358e-01   1.4178319206435858e-01   6.4349914286054855e-12
   9.1796875000000000e-01   1.1601636095618632e-01   1.1601636096228206e-01   6.0957350278556532e-12
   9.2578125000000000e-01   9.2124784340354149e-02   9.2124784345935420e-02   5.5812715560321635e-12
   9.3359375000000000e-01   7.0116870500544257e-02   7.0116870505455703e-02   4.9114462497001909e-12
   9.4140625000000000e-01   4.9973781757521131e-02   4.9973781761608986e-02   4.0878550544576342e-12
   9.4921875000000000e-01   3.1657552350031329e-02   3.1657552353173739e-02   3.1424099433685626e-12
   9.5703125000000000e-01   1.5120940452621578e-02   1.5120940454691178e-02   2.0695996999497979e-12
   9.6484375000000000e-01   3.1821568217600438e-04   3.1821568308528089e-04   9.0927650608571553e-13
   9.7265625000000000e-01  -1.2784093769864561e-02  -1.2784093770118308e-02   2.5374667644850746e-13
   9.8046875000000000e-01  -2.4197577904409788e-02  -2.4197577905792560e-02   1.3827723688297766e-12
   9.8828125000000000e-01  -3.3904549434369477e-02  -3.3904549436734571e-02   2.3650942315711632e-12
   9.9609375000000000e-01  -4.1853901847583162e-02  -4.1853901850724622e-02   3.1414593149037273e-12
   7.5390625000000000e-01   8.2731546750270002e-01   8.2731546750432305e-01   1.6230350396995163e-12
   7.6171875000000000e-01   7.9502701006645371e-01   7.9502701006889709e-01   2.4433788325950445e-12
   7.6953125000000000e-01   7.6214560525999286e-01   7.6214560526325070e-01   3.2578384434600594e-12
   7.7734375000000000e-01   7.2861333543927065e-01   7.2861333544326878e-01   3.9981351562801137e-12
   7.8515625000000000e-01   6.9440106912343136e-01   6.9440106912809163e-01   4.6602721681665571e-12
   7.9296875000000000e-01   6.5951062894745394e-01   6.5951062895271551e-01   5.2615689583035419e-12
   8.0078125000000000e-01   6.2397628240200131e-01   6.2397628240780967e-01   5.8083537979314315e-12
   8.0859375000000000e-01   5.8786543920461609e-01   5.8786543921084922e-01   6.2331251271530164e-12
   8.1640625000000000e-01   5.5127842566197149e-01   5.5127842566847673e-01   6.5052407904886422e-12
   8.2421875000000000e-01   5.1434720618988672e-01   5.1434720619657714e-01   6.6904259909961183e-12
   8.3203125000000000e-01   4.7723293998936706e-01   4.7723293999619104e-01   6.8239858208585247e-12
   8.3984375000000000e-01   4.4012230008315284e-01   4.4012230009004005e-01   6.8872130221109273e-12
   8.4765625000000000e-01   4.0322254370071958e-01   4.0322254370760913e-01   6.8895444904626402e-12
   8.5546875000000000e-01   3.6675540579665722e-01   3.6675540580353716e-01   6.8799410612996326e-12
   8.6328125000000000e-01   3.3094998662329073e-01   3.3094998663015052e-01   6.8597905134026860e-12
   8.7109375000000000e-01   2.9603491197521353e-01   2.9603491198206822e-01   6.8546834874894103e-12
