#                  Coord.                Numerical               Analytical                    Error
   3.9062500000000000e-03  -8.6398874558884087e-01  -8.6398874558886585e-01   2.4980018054066022e-14
   1.1718750000000000e-02  -8.2006388212588432e-01  -8.2006388212590897e-01   2.4646951146678475e-14
   1.9531250000000000e-02  -7.7338957989639046e-01  -7.7338957989643087e-01   4.0412118096355698e-14
   2.7343750000000000e-02  -7.2435301710054611e-01  -7.2435301710060707e-01   6.0951244051921094e-14
   3.5156250000000000e-02  -6.7331880339399108e-01  -6.7331880339404615e-01   5.5067062021407764e-14
   4.2968750000000000e-02  -6.2064823764711796e-01  -6.2064823764715449e-01   3.6526337510167650e-14
   5.0781250000000000e-02  -5.6671983070892962e-01  -5.6671983070898280e-01   5.3179682879544998e-14
   5.8593750000000000e-02  -5.1194933051214397e-01  -5.1194933051223945e-01   9.5479180117763462e-14
   6.6406250000000000e-02  -4.5680750112936569e-01  -4.5680750112947660e-01   1.1091128016005314e-13
   7.4218750000000000e-02  -4.0183403847116483e-01  -4.0183403847127952e-01   1.1468603844377867e-13
   8.2031250000000000e-02  -3.4764624433981745e-01  -3.4764624433994945e-01   1.3200551762793111e-13
   8.9843750000000000e-02  -2.9494141128217694e-01  -2.9494141128233831e-01   1.6137091662926650e-13
   9.7656250000000000e-02  -2.4449227084896458e-01  -2.4449227084916594e-01   2.0136670109138777e-13
   1.0546875000000000e-01  -1.9713530089903586e-01  -1.9713530089926029e-01   2.2443158442797539e-13
   1.1328125000000000e-01  -1.5375214462951961e-01  -1.5375214462976833e-01   2.4871771309165069e-13
   1.2109375000000000e-01  -1.1524483600251868e-01  -1.1524483600279074e-01   2.7206015218439461e-13
   1.2890625000000000e-01  -8.2505925889199347e-02  -8.2505925889474904e-02   2.7555735471196385e-13
   1.3671875000000000e-01  -5.6384936800685903e-02  -5.6384936800952974e-02   2.6707108746748531e-13
   1.4453125000000000e-01  -3.7652822664695551e-02  -3.7652822664953796e-02   2.5824481442171532e-13
   1.5234375000000000e-01  -2.6966260733980146e-02  -2.6966260734223032e-02   2.4288557276541667e-13
   1.6015625000000000e-01  -2.4833648713847356e-02  -2.4833648714066774e-02   2.1941823358240242e-13
   1.6796875000000000e-01  -3.1584621279770207e-02  -3.1584621279960340e-02   1.9013263186096196e-13
   1.7578125000000000e-01  -4.7344742037276150e-02  -4.7344742037427903e-02   1.5175360967845108e-13
   1.8359375000000000e-01  -7.2016780685473944e-02  -7.2016780685610599e-02   1.3665457654354896e-13
   1.9140625000000000e-01  -1.0526966609979151e-01  -1.0526966609989602e-01   1.0451361998065067e-13
   1.9921875000000000e-01  -1.4653583297608219e-01  -1.4653583297614831e-01   6.6113781116428072e-14
   2.0703125000000000e-01  -1.9501727347886189e-01  -1.9501727347890932e-01   4.7434278727109813e-14
   2.1484375000000000e-01  -2.4970018793874207e-01  -2.4970018793875665e-01   1.4571677198205180e-14
   2.2265625000000000e-01  -3.0937772191818291e-01  -3.0937772191817275e-01   1.0158540675320182e-14
   2.3046875000000000e-01  -3.7267990170017978e-01  -3.7267990170015508e-01   2.4702462297909733e-14
   2.3828125000000000e-01  -4.3810955523353301e-01  -4.3810955523349276e-01   4.0245584642661925e-14
   2.4609375000000000e-01  -5.0408274674477360e-01  -5.0408274674471376e-01   5.9841021027295938e-14
   2.5390625000000000e-01  -5.6897207299476393e-01  -5.6897207299467556e-01   8.8373752760162461e-14
   2.6171875000000000e-01  -6.3115107575336926e-01  -6.3115107575325502e-01   1.1424194923392861e-13
   2.6953125000000000e-01  -6.8903802210004728e-01  -6.8903802209990728e-01   1.3999912340523224e-13
   2.7734375000000000e-01  -7.4113739032854564e-01  -7.4113739032837589e-01   1.6975310046518644e-13
   2.8515625000000000e-01  -7.8607756824980857e-01  -7.8607756824960795e-01   2.0061730054976579e-13
   2.9296875000000000e-01  -8.2264351145290060e-01  -8.2264351145267822e-01   2.2237767183241886e-13
   3.0078125000000000e-01  -8.4980340617603112e-01  -8.4980340617581152e-01   2.1960211427085596e-13
   3.0859375000000000e-01  -8.6672871589660616e-01  -8.6672871589639855e-01   2.0761170560490427e-13
   3.1640625000000000e-01  -8.7280734116183967e-01  -8.7280734116165526e-01   1.8440804439023850e-13
   3.2421875000000000e-01  -8.6764996605137090e-01  -8.6764996605121514e-01   1.5576429035490946e-13
   3.3203125000000000e-01  -8.5108997994474800e-01  -8.5108997994461788e-01   1.3011813848606835e-13
   3.3984375000000000e-01  -8.2317762999383048e-01  -8.2317762999373334e-01   9.7144514654701197e-14
   3.4765625000000000e-01  -7.8416926155608069e-01  -7.8416926155603461e-01   4.6074255521943996e-14
   3.5546875000000000e-01  -7.3451262953566632e-01  -7.3451262953565866e-01   7.6605388699135801e-15
   3.6328125000000000e-01  -6.7482930786585382e-01  -6.7482930786588458e-01   3.0753177782116836e-14
   3.7109375000000000e-01  -6.0589518863031311e-01  -6.0589518863039082e-01   7.7715611723760958e-14
   3.7890625000000000e-01  -5.2861995457864319e-01  -5.2861995457874500e-01   1.0180745135812685e-13
   3.8671875000000000e-01  -4.4402624312240224e-01  -4.4402624312253453e-01   1.3228307338408740e-13
   3.9453125000000000e-01  -3.5322901529860878e-01  -3.5322901529875261e-01   1.4382939284018903e-13
   4.0234375000000000e-01  -2.5741542193699679e-01  -2.5741542193713812e-01   1.4133139103478243e-13
   4.1015625000000000e-01  -1.5782524494405803e-01  -1.5782524494421241e-01   1.5437651157412802e-13
   4.1796875000000000e-01  -5.5731806923190713e-02  -5.5731806923343848e-02   1.5313444956532862e-13
   4.2578125000000000e-01   4.7576893021983244e-02   4.7576893021826723e-02   1.5652062979043535e-13
   4.3359375000000000e-01   1.5081713073591765e-01   1.5081713073575062e-01   1.6703305405485480e-13
   4.4140625000000000e-01   2.5272880797851799e-01   2.5272880797834446e-01   1.7352785874891197e-13
   4.4921875000000000e-01   3.5209544051319813e-01   3.5209544051301267e-01   1.8546275626363240e-13
   4.5703125000000000e-01   4.4776487924918834e-01   4.4776487924897268e-01   2.1566082253343666e-13
   4.6484375000000000e-01   5.3867066525646112e-01   5.3867066525621410e-01   2.4702462297909733e-13
   4.7265625000000000e-01   6.2385369036669125e-01   6.2385369036644367e-01   2.4757973449140991e-13
   4.8046875000000000e-01   7.0248359560963425e-01   7.0248359560938334e-01   2.5091040356528538e-13
   4.8828125000000000e-01   7.7387911557137889e-01   7.7387911557110167e-01   2.7722268924890159e-13
   4.9609375000000000e-01   8.3752639323278766e-01   8.3752639323249300e-01   2.9465319073551655e-13
   5.0390625000000000e-01   8.9309416960406585e-01   8.9309416960376997e-01   2.9587443606260422e-13
   5.1171875000000000e-01   9.4044471335474600e-01   9.4044471335444790e-01   2.9809488211185453e-13
   5.1953125000000000e-01   9.7963940895925139e-01   9.7963940895896262e-01   2.8876900870500322e-13
   5.2734375000000000e-01   1.0109380712705356e+00   1.0109380712702722e+00   2.6334490144108713e-13
   5.3515625000000000e-01   1.0347912953757976e+00   1.0347912953755560e+00   2.4158453015843406e-13
   5.4296875000000000e-01   1.0518254706243197e+00   1.0518254706241137e+00   2.0605739337042905e-13
   5.5078125000000000e-01   1.0628204673605661e+00   1.0628204673604111e+00   1.5498713423767185e-13
   5.5859375000000000e-01   1.0686804191186250e+00   1.0686804191185131e+00   1.1191048088221578e-13
   5.6640625000000000e-01   1.0703984432231863e+00   1.0703984432231126e+00   7.3718808835110394e-14
   5.7421875000000000e-01   1.0690165389336597e+00   1.0690165389336366e+00   2.3092638912203256e-14
   5.8203125000000000e-01   1.0655822454880053e+00   1.0655822454880284e+00   2.3092638912203256e-14
   5.8984375000000000e-01   1.0611039069163257e+00   1.0611039069163699e+00   4.4186876380081230e-14
   5.9765625000000000e-01   1.0565065557806521e+00   1.0565065557807085e+00   5.6399329650957952e-14
   6.0546875000000000e-01   1.0525904803067094e+00   1.0525904803067760e+00   6.6613381477509392e-14
   6.1328125000000000e-01   1.0499944727464592e+00   1.0499944727465313e+00   7.2164496600635175e-14
   6.2109375000000000e-01   1.0491655734942658e+00   1.0491655734943508e+00   8.5043083686286991e-14
   6.2890625000000000e-01   1.0503368357148319e+00   1.0503368357149276e+00   9.5701224722688494e-14
   6.3671875000000000e-01   1.0535142564525781e+00   1.0535142564526641e+00   8.5931262105987116e-14
   6.4453125000000000e-01   1.0584735756537098e+00   1.0584735756537684e+00   5.8619775700208265e-14
   6.5234375000000000e-01   1.0647671616144030e+00   1.0647671616144394e+00   3.6415315207705135e-14
   6.6015625000000000e-01   1.0717407095159601e+00   1.0717407095159752e+00   1.5099033134902129e-14
   6.6796875000000000e-01   1.0785590083029333e+00   1.0785590083029253e+00   7.9936057773011271e-15
   6.7578125000000000e-01   1.0842396074430105e+00   1.0842396074429912e+00   1.9317880628477724e-14
   6.8359375000000000e-01   1.0876928623112851e+00   1.0876928623112623e+00   2.2870594307278225e-14
   6.9140625000000000e-01   1.0877665727935082e+00   1.0877665727934853e+00   2.2870594307278225e-14
   6.9921875000000000e-01   1.0832932653967893e+00   1.0832932653967575e+00   3.1752378504279477e-14
   7.0703125000000000e-01   1.0731381088717604e+00   1.0731381088717127e+00   4.7739590058881731e-14
   7.1484375000000000e-01   1.0562454943502244e+00   1.0562454943501731e+00   5.1292303737682232e-14
   7.2265625000000000e-01   1.0316824442736623e+00   1.0316824442736194e+00   4.2854608750531042e-14
   7.3046875000000000e-01   9.9867722576223017e-01   9.9867722576221296e-01   1.7208456881689926e-14
   7.3828125000000000e-01   9.5665181570554314e-01   9.5665181570555913e-01   1.5987211554602254e-14
   7.4609375000000000e-01   9.0524717691030687e-01   9.0524717691035128e-01   4.4408920985006262e-14
   8.7890625000000000e-01  -7.4351401399692219e-01  -7.4351401399663430e-01   2.8788083028530309e-13
   8.8671875000000000e-01  -8.1627333025926130e-01  -8.1627333025895665e-01   3.0464519795714295e-13
   8.9453125000000000e-01  -8.7952221670435859e-01  -8.7952221670404407e-01   3.1452618287630685e-13
   9.0234375000000000e-01  -9.3293412612641802e-01  -9.3293412612610771e-01   3.1030733538273125e-13
   9.1015625000000000e-01  -9.7638402933404855e-01  -9.7638402933373891e-01   3.0964120156795616e-13
   9.1796875000000000e-01  -1.0099369280597288e+00  -1.0099369280594348e+00   2.9398705692074145e-13
   9.2578125000000000e-01  -1.0338301400450818e+00  -1.0338301400448080e+00   2.7378099787256360e-13
   9.3359375000000000e-01  -1.0484503131374165e+00  -1.0484503131371525e+00   2.6401103525586223e-13
   9.4140625000000000e-01  -1.0543063997220627e+00  -1.0543063997218201e+00   2.4269475318305922e-13
   9.4921875000000000e-01  -1.0520000432277576e+00  -1.0520000432275509e+00   2.0672352718520415e-13
   9.5703125000000000e-01  -1.0421949760338827e+00  -1.0421949760337124e+00   1.7030821197749901e-13
   9.6484375000000000e-01  -1.0255870877965108e+00  -1.0255870877963722e+00   1.3855583347321954e-13
   9.7265625000000000e-01  -1.0028767852403777e+00  -1.0028767852402867e+00   9.1038288019262836e-14
   9.8046875000000000e-01  -9.7474512569073279e-01  -9.7474512569068683e-01   4.5963233219481481e-14
   9.8828125000000000e-01  -9.4183497124718363e-01  -9.4183497124716697e-01   1.6653345369377348e-14
   9.9609375000000000e-01  -9.0473809019667595e-01  -9.0473809019669005e-01   1.4099832412739488e-14
   7.5390625000000000e-01   8.4434063702577944e-01   8.4434063702584938e-01   6.9944050551384862e-14
   7.6171875000000000e-01   7.7405499594628102e-01   7.7405499594636640e-01   8.5376150593674538e-14
   7.6953125000000000e-01   6.9475930690318755e-01   6.9475930690328758e-01   1.0003109451872660e-13
   7.7734375000000000e-01   6.0706156906575470e-01   6.0706156906587772e-01   1.2301271112846734e-13
   7.8515625000000000e-01   5.1179382680654761e-01   5.1179382680669427e-01   1.4666046155298318e-13
   7.9296875000000000e-01   4.0999038854002107e-01   4.0999038854018433e-01   1.6325829577112927e-13
   8.0078125000000000e-01   3.0286005546473671e-01   3.0286005546490752e-01   1.7080781233858033e-13
   8.0859375000000000e-01   1.9175338960111935e-01   1.9175338960130692e-01   1.8757218001042020e-13
   8.1640625000000000e-01   7.8126154821561447e-02   7.8126154821754390e-02   1.9294288389204439e-13
   8.2421875000000000e-01  -3.6499861809269327e-02  -3.6499861809085384e-02   1.8394313849867672e-13
   8.3203125000000000e-01  -1.5057739466365433e-01  -1.5057739466345546e-01   1.9886869928598117e-13
   8.3984375000000000e-01  -2.6257433523591717e-01  -2.6257433523569579e-01   2.2137847111025621e-13
   8.4765625000000000e-01  -3.7101318791990773e-01  -3.7101318791966664e-01   2.4108492979735274e-13
   8.5546875000000000e-01  -4.7450810595751725e-01  -4.7450810595726500e-01   2.5224267119483557e-13
   8.6328125000000000e-01  -5.7179832937024822e-01  -5.7179832936998931e-01   2.5890400934258651e-13
   8.7109375000000000e-01  -6.6177694359831640e-01  -6.6177694359804196e-01   2.7444713168733870e-13
