#                  Coord.                Numerical               Analytical                    Error
   3.9062500000000000e-03  -3.2082613466328685e-01  -3.2082613447600677e-01   1.8728008033264132e-10
   1.1718750000000000e-02  -4.1161718070976178e-01  -4.1161718053798529e-01   1.7177648192756578e-10
   1.9531250000000000e-02  -4.9655834339248706e-01  -4.9655834323969428e-01   1.5279277842950023e-10
   2.7343750000000000e-02  -5.7453617316372041e-01  -5.7453617303313320e-01   1.3058720771397248e-10
   3.5156250000000000e-02  -6.4448955628843507e-01  -6.4448955618306325e-01   1.0537182237868592e-10
   4.2968750000000000e-02  -7.0543456557330586e-01  -7.0543456549583050e-01   7.7475359461232074e-11
   5.0781250000000000e-02  -7.5648924171015497e-01  -7.5648924166265485e-01   4.7500114952470085e-11
   5.8593750000000000e-02  -7.9689759283751915e-01  -7.9689759282151285e-01   1.6006307390625807e-11
   6.6406250000000000e-02  -8.2605209218211684e-01  -8.2605209219859788e-01   1.6481038755955524e-11
   7.4218750000000000e-02  -8.4351396078134599e-01  -8.4351396083075070e-01   4.9404702551214541e-11
   8.2031250000000000e-02  -8.4903054335206118e-01  -8.4903054343410844e-01   8.2047257876638469e-11
   8.9843750000000000e-02  -8.4254912056691644e-01  -8.4254912068057941e-01   1.1366296792658659e-10
   9.7656250000000000e-02  -8.2422655164155068e-01  -8.2422655178521631e-01   1.4366563494405682e-10
   1.0546875000000000e-01  -7.9443420934466413e-01  -7.9443420951609933e-01   1.7143519936979601e-10
   1.1328125000000000e-01  -7.5375775774627385e-01  -7.5375775794250299e-01   1.9622914404493486e-10
   1.2109375000000000e-01  -7.0299143333750358e-01  -7.0299143355494342e-01   2.1743984390809601e-10
   1.2890625000000000e-01  -6.4312662376639373e-01  -6.4312662400100251e-01   2.3460877685010928e-10
   1.3671875000000000e-01  -5.7533469501209356e-01  -5.7533469525931724e-01   2.4722368596741262e-10
   1.4453125000000000e-01  -5.0094419512891930e-01  -5.0094419538368551e-01   2.5476620812980855e-10
   1.5234375000000000e-01  -4.2141275638533865e-01  -4.2141275664222733e-01   2.5688867699713569e-10
   1.6015625000000000e-01  -3.3829422127322728e-01  -3.3829422152665611e-01   2.5342883347434508e-10
   1.6796875000000000e-01  -2.5320172322307716e-01  -2.5320172346737296e-01   2.4429580580687116e-10
   1.7578125000000000e-01  -1.6776765032456775e-01  -1.6776765055410148e-01   2.2953372535994276e-10
   1.8359375000000000e-01  -8.3601599550723896e-02  -8.3601599760045039e-02   2.0932114375149524e-10
   1.9140625000000000e-01  -2.2475794660498484e-03  -2.2475796501136552e-03   1.8406380673102740e-10
   1.9921875000000000e-01   7.4858168672797737e-02   7.4858168518516621e-02   1.5428111566073710e-10
   2.0703125000000000e-01   1.4642729671793189e-01   1.4642729659722106e-01   1.2071083022036078e-10
   2.1484375000000000e-01   2.1135597671720335e-01   2.1135597663301517e-01   8.4188184201750005e-11
   2.2265625000000000e-01   2.6875663115046838e-01   2.6875663110474557e-01   4.5722814423498903e-11
   2.3046875000000000e-01   3.1798347598476634e-01   3.1798347597843674e-01   6.3296035079929425e-12
   2.3828125000000000e-01   3.5865075356284226e-01   3.5865075359576293e-01   3.2920666193092529e-11
   2.4609375000000000e-01   3.9064275565472151e-01   3.9064275572564222e-01   7.0920713746147612e-11
   2.5390625000000000e-01   4.1411501000823059e-01   4.1411501011475882e-01   1.0652823068113548e-10
   2.6171875000000000e-01   4.2948631759785633e-01   4.2948631773660678e-01   1.3875045556943633e-10
   2.6953125000000000e-01   4.3742167134795074e-01   4.3742167151467110e-01   1.6672035973996913e-10
   2.7734375000000000e-01   4.3880644727501067e-01   4.3880644746460840e-01   1.8959772640769756e-10
   2.8515625000000000e-01   4.3471262106781833e-01   4.3471262127464266e-01   2.0682433543584011e-10
   2.9296875000000000e-01   4.2635811135589863e-01   4.2635811157387588e-01   2.1797724736316582e-10
   3.0078125000000000e-01   4.1506066909075839e-01   4.1506066931358099e-01   2.2282259370953739e-10
   3.0859375000000000e-01   4.0218800458638176e-01   4.0218800480776262e-01   2.2138085808975916e-10
   3.1640625000000000e-01   3.8910605482010113e-01   3.8910605503390416e-01   2.1380303083518015e-10
   3.2421875000000000e-01   3.7712743035744128e-01   3.7712743055791043e-01   2.0046914128712956e-10
   3.3203125000000000e-01   3.6746213313021309e-01   3.6746213331221644e-01   1.8200335683005164e-10
   3.3984375000000000e-01   3.6117259606242141e-01   3.6117259622164666e-01   1.5922524410072469e-10
   3.4765625000000000e-01   3.5913496009711648e-01   3.5913496023015851e-01   1.3304202184372116e-10
   3.5546875000000000e-01   3.6200827504868577e-01   3.6200827515308853e-01   1.0440276421164185e-10
   3.6328125000000000e-01   3.7021299435007754e-01   3.7021299442447336e-01   7.4395822835526815e-11
   3.7109375000000000e-01   3.8391974163276787e-01   3.8391974167696646e-01   4.4198589232991026e-11
   3.7890625000000000e-01   4.0304887534732520e-01   4.0304887536226214e-01   1.4936940573306856e-11
   3.8671875000000000e-01   4.2728088664579866e-01   4.2728088663339003e-01   1.2408629679327987e-11
   3.9453125000000000e-01   4.5607715912417829e-01   4.5607715908729424e-01   3.6884051368701876e-11
   4.0234375000000000e-01   4.8871012250772533e-01   4.8871012245008011e-01   5.7645221929192303e-11
   4.1015625000000000e-01   5.2430137244703290e-01   5.2430137237294938e-01   7.4083517098699758e-11
   4.1796875000000000e-01   5.6186593100254989e-01   5.6186593091666104e-01   8.5888851586446435e-11
   4.2578125000000000e-01   6.0036051051066341e-01   6.0036051041775818e-01   9.2905239057472500e-11
   4.3359375000000000e-01   6.3873343685714490e-01   6.3873343676201677e-01   9.5128127597376988e-11
   4.4140625000000000e-01   6.7597380100436133e-01   6.7597380091155723e-01   9.2804097739929148e-11
   4.4921875000000000e-01   7.1115744783490131e-01   7.1115744774853540e-01   8.6365914420127865e-11
   4.5703125000000000e-01   7.4348757974780799e-01   7.4348757967121437e-01   7.6593620335074775e-11
   4.6484375000000000e-01   7.7232804222545437e-01   7.7232804216118267e-01   6.4271699073970012e-11
   4.7265625000000000e-01   7.9722775561409420e-01   7.9722775556385461e-01   5.0239590265732659e-11
   4.8046875000000000e-01   8.1793524062438161e-01   8.1793524058899802e-01   3.5383584950920977e-11
   4.8828125000000000e-01   8.3440272777211633e-01   8.3440272775141910e-01   2.0697221714272018e-11
   4.9609375000000000e-01   8.4677991205240788e-01   8.4677991204532366e-01   7.0842220978306614e-12
   5.0390625000000000e-01   8.5539798001002942e-01   8.5539798001470335e-01   4.6739279113694465e-12
   5.1171875000000000e-01   8.6074506308720478e-01   8.6074506310127519e-01   1.4070411502586921e-11
   5.1953125000000000e-01   8.6343472655889786e-01   8.6343472657946274e-01   2.0564883129736700e-11
   5.2734375000000000e-01   8.6416945934436018e-01   8.6416945936829470e-01   2.3934521031776512e-11
   5.3515625000000000e-01   8.6370136430868449e-01   8.6370136433269096e-01   2.4006463483772222e-11
   5.4296875000000000e-01   8.6279234673106830e-01   8.6279234675202110e-01   2.0952795054540729e-11
   5.5078125000000000e-01   8.6217605457955060e-01   8.6217605459466784e-01   1.5117240792505982e-11
   5.5859375000000000e-01   8.6252364161113204e-01   8.6252364161806072e-01   6.9286798520806769e-12
   5.6640625000000000e-01   8.6441511592213915e-01   8.6441511591905607e-01   3.0830893393840597e-12
   5.7421875000000000e-01   8.6831762378169841e-01   8.6831762376735699e-01   1.4341416942897922e-11
   5.8203125000000000e-01   8.7457152994880771e-01   8.7457152992271303e-01   2.6094681970789679e-11
   5.8984375000000000e-01   8.8338462500365900e-01   8.8338462496594927e-01   3.7709724232115605e-11
   5.9765625000000000e-01   8.9483425418941065e-01   8.9483425414081874e-01   4.8591908274886464e-11
   6.0546875000000000e-01   9.0887665776024851e-01   9.0887665770193049e-01   5.8318017082115148e-11
   6.1328125000000000e-01   9.2536237428429591e-01   9.2536237421781364e-01   6.6482264138301161e-11
   6.2109375000000000e-01   9.4405621512701565e-01   9.4405621505420734e-01   7.2808314932615303e-11
   6.2890625000000000e-01   9.6466009255389984e-01   9.6466009247674567e-01   7.7154171940208016e-11
   6.3671875000000000e-01   9.8683688871753428e-01   9.8683688863796803e-01   7.9566242483508631e-11
   6.4453125000000000e-01   1.0102335914812490e+00   1.0102335914010032e+00   8.0245809996881690e-11
   6.5234375000000000e-01   1.0345020886884606e+00   1.0345020886090031e+00   7.9457551649397828e-11
   6.6015625000000000e-01   1.0593162886836589e+00   1.0593162886061707e+00   7.7488238048317726e-11
   6.6796875000000000e-01   1.0843845970269874e+00   1.0843845969522901e+00   7.4697359409015007e-11
   6.7578125000000000e-01   1.1094571966967461e+00   1.1094571966252209e+00   7.1525230183056010e-11
   6.8359375000000000e-01   1.1343280173422432e+00   1.1343280172738219e+00   6.8421268650808997e-11
   6.9140625000000000e-01   1.1588317032923934e+00   1.1588317032267108e+00   6.5682570493663661e-11
   6.9921875000000000e-01   1.1828362671578319e+00   1.1828362670942667e+00   6.3565153141098563e-11
   7.0703125000000000e-01   1.2062324179395114e+00   1.2062324178772246e+00   6.2286842350545157e-11
   7.1484375000000000e-01   1.2289207586256321e+00   1.2289207585636273e+00   6.2004845702290368e-11
   7.2265625000000000e-01   1.2507981460818338e+00   1.2507981460191577e+00   6.2676086542978737e-11
   7.3046875000000000e-01   1.2717444929204724e+00   1.2717444928563575e+00   6.4114935582892940e-11
   7.3828125000000000e-01   1.2916111738066955e+00   1.2916111737405982e+00   6.6097349815663620e-11
   7.4609375000000000e-01   1.3102119928088289e+00   1.3102119927404330e+00   6.8395955565847544e-11
   8.7890625000000000e-01   1.1117305341868375e+00   1.1117305342599133e+00   7.3075767659247504e-11
   8.8671875000000000e-01   1.0523119485030146e+00   1.0523119485933317e+00   9.0317087142466335e-11
   8.9453125000000000e-01   9.8686584740560213e-01   9.8686584751282735e-01   1.0722522869599516e-10
   9.0234375000000000e-01   9.1557228366603816e-01   9.1557228378967248e-01   1.2363432499995497e-10
   9.1015625000000000e-01   8.3868185722037969e-01   8.3868185735977074e-01   1.3939105425464504e-10
   9.1796875000000000e-01   7.5651911025374330e-01   7.5651911040802755e-01   1.5428425204078167e-10
   9.2578125000000000e-01   6.6948620567590422e-01   6.6948620584401330e-01   1.6810908221032150e-10
   9.3359375000000000e-01   5.7806653675774333e-01   5.7806653693832810e-01   1.8058476936033685e-10
   9.4140625000000000e-01   4.8282781068194058e-01   4.8282781087342458e-01   1.9148399532653571e-10
   9.4921875000000000e-01   3.8442408563993985e-01   3.8442408584052473e-01   2.0058488203744673e-10
   9.5703125000000000e-01   2.8359622484237529e-01   2.8359622504991588e-01   2.0754059582017703e-10
   9.6484375000000000e-01   1.8117026158686109e-01   1.8117026179886839e-01   2.1200730060400019e-10
   9.7265625000000000e-01   7.8053243154034890e-02   7.8053243367663352e-02   2.1362846214234565e-10
   9.8046875000000000e-01  -2.4773769936624172e-02  -2.4773769724490455e-02   2.1213371684258853e-10
   9.8828125000000000e-01  -1.2626573897291726e-01  -1.2626573876553776e-01   2.0737950245930392e-10
   9.9609375000000000e-01  -2.2532675837232111e-01  -2.2532675817318845e-01   1.9913265481008580e-10
   7.5390625000000000e-01   1.3273173964435536e+00   1.3273173963728133e+00   7.0740302504646024e-11
   7.6171875000000000e-01   1.3426523063033069e+00   1.3426523062306630e+00   7.2643890902668318e-11
   7.6953125000000000e-01   1.3558976250413153e+00   1.3558976249676331e+00   7.3682171475297764e-11
   7.7734375000000000e-01   1.3666951688785085e+00   1.3666951688049622e+00   7.3546280177083645e-11
   7.8515625000000000e-01   1.3746555242866543e+00   1.3746555242146388e+00   7.2015504670730479e-11
   7.9296875000000000e-01   1.3793681361831909e+00   1.3793681361144505e+00   6.8740346748086267e-11
   8.0078125000000000e-01   1.3804128227544752e+00   1.3804128226909322e+00   6.3542948680606059e-11
   8.0859375000000000e-01   1.3773718827093120e+00   1.3773718826528931e+00   5.6418869576191355e-11
   8.1640625000000000e-01   1.3698420109433926e+00   1.3698420108960010e+00   4.7391646162964207e-11
   8.2421875000000000e-01   1.3574453573403065e+00   1.3574453573038130e+00   3.6493474908638746e-11
   8.3203125000000000e-01   1.3398392337240550e+00   1.3398392337001863e+00   2.3868684806416240e-11
   8.3984375000000000e-01   1.3167241746709855e+00   1.3167241746611862e+00   9.7992725045514817e-12
   8.4765625000000000e-01   1.2878502660383735e+00   1.2878502660438260e+00   5.4525273185390688e-12
   8.5546875000000000e-01   1.2530218483221349e+00   1.2530218483437632e+00   2.1628254742722675e-11
   8.6328125000000000e-01   1.2121008608061590e+00   1.2121008608446575e+00   3.8498537691111778e-11
   8.7109375000000000e-01   1.1650092020946341e+00   1.1650092021503720e+00   5.5737858772886284e-11
