#                  Coord.                Numerical               Analytical                    Error
   3.9062500000000000e-03  -1.8090753853259631e-01  -1.8090753849695049e-01   3.5645819629337439e-11
   1.1718750000000000e-02  -1.0887654019239208e-01  -1.0887654015584068e-01   3.6551400794948563e-11
   1.9531250000000000e-02  -3.4322542494245337e-02  -3.4322542457928221e-02   3.6317115981177039e-11
   2.7343750000000000e-02   4.0845887398351204e-02   4.0845887433291116e-02   3.4939912074705148e-11
   3.5156250000000000e-02   1.1468694850543538e-01   1.1468694853789081e-01   3.2455427234623357e-11
   4.2968750000000000e-02   1.8527910615424961e-01   1.8527910618319490e-01   2.8945290608817231e-11
   5.0781250000000000e-02   2.5077290521096174e-01   2.5077290523544155e-01   2.4479807070321158e-11
   5.8593750000000000e-02   3.0943950591084629e-01   3.0943950593002512e-01   1.9178825194643423e-11
   6.6406250000000000e-02   3.5971454436946598e-01   3.5971454438263950e-01   1.3173517832143489e-11
   7.4218750000000000e-02   4.0023615225420062e-01   4.0023615226087100e-01   6.6703864654016343e-12
   8.2031250000000000e-02   4.2987623039970924e-01   4.2987623039955619e-01   1.5304424394457783e-13
   8.9843750000000000e-02   4.4776434704701729e-01   4.4776434703992174e-01   7.0955463726818380e-12
   9.7656250000000000e-02   4.5330391067638526e-01   4.5330391066235654e-01   1.4028722628012247e-11
   1.0546875000000000e-01   4.4618053853764522e-01   4.4618053851689909e-01   2.0746127038506756e-11
   1.1328125000000000e-01   4.2636279457174048e-01   4.2636279454469006e-01   2.7050417461538245e-11
   1.2109375000000000e-01   3.9409569570619801e-01   3.9409569567336222e-01   3.2835789642859936e-11
   1.2890625000000000e-01   3.4988757676575566e-01   3.4988757672781690e-01   3.7938763242095774e-11
   1.3671875000000000e-01   2.9449105704194956e-01   2.9449105699963979e-01   4.2309766801196247e-11
   1.4453125000000000e-01   2.2887896392160131e-01   2.2887896387573808e-01   4.5863229880538370e-11
   1.5234375000000000e-01   1.5421614129432365e-01   1.5421614124582295e-01   4.8500703453413507e-11
   1.6015625000000000e-01   7.1828105317209956e-02   7.1828105266997302e-02   5.0212653479597691e-11
   1.6796875000000000e-01  -1.6832488147878417e-02  -1.6832488198883857e-02   5.1005439455353851e-11
   1.7578125000000000e-01  -1.1022062593649097e-01  -1.1022062598740265e-01   5.0911677651477305e-11
   1.8359375000000000e-01  -2.0673407860407358e-01  -2.0673407865398283e-01   4.9909243404755443e-11
   1.9140625000000000e-01  -3.0474807153310240e-01  -3.0474807158115080e-01   4.8048398593181219e-11
   1.9921875000000000e-01  -4.0264873037434562e-01  -4.0264873041979715e-01   4.5451531427431746e-11
   2.0703125000000000e-01  -4.9886462384103153e-01  -4.9886462388322811e-01   4.2196579563835712e-11
   2.1484375000000000e-01  -5.9189580899233607e-01  -5.9189580903069028e-01   3.8354208697910508e-11
   2.2265625000000000e-01  -6.8033986850347306e-01  -6.8033986853749218e-01   3.4019120853656659e-11
   2.3046875000000000e-01  -7.6291451624605977e-01  -7.6291451627537832e-01   2.9318547589696209e-11
   2.3828125000000000e-01  -8.3847643792232951e-01  -8.3847643794673310e-01   2.4403590259680641e-11
   2.4609375000000000e-01  -9.0603612895572150e-01  -9.0603612897513586e-01   1.9414359009317650e-11
   2.5390625000000000e-01  -9.6476859343267551e-01  -9.6476859344704247e-01   1.4366952072464301e-11
   2.6171875000000000e-01  -1.0140198757262855e+00  -1.0140198757356875e+00   9.4020347063406007e-12
   2.6953125000000000e-01  -1.0533095091268547e+00  -1.0533095091315083e+00   4.6536108300188062e-12
   2.7734375000000000e-01  -1.0823290802019718e+00  -1.0823290802021825e+00   2.1072033007385471e-13
   2.8515625000000000e-01  -1.1009372188004796e+00  -1.1009372187965467e+00   3.9328540424321545e-12
   2.9296875000000000e-01  -1.1091514252643560e+00  -1.1091514252566244e+00   7.7315931434895901e-12
   3.0078125000000000e-01  -1.1071372313895602e+00  -1.1071372313784491e+00   1.1111112030448567e-11
   3.0859375000000000e-01  -1.0951952529127627e+00  -1.0951952528987272e+00   1.4035439477311229e-11
   3.1640625000000000e-01  -1.0737467227723132e+00  -1.0737467227557322e+00   1.6580958828171788e-11
   3.2421875000000000e-01  -1.0433180920935134e+00  -1.0433180920747251e+00   1.8788304245731524e-11
   3.3203125000000000e-01  -1.0045252486080873e+00  -1.0045252485874703e+00   2.0617063611894082e-11
   3.3984375000000000e-01  -9.5805783223209617e-01  -9.5805783220997920e-01   2.2116974918162668e-11
   3.4765625000000000e-01  -9.0466403050611710e-01  -9.0466403048276278e-01   2.3354318479107405e-11
   3.5546875000000000e-01  -8.4513612146996120e-01  -8.4513612144561967e-01   2.4341528792604095e-11
   3.6328125000000000e-01  -7.8029690969260046e-01  -7.8029690966754395e-01   2.5056512420462695e-11
   3.7109375000000000e-01  -7.1098708533641608e-01  -7.1098708531089971e-01   2.5516366797262435e-11
   3.7890625000000000e-01  -6.3805343897671019e-01  -6.3805343895096867e-01   2.5741520026656417e-11
   3.8671875000000000e-01  -5.6233779752754154e-01  -5.6233779750183677e-01   2.5704771644541324e-11
   3.9453125000000000e-01  -4.8466651714791992e-01  -4.8466651712254977e-01   2.5370150424919302e-11
   4.0234375000000000e-01  -4.0584038134889727e-01  -4.0584038132414979e-01   2.4747481841558283e-11
   4.1015625000000000e-01  -3.2662480569631536e-01  -3.2662480567248342e-01   2.3831936424301148e-11
   4.1796875000000000e-01  -2.4774033837672460e-01  -2.4774033835406711e-01   2.2657486997701426e-11
   4.2578125000000000e-01  -1.6985355759654869e-01  -1.6985355757532108e-01   2.1227603008711071e-11
   4.3359375000000000e-01  -9.3568587694906641e-02  -9.3568587675325207e-02   1.9581433696735928e-11
   4.4140625000000000e-01  -1.9419569085428905e-02  -1.9419569067724698e-02   1.7704206156654578e-11
   4.4921875000000000e-01   5.2135494593294029e-02   5.2135494608955106e-02   1.5661076602224711e-11
   4.5703125000000000e-01   1.2071904114190243e-01   1.2071904115543214e-01   1.3529705134018855e-11
   4.6484375000000000e-01   1.8603594052426095e-01   1.8603594053571471e-01   1.1453754611423506e-11
   4.7265625000000000e-01   2.4787277089495735e-01   2.4787277090444026e-01   9.4829144536845433e-12
   4.8046875000000000e-01   3.0609410454998776e-01   3.0609410455762137e-01   7.6336159615664201e-12
   4.8828125000000000e-01   3.6063570790919108e-01   3.6063570791514782e-01   5.9567351051725836e-12
   4.9609375000000000e-01   4.1149478032668657e-01   4.1149478033121084e-01   4.5242698476499754e-12
   5.0390625000000000e-01   4.5871759980874888e-01   4.5871759981218874e-01   3.4398595083473538e-12
   5.1171875000000000e-01   5.0238518692402623e-01   5.0238518692664047e-01   2.6142421560848561e-12
   5.1953125000000000e-01   5.4259781671002549e-01   5.4259781671203089e-01   2.0053958493804203e-12
   5.2734375000000000e-01   5.7945937810944670e-01   5.7945937811108905e-01   1.6423529203279941e-12
   5.3515625000000000e-01   6.1306268030550859e-01   6.1306268030694722e-01   1.4386269953092778e-12
   5.4296875000000000e-01   6.4347681947043811e-01   6.4347681947178803e-01   1.3499201756417278e-12
   5.5078125000000000e-01   6.7073763926141217e-01   6.7073763926271091e-01   1.2987388942065081e-12
   5.5859375000000000e-01   6.9484214364090724e-01   6.9484214364210750e-01   1.2002621119222567e-12
   5.6640625000000000e-01   7.1574745983918542e-01   7.1574745984012655e-01   9.4113605797474520e-13
   5.7421875000000000e-01   7.3337461951713911e-01   7.3337461951764771e-01   5.0859316758078421e-13
   5.8203125000000000e-01   7.4761705163912495e-01   7.4761705163895531e-01   1.6964207816272392e-13
   5.8984375000000000e-01   7.5835329071569113e-01   7.5835329071460467e-01   1.0864642518981782e-12
   5.9765625000000000e-01   7.6546303121722326e-01   7.6546303121498183e-01   2.2414292644157285e-12
   6.0546875000000000e-01   7.6884533538574840e-01   7.6884533538213795e-01   3.6104452760810091e-12
   6.1328125000000000e-01   7.6843755683434434e-01   7.6843755682923398e-01   5.1103565823495956e-12
   6.2109375000000000e-01   7.6423340016729002e-01   7.6423340016066477e-01   6.6252558994506217e-12
   6.2890625000000000e-01   7.5629851360979217e-01   7.5629851360168887e-01   8.1032958121340926e-12
   6.3671875000000000e-01   7.4478211425222018e-01   7.4478211424279739e-01   9.4227958769010911e-12
   6.4453125000000000e-01   7.2992337086780767e-01   7.2992337085733960e-01   1.0468070854585676e-11
   6.5234375000000000e-01   7.1205160422965308e-01   7.1205160421850766e-01   1.1145417921909484e-11
   6.6015625000000000e-01   6.9157978721613511e-01   6.9157978720484048e-01   1.1294631896419105e-11
   6.6796875000000000e-01   6.6899130711680010e-01   6.6899130710587729e-01   1.0922818205472140e-11
   6.7578125000000000e-01   6.4482045566113133e-01   6.4482045565108204e-01   1.0049294729697067e-11
   6.8359375000000000e-01   6.1962760119314775e-01   6.1962760118449178e-01   8.6559648337924955e-12
   6.9140625000000000e-01   5.9397043536412986e-01   5.9397043535742577e-01   6.7040817341990078e-12
   6.9921875000000000e-01   5.6837304027905255e-01   5.6837304027478530e-01   4.2672532174492517e-12
   7.0703125000000000e-01   5.4329476363557594e-01   5.4329476363410445e-01   1.4714895968381825e-12
   7.1484375000000000e-01   5.1910099940455867e-01   5.1910099940614429e-01   1.5856205237696486e-12
   7.2265625000000000e-01   4.9603793977035787e-01   4.9603793977512017e-01   4.7623016641296090e-12
   7.3046875000000000e-01   4.7421319022286668e-01   4.7421319023075581e-01   7.8891337906838999e-12
   7.3828125000000000e-01   4.5358383375643729e-01   4.5358383376730627e-01   1.0868972388777820e-11
   7.4609375000000000e-01   4.3395311119309288e-01   4.3395311120661778e-01   1.3524903419437351e-11
   8.7890625000000000e-01  -1.9607160370326099e-01  -1.9607160372429747e-01   2.1036478115021850e-11
   8.8671875000000000e-01  -2.5259978393201965e-01  -2.5259978395377347e-01   2.1753820966807780e-11
   8.9453125000000000e-01  -3.0614682285634776e-01  -3.0614682287778577e-01   2.1438018027453154e-11
   9.0234375000000000e-01  -3.5523628320883566e-01  -3.5523628322891709e-01   2.0081436513663675e-11
   9.1015625000000000e-01  -3.9842416995883639e-01  -3.9842416997652497e-01   1.7688572828689075e-11
   9.1796875000000000e-01  -4.3435512153205463e-01  -4.3435512154636158e-01   1.4306944517983311e-11
   9.2578125000000000e-01  -4.6181640238629751e-01  -4.6181640239639504e-01   1.0097533920117030e-11
   9.3359375000000000e-01  -4.7978745045157106e-01  -4.7978745045679932e-01   5.2282622675647872e-12
   9.4140625000000000e-01  -4.8748296169620781e-01  -4.8748296169607669e-01   1.3111733920823099e-13
   9.4921875000000000e-01  -4.8438780651203500e-01  -4.8438780650622770e-01   5.8072990860580376e-12
   9.5703125000000000e-01  -4.7028245010815600e-01  -4.7028245009662206e-01   1.1533940469377058e-11
   9.6484375000000000e-01  -4.4525797096628617e-01  -4.4525797094924052e-01   1.7045642675128647e-11
   9.7265625000000000e-01  -4.0972021608257742e-01  -4.0972021606038528e-01   2.2192137016929792e-11
   9.8046875000000000e-01  -3.6438307796095137e-01  -3.6438307793409758e-01   2.6853796963877130e-11
   9.8828125000000000e-01  -3.1025130624704544e-01  -3.1025130621629737e-01   3.0748070756203560e-11
   9.9609375000000000e-01  -2.4859365884154733e-01  -2.4859365880786274e-01   3.3684582900761484e-11
   7.5390625000000000e-01   4.1497637958969352e-01   4.1497637960539430e-01   1.5700774014248964e-11
   7.6171875000000000e-01   3.9617645216202174e-01   3.9617645217926878e-01   1.7247037131795651e-11
   7.6953125000000000e-01   3.7696784722907456e-01   3.7696784724718391e-01   1.8109347355022010e-11
   7.7734375000000000e-01   3.5668891729925045e-01   3.5668891731746022e-01   1.8209767027599355e-11
   7.8515625000000000e-01   3.3464032789829989e-01   3.3464032791579174e-01   1.7491841308725498e-11
   7.9296875000000000e-01   3.1012794043337422e-01   3.1012794044935343e-01   1.5979217948824953e-11
   8.0078125000000000e-01   2.8250784971736392e-01   2.8250784973106291e-01   1.3698986389698575e-11
   8.0859375000000000e-01   2.5123115273106233e-01   2.5123115274177793e-01   1.0715595077925855e-11
   8.1640625000000000e-01   2.1588599038553719e-01   2.1588599039266718e-01   7.1299910420208334e-12
   8.2421875000000000e-01   1.7623450933420215e-01   1.7623450933730223e-01   3.1000757516608246e-12
   8.3203125000000000e-01   1.3224262863790362e-01   1.3224262863676164e-01   1.1419754031294360e-12
   8.3984375000000000e-01   8.4100850928054541e-02   8.4100850922617612e-02   5.4369286850430854e-12
   8.4765625000000000e-01   3.2234807746445805e-02   3.2234807736827693e-02   9.6181118625082718e-12
   8.5546875000000000e-01  -2.2695252873106902e-02  -2.2695252886595157e-02   1.3488255651283865e-11
   8.6328125000000000e-01  -7.9806271751744665e-02  -7.9806271768519552e-02   1.6774887034998187e-11
   8.7109375000000000e-01  -1.3801514807219084e-01  -1.3801514809153062e-01   1.9339779777638455e-11
