#                  Coord.                Numerical               Analytical                    Error
   3.9062500000000000e-03  -7.2131980457584718e-02  -7.2131980460020659e-02   2.4359403383300560e-12
   1.1718750000000000e-02  -6.6047532653060792e-02  -6.6047532657827326e-02   4.7665343894109924e-12
   1.9531250000000000e-02  -5.4403936360631247e-02  -5.4403936367846885e-02   7.2156378094767604e-12
   2.7343750000000000e-02  -3.7756465650168144e-02  -3.7756465659775577e-02   9.6074329047901585e-12
   3.5156250000000000e-02  -1.6895642771380032e-02  -1.6895642783198217e-02   1.1818185319256713e-11
   4.2968750000000000e-02   7.1700915357309422e-03   7.1700915220005183e-03   1.3730423915891965e-11
   5.0781250000000000e-02   3.3243372577946732e-02   3.3243372562866746e-02   1.5079985871135904e-11
   5.8593750000000000e-02   5.9977600182728158e-02   5.9977600166996832e-02   1.5731325964107867e-11
   6.6406250000000000e-02   8.5925741057630289e-02   8.5925741042030102e-02   1.5600187808217925e-11
   7.4218750000000000e-02   1.0959614096703409e-01   1.0959614095236866e-01   1.4665421654846966e-11
   8.2031250000000000e-02   1.2951283472463992e-01   1.2951283471179165e-01   1.2848277997079549e-11
   8.9843750000000000e-02   1.4427757316604292e-01   1.4427757315592260e-01   1.0120321247697461e-11
   9.7656250000000000e-02   1.5263067036668740e-01   1.5263067036013697e-01   6.5504268675908861e-12
   1.0546875000000000e-01   1.5350781550577208e-01   1.5350781550346154e-01   2.3105406476986445e-12
   1.1328125000000000e-01   1.4609018643743574e-01   1.4609018643993807e-01   2.5023316752026403e-12
   1.2109375000000000e-01   1.2984553186036035e-01   1.2984553186811010e-01   7.7497452899422115e-12
   1.2890625000000000e-01   1.0455833407247976e-01   1.0455833408565941e-01   1.3179651814354543e-11
   1.3671875000000000e-01   7.0347696926885597e-02   7.0347696945416913e-02   1.8531315371106416e-11
   1.4453125000000000e-01   2.7672192192323780e-02   2.7672192215945239e-02   2.3621458955513930e-11
   1.5234375000000000e-01  -2.2678491245926601e-02  -2.2678491217655816e-02   2.8270785018547073e-11
   1.6015625000000000e-01  -7.9604650000104360e-02  -7.9604649967819435e-02   3.2284924733616549e-11
   1.6796875000000000e-01  -1.4172941539189562e-01  -1.4172941535641198e-01   3.5483643801015319e-11
   1.7578125000000000e-01  -2.0744185202059659e-01  -2.0744185198282025e-01   3.7776337613593114e-11
   1.8359375000000000e-01  -2.7494840589968911e-01  -2.7494840586066316e-01   3.9025949138959959e-11
   1.9140625000000000e-01  -3.4233050486982680e-01  -3.4233050483059391e-01   3.9232894710750088e-11
   1.9921875000000000e-01  -4.0760593058693662e-01  -4.0760593054856442e-01   3.8372194310909435e-11
   2.0703125000000000e-01  -4.6879151458194757e-01  -4.6879151454546275e-01   3.6484815169046669e-11
   2.1484375000000000e-01  -5.2396475700883260e-01  -5.2396475697525413e-01   3.3578473335182935e-11
   2.2265625000000000e-01  -5.7132211654508658e-01  -5.7132211651532216e-01   2.9764413156385672e-11
   2.3046875000000000e-01  -6.0923195970493671e-01  -6.0923195967975019e-01   2.5186519536646301e-11
   2.3828125000000000e-01  -6.3628047031954837e-01  -6.3628047029956791e-01   1.9980461729574017e-11
   2.4609375000000000e-01  -6.5130918560910589e-01  -6.5130918559486406e-01   1.4241829937589046e-11
   2.5390625000000000e-01  -6.5344322354248763e-01  -6.5344322353437956e-01   8.1080697711399807e-12
   2.6171875000000000e-01  -6.4210967658221918e-01  -6.4210967658046492e-01   1.7542634012102098e-12
   2.6953125000000000e-01  -6.1704605012472780e-01  -6.1704605012936342e-01   4.6356252170198786e-12
   2.7734375000000000e-01  -5.7829900267302026e-01  -5.7829900268396650e-01   1.0946243911291731e-11
   2.8515625000000000e-01  -5.2621398443511846e-01  -5.2621398445213285e-01   1.7014389896985449e-11
   2.9296875000000000e-01  -4.6141666021516653e-01  -4.6141666023786571e-01   2.2699175872276101e-11
   3.0078125000000000e-01  -3.8478723317108243e-01  -3.8478723319901947e-01   2.7937041569003895e-11
   3.0859375000000000e-01  -2.9742895373734629e-01  -2.9742895376997497e-01   3.2628677537616113e-11
   3.1640625000000000e-01  -2.0063220156293748e-01  -2.0063220159951831e-01   3.6580821705101130e-11
   3.2421875000000000e-01  -9.5835569531558196e-02  -9.5835569571293383e-02   3.9735187362666124e-11
   3.3203125000000000e-01   1.5414637747510370e-02   1.5414637705405267e-02   4.2105102390777027e-11
   3.3984375000000000e-01   1.3150514662768223e-01   1.3150514658399087e-01   4.3691356088615407e-11
   3.4765625000000000e-01   2.5079546525344465e-01   2.5079546520897444e-01   4.4470205295965570e-11
   3.5546875000000000e-01   3.7165555500492076e-01   3.7165555496048863e-01   4.4432124646220927e-11
   3.6328125000000000e-01   4.9250050523251765e-01   4.9250050518885113e-01   4.3666514848439419e-11
   3.7109375000000000e-01   6.1182147935721076e-01   6.1182147931498521e-01   4.2225556384778429e-11
   3.7890625000000000e-01   7.2821239199847365e-01   7.2821239195829024e-01   4.0183412153282916e-11
   3.8671875000000000e-01   8.4039196635054503e-01   8.4039196631293700e-01   3.7608027803059940e-11
   3.9453125000000000e-01   9.4722100141683385e-01   9.4722100138223153e-01   3.4602321008492254e-11
   4.0234375000000000e-01   1.0477148440371939e+00   1.0477148440059216e+00   3.1272318068431559e-11
   4.1015625000000000e-01   1.1410512063672229e+00   1.1410512063395404e+00   2.7682522940608578e-11
   4.1796875000000000e-01   1.2265735924487180e+00   1.2265735924248287e+00   2.3889334954674268e-11
   4.2578125000000000e-01   1.3037906959730636e+00   1.3037906959530272e+00   2.0036416970015125e-11
   4.3359375000000000e-01   1.3723722048102129e+00   1.3723722047940177e+00   1.6195267349417009e-11
   4.4140625000000000e-01   1.4321414970519826e+00   1.4321414970396267e+00   1.2355894085658292e-11
   4.4921875000000000e-01   1.4830657399083709e+00   1.4830657398997436e+00   8.6273210797571664e-12
   4.5703125000000000e-01   1.5252439093164285e+00   1.5252439093114198e+00   5.0086601532939312e-12
   4.6484375000000000e-01   1.5588932376682050e+00   1.5588932376666560e+00   1.5489831639570184e-12
   4.7265625000000000e-01   1.5843345730537302e+00   1.5843345730554388e+00   1.7086332348981159e-12
   4.8046875000000000e-01   1.6019770993237357e+00   1.6019770993284677e+00   4.7319925755573422e-12
   4.8828125000000000e-01   1.6123028253891583e+00   1.6123028253966534e+00   7.4951156392444318e-12
   4.9609375000000000e-01   1.6158512073514946e+00   1.6158512073614846e+00   9.9900088201820836e-12
   5.0390625000000000e-01   1.6132042205710966e+00   1.6132042205833437e+00   1.2247092229245027e-11
   5.1171875000000000e-01   1.6049721522072435e+00   1.6049721522214742e+00   1.4230616685040332e-11
   5.1953125000000000e-01   1.5917803389765899e+00   1.5917803389925025e+00   1.5912604567347444e-11
   5.2734375000000000e-01   1.5742570301317762e+00   1.5742570301491112e+00   1.7335022306497194e-11
   5.3515625000000000e-01   1.5530225117673857e+00   1.5530225117858925e+00   1.8506751686686584e-11
   5.4296875000000000e-01   1.5286795851246404e+00   1.5286795851440036e+00   1.9363177727882430e-11
   5.5078125000000000e-01   1.5018054482810883e+00   1.5018054483009693e+00   1.9880985746567603e-11
   5.5859375000000000e-01   1.4729449875256084e+00   1.4729449875457856e+00   2.0177193249537595e-11
   5.6640625000000000e-01   1.4426054424613255e+00   1.4426054424815815e+00   2.0256019084285981e-11
   5.7421875000000000e-01   1.4112523687841660e+00   1.4112523688042546e+00   2.0088597452172507e-11
   5.8203125000000000e-01   1.3793067867822244e+00   1.3793067868019748e+00   1.9750423518871685e-11
   5.8984375000000000e-01   1.3471433744424568e+00   1.3471433744616830e+00   1.9226176206643686e-11
   5.9765625000000000e-01   1.3150895444050530e+00   1.3150895444236343e+00   1.8581358673941395e-11
   6.0546875000000000e-01   1.2834252364217238e+00   1.2834252364395715e+00   1.7847723299269092e-11
   6.1328125000000000e-01   1.2523832632851502e+00   1.2523832633022229e+00   1.7072787628080732e-11
   6.2109375000000000e-01   1.2221500690379863e+00   1.2221500690542944e+00   1.6308066008718924e-11
   6.2890625000000000e-01   1.1928667926837468e+00   1.1928667926993137e+00   1.5566881117479170e-11
   6.3671875000000000e-01   1.1646305758393007e+00   1.1646305758541471e+00   1.4846346374497443e-11
   6.4453125000000000e-01   1.1374961042270959e+00   1.1374961042412246e+00   1.4128698211379742e-11
   6.5234375000000000e-01   1.1114774245394068e+00   1.1114774245528780e+00   1.3471224136196724e-11
   6.6015625000000000e-01   1.0865501230130958e+00   1.0865501230259464e+00   1.2850609465431262e-11
   6.6796875000000000e-01   1.0626539828836501e+00   1.0626539828959183e+00   1.2268186466712905e-11
   6.7578125000000000e-01   1.0396962483933641e+00   1.0396962484050201e+00   1.1656009490934593e-11
   6.8359375000000000e-01   1.0175556086337993e+00   1.0175556086447832e+00   1.0983880471826524e-11
   6.9140625000000000e-01   9.9608697328102680e-01   9.9608697329127804e-01   1.0251244297876383e-11
   6.9921875000000000e-01   9.7512704559612284e-01   9.7512704560560892e-01   9.4860785893047250e-12
   7.0703125000000000e-01   9.5450061084553062e-01   9.5450061085413840e-01   8.6077811545237637e-12
   7.1484375000000000e-01   9.3402735890517585e-01   9.3402735891281663e-01   7.6407769000752523e-12
   7.2265625000000000e-01   9.1352895941011780e-01   9.1352895941672552e-01   6.6077143756615442e-12
   7.3046875000000000e-01   8.9283601930925960e-01   8.9283601931477408e-01   5.5144777633131525e-12
   7.3828125000000000e-01   8.7179448934294157e-01   8.7179448934729131e-01   4.3497427881789008e-12
   7.4609375000000000e-01   8.5027105978108142e-01   8.5027105978426276e-01   3.1813440770633861e-12
   8.7890625000000000e-01   3.7108299962841973e-01   3.7108299961944480e-01   8.9749319087673030e-12
   8.8671875000000000e-01   3.3502863161466295e-01   3.3502863160638624e-01   8.2767126485805420e-12
   8.9453125000000000e-01   2.9807389807104362e-01   2.9807389806373935e-01   7.3042683013113674e-12
   9.0234375000000000e-01   2.6039347938265123e-01   2.6039347937657403e-01   6.0771943033444131e-12
   9.1015625000000000e-01   2.2225280162577540e-01   2.2225280162112601e-01   4.6493919825252306e-12
   9.1796875000000000e-01   1.8401526240312671e-01   1.8401526240001334e-01   3.1133706723807109e-12
   9.2578125000000000e-01   1.4614346851881080e-01   1.4614346851723498e-01   1.5758228055773316e-12
   9.3359375000000000e-01   1.0919352262835434e-01   1.0919352262826812e-01   8.6222695649951220e-14
   9.4140625000000000e-01   7.3801829863296545e-02   7.3801829864569277e-02   1.2727319198546638e-12
   9.4921875000000000e-01   4.0664402843765365e-02   4.0664402846139390e-02   2.3740245880254918e-12
   9.5703125000000000e-01   1.0509188749921985e-02   1.0509188752985395e-02   3.0634106362725788e-12
   9.6484375000000000e-01  -1.5937514740018189e-02  -1.5937514736668507e-02   3.3496816431721754e-12
   9.7265625000000000e-01  -3.7988987869858076e-02  -3.7988987866669183e-02   3.1888935936308371e-12
   9.8046875000000000e-01  -5.5038376861596329e-02  -5.5038376859112483e-02   2.4838464618426315e-12
   9.8828125000000000e-01  -6.6599054513057879e-02  -6.6599054511798636e-02   1.2592427101054682e-12
   9.9609375000000000e-01  -7.2342605039680805e-02  -7.2342605040083927e-02   4.0312198024139434e-13
   7.5390625000000000e-01   8.2815710585803326e-01   8.2815710586010838e-01   2.0751178553268801e-12
   7.6171875000000000e-01   8.0537081450431669e-01   8.0537081450526138e-01   9.4468877165354570e-13
   7.6953125000000000e-01   7.8185724559879322e-01   7.8185724559856673e-01   2.2648549702353193e-13
   7.7734375000000000e-01   7.5758624651731732e-01   7.5758624651595408e-01   1.3632428519372297e-12
   7.8515625000000000e-01   7.3254833590169677e-01   7.3254833589928214e-01   2.4146240562572530e-12
   7.9296875000000000e-01   7.0674888399206637e-01   7.0674888398865887e-01   3.4074965071795305e-12
   8.0078125000000000e-01   6.8020112168942259e-01   6.8020112168503710e-01   4.3854919695718309e-12
   8.0859375000000000e-01   6.5291868630794059e-01   6.5291868630258987e-01   5.3507198671809419e-12
   8.1640625000000000e-01   6.2490853704161475e-01   6.2490853703537486e-01   6.2398974876032298e-12
   8.2421875000000000e-01   5.9616512894760165e-01   5.9616512894053475e-01   7.0669026186465089e-12
   8.3203125000000000e-01   5.6666670755475568e-01   5.6666670754688320e-01   7.8724804453145225e-12
   8.3984375000000000e-01   5.3637447103644853e-01   5.3637447102791880e-01   8.5297324758926152e-12
   8.4765625000000000e-01   5.0523514559357308e-01   5.0523514558454574e-01   9.0273344355296103e-12
   8.5546875000000000e-01   4.7318724335645712e-01   4.7318724334707624e-01   9.3808849577214914e-12
   8.6328125000000000e-01   4.4017094003977625e-01   4.4017094003023727e-01   9.5389807164281137e-12
   8.7109375000000000e-01   4.0614114794551331e-01   4.0614114793610867e-01   9.4046437304484698e-12
