#                  Coord.                Numerical               Analytical                    Error
   3.9062500000000000e-03   8.2072404736346405e-01   8.2072404735391502e-01   9.5490282348009714e-12
   1.1718750000000000e-02   9.0835700147510012e-01   9.0835700145986464e-01   1.5235479544628561e-11
   1.9531250000000000e-02   9.8655387266225503e-01   9.8655387264127803e-01   2.0976997916477558e-11
   2.7343750000000000e-02   1.0537228723110905e+00   1.0537228722846521e+00   2.6438407019213628e-11
   3.5156250000000000e-02   1.1089859155562647e+00   1.1089859155249095e+00   3.1355140706068596e-11
   4.2968750000000000e-02   1.1521747774952944e+00   1.1521747774599151e+00   3.5379255081124938e-11
   5.0781250000000000e-02   1.1837853709609223e+00   1.1837853709228117e+00   3.8110625766307749e-11
   5.8593750000000000e-02   1.2048955717497756e+00   1.2048955717102898e+00   3.9485748004608467e-11
   6.6406250000000000e-02   1.2170540746519189e+00   1.2170540746124958e+00   3.9423131426019609e-11
   7.4218750000000000e-02   1.2221490782922702e+00   1.2221490782545068e+00   3.7763348004205000e-11
   8.2031250000000000e-02   1.2222661339472800e+00   1.2222661339127896e+00   3.4490410527610038e-11
   8.9843750000000000e-02   1.2195443053708068e+00   1.2195443053410524e+00   2.9754421149164045e-11
   9.7656250000000000e-02   1.2160389974371044e+00   1.2160389974134334e+00   2.3671065108032963e-11
   1.0546875000000000e-01   1.2135985919805172e+00   1.2135985919641725e+00   1.6344703368531555e-11
   1.1328125000000000e-01   1.2137605662816178e+00   1.2137605662733966e+00   8.2212014973492842e-12
   1.2109375000000000e-01   1.2176712348467837e+00   1.2176712348472154e+00   4.3165471197426086e-13
   1.2890625000000000e-01   1.2260317798866980e+00   1.2260317798960274e+00   9.3294261205301154e-12
   1.3671875000000000e-01   1.2390718966820040e+00   1.2390718967000869e+00   1.8082868535884700e-11
   1.4453125000000000e-01   1.2565511963657707e+00   1.2565511963921996e+00   2.6428859101201851e-11
   1.5234375000000000e-01   1.2777874537713705e+00   1.2777874538053668e+00   3.3996361281651843e-11
   1.6015625000000000e-01   1.3017098091300139e+00   1.3017098091705523e+00   4.0538461476558041e-11
   1.6796875000000000e-01   1.3269340759642512e+00   1.3269340760101678e+00   4.5916603852447224e-11
   1.7578125000000000e-01   1.3518563430652197e+00   1.3518563431152144e+00   4.9994675066500349e-11
   1.8359375000000000e-01   1.3747600959043489e+00   1.3747600959570032e+00   5.2654325344292374e-11
   1.9140625000000000e-01   1.3939311789155695e+00   1.3939311789695039e+00   5.3934412491685180e-11
   1.9921875000000000e-01   1.4077741721402739e+00   1.4077741721943668e+00   5.4092952339601652e-11
   2.0703125000000000e-01   1.4149232843522621e+00   1.4149232844054225e+00   5.3160364998916521e-11
   2.1484375000000000e-01   1.4143407888837751e+00   1.4143407889349175e+00   5.1142423629357836e-11
   2.2265625000000000e-01   1.4053964381896966e+00   1.4053964382380959e+00   4.8399284580113999e-11
   2.3046875000000000e-01   1.3879222271881069e+00   1.3879222272332945e+00   4.5187631414478346e-11
   2.3828125000000000e-01   1.3622383063326922e+00   1.3622383063743253e+00   4.1633141378838445e-11
   2.4609375000000000e-01   1.3291476784285792e+00   1.3291476784663767e+00   3.7797542873363454e-11
   2.5390625000000000e-01   1.2898993970921926e+00   1.2898993971260861e+00   3.3893554629571554e-11
   2.6171875000000000e-01   1.2461221331456767e+00   1.2461221331757288e+00   3.0052182964368512e-11
   2.6953125000000000e-01   1.1997319943165474e+00   1.1997319943426896e+00   2.6142199516243636e-11
   2.7734375000000000e-01   1.1528202000880128e+00   1.1528202001100114e+00   2.1998625143737627e-11
   2.8515625000000000e-01   1.1075274975086149e+00   1.1075274975264622e+00   1.7847279210059241e-11
   2.9296875000000000e-01   1.0659129822439790e+00   1.0659129822576121e+00   1.3633094653187072e-11
   3.0078125000000000e-01   1.0298252482862980e+00   1.0298252482954411e+00   9.1431306969980142e-12
   3.0859375000000000e-01   1.0007835661896440e+00   1.0007835661940552e+00   4.4111381214406720e-12
   3.1640625000000000e-01   9.7987615412917928e-01   9.7987615412871787e-01   4.6140868903421506e-13
   3.2421875000000000e-01   9.6768164323960892e-01   9.6768164323408723e-01   5.5216942129732161e-12
   3.3203125000000000e-01   9.6421862908505240e-01   9.6421862907431943e-01   1.0732970068261238e-11
   3.3984375000000000e-01   9.6892680851876989e-01   9.6892680850265300e-01   1.6116885603878472e-11
   3.4765625000000000e-01   9.8068166860349371e-01   9.8068166858192440e-01   2.1569301900115079e-11
   3.5546875000000000e-01   9.9784304867163087e-01   9.9784304864454643e-01   2.7084445797243006e-11
   3.6328125000000000e-01   1.0183361606523706e+00   1.0183361606197678e+00   3.2602809341142347e-11
   3.7109375000000000e-01   1.0397618596757936e+00   1.0397618596377538e+00   3.8039793537336664e-11
   3.7890625000000000e-01   1.0595311640531779e+00   1.0595311640096936e+00   4.3484327250098431e-11
   3.8671875000000000e-01   1.0750173206847939e+00   1.0750173206359024e+00   4.8891557469232794e-11
   3.9453125000000000e-01   1.0837172203007179e+00   1.0837172202466341e+00   5.4083848510799726e-11
   4.0234375000000000e-01   1.0834128302065753e+00   1.0834128301476251e+00   5.8950178072336712e-11
   4.1015625000000000e-01   1.0723226776918746e+00   1.0723226776284422e+00   6.3432370467353394e-11
   4.1796875000000000e-01   1.0492334127870864e+00   1.0492334127197025e+00   6.7383876256599251e-11
   4.2578125000000000e-01   1.0136021890650917e+00   1.0136021889945366e+00   7.0555117304138548e-11
   4.3359375000000000e-01   9.6562204695334319e-01   9.6562204688056941e-01   7.2773786996549461e-11
   4.4140625000000000e-01   9.0624461206057261e-01   9.0624461198669426e-01   7.3878347883749029e-11
   4.4921875000000000e-01   8.3715710210834604e-01   8.3715710203471949e-01   7.3626549301764044e-11
   4.5703125000000000e-01   7.6071367541976487e-01   7.6071367534786771e-01   7.1897154896305437e-11
   4.6484375000000000e-01   6.7982431096101414e-01   6.7982431089238349e-01   6.8630656713253302e-11
   4.7265625000000000e-01   5.9780742430657396e-01   5.9780742424272826e-01   6.3845706499421340e-11
   4.8046875000000000e-01   5.1821504372346161e-01   5.1821504366599680e-01   5.7464810687690715e-11
   4.8828125000000000e-01   4.4464137862789971e-01   4.4464137857830544e-01   4.9594273132669286e-11
   4.9609375000000000e-01   3.8052684704511897e-01   3.8052684700463285e-01   4.0486114460946965e-11
   5.0390625000000000e-01   3.2896999571014485e-01   3.2896999567980273e-01   3.0342117707249372e-11
   5.1171875000000000e-01   2.9255922517646976e-01   2.9255922515709354e-01   1.9376222848421776e-11
   5.1953125000000000e-01   2.7323487161948817e-01   2.7323487161156196e-01   7.9262152397063801e-12
   5.2734375000000000e-01   2.7219010683998024e-01   2.7219010684362921e-01   3.6489700150355020e-12
   5.3515625000000000e-01   2.8981645697672592e-01   2.8981645699166314e-01   1.4937218129063012e-11
   5.4296875000000000e-01   3.2569670243329035e-01   3.2569670245884114e-01   2.5550783711025815e-11
   5.5078125000000000e-01   3.7864472180598197e-01   3.7864472184107528e-01   3.5093317141132729e-11
   5.5859375000000000e-01   4.4678870498152767e-01   4.4678870502481904e-01   4.3291370488418579e-11
   5.6640625000000000e-01   5.2769130494601313e-01   5.2769130499592909e-01   4.9915960254054426e-11
   5.7421875000000000e-01   6.1849792769786494e-01   6.1849792775271040e-01   5.4845461505692583e-11
   5.8203125000000000e-01   7.1610264901685716e-01   7.1610264907485577e-01   5.7998605917930490e-11
   5.8984375000000000e-01   8.1732032663337217e-01   8.1732032669278509e-01   5.9412919029000477e-11
   5.9765625000000000e-01   9.1905342097850773e-01   9.1905342103778798e-01   5.9280247377557771e-11
   6.0546875000000000e-01   1.0184428536240839e+00   1.0184428536819021e+00   5.7818194676428902e-11
   6.1328125000000000e-01   1.1129938511507469e+00   1.1129938512059228e+00   5.5175863877821030e-11
   6.2109375000000000e-01   1.2006699997209112e+00   1.2006699997725689e+00   5.1657789157388834e-11
   6.2890625000000000e-01   1.2799514618498486e+00   1.2799514618975041e+00   4.7655435153615144e-11
   6.3671875000000000e-01   1.3498562235153242e+00   1.3498562235586766e+00   4.3352432754772963e-11
   6.4453125000000000e-01   1.4099260676634409e+00   1.4099260677024390e+00   3.8998138052193099e-11
   6.5234375000000000e-01   1.4601814420976775e+00   1.4601814421323578e+00   3.4680258664820940e-11
   6.6015625000000000e-01   1.5010512842857076e+00   1.5010512843162429e+00   3.0535352024685380e-11
   6.6796875000000000e-01   1.5332850368516979e+00   1.5332850368783901e+00   2.6692204002642939e-11
   6.7578125000000000e-01   1.5578544847383391e+00   1.5578544847614477e+00   2.3108626123757858e-11
   6.8359375000000000e-01   1.5758527185503663e+00   1.5758527185700857e+00   1.9719337274182180e-11
   6.9140625000000000e-01   1.5883966196656649e+00   1.5883966196823343e+00   1.6669332580931950e-11
   6.9921875000000000e-01   1.5965379783501412e+00   1.5965379783640710e+00   1.3929746245366914e-11
   7.0703125000000000e-01   1.6011869329389108e+00   1.6011869329503674e+00   1.1456613435711915e-11
   7.1484375000000000e-01   1.6030500811817250e+00   1.6030500811908617e+00   9.1366914034551883e-12
   7.2265625000000000e-01   1.6025845389437379e+00   1.6025845389506463e+00   6.9084737930324991e-12
   7.3046875000000000e-01   1.5999685024520605e+00   1.5999685024568613e+00   4.8008264030841019e-12
   7.3828125000000000e-01   1.5950885115514319e+00   1.5950885115541888e+00   2.7569058147491887e-12
   7.4609375000000000e-01   1.5875435284365407e+00   1.5875435284372335e+00   6.9277916736609768e-13
   8.7890625000000000e-01   4.2100912208304120e-01   4.2100912206096763e-01   2.2073565197899825e-11
   8.8671875000000000e-01   3.2623166007157667e-01   3.2623166005222098e-01   1.9355683722466210e-11
   8.9453125000000000e-01   2.4408275388382258e-01   2.4408275386762734e-01   1.6195239593841393e-11
   9.0234375000000000e-01   1.7750213303325676e-01   1.7750213302057069e-01   1.2686074413181814e-11
   9.1015625000000000e-01   1.2891012652608752e-01   1.2891012651715392e-01   8.9336038566756315e-12
   9.1796875000000000e-01   1.0006236689424759e-01   1.0006236688918856e-01   5.0590365230362977e-12
   9.2578125000000000e-01   9.1939639464974174e-02   9.1939639463689438e-02   1.2847362063084233e-12
   9.3359375000000000e-01   1.0468107616199895e-01   1.0468107616414521e-01   2.1462553956297370e-12
   9.4140625000000000e-01   1.3756593281456911e-01   1.3756593281958077e-01   5.0116577554604191e-12
   9.4921875000000000e-01   1.8904580939318638e-01   1.8904580940029675e-01   7.1103678500605838e-12
   9.5703125000000000e-01   2.5682563356790850e-01   2.5682563357609395e-01   8.1854523159563541e-12
   9.6484375000000000e-01   3.3798830015497777e-01   3.3798830016304515e-01   8.0673800972874687e-12
   9.7265625000000000e-01   4.2915480478578083e-01   4.2915480479250434e-01   6.7235106371299480e-12
   9.8046875000000000e-01   5.2666926477932252e-01   5.2666926478350751e-01   4.1849856913245276e-12
   9.8828125000000000e-01   6.2679657383686294e-01   6.2679657383734644e-01   4.8350212722425567e-13
   9.9609375000000000e-01   7.2591971848225356e-01   7.2591971847806280e-01   4.1907588510525784e-12
   7.5390625000000000e-01   1.5766659884611431e+00   1.5766659884596748e+00   1.4683809723692320e-12
   7.6171875000000000e-01   1.5615599651491689e+00   1.5615599651453616e+00   3.8073988406495118e-12
   7.6953125000000000e-01   1.5411563488194306e+00   1.5411563488131526e+00   6.2780891596503352e-12
   7.7734375000000000e-01   1.5142843452231054e+00   1.5142843452141510e+00   8.9543927828117376e-12
   7.8515625000000000e-01   1.4797576147963314e+00   1.4797576147845224e+00   1.1808998223727940e-11
   7.9296875000000000e-01   1.4364720463313514e+00   1.4364720463166623e+00   1.4689138794210521e-11
   8.0078125000000000e-01   1.3835106336417928e+00   1.3835106336243252e+00   1.7467582935637438e-11
   8.0859375000000000e-01   1.3202494125981337e+00   1.3202494125781215e+00   2.0012214108078297e-11
   8.1640625000000000e-01   1.2464571666274740e+00   1.2464571666051634e+00   2.2310597813657296e-11
   8.2421875000000000e-01   1.1623808631879731e+00   1.1623808631637365e+00   2.4236612716777017e-11
   8.3203125000000000e-01   1.0688087363523937e+00   1.0688087363266783e+00   2.5715429785577726e-11
   8.3984375000000000e-01   9.6710369504074079e-01   9.6710369501409410e-01   2.6646684858633307e-11
   8.4765625000000000e-01   8.5920132460341370e-01   8.5920132457644860e-01   2.6965096822095802e-11
   8.5546875000000000e-01   7.4756906690011138e-01   7.4756906687342972e-01   2.6681656883909000e-11
   8.6328125000000000e-01   6.3512602085561654e-01   6.3512602082984460e-01   2.5771940137531146e-11
   8.7109375000000000e-01   5.2512594058871909e-01   5.2512594056450324e-01   2.4215851546216527e-11
