#                  Coord.                Numerical               Analytical                    Error
   3.9062500000000000e-03  -3.8311470797154695e-01  -3.8311470796591174e-01   5.6352145172411383e-12
   1.1718750000000000e-02  -4.3169989938756737e-01  -4.3169989938119180e-01   6.3755667412124239e-12
   1.9531250000000000e-02  -4.8052726129525375e-01  -4.8052726128795520e-01   7.2985506527345478e-12
   2.7343750000000000e-02  -5.2902787733548129e-01  -5.2902787732721146e-01   8.2698292658278660e-12
   3.5156250000000000e-02  -5.7659544235507432e-01  -5.7659544234584670e-01   9.2276186691719886e-12
   4.2968750000000000e-02  -6.2259072386018388e-01  -6.2259072385006287e-01   1.0121015137087852e-11
   5.0781250000000000e-02  -6.6634665930471315e-01  -6.6634665929397285e-01   1.0740297540223764e-11
   5.8593750000000000e-02  -7.0717417097917201e-01  -7.0717417096816548e-01   1.1006529021528877e-11
   6.6406250000000000e-02  -7.4436879105055076e-01  -7.4436879103973919e-01   1.0811573858404699e-11
   7.4218750000000000e-02  -7.7721819360484246e-01  -7.7721819359479005e-01   1.0052403354166017e-11
   8.2031250000000000e-02  -8.0501072669273055e-01  -8.0501072668416573e-01   8.5648155234707701e-12
   8.9843750000000000e-02  -8.2704502391828028e-01  -8.2704502391202150e-01   6.2587712790218575e-12
   9.7656250000000000e-02  -8.4264075088916968e-01  -8.4264075088608392e-01   3.0857538746431601e-12
   1.0546875000000000e-01  -8.5115050612678189e-01  -8.5115050612784071e-01   1.0588196985850118e-12
   1.1328125000000000e-01  -8.5197284858568423e-01  -8.5197284859202338e-01   6.3391514260047188e-12
   1.2109375000000000e-01  -8.4456636513171368e-01  -8.4456636514449590e-01   1.2782219727114352e-11
   1.2890625000000000e-01  -8.2846462224273210e-01  -8.2846462226304096e-01   2.0308865700258139e-11
   1.3671875000000000e-01  -8.0329176864830143e-01  -8.0329176867729513e-01   2.8993696332690888e-11
   1.4453125000000000e-01  -7.6877847222843809e-01  -7.6877847226722729e-01   3.8789194078958644e-11
   1.5234375000000000e-01  -7.2477778865819020e-01  -7.2477778870773268e-01   4.9542481228570523e-11
   1.6015625000000000e-01  -6.7128047519055445e-01  -6.7128047525160783e-01   6.1053384570186608e-11
   1.6796875000000000e-01  -6.0842918545668523e-01  -6.0842918552982272e-01   7.3137496059416662e-11
   1.7578125000000000e-01  -5.3653091559630872e-01  -5.3653091568185485e-01   8.5546125738744649e-11
   1.8359375000000000e-01  -4.5606702410010874e-01  -4.5606702419804035e-01   9.7931607268009202e-11
   1.9140625000000000e-01  -3.6770012318523337e-01  -3.6770012329514123e-01   1.0990786059039692e-10
   1.9921875000000000e-01  -2.7227714379991269e-01  -2.7227714392103297e-01   1.2112028047184253e-10
   2.0703125000000000e-01  -1.7082791428598537e-01  -1.7082791441715897e-01   1.3117359976000387e-10
   2.1484375000000000e-01  -6.4558668097569910e-02  -6.4558668237205394e-02   1.3963548373130408e-10
   2.2265625000000000e-01   4.5159988892771855e-02   4.5159988746685170e-02   1.4608668441606909e-10
   2.3046875000000000e-01   1.5681096559818894e-01   1.5681096544798606e-01   1.5020287791323028e-10
   2.3828125000000000e-01   2.6875454764584689e-01   2.6875454749415989e-01   1.5168699629697358e-10
   2.4609375000000000e-01   3.7925812603938702e-01   3.7925812588917812e-01   1.5020890087313887e-10
   2.5390625000000000e-01   4.8653142885764278e-01   4.8653142871208827e-01   1.4555451288700283e-10
   2.6171875000000000e-01   5.8876661852772927e-01   5.8876661839006394e-01   1.3766532358516770e-10
   2.6953125000000000e-01   6.8418233730455869e-01   6.8418233717798127e-01   1.2657741521593380e-10
   2.7734375000000000e-01   7.7107051155680895e-01   7.7107051144450223e-01   1.1230671947970450e-10
   2.8515625000000000e-01   8.4784447686199138e-01   8.4784447676695007e-01   9.5041308156851301e-11
   2.9296875000000000e-01   9.1308677709695130e-01   9.1308677702182217e-01   7.5129125143291731e-11
   3.0078125000000000e-01   9.6559483788303269e-01   9.6559483783005728e-01   5.2975401843013969e-11
   3.0859375000000000e-01   1.0044226329122479e+00   1.0044226328831725e+00   2.9075408747303300e-11
   3.1640625000000000e-01   1.0289164635175090e+00   1.0289164635135621e+00   3.9468428525424315e-12
   3.2421875000000000e-01   1.0387430665711888e+00   1.0387430665929152e+00   2.1726398458099538e-11
   3.3203125000000000e-01   1.0339084581091254e+00   1.0339084581564044e+00   4.7279069548267216e-11
   3.3984375000000000e-01   1.0147662093149377e+00   1.0147662093868932e+00   7.1955552627400721e-11
   3.4765625000000000e-01   9.8201423102393237e-01   9.8201423111901343e-01   9.5081054141132881e-11
   3.5546875000000000e-01   9.3667959985711691e-01   9.3667959997304051e-01   1.1592360404932833e-10
   3.6328125000000000e-01   8.8009147456312420e-01   8.8009147469700733e-01   1.3388312680717718e-10
   3.7109375000000000e-01   8.1384270079184662e-01   8.1384270094021094e-01   1.4836432082887541e-10
   3.7890625000000000e-01   7.3974125767471965e-01   7.3974125783368061e-01   1.5896095550971268e-10
   3.8671875000000000e-01   6.5975322875841180e-01   6.5975322892372090e-01   1.6530909974221686e-10
   3.9453125000000000e-01   5.7593945062373075e-01   5.7593945079104325e-01   1.6731249719015295e-10
   4.0234375000000000e-01   4.9038837373726346e-01   4.9038837390222156e-01   1.6495810273298162e-10
   4.1015625000000000e-01   4.0514793402415022e-01   4.0514793418252237e-01   1.5837214872860272e-10
   4.1796875000000000e-01   3.2215935829559827e-01   3.2215935844350652e-01   1.4790824121035939e-10
   4.2578125000000000e-01   2.4319579763166529e-01   2.4319579776571476e-01   1.3404946597184164e-10
   4.3359375000000000e-01   1.6980849491189376e-01   1.6980849502930670e-01   1.1741294048128736e-10
   4.4140625000000000e-01   1.0328285085358935e-01   1.0328285095217167e-01   9.8582322860529814e-11
   4.4921875000000000e-01   4.4606272510549626e-02   4.4606272588930490e-02   7.8380864299010256e-11
   4.5703125000000000e-01  -5.5509055709668884e-03  -5.5509055133775046e-03   5.7589383782585823e-11
   4.6484375000000000e-01  -4.6840810675731696e-02  -4.6840810638714411e-02   3.7017285070550798e-11
   4.7265625000000000e-01  -7.9229827508646516e-02  -7.9229827491328494e-02   1.7318022016432622e-11
   4.8046875000000000e-01  -1.0297760373741563e-01  -1.0297760373821489e-01   7.9926343321545801e-13
   4.8828125000000000e-01  -1.1860472756788508e-01  -1.1860472758461479e-01   1.6729714835683751e-11
   4.9609375000000000e-01  -1.2685110614250153e-01  -1.2685110617249254e-01   2.9991009675711666e-11
   5.0390625000000000e-01  -1.2862751222173652e-01  -1.2862751226216015e-01   4.0423636660236184e-11
   5.1171875000000000e-01  -1.2496304952806327e-01  -1.2496304957593798e-01   4.7874718078766421e-11
   5.1953125000000000e-01  -1.1695139748338244e-01  -1.1695139753568690e-01   5.2304452435869564e-11
   5.2734375000000000e-01  -1.0569862932265170e-01  -1.0569862937645209e-01   5.3800394694825115e-11
   5.3515625000000000e-01  -9.2275161889385435e-02  -9.2275161942098768e-02   5.2713333698051201e-11
   5.4296875000000000e-01  -7.7674011070005447e-02  -7.7674011119455474e-02   4.9450027406194863e-11
   5.5078125000000000e-01  -6.2777024519969193e-02  -6.2777024564393644e-02   4.4424450229563206e-11
   5.5859375000000000e-01  -4.8330181746777702e-02  -4.8330181784886697e-02   3.8108995126240330e-11
   5.6640625000000000e-01  -3.4928434207881720e-02  -3.4928434238952324e-02   3.1070604422644976e-11
   5.7421875000000000e-01  -2.3009949560157311e-02  -2.3009949583881521e-02   2.3724210096442988e-11
   5.8203125000000000e-01  -1.2859066902902195e-02  -1.2859066919485952e-02   1.6583756937138538e-11
   5.8984375000000000e-01  -4.6168004166957993e-03  -4.6168004267376885e-03   1.0041889195178122e-11
   5.9765625000000000e-01   1.7026246524405927e-03   1.7026246480833934e-03   4.3571992801999526e-12
   6.0546875000000000e-01   6.1909395046808608e-03   6.1909395050030874e-03   3.2222662038616789e-13
   6.1328125000000000e-01   9.0225185398081619e-03   9.0225185436568489e-03   3.8486869941012358e-12
   6.2109375000000000e-01   1.0430346290220584e-02   1.0430346296390050e-02   6.1694659797550955e-12
   6.2890625000000000e-01   1.0682851457845701e-02   1.0682851465221677e-02   7.3759765656378207e-12
   6.3671875000000000e-01   1.0062925669798630e-02   1.0062925677456201e-02   7.6575707580461838e-12
   6.4453125000000000e-01   8.8501096888317001e-03   8.8501096960328825e-03   7.2011823587514456e-12
   6.5234375000000000e-01   7.3065619517250326e-03   7.3065619579520038e-03   6.2269711956219886e-12
   6.6015625000000000e-01   5.6670558659733909e-03   5.6670558708897308e-03   4.9163399046259215e-12
   6.6796875000000000e-01   4.1329126894355294e-03   4.1329126929198195e-03   3.4842901133758097e-12
   6.7578125000000000e-01   2.8694901462566597e-03   2.8694901484410461e-03   2.1843863523551832e-12
   6.8359375000000000e-01   2.0066303238226693e-03   2.0066303249774591e-03   1.1547898054464767e-12
   6.9140625000000000e-01   1.6413331478763045e-03   1.6413331483454536e-03   4.6914902518402357e-13
   6.9921875000000000e-01   1.8418652659871189e-03   1.8418652661478278e-03   1.6070890278274685e-13
   7.0703125000000000e-01   2.6525327303288924e-03   2.6525327306323294e-03   3.0343696305612511e-13
   7.1484375000000000e-01   4.0984278487927687e-03   4.0984278497349170e-03   9.4214826912297767e-13
   7.2265625000000000e-01   6.1895902460822935e-03   6.1895902481171831e-03   2.0348896179189779e-12
   7.3046875000000000e-01   8.9241816486374526e-03   8.9241816520712509e-03   3.4337983845222908e-12
   7.3828125000000000e-01   1.2290445046973027e-02   1.2290445052016135e-02   5.0431082920798787e-12
   7.4609375000000000e-01   1.6267385042263844e-02   1.6267385049185568e-02   6.9217236109420099e-12
   8.7890625000000000e-01   8.2386658853829620e-02   8.2386658879300523e-02   2.5470903164404035e-11
   8.8671875000000000e-01   7.5492072806774682e-02   7.5492072830911111e-02   2.4136428966592405e-11
   8.9453125000000000e-01   6.5901729241728033e-02   6.5901729264291081e-02   2.2563048651669249e-11
   9.0234375000000000e-01   5.3423635900830005e-02   5.3423635921634710e-02   2.0804705180843541e-11
   9.1015625000000000e-01   3.7898231544596601e-02   3.7898231563468179e-02   1.8871577911472315e-11
   9.1796875000000000e-01   1.9203384747208289e-02   1.9203384764012468e-02   1.6804179575613531e-11
   9.2578125000000000e-01  -2.7411776286421761e-03  -2.7411776139173714e-03   1.4724804708876604e-11
   9.3359375000000000e-01  -2.7970077176999623e-02  -2.7970077164300056e-02   1.2699567092377961e-11
   9.4140625000000000e-01  -5.6469168247208670e-02  -5.6469168236443518e-02   1.0765152658187560e-11
   9.4921875000000000e-01  -8.8173120907648339e-02  -8.8173120898656740e-02   8.9915991319244881e-12
   9.5703125000000000e-01  -1.2296370459463105e-01  -1.2296370458712606e-01   7.5049827463757879e-12
   9.6484375000000000e-01  -1.6066875825604016e-01  -1.6066875824969065e-01   6.3495042557093484e-12
   9.7265625000000000e-01  -2.0106182015755736e-01  -2.0106182015202401e-01   5.5333515547317802e-12
   9.8046875000000000e-01  -2.4386238203677635e-01  -2.4386238203173666e-01   5.0396908868322043e-12
   9.8828125000000000e-01  -2.8873672840260783e-01  -2.8873672839769055e-01   4.9172887983672808e-12
   9.9609375000000000e-01  -3.3529932271918078e-01  -3.3529932271406099e-01   5.1197934780589094e-12
   7.5390625000000000e-01   2.0824253527198949e-02   2.0824253536181270e-02   8.9823218307749642e-12
   7.6171875000000000e-01   2.5919043288955182e-02   2.5919043300071345e-02   1.1116163545210611e-11
   7.6953125000000000e-01   3.1496275684634138e-02   3.1496275697838791e-02   1.3204652649090320e-11
   7.7734375000000000e-01   3.7484415310520602e-02   3.7484415325813071e-02   1.5292468680261351e-11
   7.8515625000000000e-01   4.3793256239117347e-02   4.3793256256466802e-02   1.7349455205817321e-11
   7.9296875000000000e-01   5.0311605446353727e-02   5.0311605465669963e-02   1.9316236110622498e-11
   8.0078125000000000e-01   5.6905545930768693e-02   5.6905545951890776e-02   2.1122083249114354e-11
   8.0859375000000000e-01   6.3417502146563998e-02   6.3417502169339737e-02   2.2775739627611813e-11
   8.1640625000000000e-01   6.9666261236592517e-02   6.9666261260832765e-02   2.4240248697182665e-11
   8.2421875000000000e-01   7.5448032037114560e-02   7.5448032062545342e-02   2.5430782479851644e-11
   8.3203125000000000e-01   8.0538555671591947e-02   8.0538555697965669e-02   2.6373722650241405e-11
   8.3984375000000000e-01   8.4696221059974833e-02   8.4696221087043944e-02   2.7069110841715371e-11
   8.4765625000000000e-01   8.7666088639334866e-02   8.7666088666772543e-02   2.7437677130315308e-11
   8.5546875000000000e-01   8.9184687403678256e-02   8.9184687431120457e-02   2.7442201289140655e-11
   8.6328125000000000e-01   8.8985424218458203e-02   8.8985424245553169e-02   2.7094965160401330e-11
   8.7109375000000000e-01   8.6804429538250391e-02   8.6804429564699609e-02   2.6449217815915915e-11
