#                  Coord.                Numerical               Analytical                    Error
   3.9062500000000000e-03   8.4845095159950557e-01   8.4845095170634244e-01   1.0683687268198128e-10
   1.1718750000000000e-02   7.9461613206586212e-01   7.9461613217558269e-01   1.0972056596614266e-10
   1.9531250000000000e-02   7.4561784985498725e-01   7.4561784996868830e-01   1.1370104857633123e-10
   2.7343750000000000e-02   7.0208305961294770e-01   7.0208305973162877e-01   1.1868106497558983e-10
   3.5156250000000000e-02   6.6431713787912450e-01   6.6431713800379266e-01   1.2466816468048592e-10
   4.2968750000000000e-02   6.3225120274151714e-01   6.3225120287316205e-01   1.3164491718953286e-10
   5.0781250000000000e-02   6.0541905467256629e-01   6.0541905481166636e-01   1.3910006479989079e-10
   5.8593750000000000e-02   5.8296890045083727e-01   5.8296890059755480e-01   1.4671752701644891e-10
   6.6406250000000000e-02   5.6371197543718143e-01   5.6371197559141750e-01   1.5423606836151293e-10
   7.4218750000000000e-02   5.4620663130188274e-01   5.4620663146316684e-01   1.6128409718874082e-10
   8.2031250000000000e-02   5.2887274389046968e-01   5.2887274405785722e-01   1.6738754826661761e-10
   8.9843750000000000e-02   5.1012780451465423e-01   5.1012780468667818e-01   1.7202395063975473e-10
   9.7656250000000000e-02   4.8853318091290932e-01   4.8853318108757277e-01   1.7466345036964981e-10
   1.0546875000000000e-01   4.6293712866720066e-01   4.6293712884213367e-01   1.7493301252002880e-10
   1.1328125000000000e-01   4.3260047750137393e-01   4.3260047767391907e-01   1.7254514483866501e-10
   1.2109375000000000e-01   3.9729166987288350e-01   3.9729167004006849e-01   1.6718498807577475e-10
   1.2890625000000000e-01   3.5734000808459127e-01   3.5734000824334966e-01   1.5875839531886982e-10
   1.3671875000000000e-01   3.1363943200524413e-01   3.1363943215270124e-01   1.4745710208430296e-10
   1.4453125000000000e-01   2.6759961418837303e-01   2.6759961432189944e-01   1.3352641214936511e-10
   1.5234375000000000e-01   2.2104620859966545e-01   2.2104620871709418e-01   1.1742873340381266e-10
   1.6015625000000000e-01   1.7607722260623837e-01   1.7607722270604995e-01   9.9811575671182595e-11
   1.6796875000000000e-01   1.3488716342069543e-01   1.3488716350212021e-01   8.1424783582306759e-11
   1.7578125000000000e-01   9.9574326570800870e-02   9.9574326633919269e-02   6.3118399395989400e-11
   1.8359375000000000e-01   7.1948912575440574e-02   7.1948912621260713e-02   4.5820139349395106e-11
   1.9140625000000000e-01   5.3360278217130408e-02   5.3360278247582271e-02   3.0451863253233569e-11
   1.9921875000000000e-01   4.4560420420403320e-02   4.4560420438322847e-02   1.7919526973386724e-11
   2.0703125000000000e-01   4.5617814689563552e-02   4.5617814698592211e-02   9.0286597642652566e-12
   2.1484375000000000e-01   5.5891238212731488e-02   5.5891238217176342e-02   4.4448542069197572e-12
   2.2265625000000000e-01   7.4067621340763029e-02   7.4067621345309448e-02   4.5464187969912473e-12
   2.3046875000000000e-01   9.8261839526286629e-02   9.8261839535770695e-02   9.4840663100725919e-12
   2.3828125000000000e-01   1.2617030163275569e-01   1.2617030165187071e-01   1.9115015126303092e-11
   2.4609375000000000e-01   1.5526483571303246e-01   1.5526483574591213e-01   3.2879671207908245e-11
   2.5390625000000000e-01   1.8300928296887922e-01   1.8300928301872121e-01   4.9841991645038775e-11
   2.6171875000000000e-01   2.0707882249465179e-01   2.0707882256348187e-01   6.8830080524051596e-11
   2.6953125000000000e-01   2.2556162690426793e-01   2.2556162699274027e-01   8.8472340564749175e-11
   2.7734375000000000e-01   2.3712405034248685e-01   2.3712405044959975e-01   1.0711290188147871e-10
   2.8515625000000000e-01   2.4112402104839112e-01   2.4112402117150011e-01   1.2310899522027796e-10
   2.9296875000000000e-01   2.3766229871741743e-01   2.3766229885246454e-01   1.3504711238176981e-10
   3.0078125000000000e-01   2.2756725106483336e-01   2.2756725120661350e-01   1.4178014318133592e-10
   3.0859375000000000e-01   2.1231518888940040e-01   2.1231518903190866e-01   1.4250825519646071e-10
   3.1640625000000000e-01   1.9389442209799682e-01   1.9389442223486528e-01   1.3686846100924299e-10
   3.2421875000000000e-01   1.7462644156457904e-01   1.7462644168952057e-01   1.2494152934472424e-10
   3.3203125000000000e-01   1.5696147405914523e-01   1.5696147416654010e-01   1.0739487077415788e-10
   3.3984375000000000e-01   1.4326773463026116e-01   1.4326773471561294e-01   8.5351781198284016e-11
   3.4765625000000000e-01   1.3563383829363554e-01   1.3563383835399276e-01   6.0357219222595404e-11
   3.5546875000000000e-01   1.3570206177630553e-01   1.3570206181042443e-01   3.4118902147994845e-11
   3.6328125000000000e-01   1.4454669499777245e-01   1.4454669500626316e-01   8.4907081365770409e-12
   3.7109375000000000e-01   1.6260698748213726e-01   1.6260698746742397e-01   1.4713286144996118e-11
   3.7890625000000000e-01   1.8967869433900067e-01   1.8967869430516662e-01   3.3834046675451646e-11
   3.8671875000000000e-01   2.2496253908904795e-01   2.2496253904146959e-01   4.7578357920130543e-11
   3.9453125000000000e-01   2.6716261396372143e-01   2.6716261390863050e-01   5.5090931816437205e-11
   4.0234375000000000e-01   3.1462334702223371e-01   3.1462334696627531e-01   5.5958404576728071e-11
   4.1015625000000000e-01   3.6549057936332485e-01   3.6549057931290679e-01   5.0418058616941153e-11
   4.1796875000000000e-01   4.1788076264464546e-01   4.1788076260543144e-01   3.9214020919331460e-11
   4.2578125000000000e-01   4.7004238355649408e-01   4.7004238353295047e-01   2.3543611504805995e-11
   4.3359375000000000e-01   5.2049535322334894e-01   5.2049535321830309e-01   5.0458526246188740e-12
   4.4140625000000000e-01   5.6813701863666333e-01   5.6813701865110156e-01   1.4438228390645236e-11
   4.4921875000000000e-01   6.1230729467807432e-01   6.1230729471116407e-01   3.3089753159742941e-11
   4.5703125000000000e-01   6.5280974024783178e-01   6.5280974029700645e-01   4.9174664340512209e-11
   4.6484375000000000e-01   6.8988974876345355e-01   6.8988974882455301e-01   6.1099458825708552e-11
   4.7265625000000000e-01   7.2417495730257331e-01   7.2417495737033766e-01   6.7764349687138292e-11
   4.8046875000000000e-01   7.5658613669484898e-01   7.5658613676329822e-01   6.8449246271029551e-11
   4.8828125000000000e-01   7.8822894865141457e-01   7.8822894871435834e-01   6.2943761314215863e-11
   4.9609375000000000e-01   8.2027791232520852e-01   8.2027791237667247e-01   5.1463944217289281e-11
   5.0390625000000000e-01   8.5386370838726955e-01   8.5386370842195525e-01   3.4685698757641603e-11
   5.1171875000000000e-01   8.8997368119988796e-01   8.8997368121364839e-01   1.3760437234111578e-11
   5.1953125000000000e-01   9.2937329485931852e-01   9.2937329484929476e-01   1.0023759600130688e-11
   5.2734375000000000e-01   9.7255363996478750e-01   9.7255363992961219e-01   3.5175307111501297e-11
   5.3515625000000000e-01   1.0197071894624716e+00   1.0197071894022041e+00   6.0267568713356923e-11
   5.4296875000000000e-01   1.0707311734008154e+00   1.0707311733168907e+00   8.3924645011279608e-11
   5.5078125000000000e-01   1.1252554562826560e+00   1.1252554561776349e+00   1.0502110292520683e-10
   5.5859375000000000e-01   1.1826898670427959e+00   1.1826898669198045e+00   1.2299139484639454e-10
   5.6640625000000000e-01   1.2422846828321363e+00   1.2422846826949343e+00   1.3720202751699162e-10
   5.7421875000000000e-01   1.3031974527982875e+00   1.3031974526508938e+00   1.4739365283844563e-10
   5.8203125000000000e-01   1.3645595368072374e+00   1.3645595366533538e+00   1.5388357255119445e-10
   5.8984375000000000e-01   1.4255365293354638e+00   1.4255365291781628e+00   1.5730106106559560e-10
   5.9765625000000000e-01   1.4853779938426532e+00   1.4853779936843488e+00   1.5830448063525182e-10
   6.0546875000000000e-01   1.5434534721470177e+00   1.5434534719892670e+00   1.5775070139056879e-10
   6.1328125000000000e-01   1.5992733730964908e+00   1.5992733729401700e+00   1.5632073413485159e-10
   6.2109375000000000e-01   1.6524949130099627e+00   1.6524949128550270e+00   1.5493561988932925e-10
   6.2890625000000000e-01   1.7029146322035307e+00   1.7029146320492830e+00   1.5424772570327150e-10
   6.3671875000000000e-01   1.7504500415969619e+00   1.7504500414422781e+00   1.5468382130734426e-10
   6.4453125000000000e-01   1.7951136005224053e+00   1.7951136003658181e+00   1.5658718766076163e-10
   6.5234375000000000e-01   1.8369824777516717e+00   1.8369824775917318e+00   1.5993983915052468e-10
   6.6015625000000000e-01   1.8761674318372272e+00   1.8761674316723678e+00   1.6485945941724367e-10
   6.6796875000000000e-01   1.9127837287292140e+00   1.9127837285583826e+00   1.7083134906670239e-10
   6.7578125000000000e-01   1.9469263829448566e+00   1.9469263827674372e+00   1.7741941249482807e-10
   6.8359375000000000e-01   1.9786512630458473e+00   1.9786512628615467e+00   1.8430057480145479e-10
   6.9140625000000000e-01   2.0079628404038616e+00   2.0079628402128327e+00   1.9102897041989308e-10
   6.9921875000000000e-01   2.0348086658874243e+00   2.0348086656902939e+00   1.9713031207402310e-10
   7.0703125000000000e-01   2.0590800932234794e+00   2.0590800930215032e+00   2.0197621353190698e-10
   7.1484375000000000e-01   2.0806183640553062e+00   2.0806183638500375e+00   2.0526869093373534e-10
   7.2265625000000000e-01   2.0992249342142535e+00   2.0992249340073479e+00   2.0690560376124267e-10
   7.3046875000000000e-01   2.1146748358149625e+00   2.1146748356082861e+00   2.0667645372896004e-10
   7.3828125000000000e-01   2.1267319011040016e+00   2.1267319008993337e+00   2.0466783823280821e-10
   7.4609375000000000e-01   2.1351647790626540e+00   2.1351647788618418e+00   2.0081225571288996e-10
   8.7890625000000000e-01   1.7290921131922321e+00   1.7290921131882766e+00   3.9555025921345077e-12
   8.8671875000000000e-01   1.6853575039175717e+00   1.6853575039296376e+00   1.2065903831626201e-11
   8.9453125000000000e-01   1.6405354823397944e+00   1.6405354823676228e+00   2.7828406246044324e-11
   9.0234375000000000e-01   1.5944567348099625e+00   1.5944567348527405e+00   4.2778003361831907e-11
   9.1015625000000000e-01   1.5468849499563346e+00   1.5468849500128870e+00   5.6552318383751299e-11
   9.1796875000000000e-01   1.4975492792278127e+00   1.4975492792966061e+00   6.8793415408663350e-11
   9.2578125000000000e-01   1.4461853241698901e+00   1.4461853242490381e+00   7.9148021470132335e-11
   9.3359375000000000e-01   1.3925816451936557e+00   1.3925816452810129e+00   8.7357232558815667e-11
   9.4140625000000000e-01   1.3366277362631576e+00   1.3366277363567629e+00   9.3605345696801123e-11
   9.4921875000000000e-01   1.2783586474225859e+00   1.2783586475206119e+00   9.8026031736253572e-11
   9.5703125000000000e-01   1.2179910943040102e+00   1.2179910944048480e+00   1.0083778256841924e-10
   9.6484375000000000e-01   1.1559460704305218e+00   1.1559460705328304e+00   1.0230860603144265e-10
   9.7265625000000000e-01   1.0928537255920803e+00   1.0928537256950099e+00   1.0292966479141796e-10
   9.8046875000000000e-01   1.0295375828772735e+00   1.0295375829806312e+00   1.0335776678971342e-10
   9.8828125000000000e-01   9.6697696305825021e-01   9.6697696316219783e-01   1.0394762828269677e-10
   9.9609375000000000e-01   9.0624862823670749e-01   9.0624862834168463e-01   1.0497713809343168e-10
   7.5390625000000000e-01   2.1397628125605372e+00   2.1397628123651953e+00   1.9534196482595689e-10
   7.6171875000000000e-01   2.1403509779180059e+00   2.1403509777295104e+00   1.8849544147769848e-10
   7.6953125000000000e-01   2.1368031978257007e+00   2.1368031976454294e+00   1.8027135340048517e-10
   7.7734375000000000e-01   2.1290534145125184e+00   2.1290534143414535e+00   1.7106493999108352e-10
   7.8515625000000000e-01   2.1171038579773804e+00   2.1171038578161041e+00   1.6127632562756844e-10
   7.9296875000000000e-01   2.1010299796890477e+00   2.1010299795383207e+00   1.5072698644758020e-10
   8.0078125000000000e-01   2.0809815677064880e+00   2.0809815675668171e+00   1.3967094147915304e-10
   8.0859375000000000e-01   2.0571796391880786e+00   2.0571796390597865e+00   1.2829204365516489e-10
   8.1640625000000000e-01   2.0299088431164911e+00   2.0299088429999070e+00   1.1658407572667784e-10
   8.2421875000000000e-01   1.9995053159814240e+00   1.9995053158770029e+00   1.0442113840269940e-10
   8.3203125000000000e-01   1.9663402226626499e+00   1.9663402225707578e+00   9.1892049525199582e-11
   8.3984375000000000e-01   1.9307995777846159e+00   1.9307995777056930e+00   7.8922868240738353e-11
   8.4765625000000000e-01   1.8932613587134588e+00   1.8932613586481395e+00   6.5319305520006310e-11
   8.5546875000000000e-01   1.8540713542660650e+00   1.8540713542151539e+00   5.0911053151025953e-11
   8.6328125000000000e-01   1.8135195933286070e+00   1.8135195932928796e+00   3.5727421021647388e-11
   8.7109375000000000e-01   1.7718195050269017e+00   1.7718195050069263e+00   1.9975354703660742e-11
