#                  Coord.                Numerical               Analytical                    Error
   3.9062500000000000e-03   2.2819371366082712e-04   2.2819371371002165e-04   4.9194535164248654e-14
   1.1718750000000000e-02   1.5930854077016792e-04   1.5930854080465116e-04   3.4483239831281653e-14
   1.9531250000000000e-02   1.1285219965522291e-04   1.1285219967806657e-04   2.2843665435819116e-14
   2.7343750000000000e-02   8.2457250614464701e-05   8.2457250629027948e-05   1.4563247526314105e-14
   3.5156250000000000e-02   6.3064285333298673e-05   6.3064285342590476e-05   9.2918023535809580e-15
   4.2968750000000000e-02   5.0697847959215749e-05   5.0697847965442403e-05   6.2266543917471884e-15
   5.0781250000000000e-02   4.2362360070781078e-05   4.2362360075311851e-05   4.5307724585996745e-15
   5.8593750000000000e-02   3.6003018663556792e-05   3.6003018667391140e-05   3.8343487456307668e-15
   6.6406250000000000e-02   3.0480215995553430e-05   3.0480215999125988e-05   3.5725579666887747e-15
   7.4218750000000000e-02   2.5518505020098791e-05   2.5518505023523792e-05   3.4250014391452865e-15
   8.2031250000000000e-02   2.1610621448177733e-05   2.1610621451447111e-05   3.2693777698121484e-15
   8.9843750000000000e-02   1.9879783535845988e-05   1.9879783538847490e-05   3.0015019061770815e-15
   9.7656250000000000e-02   2.1924684139629542e-05   2.1924684143039125e-05   3.4095820513734693e-15
   1.0546875000000000e-01   2.9686827862456013e-05   2.9686827867642796e-05   5.1867825355891850e-15
   1.1328125000000000e-01   4.5386201106677652e-05   4.5386201115647657e-05   8.9700043725236822e-15
   1.2109375000000000e-01   7.1568024957389714e-05   7.1568024973307442e-05   1.5917727747873089e-14
   1.2890625000000000e-01   1.1129230027073851e-04   1.1129230029804594e-04   2.7307434200159186e-14
   1.3671875000000000e-01   1.6848271468699084e-04   1.6848271473127866e-04   4.4287815602339631e-14
   1.4453125000000000e-01   2.4843685744210353e-04   2.4843685751156500e-04   6.9461472164411564e-14
   1.5234375000000000e-01   3.5848986593829950e-04   3.5848986604254153e-04   1.0424202733644305e-13
   1.6015625000000000e-01   5.0882145627268490e-04   5.0882145642300303e-04   1.5031812600208028e-13
   1.6796875000000000e-01   7.1340249717995728e-04   7.1340249738998751e-04   2.1003023539106769e-13
   1.7578125000000000e-01   9.9109038762396485e-04   9.9109038790875462e-04   2.8478976989154692e-13
   1.8359375000000000e-01   1.3668992683497447e-03   1.3668992687306076e-03   3.8086287595939794e-13
   1.9140625000000000e-01   1.8734874450289968e-03   1.8734874455309278e-03   5.0193096207129528e-13
   1.9921875000000000e-01   2.5529163610975604e-03   2.5529163617542786e-03   6.5671816942836081e-13
   2.0703125000000000e-01   3.4587400386855631e-03   3.4587400395398814e-03   8.5431835217253393e-13
   2.1484375000000000e-01   4.6584795660768608e-03   4.6584795671829613e-03   1.1061004542844977e-12
   2.2265625000000000e-01   6.2365239066862078e-03   6.2365239081121175e-03   1.4259097375068919e-12
   2.3046875000000000e-01   8.2974771478724080e-03   8.2974771497088835e-03   1.8364754161837027e-12
   2.3828125000000000e-01   1.0969944989794740e-02   1.0969944992142672e-02   2.3479326122233246e-12
   2.4609375000000000e-01   1.4410721469584236e-02   1.4410721472550559e-02   2.9663233674925849e-12
   2.5390625000000000e-01   1.8809301840475745e-02   1.8809301844184920e-02   3.7091753279927531e-12
   2.6171875000000000e-01   2.4392609767002048e-02   2.4392609771580753e-02   4.5787054703261276e-12
   2.6953125000000000e-01   3.1429786641617857e-02   3.1429786647207608e-02   5.5897508843827381e-12
   2.7734375000000000e-01   4.0236847818896346e-02   4.0236847825654384e-02   6.7580385731957904e-12
   2.8515625000000000e-01   5.1180965173997811e-02   5.1180965182080561e-02   8.0827497472846233e-12
   2.9296875000000000e-01   6.4684088679780496e-02   6.4684088689384175e-02   9.6036789631881447e-12
   3.0078125000000000e-01   8.1225573819507763e-02   8.1225573830854936e-02   1.1347173201059491e-11
   3.0859375000000000e-01   1.0134343997858740e-01   1.0134343999188171e-01   1.3294310097222706e-11
   3.1640625000000000e-01   1.2563385196269405e-01   1.2563385197814586e-01   1.5451806500976772e-11
   3.2421875000000000e-01   1.5474839774136878e-01   1.5474839775922336e-01   1.7854578926446152e-11
   3.3203125000000000e-01   1.8938873603753956e-01   1.8938873605803841e-01   2.0498852615347118e-11
   3.3984375000000000e-01   2.3029821292430769e-01   2.3029821294761549e-01   2.3307800134375611e-11
   3.4765625000000000e-01   2.7825010187674143e-01   2.7825010190295679e-01   2.6215363213566434e-11
   3.5546875000000000e-01   3.3403221022686536e-01   3.3403221025610763e-01   2.9242275267904461e-11
   3.6328125000000000e-01   3.9842771840188818e-01   3.9842771843423946e-01   3.2351288314913518e-11
   3.7109375000000000e-01   4.7219227622802551e-01   4.7219227626346399e-01   3.5438485479488691e-11
   3.7890625000000000e-01   5.5602756997112368e-01   5.5602757000954972e-01   3.8426040127603756e-11
   3.8671875000000000e-01   6.5055178891636711e-01   6.5055178895764509e-01   4.1277981033260858e-11
   3.9453125000000000e-01   7.5626765257522455e-01   7.5626765261912021e-01   4.3895664880722052e-11
   4.0234375000000000e-01   8.7352889771839204e-01   8.7352889776460529e-01   4.6213255444627066e-11
   4.1015625000000000e-01   1.0025063546232482e+00   1.0025063546714286e+00   4.8180348599657918e-11
   4.1796875000000000e-01   1.1431549486048893e+00   1.1431549486544990e+00   4.9609649721560345e-11
   4.2578125000000000e-01   1.2951831294780178e+00   1.2951831295283107e+00   5.0292880970914666e-11
   4.3359375000000000e-01   1.4580263415344585e+00   1.4580263415846451e+00   5.0186521605155576e-11
   4.4140625000000000e-01   1.6308261846754892e+00   1.6308261847247119e+00   4.9222625975176015e-11
   4.4921875000000000e-01   1.8124168708996569e+00   1.8124168709469832e+00   4.7326365049116248e-11
   4.5703125000000000e-01   2.0013204407668668e+00   2.0013204408112366e+00   4.4369841134539456e-11
   4.6484375000000000e-01   2.1957519682333735e+00   2.1957519682736519e+00   4.0278447244190829e-11
   4.7265625000000000e-01   2.3936356519544773e+00   2.3936356519896114e+00   3.5134117837287704e-11
   4.8046875000000000e-01   2.5926322759884055e+00   2.5926322760174134e+00   2.9007907187406090e-11
   4.8828125000000000e-01   2.7901780387213266e+00   2.7901780387433055e+00   2.1978863173899299e-11
   4.9609375000000000e-01   2.9835342179538298e+00   2.9835342179680819e+00   1.4252155011718060e-11
   5.0390625000000000e-01   3.1698465898805064e+00   3.1698465898865709e+00   6.0644822497124551e-12
   5.1171875000000000e-01   3.3462129813469903e+00   3.3462129813445425e+00   2.4478197246935451e-12
   5.1953125000000000e-01   3.5097568412629920e+00   3.5097568412518312e+00   1.1160850021951774e-11
   5.2734375000000000e-01   3.6577043009123451e+00   3.6577043008924481e+00   1.9896972958122205e-11
   5.3515625000000000e-01   3.7874618838084566e+00   3.7874618837798617e+00   2.8594904222245532e-11
   5.4296875000000000e-01   3.8966918482041644e+00   3.8966918481671904e+00   3.6973979433696513e-11
   5.5078125000000000e-01   3.9833821166524617e+00   3.9833821166077135e+00   4.4748205141331709e-11
   5.5859375000000000e-01   4.0459078755444784e+00   4.0459078754926612e+00   5.1817217183725006e-11
   5.6640625000000000e-01   4.0830822118972092e+00   4.0830822118391144e+00   5.8094862254165491e-11
   5.7421875000000000e-01   4.0941935832667591e+00   4.0941935832034009e+00   6.3358207569308433e-11
   5.8203125000000000e-01   4.0790284683274596e+00   4.0790284682599145e+00   6.7545080639774824e-11
   5.8984375000000000e-01   4.0378781908150092e+00   4.0378781907445758e+00   7.0433436860639631e-11
   5.9765625000000000e-01   3.9715296121646602e+00   3.9715296120926702e+00   7.1989969541164101e-11
   6.0546875000000000e-01   3.8812401082551711e+00   3.8812401081828884e+00   7.2282624330455292e-11
   6.1328125000000000e-01   3.7686979419658808e+00   3.7686979418946605e+00   7.1220362940493942e-11
   6.2109375000000000e-01   3.6359697761825363e+00   3.6359697761135616e+00   6.8974603806282175e-11
   6.2890625000000000e-01   3.4854376062748820e+00   3.4854376062091053e+00   6.5776717406151874e-11
   6.3671875000000000e-01   3.3197277985345863e+00   3.3197277984729086e+00   6.1677773999235797e-11
   6.4453125000000000e-01   3.1416351818341224e+00   3.1416351817774562e+00   5.6666227266077840e-11
   6.5234375000000000e-01   2.9540452438414317e+00   2.9540452437902340e+00   5.1197712735984169e-11
   6.6015625000000000e-01   2.7598574306294599e+00   2.7598574305840033e+00   4.5456527431042559e-11
   6.6796875000000000e-01   2.5619123493328582e+00   2.5619123492933564e+00   3.9501735216163070e-11
   6.7578125000000000e-01   2.3629253461219992e+00   2.3629253460884687e+00   3.3530511700519128e-11
   6.8359375000000000e-01   2.1654285016446142e+00   2.1654285016170021e+00   2.7612134800847343e-11
   6.9140625000000000e-01   1.9717225834983851e+00   1.9717225834762799e+00   2.2105206554101642e-11
   6.9921875000000000e-01   1.7838399529825713e+00   1.7838399529655629e+00   1.7008394692652473e-11
   7.0703125000000000e-01   1.6035188741826665e+00   1.6035188741704913e+00   1.2175149777249317e-11
   7.1484375000000000e-01   1.4321891480797488e+00   1.4321891480719693e+00   7.7795547781533969e-12
   7.2265625000000000e-01   1.2709685195661218e+00   1.2709685195620974e+00   4.0243364196612674e-12
   7.3046875000000000e-01   1.1206689022605765e+00   1.1206689022597256e+00   8.5087492607271997e-13
   7.3828125000000000e-01   9.8181114975704364e-01   9.8181114975889339e-01   1.8497425813279733e-12
   7.4609375000000000e-01   8.5464688059738003e-01   8.5464688060145844e-01   4.0784042809605126e-12
   8.7890625000000000e-01   3.0234398780135827e-02   3.0234398782516585e-02   2.3807587845592337e-12
   8.8671875000000000e-01   2.3442577633128341e-02   2.3442577635112170e-02   1.9838297671270766e-12
   8.9453125000000000e-01   1.8060485337500268e-02   1.8060485339135658e-02   1.6353897402954232e-12
   9.0234375000000000e-01   1.3825578382021406e-02   1.3825578383357445e-02   1.3360389183869614e-12
   9.1015625000000000e-01   1.0516683871639242e-02   1.0516683872725328e-02   1.0860860821804152e-12
   9.1796875000000000e-01   7.9492561866796718e-03   7.9492561875542898e-03   8.7461808628841453e-13
   9.2578125000000000e-01   5.9707508053396677e-03   5.9707508060344826e-03   6.9481486536515646e-13
   9.3359375000000000e-01   4.4562494650049293e-03   4.4562494655523421e-03   5.4741280952619320e-13
   9.4140625000000000e-01   3.3044234197358914e-03   3.3044234201675049e-03   4.3161351229170641e-13
   9.4921875000000000e-01   2.4338800477845660e-03   2.4338800481240380e-03   3.3947194014172233e-13
   9.5703125000000000e-01   1.7799045554933578e-03   1.7799045557571234e-03   2.6376557188401151e-13
   9.6484375000000000e-01   1.2915845510533157e-03   1.2915845512583692e-03   2.0505342215870748e-13
   9.7265625000000000e-01   9.2929141594510220e-04   9.2929141610632068e-04   1.6121847780381504e-13
   9.8046875000000000e-01   6.6248800796931209e-04   6.6248800809414680e-04   1.2483471287932923e-13
   9.8828125000000000e-01   4.6783524917648494e-04   4.6783524927013974e-04   9.3654793122122104e-14
   9.9609375000000000e-01   3.2757741490511521e-04   3.2757741497385320e-04   6.8737984054711987e-14
   7.5390625000000000e-01   7.3918573945442445e-01   7.3918573946021571e-01   5.7912563633522041e-12
   7.6171875000000000e-01   6.3522644440605502e-01   6.3522644441309672e-01   7.0417005559875179e-12
   7.6953125000000000e-01   5.4239002044574747e-01   5.4239002045366247e-01   7.9150019871576660e-12
   7.7734375000000000e-01   4.6015373939552034e-01   4.6015373940390975e-01   8.3894002855799954e-12
   7.8515625000000000e-01   3.8788446058563708e-01   3.8788446059418458e-01   8.5474960442866177e-12
   7.9296875000000000e-01   3.2487027832740406e-01   3.2487027833585486e-01   8.4507956188417666e-12
   8.0078125000000000e-01   2.7034961470272140e-01   2.7034961471087360e-01   8.1522011363688307e-12
   8.0859375000000000e-01   2.2353713405447836e-01   2.2353713406217118e-01   7.6928186043545566e-12
   8.1640625000000000e-01   1.8364608529483142e-01   1.8364608530195570e-01   7.1242733934440139e-12
   8.2421875000000000e-01   1.4990688883606373e-01   1.4990688884256187e-01   6.4981353631310412e-12
   8.3203125000000000e-01   1.2158196857640989e-01   1.2158196858225119e-01   5.8412996661871830e-12
   8.3984375000000000e-01   9.7976980909712796e-02   9.7976980914892889e-02   5.1800924660838632e-12
   8.4765625000000000e-01   7.8448709983287165e-02   7.8448709987806370e-02   4.5192044551001231e-12
   8.5546875000000000e-01   6.2409981715665704e-02   6.2409981719569602e-02   3.9038980381711497e-12
   8.6328125000000000e-01   4.9332000736135834e-02   4.9332000739477994e-02   3.3421598821803400e-12
   8.7109375000000000e-01   3.8744538182872164e-02   3.8744538185701567e-02   2.8294033782572114e-12
