#                  Coord.                Numerical               Analytical                    Error
   3.9062500000000000e-03   5.7983898548106827e-01   5.7983898564772851e-01   1.6666024116318567e-10
   1.1718750000000000e-02   5.4002861279421122e-01   5.4002861295043025e-01   1.5621903770579593e-10
   1.9531250000000000e-02   5.0371927435611741e-01   5.0371927449787635e-01   1.4175893792156558e-10
   2.7343750000000000e-02   4.7152762034408208e-01   4.7152762046795738e-01   1.2387529890744986e-10
   3.5156250000000000e-02   4.4389786966087136e-01   4.4389786976418444e-01   1.0331308031297226e-10
   4.2968750000000000e-02   4.2108212637834613e-01   4.2108212645935272e-01   8.1006590324506078e-11
   5.0781250000000000e-02   4.0312808056788263e-01   4.0312808062585054e-01   5.7967908251299605e-11
   5.8593750000000000e-02   3.8987497168510687e-01   3.8987497172034574e-01   3.5238867379661087e-11
   6.6406250000000000e-02   3.8095828894699929e-01   3.8095828896084166e-01   1.3842371693328914e-11
   7.4218750000000000e-02   3.7582324124704319e-01   3.7582324124182759e-01   5.2156057250840604e-12
   8.2031250000000000e-02   3.7374657722139776e-01   3.7374657720028248e-01   2.1115276194194621e-11
   8.9843750000000000e-02   3.7386590284781179e-01   3.7386590281482551e-01   3.2986280373847876e-11
   9.7656250000000000e-02   3.7521525665681288e-01   3.7521525661649385e-01   4.0319025895740879e-11
   1.0546875000000000e-01   3.7676538499227180e-01   3.7676538494951622e-01   4.2755576856734478e-11
   1.1328125000000000e-01   3.7746693032802492e-01   3.7746693028785155e-01   4.0173364634910058e-11
   1.2109375000000000e-01   3.7629461655759794e-01   3.7629461652507762e-01   3.2520319770412698e-11
   1.2890625000000000e-01   3.7229049142025455e-01   3.7229049140016424e-01   2.0090318297860676e-11
   1.3671875000000000e-01   3.6460436555188630e-01   3.6460436554842834e-01   3.4579561436487438e-12
   1.4453125000000000e-01   3.5252976101005856e-01   3.5252976102672906e-01   1.6670498315107807e-11
   1.5234375000000000e-01   3.3553393468905496e-01   3.3553393472866372e-01   3.9608760715736935e-11
   1.6015625000000000e-01   3.1328085464110567e-01   3.1328085470552464e-01   6.4418970158186539e-11
   1.6796875000000000e-01   2.8564635817440059e-01   2.8564635826445373e-01   9.0053131618361704e-11
   1.7578125000000000e-01   2.5272508718601272e-01   2.5272508730145388e-01   1.1544115663397747e-10
   1.8359375000000000e-01   2.1482915705698130e-01   2.1482915719666865e-01   1.3968734502434188e-10
   1.9140625000000000e-01   1.7247885180131589e-01   1.7247885196315058e-01   1.6183468454222805e-10
   1.9921875000000000e-01   1.2638593512772189e-01   1.2638593530874098e-01   1.8101908860757021e-10
   2.0703125000000000e-01   7.7430414395020936e-02   7.7430414591474622e-02   1.9645368665166529e-10
   2.1484375000000000e-01   2.6631786746724104e-02   2.6631786954235272e-02   2.0751116797113056e-10
   2.2265625000000000e-01  -2.4884066785272229e-02  -2.4884066571483773e-02   2.1378845568853500e-10
   2.3046875000000000e-01  -7.5921089648283868e-02  -7.5921089433227243e-02   2.1505662528564784e-10
   2.3828125000000000e-01  -1.2525107418515666e-01  -1.2525107397400520e-01   2.1115145742989228e-10
   2.4609375000000000e-01  -1.7165221839505621e-01  -1.7165221819292686e-01   2.0212934104257840e-10
   2.5390625000000000e-01  -2.1394696610823363e-01  -2.1394696592006204e-01   1.8817158942141532e-10
   2.6171875000000000e-01  -2.5103794188946071e-01  -2.5103794171981830e-01   1.6964241122963131e-10
   2.6953125000000000e-01  -2.8194087291233416e-01  -2.8194087276530161e-01   1.4703255279968630e-10
   2.7734375000000000e-01  -3.0581348912039236e-01  -3.0581348899946875e-01   1.2092360446303019e-10
   2.8515625000000000e-01  -3.2197950993386915e-01  -3.2197950984178703e-01   9.2082119707015408e-11
   2.9296875000000000e-01  -3.2994696212757474e-01  -3.2994696206634855e-01   6.1226190783969514e-11
   3.0078125000000000e-01  -3.2942023187240582e-01  -3.2942023184327823e-01   2.9127589229460682e-11
   3.0859375000000000e-01  -3.2030543683947449e-01  -3.2030543684281804e-01   3.3435476609611214e-12
   3.1640625000000000e-01  -3.0270891304879760e-01  -3.0270891308408687e-01   3.5289271504979070e-11
   3.2421875000000000e-01  -2.7692884483783553e-01  -2.7692884490377701e-01   6.5941474503006248e-11
   3.3203125000000000e-01  -2.4344032079427236e-01  -2.4344032088878548e-01   9.4513119552885883e-11
   3.3984375000000000e-01  -2.0287436594383651e-01  -2.0287436606422199e-01   1.2038547936299437e-10
   3.4765625000000000e-01  -1.5599176942557966e-01  -1.5599176956857685e-01   1.4299719741650563e-10
   3.5546875000000000e-01  -1.0365278264033187e-01  -1.0365278280224950e-01   1.6191763207995535e-10
   3.6328125000000000e-01  -4.6783988526362667e-02  -4.6783988703280238e-02   1.7691757087101578e-10
   3.7109375000000000e-01   1.3656179526131093e-02   1.3656179338232139e-02   1.8789895334103690e-10
   3.7890625000000000e-01   7.6711677447775600e-02   7.6711677252889479e-02   1.9488612112983361e-10
   3.8671875000000000e-01   1.4146122308015449e-01   1.4146122288207502e-01   1.9807946949335076e-10
   3.9453125000000000e-01   2.0704723046308915e-01   2.0704723026521862e-01   1.9787052552011630e-10
   4.0234375000000000e-01   2.7269988267328316e-01   2.7269988247859339e-01   1.9468976431014084e-10
   4.1015625000000000e-01   3.3775515888804991e-01   3.3775515869895972e-01   1.8909018795199017e-10
   4.1796875000000000e-01   4.0166595157961898e-01   4.0166595139796019e-01   1.8165879911435923e-10
   4.2578125000000000e-01   4.6400579515661911e-01   4.6400579498365613e-01   1.7296297727398269e-10
   4.3359375000000000e-01   5.2446515580727204e-01   5.2446515564372720e-01   1.6354484433378502e-10
   4.4140625000000000e-01   5.8284067716594268e-01   5.8284067701202269e-01   1.5391998786640215e-10
   4.4921875000000000e-01   6.3901820860868042e-01   6.3901820846410318e-01   1.4457723906957654e-10
   4.5703125000000000e-01   6.9295083307393057e-01   6.9295083293807924e-01   1.3585133018523265e-10
   4.6484375000000000e-01   7.4463343191371800e-01   7.4463343178591235e-01   1.2780565494807661e-10
   4.7265625000000000e-01   7.9407555223313631e-01   7.9407555211265979e-01   1.2047651765101364e-10
   4.8046875000000000e-01   8.4127446039586073e-01   8.4127446028206831e-01   1.1379241993125788e-10
   4.8828125000000000e-01   8.8619026427833725e-01   8.8619026417080360e-01   1.0753364865223602e-10
   4.9609375000000000e-01   9.2872486514451924e-01   9.2872486504320984e-01   1.0130940530928001e-10
   5.0390625000000000e-01   9.6870626478870125e-01   9.6870626469401722e-01   9.4684038387526925e-11
   5.1171875000000000e-01   1.0058794198108343e+00   1.0058794197235710e+00   8.7263307690932379e-11
   5.1953125000000000e-01   1.0399044241923012e+00   1.0399044241137452e+00   7.8556050553402201e-11
   5.2734375000000000e-01   1.0703623404088549e+00   1.0703623403407609e+00   6.8093974903149501e-11
   5.3515625000000000e-01   1.0967685178673210e+00   1.0967685178117812e+00   5.5539794985293156e-11
   5.4296875000000000e-01   1.1185927660805171e+00   1.1185927660398851e+00   4.0631942255231479e-11
   5.5078125000000000e-01   1.1352853180390055e+00   1.1352853180157780e+00   2.3227419987392750e-11
   5.5859375000000000e-01   1.1463071528322983e+00   1.1463071528289261e+00   3.3721914149964505e-12
   5.6640625000000000e-01   1.1511629670354790e+00   1.1511629670541064e+00   1.8627321907160876e-11
   5.7421875000000000e-01   1.1494349070336343e+00   1.1494349070760357e+00   4.2401415711879054e-11
   5.8203125000000000e-01   1.1408151079393489e+00   1.1408151080068691e+00   6.7520211644023220e-11
   5.8984375000000000e-01   1.1251351308145272e+00   1.1251351309077768e+00   9.3249630239711223e-11
   5.9765625000000000e-01   1.1023905436551928e+00   1.1023905437739294e+00   1.1873657612682109e-10
   6.0546875000000000e-01   1.0727591421758889e+00   1.0727591423190330e+00   1.4314416318939038e-10
   6.1328125000000000e-01   1.0366116379426933e+00   1.0366116381082451e+00   1.6555179449539992e-10
   6.2109375000000000e-01   9.9451403407264638e-01   9.9451403425780882e-01   1.8516244093547130e-10
   6.2890625000000000e-01   9.4722134013238946e-01   9.4722134033353445e-01   2.0114498955337012e-10
   6.3671875000000000e-01   8.9566272426490745e-01   8.9566272447767303e-01   2.1276558292981917e-10
   6.4453125000000000e-01   8.4091863806650324e-01   8.4091863828594504e-01   2.1944179806610009e-10
   6.5234375000000000e-01   7.8419085547005507e-01   7.8419085569089864e-01   2.2084356565699181e-10
   6.6015625000000000e-01   7.2676672008133780e-01   7.2676672029809208e-01   2.1675428119038997e-10
   6.6796875000000000e-01   6.6997917826007480e-01   6.6997917846714372e-01   2.0706891756816503e-10
   6.7578125000000000e-01   6.1516437370688348e-01   6.1516437389893774e-01   1.9205426138313442e-10
   6.8359375000000000e-01   5.6361868379121927e-01   5.6361868396318626e-01   1.7196699619859146e-10
   6.9140625000000000e-01   5.1655708362028718e-01   5.1655708376760356e-01   1.4731638131593172e-10
   6.9921875000000000e-01   4.7507463140839323e-01   4.7507463152719559e-01   1.1880235684103013e-10
   7.0703125000000000e-01   4.4011268387625579e-01   4.4011268396345121e-01   8.7195417552976551e-11
   7.1484375000000000e-01   4.1243118417815994e-01   4.1243118423144398e-01   5.3284043843859763e-11
   7.2265625000000000e-01   3.9258803294346423e-01   3.9258803296146350e-01   1.7999268742130425e-11
   7.3046875000000000e-01   3.8092617514969096e-01   3.8092617513192328e-01   1.7767676219193618e-11
   7.3828125000000000e-01   3.7756863439613975e-01   3.7756863434305660e-01   5.3083148987553841e-11
   7.4609375000000000e-01   3.8242132603442314e-01   3.8242132594729378e-01   8.7129359283011354e-11
   8.7890625000000000e-01   9.8642318333034940e-01   9.8642318320391609e-01   1.2643330826733745e-10
   8.8671875000000000e-01   1.0005455755635801e+00   1.0005455754626462e+00   1.0093392788235178e-10
   8.9453125000000000e-01   1.0081081314172224e+00   1.0081081313431677e+00   7.4054762322361967e-11
   9.0234375000000000e-01   1.0089639331768463e+00   1.0089639331306182e+00   4.6228132433157043e-11
   9.1015625000000000e-01   1.0030991844842858e+00   1.0030991844663331e+00   1.7952750397398631e-11
   9.1796875000000000e-01   9.9063696717745975e-01   9.9063696718781757e-01   1.0357825708240398e-11
   9.2578125000000000e-01   9.7183921069170920e-01   9.7183921072994306e-01   3.8233860522041141e-11
   9.3359375000000000e-01   9.4710617309836709e-01   9.4710617316340495e-01   6.5037863983263833e-11
   9.4140625000000000e-01   9.1697270429996081e-01   9.1697270439014478e-01   9.0183971401813778e-11
   9.4921875000000000e-01   8.8210061596026101e-01   8.8210061607332091e-01   1.1305989477961020e-10
   9.5703125000000000e-01   8.4326662047044987e-01   8.4326662060357038e-01   1.3312051461156216e-10
   9.6484375000000000e-01   8.0134551595399117e-01   8.0134551610364746e-01   1.4965628736263170e-10
   9.7265625000000000e-01   7.5728857206408084e-01   7.5728857222628843e-01   1.6220758070062402e-10
   9.8046875000000000e-01   7.1209739208275624e-01   7.1209739225311797e-01   1.7036172472728595e-10
   9.8828125000000000e-01   6.6679386607079649e-01   6.6679386624469694e-01   1.7390044959597617e-10
   9.9609375000000000e-01   6.2238716057540655e-01   6.2238716074806033e-01   1.7265378016162458e-10
   7.5390625000000000e-01   3.9518310594643874e-01   3.9518310582728200e-01   1.1915674003049048e-10
   7.6171875000000000e-01   4.1536218538941794e-01   4.1536218524101631e-01   1.4840162432250281e-10
   7.6953125000000000e-01   4.4229778387169133e-01   4.4229778369738376e-01   1.7430756837910621e-10
   7.7734375000000000e-01   4.7518571635502888e-01   4.7518571615853794e-01   1.9649093463414147e-10
   7.8515625000000000e-01   5.1310652709235938e-01   5.1310652687772706e-01   2.1463231192342391e-10
   7.9296875000000000e-01   5.5505479219194365e-01   5.5505479196354313e-01   2.2840052071870787e-10
   8.0078125000000000e-01   5.9996831155107777e-01   5.9996831131332362e-01   2.3775414970117481e-10
   8.0859375000000000e-01   6.4675608632443415e-01   6.4675608608164870e-01   2.4278545840417110e-10
   8.1640625000000000e-01   6.9432421287645540e-01   6.9432421263287825e-01   2.4357715844303129e-10
   8.2421875000000000e-01   7.4159909602295571e-01   7.4159909578263716e-01   2.4031854284345400e-10
   8.3203125000000000e-01   7.8754766848959545e-01   7.8754766825641076e-01   2.3318469377642259e-10
   8.3984375000000000e-01   8.3119457462841950e-01   8.3119457440593270e-01   2.2248680675573951e-10
   8.4765625000000000e-01   8.7163651101306283e-01   8.7163651080451354e-01   2.0854928894920022e-10
   8.5546875000000000e-01   9.0805409491386402e-01   9.0805409472215270e-01   1.9171131349082771e-10
   8.6328125000000000e-01   9.3972173980525608e-01   9.3972173963310712e-01   1.7214896175232752e-10
   8.7109375000000000e-01   9.6601604786454964e-01   9.6601604771429339e-01   1.5025625188513914e-10
