#                  Coord.                Numerical               Analytical                    Error
   3.9062500000000000e-03   2.8086720608843641e-01   2.8086720607771976e-01   1.0716649789799249e-11
   1.1718750000000000e-02   2.9412106287437917e-01   2.9412106286766726e-01   6.7119088065226151e-12
   1.9531250000000000e-02   2.9874210955231051e-01   2.9874210954978342e-01   2.5270896486517813e-12
   2.7343750000000000e-02   2.9450177677557277e-01   2.9450177677731609e-01   1.7433277044176521e-12
   3.5156250000000000e-02   2.8136723107214445e-01   2.8136723107818723e-01   6.0427773895810333e-12
   4.2968750000000000e-02   2.5949308615895034e-01   2.5949308616925354e-01   1.0303202735428840e-11
   5.0781250000000000e-02   2.2920849184065331e-01   2.2920849185512807e-01   1.4474754728155403e-11
   5.8593750000000000e-02   1.9100030718429747e-01   1.9100030720273103e-01   1.8433560233788171e-11
   6.6406250000000000e-02   1.4549320462251758e-01   1.4549320464461646e-01   2.2098878282861278e-11
   7.4218750000000000e-02   9.3427647418264384e-02   9.3427647443661457e-02   2.5397073333266462e-11
   8.2031250000000000e-02   3.5636725266886125e-02   3.5636725295134689e-02   2.8248563210819810e-11
   8.9843750000000000e-02  -2.6977183746673489e-02  -2.6977183716063797e-02   3.0609691864524891e-11
   9.7656250000000000e-02  -9.3465032777440435e-02  -9.3465032744988560e-02   3.2451874520944557e-11
   1.0546875000000000e-01  -1.6285224656861305e-01  -1.6285224653484592e-01   3.3767127982642364e-11
   1.1328125000000000e-01  -2.3415779807518494e-01  -2.3415779804072159e-01   3.4463348841384800e-11
   1.2109375000000000e-01  -3.0641084420179254e-01  -3.0641084416717429e-01   3.4618252708895625e-11
   1.2890625000000000e-01  -3.7866476385700182e-01  -3.7866476382274206e-01   3.4259761694244162e-11
   1.3671875000000000e-01  -4.5000865543093194e-01  -4.5000865539753765e-01   3.3394287335397621e-11
   1.4453125000000000e-01  -5.1957653884883248e-01  -5.1957653881672938e-01   3.2103097957758564e-11
   1.5234375000000000e-01  -5.8655465227422654e-01  -5.8655465224376169e-01   3.0464852862621683e-11
   1.6015625000000000e-01  -6.5018732204768614e-01  -6.5018732201919194e-01   2.8494206993912030e-11
   1.6796875000000000e-01  -7.0978190874984404e-01  -7.0978190872360913e-01   2.6234903138799837e-11
   1.7578125000000000e-01  -7.6471329103227237e-01  -7.6471329100852781e-01   2.3744561872263148e-11
   1.8359375000000000e-01  -8.1442824752209519e-01  -8.1442824750095610e-01   2.1139090478072831e-11
   1.9140625000000000e-01  -8.5844994754996595e-01  -8.5844994753159065e-01   1.8375301280570966e-11
   1.9921875000000000e-01  -8.9638258091106748e-01  -8.9638258089556255e-01   1.5504930672705086e-11
   2.0703125000000000e-01  -9.2791596629555517e-01  -9.2791596628292039e-01   1.2634782109444131e-11
   2.1484375000000000e-01  -9.5282980000439566e-01  -9.5282979999460615e-01   9.7895025419347803e-12
   2.2265625000000000e-01  -9.7099706301402910e-01  -9.7099706300714739e-01   6.8817174181390328e-12
   2.3046875000000000e-01  -9.8238601432014849e-01  -9.8238601431625183e-01   3.8966607718293744e-12
   2.3828125000000000e-01  -9.8706017571505500e-01  -9.8706017571408100e-01   9.7399865950364983e-13
   2.4609375000000000e-01  -9.8517576506975046e-01  -9.8517576507156923e-01   1.8187673589409314e-12
   2.5390625000000000e-01  -9.7697616157079881e-01  -9.7697616157529688e-01   4.4980685842688217e-12
   2.6171875000000000e-01  -9.6278317918247780e-01  -9.6278317918958245e-01   7.1046502014837642e-12
   2.6953125000000000e-01  -9.4298516860372472e-01  -9.4298516861325943e-01   9.5347063577833069e-12
   2.7734375000000000e-01  -9.1802224193426907e-01  -9.1802224194597259e-01   1.1703527036388550e-11
   2.8515625000000000e-01  -8.8836919283673799e-01  -8.8836919285032923e-01   1.3591239245158704e-11
   2.9296875000000000e-01  -8.5451694110260401e-01  -8.5451694111777377e-01   1.5169754341570751e-11
   3.0078125000000000e-01  -8.1695353790556569e-01  -8.1695353792197944e-01   1.6413759240663239e-11
   3.0859375000000000e-01  -7.7614590366544367e-01  -7.7614590368269898e-01   1.7255308293329108e-11
   3.1640625000000000e-01  -7.3252351692366491e-01  -7.3252351694137974e-01   1.7714829603221460e-11
   3.2421875000000000e-01  -6.8646521987431619e-01  -6.8646521989217557e-01   1.7859380641027656e-11
   3.3203125000000000e-01  -6.3829015262268463e-01  -6.3829015264039701e-01   1.7712387112567285e-11
   3.3984375000000000e-01  -5.8825358115867177e-01  -5.8825358117594162e-01   1.7269852214951698e-11
   3.4765625000000000e-01  -5.3654805921665216e-01  -5.3654805923324800e-01   1.6595835816701765e-11
   3.5546875000000000e-01  -4.8330998473790032e-01  -4.8330998475366749e-01   1.5767165351121548e-11
   3.6328125000000000e-01  -4.2863120613946010e-01  -4.2863120615436767e-01   1.4907575174305521e-11
   3.7109375000000000e-01  -3.7257493377835882e-01  -3.7257493379241280e-01   1.4053980201822469e-11
   3.7890625000000000e-01  -3.1519485019000665e-01  -3.1519485020327376e-01   1.3267109633119389e-11
   3.8671875000000000e-01  -2.5655601905895242e-01  -2.5655601907160086e-01   1.2648437852647021e-11
   3.9453125000000000e-01  -1.9675599298805327e-01  -1.9675599300025526e-01   1.2201989418869630e-11
   4.0234375000000000e-01  -1.3594443272137960e-01  -1.3594443273331852e-01   1.1938922073184699e-11
   4.1015625000000000e-01  -7.4339585925485091e-02  -7.4339585937316877e-02   1.1831785551308371e-11
   4.1796875000000000e-01  -1.2240133028839700e-02  -1.2240133040675377e-02   1.1835676536064987e-11
   4.2578125000000000e-01   4.9968817406804630e-02   4.9968817394929047e-02   1.1875583849629834e-11
   4.3359375000000000e-01   1.1181642799748247e-01   1.1181642798557356e-01   1.1908904418156396e-11
   4.4140625000000000e-01   1.7275392394119982e-01   1.7275392392938110e-01   1.1818712675193410e-11
   4.4921875000000000e-01   2.3216938422755257e-01   2.3216938421601332e-01   1.1539241784319643e-11
   4.5703125000000000e-01   2.8940894185565641e-01   2.8940894184465149e-01   1.1004919198143170e-11
   4.6484375000000000e-01   3.4380332999958840e-01   3.4380332998937008e-01   1.0218326185196247e-11
   4.7265625000000000e-01   3.9469829852613647e-01   3.9469829851697275e-01   9.1637253341048108e-12
   4.8046875000000000e-01   4.4148710196943958e-01   4.4148710196166685e-01   7.7727269065519522e-12
   4.8828125000000000e-01   4.8364304945110853e-01   4.8364304944503606e-01   6.0724758554897562e-12
   4.9609375000000000e-01   5.2075002488716715e-01   5.2075002488300559e-01   4.1615599855049368e-12
   5.0390625000000000e-01   5.5252893921613755e-01   5.5252893921400870e-01   2.1288526497187377e-12
   5.1171875000000000e-01   5.7885826326319645e-01   5.7885826326316747e-01   2.8976820942716586e-14
   5.1953125000000000e-01   5.9978709926747487e-01   5.9978709926952045e-01   2.0455859228718509e-12
   5.2734375000000000e-01   6.1553966201523136e-01   6.1553966201919397e-01   3.9626080194921087e-12
   5.3515625000000000e-01   6.2651053120492584e-01   6.2651053121053601e-01   5.6101789880358410e-12
   5.4296875000000000e-01   6.3325057446143074e-01   6.3325057446838195e-01   6.9512173794805676e-12
   5.5078125000000000e-01   6.3644399181630862e-01   6.3644399182421729e-01   7.9086737159173026e-12
   5.5859375000000000e-01   6.3687746336416551e-01   6.3687746337260531e-01   8.4398044108979775e-12
   5.6640625000000000e-01   6.3540285967718690e-01   6.3540285968570842e-01   8.5215168255103890e-12
   5.7421875000000000e-01   6.3289537055783429e-01   6.3289537056593215e-01   8.0978557193134293e-12
   5.8203125000000000e-01   6.3020919840771816e-01   6.3020919841488687e-01   7.1687100700046358e-12
   5.8984375000000000e-01   6.2813313126039705e-01   6.2813313126622539e-01   5.8283378123746843e-12
   5.9765625000000000e-01   6.2734834841565867e-01   6.2734834841980913e-01   4.1504577552586852e-12
   6.0546875000000000e-01   6.2839071770776578e-01   6.2839071770995958e-01   2.1938006966593093e-12
   6.1328125000000000e-01   6.3161962468414434e-01   6.3161962468413324e-01   1.1102230246251565e-14
   6.2109375000000000e-01   6.3719504448753028e-01   6.3719504448518205e-01   2.3482327193846686e-12
   6.2890625000000000e-01   6.4506414721443328e-01   6.4506414720975924e-01   4.6740389336719090e-12
   6.3671875000000000e-01   6.5495824177145534e-01   6.5495824176457351e-01   6.8818284404414953e-12
   6.4453125000000000e-01   6.6640033951888500e-01   6.6640033951003652e-01   8.8484775062624976e-12
   6.5234375000000000e-01   6.7872308620276756e-01   6.7872308619234745e-01   1.0420109219921869e-11
   6.6015625000000000e-01   6.9109629719783050e-01   6.9109629718627208e-01   1.1558420887070042e-11
   6.6796875000000000e-01   7.0256286313702443e-01   7.0256286312487581e-01   1.2148615446960775e-11
   6.7578125000000000e-01   7.1208139331940135e-01   7.1208139330720510e-01   1.2196244014717195e-11
   6.8359375000000000e-01   7.1857365107085747e-01   7.1857365105920556e-01   1.1651901665743480e-11
   6.9140625000000000e-01   7.2097462146988145e-01   7.2097462145935287e-01   1.0528578009427747e-11
   6.9921875000000000e-01   7.1828294496876000e-01   7.1828294495993261e-01   8.8273832687946197e-12
   7.0703125000000000e-01   7.0960945229479322e-01   7.0960945228823025e-01   6.5629723877691504e-12
   7.1484375000000000e-01   6.9422164315589596e-01   6.9422164315201262e-01   3.8833380955338725e-12
   7.2265625000000000e-01   6.7158215544931155e-01   6.7158215544835953e-01   9.5201624361607173e-13
   7.3046875000000000e-01   6.4137956049756006e-01   6.4137956049976053e-01   2.2004620348070603e-12
   7.3828125000000000e-01   6.0355017757461238e-01   6.0355017758011609e-01   5.5037085999742885e-12
   7.4609375000000000e-01   5.5829000939708273e-01   5.5829000940582851e-01   8.7457818764846706e-12
   8.7890625000000000e-01  -3.1375975150313434e-01  -3.1375975151291058e-01   9.7762353767905097e-12
   8.8671875000000000e-01  -3.0614950884869757e-01  -3.0614950886244024e-01   1.3742673665717575e-11
   8.9453125000000000e-01  -2.8927606599851696e-01  -2.8927606601592820e-01   1.7411239117137711e-11
   9.0234375000000000e-01  -2.6385339722054191e-01  -2.6385339724118945e-01   2.0647539233920043e-11
   9.1015625000000000e-01  -2.3080608173584771e-01  -2.3080608175923262e-01   2.3384905123435829e-11
   9.1796875000000000e-01  -1.9124106038095695e-01  -1.9124106040652189e-01   2.5564939054589786e-11
   9.2578125000000000e-01  -1.4641523337198067e-01  -1.4641523339912049e-01   2.7139818170596186e-11
   9.3359375000000000e-01  -9.7699977236943736e-02  -9.7699977265054153e-02   2.8110416772086921e-11
   9.4140625000000000e-01  -4.6543673890666541e-02  -4.6543673919056845e-02   2.8390303996594923e-11
   9.4921875000000000e-01   5.5666663000649317e-03   5.5666662720780906e-03   2.7986841143190500e-11
   9.5703125000000000e-01   5.7143637105587557e-02   5.7143637078605578e-02   2.6981979150964008e-11
   9.6484375000000000e-01   1.0673652193252649e-01   1.0673652190704393e-01   2.5482560506162599e-11
   9.7265625000000000e-01   1.5296629083247953e-01   1.5296629080904009e-01   2.3439444829520539e-11
   9.8046875000000000e-01   1.9455764224727543e-01   1.9455764222642893e-01   2.0846491199932871e-11
   9.8828125000000000e-01   2.3036731182069939e-01   2.3036731180287121e-01   1.7828183374035689e-11
   9.9609375000000000e-01   2.5940797639005453e-01   2.5940797637562379e-01   1.4430734385229016e-11
   7.5390625000000000e-01   5.0605633947295647e-01   5.0605633948470086e-01   1.1744383243694756e-11
   7.6171875000000000e-01   4.4755898160985808e-01   4.4755898162433300e-01   1.4474921261609097e-11
   7.6953125000000000e-01   3.8374161099725651e-01   3.8374161101412230e-01   1.6865786545139372e-11
   7.7734375000000000e-01   3.1575401558559274e-01   3.1575401560437155e-01   1.8778811838870979e-11
   7.8515625000000000e-01   2.4491646828406768e-01   2.4491646830409280e-01   2.0025120450739564e-11
   7.9296875000000000e-01   1.7267771965125062e-01   1.7267771967183143e-01   2.0580814830140071e-11
   8.0078125000000000e-01   1.0056833538499027e-01   1.0056833540551029e-01   2.0520016241754035e-11
   8.0859375000000000e-01   3.0151244995349644e-02   3.0151245015171680e-02   1.9822036373406959e-11
   8.1640625000000000e-01  -3.7028576217390308e-02  -3.7028576198981464e-02   1.8408843893702453e-11
   8.2421875000000000e-01  -9.9493399684756761e-02  -9.9493399668458854e-02   1.6297907468043604e-11
   8.3203125000000000e-01  -1.5587922890908507e-01  -1.5587922889547051e-01   1.3614553928675832e-11
   8.3984375000000000e-01  -2.0497787786736008e-01  -2.0497787785697347e-01   1.0386608240153805e-11
   8.4765625000000000e-01  -2.4577328342852942e-01  -2.4577328342181334e-01   6.7160721428649595e-12
   8.5546875000000000e-01  -2.7747097694152739e-01  -2.7747097693875827e-01   2.7691182680200654e-12
   8.6328125000000000e-01  -2.9951995105895307e-01  -2.9951995106033685e-01   1.3837819778927951e-12
   8.7109375000000000e-01  -3.1162647829945106e-01  -3.1162647830506945e-01   5.6183946384180672e-12
