#                  Coord.                Numerical               Analytical                    Error
   3.9062500000000000e-03   7.2923140732164782e-01   7.2923140744333370e-01   1.2168588359173782e-10
   1.1718750000000000e-02   6.6828311477200186e-01   6.6828311488823300e-01   1.1623113582714950e-10
   1.9531250000000000e-02   6.0979364454562779e-01   6.0979364465318808e-01   1.0756029400482703e-10
   2.7343750000000000e-02   5.5512772403036403e-01   5.5512772412620071e-01   9.5836671931692763e-11
   3.5156250000000000e-02   5.0556322222515659e-01   5.0556322230645656e-01   8.1299966758763276e-11
   4.2968750000000000e-02   4.6225610960007690e-01   4.6225610966433434e-01   6.4257432708103579e-11
   5.0781250000000000e-02   4.2620799860959835e-01   4.2620799865474468e-01   4.5146331117962291e-11
   5.8593750000000000e-02   3.9823762894848297e-01   3.9823762897298665e-01   2.4503676865350599e-11
   6.6406250000000000e-02   3.7895750627394303e-01   3.7895750627688091e-01   2.9378721677630892e-12
   7.4218750000000000e-02   3.6875668283283203e-01   3.6875668281393448e-01   1.8897550191354640e-11
   8.2031250000000000e-02   3.6779040002353497e-01   3.6779039998319929e-01   4.0335679241110256e-11
   8.9843750000000000e-02   3.7597701551236634e-01   3.7597701545157947e-01   6.0786875533125340e-11
   9.7656250000000000e-02   3.9300233073164159e-01   3.9300233065204343e-01   7.9598161395466605e-11
   1.0546875000000000e-01   4.1833113676680678e-01   4.1833113667068522e-01   9.6121555159811578e-11
   1.1328125000000000e-01   4.5122552341592209e-01   4.5122552330605870e-01   1.0986339615826068e-10
   1.2109375000000000e-01   4.9076925940941224e-01   4.9076925928893878e-01   1.2047346453769592e-10
   1.2890625000000000e-01   5.3589735889729051e-01   5.3589735876969136e-01   1.2759915346549633e-10
   1.3671875000000000e-01   5.8542980346282969e-01   5.8542980333178096e-01   1.3104872742530915e-10
   1.4453125000000000e-01   6.3810828932750485e-01   6.3810828919663609e-01   1.3086876027301741e-10
   1.5234375000000000e-01   6.9263481227895507e-01   6.9263481215177214e-01   1.2718293085356436e-10
   1.6015625000000000e-01   7.4771088250722118e-01   7.4771088238708117e-01   1.2014000905224975e-10
   1.6796875000000000e-01   8.0207617166427725e-01   8.0207617155428201e-01   1.0999523514243492e-10
   1.7578125000000000e-01   8.5454542928880606e-01   8.5454542919165033e-01   9.7155727907249911e-11
   1.8359375000000000e-01   9.0404256095252922e-01   9.0404256087035340e-01   8.2175821702890062e-11
   1.9140625000000000e-01   9.4963083383198055e-01   9.4963083376637925e-01   6.5601302168261100e-11
   1.9921875000000000e-01   9.9053826685400070e-01   9.9053826680611679e-01   4.7883919052083002e-11
   2.0703125000000000e-01   1.0261773740043094e+00   1.0261773739746636e+00   2.9645841337355705e-11
   2.1484375000000000e-01   1.0561585639912514e+00   1.0561585639796855e+00   1.1565859381335031e-11
   2.2265625000000000e-01   1.0802966606812079e+00   1.0802966606870079e+00   5.8000271252467428e-12
   2.3046875000000000e-01   1.0986101991865378e+00   1.0986101992084869e+00   2.1949109196839345e-11
   2.3828125000000000e-01   1.1113133728561266e+00   1.1113133728925459e+00   3.6419312010593785e-11
   2.4609375000000000e-01   1.1188007544445455e+00   1.1188007544931491e+00   4.8603565616645028e-11
   2.5390625000000000e-01   1.1216251846243526e+00   1.1216251846825196e+00   5.8167026750766126e-11
   2.6171875000000000e-01   1.1204695032029153e+00   1.1204695032677092e+00   6.4793947984753686e-11
   2.6953125000000000e-01   1.1161130798630989e+00   1.1161130799313708e+00   6.8271832631694451e-11
   2.7734375000000000e-01   1.1093943661787524e+00   1.1093943662471744e+00   6.8421934784623772e-11
   2.8515625000000000e-01   1.1011709216856267e+00   1.1011709217509504e+00   6.5323746412104811e-11
   2.9296875000000000e-01   1.0922785464220579e+00   1.0922785464811260e+00   5.9068083757551904e-11
   3.0078125000000000e-01   1.0834912645875090e+00   1.0834912646373631e+00   4.9854120831582804e-11
   3.0859375000000000e-01   1.0754839358807353e+00   1.0754839359188395e+00   3.8104186472764923e-11
   3.1640625000000000e-01   1.0687992142232980e+00   1.0687992142475415e+00   2.4243496099529693e-11
   3.2421875000000000e-01   1.0638204250242940e+00   1.0638204250331824e+00   8.8884455351490033e-12
   3.3203125000000000e-01   1.0607516950856466e+00   1.0607516950783120e+00   7.3345773898836342e-12
   3.3984375000000000e-01   1.0596063530426365e+00   1.0596063530189281e+00   2.3708368601660368e-11
   3.4765625000000000e-01   1.0602042379496956e+00   1.0602042379102048e+00   3.9490855030521743e-11
   3.5546875000000000e-01   1.0621781290763683e+00   1.0621781290222694e+00   5.4098947543934628e-11
   3.6328125000000000e-01   1.0649890644018734e+00   1.0649890643350168e+00   6.6856520319902302e-11
   3.7109375000000000e-01   1.0679498737223505e+00   1.0679498736451645e+00   7.7186035341014758e-11
   3.7890625000000000e-01   1.0702558398270992e+00   1.0702558397424948e+00   8.4604323546955129e-11
   3.8671875000000000e-01   1.0710210413748595e+00   1.0710210412859613e+00   8.8898222116995385e-11
   3.9453125000000000e-01   1.0693186443135370e+00   1.0693186442236091e+00   8.9927842950032755e-11
   4.0234375000000000e-01   1.0642232109918324e+00   1.0642232109042062e+00   8.7626128575379880e-11
   4.1015625000000000e-01   1.0548529983401325e+00   1.0548529982579615e+00   8.2170936721581711e-11
   4.1796875000000000e-01   1.0404102237561843e+00   1.0404102236823494e+00   7.3834938163486186e-11
   4.2578125000000000e-01   1.0202173888838675e+00   1.0202173888208859e+00   6.2981619919355580e-11
   4.3359375000000000e-01   9.9374796097280094e-01   9.9374796092271267e-01   5.0088266867476250e-11
   4.4140625000000000e-01   9.6065000751286500e-01   9.6065000747712048e-01   3.5744518456226615e-11
   4.4921875000000000e-01   9.2076174656188881e-01   9.2076174654136833e-01   2.0520474208751693e-11
   4.5703125000000000e-01   8.7411839338641573e-01   8.7411839338153463e-01   4.8810955277645007e-12
   4.6484375000000000e-01   8.2095013201636358e-01   8.2095013202694866e-01   1.0585088361381167e-11
   4.7265625000000000e-01   7.6167149497211217e-01   7.6167149499748210e-01   2.5369928380314377e-11
   4.8046875000000000e-01   6.9686287230622290e-01   6.9686287234527033e-01   3.9047431954486456e-11
   4.8828125000000000e-01   6.2724526947305315e-01   6.2724526952438431e-01   5.1331161543544113e-11
   4.9609375000000000e-01   5.5364977141222027e-01   5.5364977147420091e-01   6.1980642840353539e-11
   5.0390625000000000e-01   4.7698342936918353e-01   4.7698342943999589e-01   7.0812355978944197e-11
   5.1171875000000000e-01   3.9819345283803437e-01   3.9819345291577030e-01   7.7735928805111598e-11
   5.1953125000000000e-01   3.1823165159743272e-01   3.1823165168026757e-01   8.2834850090307555e-11
   5.2734375000000000e-01   2.3802102737563080e-01   2.3802102746184386e-01   8.6213064465212597e-11
   5.3515625000000000e-01   1.5842626224762732e-01   1.5842626233565929e-01   8.8031970602031606e-11
   5.4296875000000000e-01   8.0229598486106349e-02   8.0229598574706337e-02   8.8599988457005452e-11
   5.5078125000000000e-01   4.1132652675973545e-03   4.1132653557882015e-03   8.8190846986302418e-11
   5.5859375000000000e-01  -6.9350800077371419e-02  -6.9350799990282277e-02   8.7089141453944308e-11
   5.6640625000000000e-01  -1.3970364142256475e-01  -1.3970364133696575e-01   8.5599000110292423e-11
   5.7421875000000000e-01  -2.0659456015511321e-01  -2.0659456007107152e-01   8.4041690273650715e-11
   5.8203125000000000e-01  -2.6976961555442014e-01  -2.6976961547172096e-01   8.2699180836698361e-11
   5.8984375000000000e-01  -3.2905440777655959e-01  -3.2905440769477862e-01   8.1780970884182125e-11
   5.9765625000000000e-01  -3.8433255682864859e-01  -3.8433255674726019e-01   8.1388396022674669e-11
   6.0546875000000000e-01  -4.3552155566200729e-01  -4.3552155558043337e-01   8.1573914290089533e-11
   6.1328125000000000e-01  -4.8254783204554175e-01  -4.8254783196321471e-01   8.2327034078844008e-11
   6.2109375000000000e-01  -5.2532289097607232e-01  -5.2532289089255524e-01   8.3517082138939713e-11
   6.2890625000000000e-01  -5.6372232369268049e-01  -5.6372232360780095e-01   8.4879547834759705e-11
   6.3671875000000000e-01  -5.9756926585777559e-01  -5.9756926577165359e-01   8.6121998421617718e-11
   6.4453125000000000e-01  -6.2662357926999601e-01  -6.2662357918307698e-01   8.6919027530996118e-11
   6.5234375000000000e-01  -6.5057763905750865e-01  -6.5057763897064413e-01   8.6864515580487023e-11
   6.6015625000000000e-01  -6.6905915812391747e-01  -6.6905915803823335e-01   8.5684126460705556e-11
   6.6796875000000000e-01  -6.8164100328289368e-01  -6.8164100319985887e-01   8.3034801257042545e-11
   6.7578125000000000e-01  -6.8785748557428983e-01  -6.8785748549569903e-01   7.8590800534072969e-11
   6.8359375000000000e-01  -6.8722617285539533e-01  -6.8722617278328568e-01   7.2109651583218692e-11
   6.9140625000000000e-01  -6.7927390531725329e-01  -6.7927390525372411e-01   6.3529181915100708e-11
   6.9921875000000000e-01  -6.6356541861676166e-01  -6.6356541856390472e-01   5.2856941046286465e-11
   7.0703125000000000e-01  -6.3973281271238691e-01  -6.3973281267219528e-01   4.0191627803665142e-11
   7.1484375000000000e-01  -6.0750405718239553e-01  -6.0750405715667510e-01   2.5720425789188539e-11
   7.2265625000000000e-01  -5.6672879711841262e-01  -5.6672879710858615e-01   9.8264729686547980e-12
   7.3046875000000000e-01  -5.1739991031910726e-01  -5.1739991032623456e-01   7.1272987511861174e-12
   7.3828125000000000e-01  -4.5966955113075064e-01  -4.5966955115540931e-01   2.4658663999588271e-11
   7.4609375000000000e-01  -3.9385877676491621e-01  -3.9385877680722614e-01   4.2309933334649941e-11
   8.7890625000000000e-01   1.0628861897251902e+00   1.0628861896576842e+00   6.7506000789308018e-11
   8.8671875000000000e-01   1.1069587984111868e+00   1.1069587983592200e+00   5.1966875247444477e-11
   8.9453125000000000e-01   1.1413406964556430e+00   1.1413406964199837e+00   3.5659253327935403e-11
   9.0234375000000000e-01   1.1657877691802851e+00   1.1657877691615055e+00   1.8779644506139448e-11
   9.1015625000000000e-01   1.1801938775330512e+00   1.1801938775314753e+00   1.5758505611529472e-12
   9.1796875000000000e-01   1.1845946379010228e+00   1.1845946379166514e+00   1.5628609517648329e-11
   9.2578125000000000e-01   1.1791711000373897e+00   1.1791711000699852e+00   3.2595481869179821e-11
   9.3359375000000000e-01   1.1642529529404231e+00   1.1642529529895120e+00   4.9088955123011146e-11
   9.4140625000000000e-01   1.1403206922741909e+00   1.1403206923389786e+00   6.4787730735815785e-11
   9.4921875000000000e-01   1.1080060407311851e+00   1.1080060408105208e+00   7.9335649161293986e-11
   9.5703125000000000e-01   1.0680898414999151e+00   1.0680898415922644e+00   9.2349239366740221e-11
   9.6484375000000000e-01   1.0214966549619644e+00   1.0214966550655298e+00   1.0356537849531833e-10
   9.7265625000000000e-01   9.6928538256927999e-01   9.6928538268190767e-01   1.1262768495612363e-10
   9.8046875000000000e-01   9.1263541441107043e-01   9.1263541453027142e-01   1.1920098241802179e-10
   9.8828125000000000e-01   8.5282803586071343e-01   8.5282803598377055e-01   1.2305712004945235e-10
   9.9609375000000000e-01   7.9122311539227907e-01   7.9122311551620861e-01   1.2392953330220280e-10
   7.5390625000000000e-01  -3.2046026105651365e-01  -3.2046026111605369e-01   5.9540039565320058e-11
   7.6171875000000000e-01  -2.4013402820105847e-01  -2.4013402827696745e-01   7.5908973551364056e-11
   7.6953125000000000e-01  -1.5369655413460967e-01  -1.5369655422555148e-01   9.0941809638422910e-11
   7.7734375000000000e-01  -6.2103956653136699e-02  -6.2103956757400630e-02   1.0426393082241248e-10
   7.8515625000000000e-01   3.3569698268964637e-02   3.3569698153434552e-02   1.1553008549824995e-10
   7.9296875000000000e-01   1.3215772683276220e-01   1.3215772670826934e-01   1.2449286046489760e-10
   8.0078125000000000e-01   2.3242842676289918e-01   2.3242842663191576e-01   1.3098341855588558e-10
   8.0859375000000000e-01   3.3311356089887484e-01   3.3311356076397181e-01   1.3490303318874908e-10
   8.1640625000000000e-01   4.3293642274428884e-01   4.3293642260807852e-01   1.3621032080024520e-10
   8.2421875000000000e-01   5.3063835190089581e-01   5.3063835176593432e-01   1.3496148643099559e-10
   8.3203125000000000e-01   6.2500280670496222e-01   6.2500280657366236e-01   1.3129985987347936e-10
   8.3984375000000000e-01   7.1487638624553629e-01   7.1487638612021809e-01   1.2531820026140394e-10
   8.4765625000000000e-01   7.9918649749569171e-01   7.9918649737855363e-01   1.1713807701596579e-10
   8.5546875000000000e-01   8.7695565799102337e-01   8.7695565788395624e-01   1.0706713293728853e-10
   8.6328125000000000e-01   9.4731268444170413e-01   9.4731268434638671e-01   9.5317420623075577e-11
   8.7109375000000000e-01   1.0095012208354719e+00   1.0095012207534229e+00   8.2049034233477869e-11
