#                  Coord.                Numerical               Analytical                    Error
   3.9062500000000000e-03  -2.2671814514473357e-01  -2.2671814513327815e-01   1.1455419945960443e-11
   1.1718750000000000e-02  -1.8675761426452042e-01  -1.8675761425497192e-01   9.5485008788642745e-12
   1.9531250000000000e-02  -1.5246353601294388e-01  -1.5246353600542806e-01   7.5158212986536910e-12
   2.7343750000000000e-02  -1.2447766755293566e-01  -1.2447766754754792e-01   5.3877319272643831e-12
   3.5156250000000000e-02  -1.0330489275961909e-01  -1.0330489275644200e-01   3.1770835962063870e-12
   4.2968750000000000e-02  -8.9311516576801656e-02  -8.9311516575867222e-02   9.3443308646357082e-13
   5.0781250000000000e-02  -8.2725687878171764e-02  -8.2725687879465312e-02   1.2935486015663855e-12
   5.8593750000000000e-02  -8.3639247189779248e-02  -8.3639247193282695e-02   3.5034475320827596e-12
   6.6406250000000000e-02  -9.2010394569173551e-02  -9.2010394574816787e-02   5.6432358785940551e-12
   7.4218750000000000e-02  -1.0766673429555712e-01  -1.0766673430321171e-01   7.6545852989440277e-12
   8.2031250000000000e-02  -1.3030845793336215e-01  -1.3030845794289997e-01   9.5378149822522573e-12
   8.9843750000000000e-02  -1.5951165312775079e-01  -1.5951165313901039e-01   1.1259604359992181e-11
   9.7656250000000000e-02  -1.9473194772563096e-01  -1.9473194773843139e-01   1.2800427384718205e-11
   1.0546875000000000e-01  -2.3530889341006850e-01  -2.3530889342419342e-01   1.4124923453096017e-11
   1.1328125000000000e-01  -2.8047163840481543e-01  -2.8047163842000666e-01   1.5191237157097248e-11
   1.2109375000000000e-01  -3.2934651779865304e-01  -3.2934651781463858e-01   1.5985546220065316e-11
   1.2890625000000000e-01  -3.8096719150253144e-01  -3.8096719151900327e-01   1.6471823904851135e-11
   1.3671875000000000e-01  -4.3428787969575194e-01  -4.3428787971236488e-01   1.6612933251280992e-11
   1.4453125000000000e-01  -4.8820008728005626e-01  -4.8820008729646014e-01   1.6403878255744075e-11
   1.5234375000000000e-01  -5.4155298311872591e-01  -5.4155298313455980e-01   1.5833889754901520e-11
   1.6015625000000000e-01  -5.9317732397839784e-01  -5.9317732399327661e-01   1.4878764886816498e-11
   1.6796875000000000e-01  -6.4191250948817158e-01  -6.4191250950172085e-01   1.3549272814827873e-11
   1.7578125000000000e-01  -6.8663604866125449e-01  -6.8663604867314876e-01   1.1894263352019152e-11
   1.8359375000000000e-01  -7.2629443717322617e-01  -7.2629443718316200e-01   9.9358299365803759e-12
   1.9140625000000000e-01  -7.5993421293907326e-01  -7.5993421294677288e-01   7.6996187203803856e-12
   1.9921875000000000e-01  -7.8673179733815024e-01  -7.8673179734340171e-01   5.2514659287794530e-12
   2.0703125000000000e-01  -8.0602065701139836e-01  -8.0602065701404624e-01   2.6478819137309983e-12
   2.1484375000000000e-01  -8.1731434591071972e-01  -8.1731434591073349e-01   1.3766765505351941e-14
   2.2265625000000000e-01  -8.2032411088515866e-01  -8.2032411088257373e-01   2.5849322682347520e-12
   2.3046875000000000e-01  -8.1496996031325064e-01  -8.1496996030814439e-01   5.1062487571584825e-12
   2.3828125000000000e-01  -8.0138439055996258e-01  -8.0138439055249278e-01   7.4698025542829782e-12
   2.4609375000000000e-01  -7.7990831961790208e-01  -7.7990831960832374e-01   9.5783381226510755e-12
   2.5390625000000000e-01  -7.5107916702700639e-01  -7.5107916701561062e-01   1.1395773213962457e-11
   2.6171875000000000e-01  -7.1561141755619628e-01  -7.1561141754329838e-01   1.2897904966280294e-11
   2.6953125000000000e-01  -6.7437038658155313e-01  -6.7437038656757764e-01   1.3975487433981471e-11
   2.7734375000000000e-01  -6.2834024310918579e-01  -6.2834024309457071e-01   1.4615086918468023e-11
   2.8515625000000000e-01  -5.7858762148793297e-01  -5.7858762147305809e-01   1.4874879106230310e-11
   2.9296875000000000e-01  -5.2622235006404050e-01  -5.2622235004923712e-01   1.4803380743444450e-11
   3.0078125000000000e-01  -4.7235693579173404e-01  -4.7235693577736831e-01   1.4365730827137213e-11
   3.0859375000000000e-01  -4.1806646628243382e-01  -4.1806646626890470e-01   1.3529122266930926e-11
   3.1640625000000000e-01  -3.6435052946031982e-01  -3.6435052944795404e-01   1.2365775070577456e-11
   3.2421875000000000e-01  -3.1209861584716658e-01  -3.1209861583620824e-01   1.0958345342260145e-11
   3.3203125000000000e-01  -2.6206027356917838e-01  -2.6206027355985689e-01   9.3214880259040456e-12
   3.3984375000000000e-01  -2.1482104796351834e-01  -2.1482104795603993e-01   7.4784067827238232e-12
   3.4765625000000000e-01  -1.7078497340265855e-01  -1.7078497339716503e-01   5.4935223037233527e-12
   3.5546875000000000e-01  -1.3016411100816036e-01  -1.3016411100466083e-01   3.4995339959209559e-12
   3.6328125000000000e-01  -9.2975356416160795e-02  -9.2975356414638236e-02   1.5225598559709397e-12
   3.7109375000000000e-01  -5.9044487627008493e-02  -5.9044487627429858e-02   4.2136433231476644e-13
   3.7890625000000000e-01  -2.8017191510644697e-02  -2.8017191512891389e-02   2.2466924154418422e-12
   3.8671875000000000e-01   6.2339757994068351e-04   6.2339757604918701e-04   3.8914965000413915e-12
   3.9453125000000000e-01   2.7533291867284874e-02   2.7533291862019877e-02   5.2649967718920720e-12
   4.0234375000000000e-01   5.3479174729736935e-02   5.3479174723400455e-02   6.3364799518517145e-12
   4.1015625000000000e-01   7.9305784455922290e-02   7.9305784448823510e-02   7.0987798972410587e-12
   4.1796875000000000e-01   1.0590019727834296e-01   1.0590019727087067e-01   7.4722866783005770e-12
   4.2578125000000000e-01   1.3415414375843693e-01   1.3415414375097148e-01   7.4654449289113245e-12
   4.3359375000000000e-01   1.6492556907680664e-01   1.6492556906973091e-01   7.0757288916922789e-12
   4.4140625000000000e-01   1.9900070446183751e-01   1.9900070445550183e-01   6.3356819790527652e-12
   4.4921875000000000e-01   2.3705794921180459e-01   2.3705794920654671e-01   5.2578774667466632e-12
   4.5703125000000000e-01   2.7963486397399617e-01   2.7963486397008619e-01   3.9099834481248763e-12
   4.6484375000000000e-01   3.2709953851563733e-01   3.2709953851326506e-01   2.3722690478678032e-12
   4.7265625000000000e-01   3.7962751360733166e-01   3.7962751360664926e-01   6.8239858208585247e-13
   4.8046875000000000e-01   4.3718530067638084e-01   4.3718530067745304e-01   1.0721978860317449e-12
   4.8828125000000000e-01   4.9952135109887519e-01   4.9952135110165735e-01   2.7821633885594110e-12
   4.9609375000000000e-01   5.6616507973406227e-01   5.6616507973840546e-01   4.3431924723336124e-12
   5.0390625000000000e-01   6.3643424953102579e-01   6.3643424953673788e-01   5.7120974616964304e-12
   5.1171875000000000e-01   7.0945068569127701e-01   7.0945068569811764e-01   6.8406391662279020e-12
   5.1953125000000000e-01   7.8416392366881049e-01   7.8416392367646504e-01   7.6545436655806043e-12
   5.2734375000000000e-01   8.5938202400146724e-01   8.5938202400958275e-01   8.1155082654049693e-12
   5.3515625000000000e-01   9.3380843019089876e-01   9.3380843019913418e-01   8.2354123520644862e-12
   5.4296875000000000e-01   1.0060834263916956e+00   1.0060834263997114e+00   8.0158102377936302e-12
   5.5078125000000000e-01   1.0748284917028830e+00   1.0748284917103215e+00   7.4384942649885488e-12
   5.5859375000000000e-01   1.1386916669971072e+00   1.1386916670036438e+00   6.5365490797830716e-12
   5.6640625000000000e-01   1.1963919637744025e+00   1.1963919637798077e+00   5.4052318176900371e-12
   5.7421875000000000e-01   1.2467608620090462e+00   1.2467608620131234e+00   4.0771830356334249e-12
   5.8203125000000000e-01   1.2887790681188598e+00   1.2887790681214191e+00   2.5592861163659109e-12
   5.8984375000000000e-01   1.3216069305714444e+00   1.3216069305723706e+00   9.2614804714230559e-13
   5.9765625000000000e-01   1.3446072277600218e+00   1.3446072277592720e+00   7.4984463083183073e-13
   6.0546875000000000e-01   1.3573594328652450e+00   1.3573594328628669e+00   2.3780977187470853e-12
   6.1328125000000000e-01   1.3596650006877136e+00   1.3596650006837681e+00   3.9455105849128813e-12
   6.2109375000000000e-01   1.3515436857395335e+00   1.3515436857340848e+00   5.4487525602553433e-12
   6.2890625000000000e-01   1.3332213615859634e+00   1.3332213615791704e+00   6.7930105984714828e-12
   6.3671875000000000e-01   1.3051102413402875e+00   1.3051102413323585e+00   7.9289907972679430e-12
   6.4453125000000000e-01   1.2677827734281337e+00   1.2677827734193021e+00   8.8316021162881952e-12
   6.5234375000000000e-01   1.2219407842131254e+00   1.2219407842036061e+00   9.5192742577410172e-12
   6.6015625000000000e-01   1.1683816438712229e+00   1.1683816438612384e+00   9.9844577050589578e-12
   6.6796875000000000e-01   1.1079633339854251e+00   1.1079633339752246e+00   1.0200507105651013e-11
   6.7578125000000000e-01   1.0415702909480091e+00   1.0415702909378162e+00   1.0192957589083562e-11
   6.8359375000000000e-01   9.7008179086652369e-01   9.7008179085653623e-01   9.9874553072254457e-12
   6.9140625000000000e-01   8.9434443752184534e-01   8.9434443751221071e-01   9.6346264299995710e-12
   6.9921875000000000e-01   8.1515002832973138e-01   8.1515002832057604e-01   9.1553431502688909e-12
   7.0703125000000000e-01   7.3321972163650695e-01   7.3321972162792270e-01   8.5842444264017104e-12
   7.1484375000000000e-01   6.4919503249741795e-01   6.4919503248941868e-01   7.9992679147267154e-12
   7.2265625000000000e-01   5.6363576570895557e-01   5.6363576570149720e-01   7.4583672571293391e-12
   7.3046875000000000e-01   4.7702457742187920e-01   4.7702457741489573e-01   6.9834693583459284e-12
   7.3828125000000000e-01   3.8977746293101423e-01   3.8977746292440851e-01   6.6057159742172189e-12
   7.4609375000000000e-01   3.0225911961192453e-01   3.0225911960557544e-01   6.3490879220751140e-12
   8.7890625000000000e-01  -7.9788111531307426e-01  -7.9788111530867678e-01   4.3974823782377825e-12
   8.8671875000000000e-01  -8.0644346401116873e-01  -8.0644346400469702e-01   6.4717120551449625e-12
   8.9453125000000000e-01  -8.0595446385681990e-01  -8.0595446384830838e-01   8.5115248182887626e-12
   9.0234375000000000e-01  -7.9658262965860460e-01  -7.9658262964815285e-01   1.0451750576123686e-11
   9.1015625000000000e-01  -7.7868834460924707e-01  -7.7868834459700464e-01   1.2242429292541601e-11
   9.1796875000000000e-01  -7.5281976750834156e-01  -7.5281976749449619e-01   1.3845369295495402e-11
   9.2578125000000000e-01  -7.1970144238142220e-01  -7.1970144236622657e-01   1.5195622538044518e-11
   9.3359375000000000e-01  -6.8021623579694046e-01  -6.8021623578067558e-01   1.6264878333061006e-11
   9.4140625000000000e-01  -6.3538158210698348e-01  -6.3538158208997364e-01   1.7009837982584486e-11
   9.4921875000000000e-01  -5.8632129602693162e-01  -5.8632129600951521e-01   1.7416401654202218e-11
   9.5703125000000000e-01  -5.3423439804210804e-01  -5.3423439802459205e-01   1.7515988659511095e-11
   9.6484375000000000e-01  -4.8036248112836355e-01  -4.8036248111108804e-01   1.7275514352377286e-11
   9.7265625000000000e-01  -4.2595712534572472e-01  -4.2595712532905466e-01   1.6670054225897957e-11
   9.8046875000000000e-01  -3.7224874627907700e-01  -3.7224874626332161e-01   1.5755396987060521e-11
   9.8828125000000000e-01  -3.2041805779554100e-01  -3.2041805778095434e-01   1.4586665209037619e-11
   9.9609375000000000e-01  -2.7157105911356738e-01  -2.7157105910041446e-01   1.3152923195036692e-11
   7.5390625000000000e-01   2.1480184947653605e-01   2.1480184947029243e-01   6.2436167347357241e-12
   7.6171875000000000e-01   1.2772646121349190e-01   1.2772646120721268e-01   6.2792271382505760e-12
   7.6953125000000000e-01   4.1363518579910968e-02   4.1363518573492561e-02   6.4184074721751472e-12
   7.7734375000000000e-01  -4.3926732388772330e-02  -4.3926732395391820e-02   6.6194896786164747e-12
   7.8515625000000000e-01  -1.2773733892635686e-01  -1.2773733893318717e-01   6.8303140920988881e-12
   7.9296875000000000e-01  -2.0960191888945795e-01  -2.0960191889648883e-01   7.0308758814974226e-12
   8.0078125000000000e-01  -2.8898736926407737e-01  -2.8898736927119134e-01   7.1139760748906156e-12
   8.0859375000000000e-01  -3.6529279305320850e-01  -3.6529279306024670e-01   7.0382033534599486e-12
   8.1640625000000000e-01  -4.3785503677799587e-01  -4.3785503678475424e-01   6.7583716401031779e-12
   8.2421875000000000e-01  -5.0596080634010221e-01  -5.0596080634632401e-01   6.2218008523018398e-12
   8.3203125000000000e-01  -5.6886490098612819e-01  -5.6886490099154385e-01   5.4156679141215136e-12
   8.3984375000000000e-01  -6.2581370057021324e-01  -6.2581370057455865e-01   4.3454129183828627e-12
   8.4765625000000000e-01  -6.7607268647341345e-01  -6.7607268647642926e-01   3.0158098240917752e-12
   8.5546875000000000e-01  -7.1895649508148562e-01  -7.1895649508290915e-01   1.4235279621743757e-12
   8.6328125000000000e-01  -7.5385981397384683e-01  -7.5385981397346802e-01   3.7880809600210341e-13
   8.7109375000000000e-01  -7.8028734837323999e-01  -7.8028734837090352e-01   2.3364643553236419e-12
