#                  Coord.                Numerical               Analytical                    Error
   3.9062500000000000e-03   4.6262861676547901e-01   4.6262861676343414e-01   2.0448642779058446e-12
   1.1718750000000000e-02   5.5535683284704296e-01   5.5535683284420545e-01   2.8375080063369751e-12
   1.9531250000000000e-02   6.6043736249101115e-01   6.6043736248712781e-01   3.8833380955338725e-12
   2.7343750000000000e-02   7.7787181845204068e-01   7.7787181844684672e-01   5.1939563761038698e-12
   3.5156250000000000e-02   9.0721249039204688e-01   9.0721249038527529e-01   6.7715832940962173e-12
   4.2968750000000000e-02   1.0475054621698974e+00   1.0475054621614746e+00   8.4228179986212126e-12
   5.0781250000000000e-02   1.1972534217206112e+00   1.1972534217105715e+00   1.0039746811685291e-11
   5.8593750000000000e-02   1.3544034242335199e+00   1.3544034242218612e+00   1.1658674026193694e-11
   6.6406250000000000e-02   1.5163638641199970e+00   1.5163638641067267e+00   1.3270273768739571e-11
   7.4218750000000000e-02   1.6800533853807817e+00   1.6800533853661670e+00   1.4614753851560636e-11
   8.2031250000000000e-02   1.8419824714010131e+00   1.8419824713854425e+00   1.5570655875762895e-11
   8.9843750000000000e-02   1.9983661253825520e+00   1.9983661253662086e+00   1.6343371100902004e-11
   9.7656250000000000e-02   2.1452635616809417e+00   2.1452635616640205e+00   1.6921131162916936e-11
   1.0546875000000000e-01   2.2787384006998663e+00   2.2787384006826819e+00   1.7184476064358023e-11
   1.1328125000000000e-01   2.3950307418199763e+00   2.3950307418027879e+00   1.7188472867246674e-11
   1.2109375000000000e-01   2.4907309193808316e+00   2.4907309193637821e+00   1.7049472944563604e-11
   1.2890625000000000e-01   2.5629439278637052e+00   2.5629439278469639e+00   1.6741275032927661e-11
   1.3671875000000000e-01   2.6094335703319302e+00   2.6094335703157916e+00   1.6138645975161126e-11
   1.4453125000000000e-01   2.6287363877742416e+00   2.6287363877588246e+00   1.5417001009154774e-11
   1.5234375000000000e-01   2.6202373164489190e+00   2.6202373164344350e+00   1.4483969579259792e-11
   1.6015625000000000e-01   2.5842016480763967e+00   2.5842016480633010e+00   1.3095746709268496e-11
   1.6796875000000000e-01   2.5217610022154955e+00   2.5217610022043035e+00   1.1191936266641278e-11
   1.7578125000000000e-01   2.4348543709044481e+00   2.4348543708953834e+00   9.0647489514594781e-12
   1.8359375000000000e-01   2.3261285463891799e+00   2.3261285463823977e+00   6.7821304128301563e-12
   1.9140625000000000e-01   2.1988050882046841e+00   2.1988050882003325e+00   4.3516301673207636e-12
   1.9921875000000000e-01   2.0565231670883857e+00   2.0565231670866639e+00   1.7217338665886928e-12
   2.0703125000000000e-01   1.9031689567798298e+00   1.9031689567807020e+00   8.7219120814552298e-13
   2.1484375000000000e-01   1.7427026419282061e+00   1.7427026419313960e+00   3.1898927943529998e-12
   2.2265625000000000e-01   1.5789935836581082e+00   1.5789935836633084e+00   5.2002846473442332e-12
   2.3046875000000000e-01   1.4156728415183650e+00   1.4156728415253104e+00   6.9453331974500543e-12
   2.3828125000000000e-01   1.2560102765650418e+00   1.2560102765733703e+00   8.3284490415280743e-12
   2.4609375000000000e-01   1.1028210911068272e+00   1.1028210911159566e+00   9.1293639314926622e-12
   2.5390625000000000e-01   9.5840415190809336e-01   9.5840415191757022e-01   9.4768637382003362e-12
   2.6171875000000000e-01   8.2451203978749421e-01   8.2451203979716370e-01   9.6694874329728009e-12
   2.6953125000000000e-01   7.0235067546250651e-01   7.0235067547215302e-01   9.6465058163630601e-12
   2.7734375000000000e-01   5.9260473688107196e-01   5.9260473689036963e-01   9.2976737420258360e-12
   2.8515625000000000e-01   4.9548398644818481e-01   4.9548398645692243e-01   8.7376217372536757e-12
   2.9296875000000000e-01   4.1078507819836341e-01   4.1078507820647614e-01   8.1127327078434064e-12
   3.0078125000000000e-01   3.3796336607235355e-01   3.3796336607979699e-01   7.4434347574481308e-12
   3.0859375000000000e-01   2.7620959200350459e-01   2.7620959201017370e-01   6.6691097089233153e-12
   3.1640625000000000e-01   2.2452697894110618e-01   2.2452697894692314e-01   5.8169580263722764e-12
   3.2421875000000000e-01   1.8180506699880297e-01   1.8180506700381888e-01   5.0159043585296104e-12
   3.3203125000000000e-01   1.4688750085756858e-01   1.4688750086183358e-01   4.2650050158243857e-12
   3.3984375000000000e-01   1.1863181813843890e-01   1.1863181814198305e-01   3.5441510837230794e-12
   3.4765625000000000e-01   9.5960046628744841e-02   9.5960046631623247e-02   2.8784058470066043e-12
   3.5546875000000000e-01   7.7899567305217146e-02   7.7899567307539413e-02   2.3222673783962478e-12
   3.6328125000000000e-01   6.3614237598242612e-02   6.3614237600118403e-02   1.8757911890432410e-12
   3.7109375000000000e-01   5.2426206611361603e-02   5.2426206612862979e-02   1.5013754128823109e-12
   3.7890625000000000e-01   4.3829205840258158e-02   4.3829205841482144e-02   1.2239861901797155e-12
   3.8671875000000000e-01   3.7494374849720111e-02   3.7494374850743008e-02   1.0228970448444841e-12
   3.9453125000000000e-01   3.3269880387976729e-02   3.3269880388872485e-02   8.9575569184319193e-13
   4.0234375000000000e-01   3.1175697356245403e-02   3.1175697357065296e-02   8.1989276479177420e-13
   4.1015625000000000e-01   3.1394921279856880e-02   3.1394921280660279e-02   8.0339901398218672e-13
   4.1796875000000000e-01   3.4262854595148259e-02   3.4262854595998773e-02   8.5051410358971680e-13
   4.2578125000000000e-01   4.0254841926003392e-02   4.0254841926920429e-02   9.1703727944647540e-13
   4.3359375000000000e-01   4.9973428210170173e-02   4.9973428211166189e-02   9.9601576986074747e-13
   4.4140625000000000e-01   6.4134906220034815e-02   6.4134906221109816e-02   1.0750011991689234e-12
   4.4921875000000000e-01   8.3554758916956878e-02   8.3554758918096911e-02   1.1400325128363420e-12
   4.5703125000000000e-01   1.0913096008381518e-01   1.0913096008490980e-01   1.0946243911291731e-12
   4.6484375000000000e-01   1.4182365941585826e-01   1.4182365941679037e-01   9.3211549589966580e-13
   4.7265625000000000e-01   1.8262953258245218e-01   1.8262953258310613e-01   6.5394911707983283e-13
   4.8046875000000000e-01   2.3254909758032449e-01   2.3254909758052605e-01   2.0156099012069717e-13
   4.8828125000000000e-01   2.9254563592926269e-01   2.9254563592877669e-01   4.8600012902966228e-13
   4.9609375000000000e-01   3.6349502527284566e-01   3.6349502527144001e-01   1.4056533714779107e-12
   5.0390625000000000e-01   4.4612676079953090e-01   4.4612676079704044e-01   2.4904522888391512e-12
   5.1171875000000000e-01   5.4095764471103891e-01   5.4095764470724517e-01   3.7937430974466224e-12
   5.1953125000000000e-01   6.4822094378520723e-01   6.4822094377988071e-01   5.3265170052441135e-12
   5.2734375000000000e-01   7.6779511211145746e-01   7.6779511210458506e-01   6.8723915447321815e-12
   5.3515625000000000e-01   8.9913728945786064e-01   8.9913728944944216e-01   8.4184881288251745e-12
   5.4296875000000000e-01   1.0412275556416364e+00   1.0412275556317192e+00   9.9171781897666733e-12
   5.5078125000000000e-01   1.1925302066889611e+00   1.1925302066774268e+00   1.1534329047435676e-11
   5.5859375000000000e-01   1.3509780157177256e+00   1.3509780157047069e+00   1.3018697231359511e-11
   5.6640625000000000e-01   1.5139844999475118e+00   1.5139844999331997e+00   1.4312107055047818e-11
   5.7421875000000000e-01   1.6784876496404113e+00   1.6784876496249965e+00   1.5414780563105523e-11
   5.8203125000000000e-01   1.8410264700919496e+00   1.8410264700754366e+00   1.6513013179064728e-11
   5.8984375000000000e-01   1.9978491970721837e+00   1.9978491970548056e+00   1.7378098959852650e-11
   5.9765625000000000e-01   2.1450493798756316e+00   2.1450493798576904e+00   1.7941204077942530e-11
   6.0546875000000000e-01   2.2787234338042572e+00   2.2787234337859701e+00   1.8287149572415728e-11
   6.1328125000000000e-01   2.3951410088008593e+00   2.3951410087824447e+00   1.8414603175642696e-11
   6.2109375000000000e-01   2.4909178512778993e+00   2.4909178512596384e+00   1.8260948309034575e-11
   6.2890625000000000e-01   2.5631799555052392e+00   2.5631799554876249e+00   1.7614354419492884e-11
   6.3671875000000000e-01   2.6097078418326238e+00   2.6097078418158457e+00   1.6778134437345216e-11
   6.4453125000000000e-01   2.6290508039071012e+00   2.6290508038915563e+00   1.5544898701591592e-11
   6.5234375000000000e-01   2.6206028788130182e+00   2.6206028787992359e+00   1.3782308627696693e-11
   6.6015625000000000e-01   2.5846349587590915e+00   2.5846349587474933e+00   1.1598277893654085e-11
   6.6796875000000000e-01   2.5222806444479908e+00   2.5222806444386867e+00   9.3041130355686619e-12
   6.7578125000000000e-01   2.4354768454322522e+00   2.4354768454253906e+00   6.8616223813933175e-12
   6.8359375000000000e-01   2.3268634439621962e+00   2.3268634439580405e+00   4.1557868257768860e-12
   6.9140625000000000e-01   2.1996492496543407e+00   2.1996492496527429e+00   1.5978329770405253e-12
   6.9921875000000000e-01   2.0574537216396713e+00   2.0574537216404001e+00   7.2875039336395275e-13
   7.0703125000000000e-01   1.9041353348919650e+00   1.9041353348947840e+00   2.8190783041281975e-12
   7.1484375000000000e-01   1.7436179220861756e+00   1.7436179220909902e+00   4.8145931685894539e-12
   7.2265625000000000e-01   1.5797258339571614e+00   1.5797258339637470e+00   6.5856209374715036e-12
   7.3046875000000000e-01   1.4160374252632999e+00   1.4160374252713355e+00   8.0355722076319580e-12
   7.3828125000000000e-01   1.2557643629913271e+00   1.2557643630005617e+00   9.2346130742271271e-12
   7.4609375000000000e-01   1.1016617948907812e+00   1.1016617949010035e+00   1.0222267476933666e-11
   8.7890625000000000e-01   1.4162065478635497e-02   1.4162065478990240e-02   3.5474227721987717e-13
   8.8671875000000000e-01   1.2068433884869095e-02   1.2068433884928063e-02   5.8968455118879604e-14
   8.9453125000000000e-01   1.2915384563554587e-02   1.2915384563384789e-02   1.6979820327556183e-13
   9.0234375000000000e-01   1.6481886847498538e-02   1.6481886847152023e-02   3.4651448377331917e-13
   9.1015625000000000e-01   2.2672848684814895e-02   2.2672848684327045e-02   4.8784934425505355e-13
   9.1796875000000000e-01   3.1529722085550209e-02   3.1529722084947177e-02   6.0303151361296159e-13
   9.2578125000000000e-01   4.3241018942656154e-02   4.3241018941978605e-02   6.7754829524702131e-13
   9.3359375000000000e-01   5.8150964991545144e-02   5.8150964990821764e-02   7.2337968948232856e-13
   9.4140625000000000e-01   7.6764203530081704e-02   7.6764203529331027e-02   7.5067729810029959e-13
   9.4921875000000000e-01   9.9744358701584421e-02   9.9744358700806696e-02   7.7772510653772997e-13
   9.5703125000000000e-01   1.2790438035454699e-01   1.2790438035378321e-01   7.6377792979087644e-13
   9.6484375000000000e-01   1.6218690482697579e-01   1.6218690482625270e-01   7.2308825593836445e-13
   9.7265625000000000e-01   2.0363335679498648e-01   2.0363335679427352e-01   7.1295747083865990e-13
   9.8046875000000000e-01   2.5334116190210765e-01   2.5334116190127542e-01   8.3222317925901734e-13
   9.8828125000000000e-01   3.1240921291494772e-01   3.1240921291386092e-01   1.0867973188055657e-12
   9.9609375000000000e-01   3.8187260697702718e-01   3.8187260697556424e-01   1.4629408795485688e-12
   7.5390625000000000e-01   9.5597176207357693e-01   9.5597176208456358e-01   1.0986656029388087e-11
   7.6171875000000000e-01   8.2039963902264879e-01   8.2039963903415802e-01   1.1509238007079148e-11
   7.6953125000000000e-01   6.9612106003272156e-01   6.9612106004440721e-01   1.1685652445692085e-11
   7.7734375000000000e-01   5.8381491791670470e-01   5.8381491792820095e-01   1.1496248397691033e-11
   7.8515625000000000e-01   4.8371671457725335e-01   4.8371671458826659e-01   1.1013245870827859e-11
   7.9296875000000000e-01   3.9568585575674120e-01   3.9568585576708987e-01   1.0348666368287240e-11
   8.0078125000000000e-01   3.1928040439521777e-01   3.1928040440470673e-01   9.4889651691687504e-12
   8.0859375000000000e-01   2.5383327533509892e-01   2.5383327534347760e-01   8.3786866333923626e-12
   8.1640625000000000e-01   1.9852476347240711e-01   1.9852476347954912e-01   7.1420092062624008e-12
   8.2421875000000000e-01   1.5244751469638335e-01   1.5244751470226733e-01   5.8839877414840203e-12
   8.3203125000000000e-01   1.1466142746842313e-01   1.1466142747313499e-01   4.7118559054482034e-12
   8.3984375000000000e-01   8.4237366654951171e-02   8.4237366658592092e-02   3.6409208981069696e-12
   8.4765625000000000e-01   6.0289847473848697e-02   6.0289847476532966e-02   2.6842694733630879e-12
   8.5546875000000000e-01   4.1999897137218405e-02   4.1999897139099157e-02   1.8807524981845347e-12
   8.6328125000000000e-01   2.8630047616097585e-02   2.8630047617334960e-02   1.2373747859673045e-12
   8.7109375000000000e-01   1.9533813959111610e-02   1.9533813959852958e-02   7.4134795524649633e-13
