#                  Coord.                Numerical               Analytical                    Error
   3.9062500000000000e-03  -3.7813497482570506e-02  -3.7813497482740432e-02   1.6992657281278412e-13
   1.1718750000000000e-02  -4.1254099497912894e-02  -4.1254099498141281e-02   2.2838675395320251e-13
   1.9531250000000000e-02  -4.3268261653526388e-02  -4.3268261653816281e-02   2.8989310951743619e-13
   2.7343750000000000e-02  -4.3779749714921545e-02  -4.3779749715253329e-02   3.3178321201532412e-13
   3.5156250000000000e-02  -4.2690922455230061e-02  -4.2690922455540931e-02   3.1086938578894774e-13
   4.2968750000000000e-02  -3.9897407465184505e-02  -3.9897407465434312e-02   2.4980711943456413e-13
   5.0781250000000000e-02  -3.5306585020581129e-02  -3.5306585020749078e-02   1.6794898805017056e-13
   5.8593750000000000e-02  -2.8858777514371183e-02  -2.8858777514432724e-02   6.1541050033753208e-14
   6.6406250000000000e-02  -2.0549696001897884e-02  -2.0549696001836374e-02   6.1509825011185626e-14
   7.4218750000000000e-02  -1.0452436324234475e-02  -1.0452436324036080e-02   1.9839511977703950e-13
   8.2031250000000000e-02   1.2628269813036556e-03   1.2628269816326008e-03   3.2894520440862607e-13
   8.9843750000000000e-02   1.4313310391380589e-02   1.4313310391822718e-02   4.4212897232220882e-13
   9.7656250000000000e-02   2.8293981552737119e-02   2.8293981553260419e-02   5.2330015321011558e-13
   1.0546875000000000e-01   4.2675259852255891e-02   4.2675259852834782e-02   5.7889110172126834e-13
   1.1328125000000000e-01   5.6809101891234975e-02   5.6809101891845758e-02   6.1078225810362596e-13
   1.2109375000000000e-01   6.9944006837914338e-02   6.9944006838519243e-02   6.0490501496701654e-13
   1.2890625000000000e-01   8.1248896822831568e-02   8.1248896823384570e-02   5.5300208856579047e-13
   1.3671875000000000e-01   8.9845217761336263e-02   8.9845217761780671e-02   4.4440839896964235e-13
   1.4453125000000000e-01   9.4846009968348230e-02   9.4846009968625328e-02   2.7709778915863126e-13
   1.5234375000000000e-01   9.5400159345060964e-02   9.5400159345136751e-02   7.5786599218474748e-14
   1.6015625000000000e-01   9.0739598914778771e-02   9.0739598914655703e-02   1.2306822227969860e-13
   1.6796875000000000e-01   8.0226920533162979e-02   8.0226920532828760e-02   3.3421876377559556e-13
   1.7578125000000000e-01   6.3400701895368020e-02   6.3400701894776423e-02   5.9159621645932248e-13
   1.8359375000000000e-01   4.0015867630280796e-02   4.0015867629414774e-02   8.6602253146494945e-13
   1.9140625000000000e-01   1.0076586453849540e-02   1.0076586452725116e-02   1.1244234709995027e-12
   1.9921875000000000e-01  -2.6140451722303545e-02  -2.6140451723660321e-02   1.3567758028187882e-12
   2.0703125000000000e-01  -6.8074055865249478e-02  -6.8074055866798863e-02   1.5493856198034450e-12
   2.1484375000000000e-01  -1.1487894304769811e-01  -1.1487894304939709e-01   1.6989881723716849e-12
   2.2265625000000000e-01  -1.6543897496795013e-01  -1.6543897496976595e-01   1.8158252679256748e-12
   2.3046875000000000e-01  -2.1839297881510841e-01  -2.1839297881699710e-01   1.8886836539167007e-12
   2.3828125000000000e-01  -2.7217224342725155e-01  -2.7217224342915219e-01   1.9006463070070367e-12
   2.4609375000000000e-01  -3.2504817070445147e-01  -3.2504817070629427e-01   1.8428036874240661e-12
   2.5390625000000000e-01  -3.7518804174028653e-01  -3.7518804174202591e-01   1.7393864126802328e-12
   2.6171875000000000e-01  -4.2071645554828307e-01  -4.2071645554990594e-01   1.6228685062458226e-12
   2.6953125000000000e-01  -4.5977973548957557e-01  -4.5977973549101420e-01   1.4386269953092778e-12
   2.7734375000000000e-01  -4.9061048506150018e-01  -4.9061048506268129e-01   1.1811107647474728e-12
   2.8515625000000000e-01  -5.1158951151470977e-01  -5.1158951151560594e-01   8.9617202547742636e-13
   2.9296875000000000e-01  -5.2130251466967381e-01  -5.2130251467027477e-01   6.0096372322959724e-13
   3.0078125000000000e-01  -5.1858924313384724e-01  -5.1858924313412269e-01   2.7544633240950134e-13
   3.0859375000000000e-01  -5.0258322822947676e-01  -5.0258322822939450e-01   8.2267526124724100e-14
   3.1640625000000000e-01  -4.7274069005046948e-01  -4.7274069005004143e-01   4.2804648714422910e-13
   3.2421875000000000e-01  -4.2885774027660767e-01  -4.2885774027585877e-01   7.4890094126089934e-13
   3.3203125000000000e-01  -3.7107555218084287e-01  -3.7107555217977295e-01   1.0699219288312634e-12
   3.3984375000000000e-01  -2.9987370044719192e-01  -2.9987370044583272e-01   1.3591905378973479e-12
   3.4765625000000000e-01  -2.1605236566401120e-01  -2.1605236566240504e-01   1.6061596497252140e-12
   3.5546875000000000e-01  -1.2070452858142292e-01  -1.2070452857959020e-01   1.8327145356877850e-12
   3.6328125000000000e-01  -1.5179630473302107e-02  -1.5179630471263614e-02   2.0384926385785818e-12
   3.7109375000000000e-01   9.8959563078491755e-02   9.8959563080694590e-02   2.2028351365221965e-12
   3.7890625000000000e-01   2.1998499249553291e-01   2.1998499249782016e-01   2.2872537197571319e-12
   3.8671875000000000e-01   3.4605425679770946e-01   3.4605425680001994e-01   2.3104851365474133e-12
   3.9453125000000000e-01   4.7526253823185832e-01   4.7526253823414361e-01   2.2852830738884222e-12
   4.0234375000000000e-01   6.0569365201726943e-01   6.0569365201948566e-01   2.2162272017567375e-12
   4.1015625000000000e-01   7.3546854704090070e-01   7.3546854704297593e-01   2.0752288776293426e-12
   4.1796875000000000e-01   8.6278981093433271e-01   8.6278981093621998e-01   1.8872681195603036e-12
   4.2578125000000000e-01   9.8598099966835906e-01   9.8598099967005282e-01   1.6937562463681388e-12
   4.3359375000000000e-01   1.1035199016555253e+00   1.1035199016569803e+00   1.4550582960737302e-12
   4.4140625000000000e-01   1.2140651440612913e+00   1.2140651440624526e+00   1.1612932837579137e-12
   4.4921875000000000e-01   1.3164758406720243e+00   1.3164758406728982e+00   8.7396756498492323e-13
   4.5703125000000000e-01   1.4098242542560586e+00   1.4098242542566417e+00   5.8308913253313222e-13
   4.6484375000000000e-01   1.4934016921821449e+00   1.4934016921824182e+00   2.7333690866271354e-13
   4.7265625000000000e-01   1.5667180649170538e+00   1.5667180649170285e+00   2.5313084961453569e-14
   4.8046875000000000e-01   1.6294957082192745e+00   1.6294957082190078e+00   2.6667557051496260e-13
   4.8828125000000000e-01   1.6816581991037731e+00   1.6816581991032746e+00   4.9849013805669529e-13
   4.9609375000000000e-01   1.7233149828932048e+00   1.7233149828924501e+00   7.5472961214018142e-13
   5.0390625000000000e-01   1.7547426757041922e+00   1.7547426757032230e+00   9.6922470049776166e-13
   5.1171875000000000e-01   1.7763639168849998e+00   1.7763639168838630e+00   1.1368683772161603e-12
   5.1953125000000000e-01   1.7887246237152730e+00   1.7887246237139998e+00   1.2732037646401295e-12
   5.2734375000000000e-01   1.7924704513609584e+00   1.7924704513595695e+00   1.3888890038060708e-12
   5.3515625000000000e-01   1.7883231903097809e+00   1.7883231903083194e+00   1.4614975896165561e-12
   5.4296875000000000e-01   1.7770577470401534e+00   1.7770577470386262e+00   1.5272227926743653e-12
   5.5078125000000000e-01   1.7594802570466377e+00   1.7594802570450410e+00   1.5967227540159001e-12
   5.5859375000000000e-01   1.7364077776903057e+00   1.7364077776887044e+00   1.6013856907193258e-12
   5.6640625000000000e-01   1.7086499062107701e+00   1.7086499062092000e+00   1.5700774014248964e-12
   5.7421875000000000e-01   1.6769925694857466e+00   1.6769925694841956e+00   1.5509815654013437e-12
   5.8203125000000000e-01   1.6421841398626316e+00   1.6421841398611132e+00   1.5183410084773641e-12
   5.8984375000000000e-01   1.6049239479521140e+00   1.6049239479506496e+00   1.4643841694805815e-12
   5.9765625000000000e-01   1.5658531902587098e+00   1.5658531902573243e+00   1.3855583347321954e-12
   6.0546875000000000e-01   1.5255481678218625e+00   1.5255481678205589e+00   1.3036238755148588e-12
   6.1328125000000000e-01   1.4845157419173076e+00   1.4845157419160990e+00   1.2085887846069454e-12
   6.2109375000000000e-01   1.4431908540450544e+00   1.4431908540439706e+00   1.0837997166390778e-12
   6.2890625000000000e-01   1.4019359291847422e+00   1.4019359291837781e+00   9.6411767458448594e-13
   6.3671875000000000e-01   1.3610419625703050e+00   1.3610419625694696e+00   8.3533180372796778e-13
   6.4453125000000000e-01   1.3207310797339440e+00   1.3207310797332310e+00   7.1298522641427553e-13
   6.5234375000000000e-01   1.2811603558837903e+00   1.2811603558831943e+00   5.9596771961878403e-13
   6.6015625000000000e-01   1.2424266823935317e+00   1.2424266823930346e+00   4.9715787042714510e-13
   6.6796875000000000e-01   1.2045724739639059e+00   1.2045724739634862e+00   4.1966430330830917e-13
   6.7578125000000000e-01   1.1675920187107949e+00   1.1675920187104611e+00   3.3373304120232206e-13
   6.8359375000000000e-01   1.1314382841215085e+00   1.1314382841212693e+00   2.3914203950425872e-13
   6.9140625000000000e-01   1.0960300038487527e+00   1.0960300038485988e+00   1.5387691121304670e-13
   6.9921875000000000e-01   1.0612588832961194e+00   1.0612588832960139e+00   1.0547118733938987e-13
   7.0703125000000000e-01   1.0269967757316050e+00   1.0269967757315392e+00   6.5725203057809267e-14
   7.1484375000000000e-01   9.9310269524215233e-01   9.9310269524215955e-01   7.2164496600635175e-15
   7.2265625000000000e-01   9.5942954825810456e-01   9.5942954825818638e-01   8.1823436914874037e-14
   7.3046875000000000e-01   9.2583048161537773e-01   9.2583048161550341e-01   1.2567724638756772e-13
   7.3828125000000000e-01   8.9216476199636663e-01   8.9216476199654760e-01   1.8096635301390052e-13
   7.4609375000000000e-01   8.5830311865387154e-01   8.5830311865412534e-01   2.5379698342931079e-13
   8.7890625000000000e-01   2.4350325623207975e-01   2.4350325623266109e-01   5.8134053126934759e-13
   8.8671875000000000e-01   2.1172513192319953e-01   2.1172513192376799e-01   5.6846194418369578e-13
   8.9453125000000000e-01   1.8164273543996179e-01   1.8164273544053622e-01   5.7442939294105599e-13
   9.0234375000000000e-01   1.5341068780641179e-01   1.5341068780700942e-01   5.9763305415572177e-13
   9.1015625000000000e-01   1.2714941756197201e-01   1.2714941756259507e-01   6.2305716141963785e-13
   9.1796875000000000e-01   1.0294097603965312e-01   1.0294097604028601e-01   6.3289651297537830e-13
   9.2578125000000000e-01   8.0826816304401500e-02   8.0826816305038990e-02   6.3749006073976489e-13
   9.3359375000000000e-01   6.0807882047268190e-02   6.0807882047890546e-02   6.2235633313534322e-13
   9.4140625000000000e-01   4.2847217559063129e-02   4.2847217559662081e-02   5.9895144399746414e-13
   9.4921875000000000e-01   2.6875132367001418e-02   2.6875132367565904e-02   5.6448595797675694e-13
   9.5703125000000000e-01   1.2796744863029183e-02   1.2796744863521446e-02   4.9226248077793855e-13
   9.6484375000000000e-01   5.0150396031060993e-04   5.0150396071364008e-04   4.0303014831738482e-13
   9.7265625000000000e-01  -1.0125933859020145e-02  -1.0125933858724720e-02   2.9542514268232622e-13
   9.8046875000000000e-01  -1.9194290777076507e-02  -1.9194290776904047e-02   1.7245926908771025e-13
   9.8828125000000000e-01  -2.6794683900097673e-02  -2.6794683900060068e-02   3.7605335512225224e-14
   9.9609375000000000e-01  -3.2991118092054732e-02  -3.2991118092143404e-02   8.8672125198030471e-14
   7.5390625000000000e-01   8.2413249784488640e-01   8.2413249784521492e-01   3.2851499298658382e-13
   7.6171875000000000e-01   7.8956019239686726e-01   7.8956019239727138e-01   4.0412118096355698e-13
   7.6953125000000000e-01   7.5451732215854217e-01   7.5451732215902112e-01   4.7895021282329253e-13
   7.7734375000000000e-01   7.1896164963613918e-01   7.1896164963668330e-01   5.4412030436878922e-13
   7.8515625000000000e-01   6.8287971902211231e-01   6.8287971902270994e-01   5.9763305415572177e-13
   7.9296875000000000e-01   6.4628830572833729e-01   6.4628830572898066e-01   6.4337424277027822e-13
   8.0078125000000000e-01   6.0923515781694115e-01   6.0923515781761672e-01   6.7557071048440775e-13
   8.0859375000000000e-01   5.7179900166016384e-01   5.7179900166087017e-01   7.0632388826652459e-13
   8.1640625000000000e-01   5.3408877399332910e-01   5.3408877399404897e-01   7.1986860916695150e-13
   8.2421875000000000e-01   4.9624203435016512e-01   4.9624203435087727e-01   7.1215255914580666e-13
   8.3203125000000000e-01   4.5842250938281920e-01   4.5842250938351720e-01   6.9799721558183592e-13
   8.3984375000000000e-01   4.2081672762975969e-01   4.2081672763044653e-01   6.8683947418435309e-13
   8.4765625000000000e-01   3.8362972336740908e-01   3.8362972336807871e-01   6.6963101730266317e-13
   8.5546875000000000e-01   3.4707982369635537e-01   3.4707982369698620e-01   6.3082872259201395e-13
   8.6328125000000000e-01   3.1139258474011222e-01   3.1139258474071352e-01   6.0129679013698478e-13
   8.7109375000000000e-01   2.7679400936290316e-01   2.7679400936349785e-01   5.9469096314046510e-13
