#                  Coord.                Numerical               Analytical                    Error
   3.9062500000000000e-03   7.9338302744424172e-01   7.9338302740861566e-01   3.5626057659499111e-11
   1.1718750000000000e-02   7.3891020237827998e-01   7.3891020234279559e-01   3.5484393201556941e-11
   1.9531250000000000e-02   6.8883918104925679e-01   6.8883918101382968e-01   3.5427105693486283e-11
   2.7343750000000000e-02   6.4375659133539642e-01   6.4375659129979512e-01   3.5601299686049970e-11
   3.5156250000000000e-02   6.0397788011418330e-01   6.0397788007817843e-01   3.6004865755501214e-11
   4.2968750000000000e-02   5.6949458505304074e-01   5.6949458501641692e-01   3.6623815091729739e-11
   5.0781250000000000e-02   5.3994802769494255e-01   5.3994802765747418e-01   3.7468361746562096e-11
   5.8593750000000000e-02   5.1463496743093240e-01   5.1463496739241943e-01   3.8512970590431905e-11
   6.6406250000000000e-02   4.9254782106178918e-01   4.9254782102214634e-01   3.9642844562592927e-11
   7.4218750000000000e-02   4.7244854142555492e-01   4.7244854138478692e-01   4.0768000086899292e-11
   8.2031250000000000e-02   4.5297151385509787e-01   4.5297151381340550e-01   4.1692371777202197e-11
   8.9843750000000000e-02   4.3274728229250448e-01   4.3274728225026998e-01   4.2234493680126661e-11
   9.7656250000000000e-02   4.1053598221378090e-01   4.1053598217149379e-01   4.2287118251493894e-11
   1.0546875000000000e-01   3.8535742219236940e-01   3.8535742215058361e-01   4.1785797044724404e-11
   1.1328125000000000e-01   3.5660411964074362e-01   3.5660411960007410e-01   4.0669523304615041e-11
   1.2109375000000000e-01   3.2412442840443734e-01   3.2412442836553462e-01   3.8902714383226566e-11
   1.2890625000000000e-01   2.8826520570018438e-01   2.8826520566373470e-01   3.6449676610317283e-11
   1.3671875000000000e-01   2.4986709042375191e-01   2.4986709039034197e-01   3.3409941480044836e-11
   1.4453125000000000e-01   2.1021007725863650e-01   2.1021007722871829e-01   2.9918206800871872e-11
   1.5234375000000000e-01   1.7091220956827155e-01   1.7091220954225428e-01   2.6017271670397690e-11
   1.6015625000000000e-01   1.3378932937530771e-01   1.3378932935347046e-01   2.1837254227108360e-11
   1.6796875000000000e-01   1.0068833838389438e-01   1.0068833836628518e-01   1.7609191882428377e-11
   1.7578125000000000e-01   7.3309803565334689e-02   7.3309803551779310e-02   1.3555379041463311e-11
   1.8359375000000000e-01   5.3037553431583534e-02   5.3037553421726759e-02   9.8567751183331609e-12
   1.9140625000000000e-01   4.0792887194087982e-02   4.0792887187361529e-02   6.7264527281452047e-12
   1.9921875000000000e-01   3.6929088873267756e-02   3.6929088868842580e-02   4.4251755038082763e-12
   2.0703125000000000e-01   4.1178248243065971e-02   4.1178248239947070e-02   3.1189009708221249e-12
   2.1484375000000000e-01   5.2657292679311699e-02   5.2657292676414273e-02   2.8974253551972140e-12
   2.2265625000000000e-01   6.9934152407219535e-02   6.9934152403422406e-02   3.7971292776717291e-12
   2.3046875000000000e-01   9.1148755150981225e-02   9.1148755145201654e-02   5.7795712660180243e-12
   2.3828125000000000e-01   1.1417775671399279e-01   1.1417775670528563e-01   8.7071599930155230e-12
   2.4609375000000000e-01   1.3682720787097841e-01   1.3682720785865499e-01   1.2323420062188006e-11
   2.5390625000000000e-01   1.5703426976428794e-01   1.5703426974799492e-01   1.6293022486735254e-11
   2.6171875000000000e-01   1.7305797875165121e-01   1.7305797873136858e-01   2.0282636681301369e-11
   2.6953125000000000e-01   1.8364006684355416e-01   1.8364006681959291e-01   2.3961249651094363e-11
   2.7734375000000000e-01   1.8811986737993658e-01   1.8811986735292868e-01   2.7007895919695102e-11
   2.8515625000000000e-01   1.8649205176140604e-01   1.8649205173236111e-01   2.9044933125277339e-11
   2.9296875000000000e-01   1.7940183580200494e-01   1.7940183577212324e-01   2.9881708218937320e-11
   3.0078125000000000e-01   1.6807871691995094e-01   1.6807871689052317e-01   2.9427765779743709e-11
   3.0859375000000000e-01   1.5421605372181935e-01   1.5421605369416330e-01   2.7656044121471268e-11
   3.1640625000000000e-01   1.3980920107799710e-01   1.3980920105332839e-01   2.4668711517961128e-11
   3.2421875000000000e-01   1.2696889324835856e-01   1.2696889322768024e-01   2.0678320167277775e-11
   3.3203125000000000e-01   1.1772871927688711e-01   1.1772871926090103e-01   1.5986073576002013e-11
   3.3984375000000000e-01   1.1386566420986699e-01   1.1386566419891619e-01   1.0950795825692694e-11
   3.4765625000000000e-01   1.1675083136066837e-01   1.1675083135469662e-01   5.9717508715806389e-12
   3.5546875000000000e-01   1.2724386933345427e-01   1.2724386933201079e-01   1.4434842210420129e-12
   3.6328125000000000e-01   1.4563974223269563e-01   1.4563974223495649e-01   2.2608581673466688e-12
   3.7109375000000000e-01   1.7167087113229512e-01   1.7167087113717952e-01   4.8843984412627606e-12
   3.7890625000000000e-01   2.0456196845106372e-01   2.0456196845728075e-01   6.2170268932959516e-12
   3.8671875000000000e-01   2.4312969997620706e-01   2.4312969998238163e-01   6.1745608626040394e-12
   3.9453125000000000e-01   2.8591517474526401e-01   2.8591517475010808e-01   4.8440695898932518e-12
   4.0234375000000000e-01   3.3133457407513361e-01   3.3133457407756878e-01   2.4351631822128184e-12
   4.1015625000000000e-01   3.7783220321717381e-01   3.7783220321636596e-01   8.0785378386849516e-13
   4.1796875000000000e-01   4.2402090451515428e-01   4.2402090451063967e-01   4.5146109073357366e-12
   4.2578125000000000e-01   4.6879694577755054e-01   4.6879694576921965e-01   8.3308915321822496e-12
   4.3359375000000000e-01   5.1141987086830987e-01   5.1141987085645413e-01   1.1855738613064659e-11
   4.4140625000000000e-01   5.5155193829765925e-01   5.5155193828291005e-01   1.4749201859842742e-11
   4.4921875000000000e-01   5.8925618835262550e-01   5.8925618833588955e-01   1.6735945962409460e-11
   4.5703125000000000e-01   6.2495638255837527e-01   6.2495638254075014e-01   1.7625123582831748e-11
   4.6484375000000000e-01   6.5936562007897792e-01   6.5936562006170418e-01   1.7273737995537886e-11
   4.7265625000000000e-01   6.9339302406442960e-01   6.9339302404859327e-01   1.5836332245555695e-11
   4.8046875000000000e-01   7.2803930759639435e-01   7.2803930758293389e-01   1.3460454972857860e-11
   4.8828125000000000e-01   7.6429221765835509e-01   7.6429221764806365e-01   1.0291434371367814e-11
   4.9609375000000000e-01   8.0303189873485847e-01   8.0303189872840286e-01   6.4556138212878977e-12
   5.0390625000000000e-01   8.4495431556138867e-01   8.4495431555913147e-01   2.2571944313654058e-12
   5.1171875000000000e-01   8.9051831328606512e-01   8.9051831328809905e-01   2.0339285811132868e-12
   5.1953125000000000e-01   9.3991900519269933e-01   9.3991900519888771e-01   6.1883831392606226e-12
   5.2734375000000000e-01   9.9308730027238623e-01   9.9308730028245495e-01   1.0068723632628007e-11
   5.3515625000000000e-01   1.0497128188635130e+00   1.0497128188771290e+00   1.3615997218607845e-11
   5.4296875000000000e-01   1.1092854333850299e+00   1.1092854334017730e+00   1.6743051389767061e-11
   5.5078125000000000e-01   1.1711493670119666e+00   1.1711493670313828e+00   1.9416246388459513e-11
   5.5859375000000000e-01   1.2345632466495382e+00   1.2345632466713230e+00   2.1784796189194822e-11
   5.6640625000000000e-01   1.2987597081236728e+00   1.2987597081476183e+00   2.3945512239720301e-11
   5.7421875000000000e-01   1.3629989845286656e+00   1.3629989845544863e+00   2.5820678928312191e-11
   5.8203125000000000e-01   1.4266122103323586e+00   1.4266122103598244e+00   2.7465807406201748e-11
   5.8984375000000000e-01   1.4890317498739671e+00   1.4890317499031196e+00   2.9152458225212285e-11
   5.9765625000000000e-01   1.5498075089850127e+00   1.5498075090159953e+00   3.0982549859004394e-11
   6.0546875000000000e-01   1.6086097291844426e+00   1.6086097292172490e+00   3.2806424243858601e-11
   6.1328125000000000e-01   1.6652200467617391e+00   1.6652200467963203e+00   3.4581226771024376e-11
   6.2109375000000000e-01   1.7195135223640283e+00   1.7195135224003755e+00   3.6347147513993150e-11
   6.2890625000000000e-01   1.7714348606371877e+00   1.7714348606751793e+00   3.7991609858067932e-11
   6.3671875000000000e-01   1.8209721449043890e+00   1.8209721449440071e+00   3.9618086589143786e-11
   6.4453125000000000e-01   1.8681311537933556e+00   1.8681311538345367e+00   4.1181058563211081e-11
   6.5234375000000000e-01   1.9129127838216482e+00   1.9129127838643494e+00   4.2701175928527846e-11
   6.6015625000000000e-01   1.9552953738281820e+00   1.9552953738722232e+00   4.4041215119250410e-11
   6.6796875000000000e-01   1.9952229208274304e+00   1.9952229208726013e+00   4.5170978069108969e-11
   6.7578125000000000e-01   2.0325993940497891e+00   2.0325993940960347e+00   4.6245673956946121e-11
   6.8359375000000000e-01   2.0672886801171053e+00   2.0672886801643893e+00   4.7283954529575567e-11
   6.9140625000000000e-01   2.0991191888844800e+00   2.0991191889326624e+00   4.8182347001102244e-11
   6.9921875000000000e-01   2.1278918493494952e+00   2.1278918493983290e+00   4.8833825871952286e-11
   7.0703125000000000e-01   2.1533901319055531e+00   2.1533901319549580e+00   4.9404924595819466e-11
   7.1484375000000000e-01   2.1753908245410631e+00   2.1753908245909233e+00   4.9860116035915780e-11
   7.2265625000000000e-01   2.1936745233343609e+00   2.1936745233843564e+00   4.9995563244920049e-11
   7.3046875000000000e-01   2.2080351160690515e+00   2.2080351161187597e+00   4.9708237526147059e-11
   7.3828125000000000e-01   2.2182878821983105e+00   2.2182878822473753e+00   4.9064752261074318e-11
   7.4609375000000000e-01   2.2242761470213397e+00   2.2242761470693337e+00   4.7994053176125817e-11
   8.7890625000000000e-01   1.7247314403358378e+00   1.7247314403278942e+00   7.9436457411929950e-12
   8.8671875000000000e-01   1.6735468940646776e+00   1.6735468940527385e+00   1.1939116362214008e-11
   8.9453125000000000e-01   1.6215216161380177e+00   1.6215216161222186e+00   1.5799139774230753e-11
   9.0234375000000000e-01   1.5686427544683370e+00   1.5686427544489872e+00   1.9349855051586928e-11
   9.1015625000000000e-01   1.5148225930632471e+00   1.5148225930406982e+00   2.2548851674741854e-11
   9.1796875000000000e-01   1.4599194710363936e+00   1.4599194710110635e+00   2.5330182396032797e-11
   9.2578125000000000e-01   1.4037680923113618e+00   1.4037680922835891e+00   2.7772673050208141e-11
   9.3359375000000000e-01   1.3462172429182779e+00   1.3462172428884340e+00   2.9843905124948833e-11
   9.4140625000000000e-01   1.2871717481069958e+00   1.2871717480753826e+00   3.1613156536991482e-11
   9.4921875000000000e-01   1.2266345109765067e+00   1.2266345109434633e+00   3.3043345837313609e-11
   9.5703125000000000e-01   1.1647438286821699e+00   1.1647438286480079e+00   3.4162006556925917e-11
   9.6484375000000000e-01   1.1018010104725648e+00   1.1018010104376224e+00   3.4942493343237402e-11
   9.7265625000000000e-01   1.0382837119463770e+00   1.0382837119109591e+00   3.5417890842381894e-11
   9.8046875000000000e-01   9.7484138296360245e-01   9.7484138292794231e-01   3.5660141506355103e-11
   9.8828125000000000e-01   9.1227076510909078e-01   9.1227076507333815e-01   3.5752623084306379e-11
   9.9609375000000000e-01   8.5147135837702148e-01   8.5147135834128562e-01   3.5735858716634539e-11
   7.5390625000000000e-01   2.2258766679963551e+00   2.2258766680428974e+00   4.6542325549125962e-11
   7.6171875000000000e-01   2.2230040673603102e+00   2.2230040674049687e+00   4.4658499120941997e-11
   7.6953125000000000e-01   2.2156146462520616e+00   2.2156146462944442e+00   4.2382541920460426e-11
   7.7734375000000000e-01   2.2037098277508949e+00   2.2037098277906280e+00   3.9733105694494952e-11
   7.8515625000000000e-01   2.1873393018689442e+00   2.1873393019057485e+00   3.6804337355533789e-11
   7.9296875000000000e-01   2.1666037191837018e+00   2.1666037192174796e+00   3.3777869390405613e-11
   8.0078125000000000e-01   2.1416565440676663e+00   2.1416565440982862e+00   3.0619951019161817e-11
   8.0859375000000000e-01   2.1127044790024918e+00   2.1127044790297416e+00   2.7249758005609692e-11
   8.1640625000000000e-01   2.0800057516828176e+00   2.0800057517064650e+00   2.3647306335305984e-11
   8.2421875000000000e-01   2.0438655524324165e+00   2.0438655524523974e+00   1.9980905818783867e-11
   8.3203125000000000e-01   2.0046280442100040e+00   2.0046280442263456e+00   1.6341594744062604e-11
   8.3984375000000000e-01   1.9626646475095333e+00   1.9626646475221361e+00   1.2602807686334927e-11
   8.4765625000000000e-01   1.9183587139126623e+00   1.9183587139213349e+00   8.6726181791618728e-12
   8.5546875000000000e-01   1.8720872096274110e+00   1.8720872096320369e+00   4.6258552544031772e-12
   8.6328125000000000e-01   1.8242005785869975e+00   1.8242005785874427e+00   4.4519943287468777e-13
   8.7109375000000000e-01   1.7750024722619793e+00   1.7750024722582025e+00   3.7767566851698575e-12
