#                  Coord.                Numerical               Analytical                    Error
   3.9062500000000000e-03   7.1337451115993666e-01   7.1337451130695129e-01   1.4701462269783860e-10
   1.1718750000000000e-02   6.5403780389942656e-01   6.5403780406245315e-01   1.6302659222589000e-10
   1.9531250000000000e-02   5.8983805107225951e-01   5.8983805124800670e-01   1.7574719457513766e-10
   2.7343750000000000e-02   5.2216183276197214e-01   5.2216183294666252e-01   1.8469037410540068e-10
   3.5156250000000000e-02   4.5249151261330089e-01   4.5249151280268646e-01   1.8938556278769170e-10
   4.2968750000000000e-02   3.8237566000037854e-01   3.8237566018989211e-01   1.8951357150243098e-10
   5.0781250000000000e-02   3.1339499127249959e-01   3.1339499145734490e-01   1.8484530572848712e-10
   5.8593750000000000e-02   2.4712472527047488e-01   2.4712472544580705e-01   1.7533216545295716e-10
   6.6406250000000000e-02   1.8509455836517386e-01   1.8509455852622397e-01   1.6105011768630106e-10
   7.4218750000000000e-02   1.2874771749055119e-01   1.2874771763286805e-01   1.4231685274701533e-10
   8.2031250000000000e-02   7.9400725170138478e-02   7.9400725289752061e-02   1.1961358292733593e-10
   8.9843750000000000e-02   3.8205593150664165e-02   3.8205593244210329e-02   9.3546163870694699e-11
   9.7656250000000000e-02   6.1161424455345101e-03   6.1161425104466023e-03   6.4912092194446824e-11
   1.0546875000000000e-01  -1.6139973966114673e-02  -1.6139973931433842e-02   3.4680831123568012e-11
   1.1328125000000000e-01  -2.8082188057102345e-02  -2.8082188053289710e-02   3.8126342361000098e-12
   1.2109375000000000e-01  -2.9489818764139256e-02  -2.9489818791030992e-02   2.6891735366296743e-11
   1.2890625000000000e-01  -2.0406074752921471e-02  -2.0406074809295453e-02   5.6373981871526979e-11
   1.3671875000000000e-01  -1.1329889859757415e-03  -1.1329890696421300e-03   8.3666388487474430e-11
   1.4453125000000000e-01   2.7782547527381088e-02   2.7782547419366893e-02   1.0801419481065722e-10
   1.5234375000000000e-01   6.5571053318723330e-02   6.5571053189896575e-02   1.2882675481939998e-10
   1.6015625000000000e-01   1.1127002254650353e-01   1.1127002240089082e-01   1.4561271632906880e-10
   1.6796875000000000e-01   1.6375943460087763e-01   1.6375943444288446e-01   1.5799317409914693e-10
   1.7578125000000000e-01   2.2180157060097283e-01   2.2180157043505891e-01   1.6591392149045703e-10
   1.8359375000000000e-01   2.8408330416989874e-01   2.8408330400043014e-01   1.6946860581512624e-10
   1.9140625000000000e-01   3.4925893395090679e-01   3.4925893378196793e-01   1.6893886289892635e-10
   1.9921875000000000e-01   4.1599162673115325e-01   4.1599162656651112e-01   1.6464213326017330e-10
   2.0703125000000000e-01   4.8299164272597250e-01   4.8299164256880528e-01   1.5716722367997704e-10
   2.1484375000000000e-01   5.4904971325712071e-01   5.4904971310992101e-01   1.4719969687604362e-10
   2.2265625000000000e-01   6.1306422545317429e-01   6.1306422531775806e-01   1.3541623378188206e-10
   2.3046875000000000e-01   6.7406122387411282e-01   6.7406122375163369e-01   1.2247913794283249e-10
   2.3828125000000000e-01   7.3120664635195010e-01   7.3120664624276088e-01   1.0918921322655706e-10
   2.4609375000000000e-01   7.8381064896237462e-01   7.8381064886611973e-01   9.6254892945069059e-11
   2.5390625000000000e-01   8.3132431889125902e-01   8.3132431880705815e-01   8.4200868499806347e-11
   2.6171875000000000e-01   8.7332949906651669e-01   8.7332949899301560e-01   7.3501094099981401e-11
   2.6953125000000000e-01   9.0952283018197533e-01   9.0952283011744883e-01   6.4526495258121486e-11
   2.7734375000000000e-01   9.3969543131181643e-01   9.3969543125439037e-01   5.7426063904131297e-11
   2.8515625000000000e-01   9.6370987007222741e-01   9.6370987002000053e-01   5.2226889479811689e-11
   2.9296875000000000e-01   9.8147620218437781e-01   9.8147620213562392e-01   4.8753889814179274e-11
   3.0078125000000000e-01   9.9292887904926719e-01   9.9292887900254512e-01   4.6722070656812775e-11
   3.0859375000000000e-01   9.9800622794698146e-01   9.9800622790133209e-01   4.5649373170419949e-11
   3.1640625000000000e-01   9.9663400726828211e-01   9.9663400722334927e-01   4.4932835230326873e-11
   3.2421875000000000e-01   9.8871424050320134e-01   9.8871424045920675e-01   4.3994585752216153e-11
   3.3203125000000000e-01   9.7412015594424439e-01   9.7412015590199919e-01   4.2245207332314294e-11
   3.3984375000000000e-01   9.5269762822279336e-01   9.5269762818382553e-01   3.8967828963620832e-11
   3.4765625000000000e-01   9.2427306098665518e-01   9.2427306095306949e-01   3.3585689784842998e-11
   3.5546875000000000e-01   8.8866719751038226e-01   8.8866719748471212e-01   2.5670132686173019e-11
   3.6328125000000000e-01   8.4571392808283818e-01   8.4571392806789325e-01   1.4944934179084157e-11
   3.7109375000000000e-01   7.9528280768278758e-01   7.9528280768152315e-01   1.2644330027455908e-12
   3.7890625000000000e-01   7.3730372843787095e-01   7.3730372845319170e-01   1.5320744672919773e-11
   3.8671875000000000e-01   6.7179202622869982e-01   6.7179202626321688e-01   3.4517055880201042e-11
   3.9453125000000000e-01   5.9887224964240116e-01   5.9887224969827579e-01   5.5874638249520103e-11
   4.0234375000000000e-01   5.1879888419374531e-01   5.1879888427249954e-01   7.8754225363297792e-11
   4.1015625000000000e-01   4.3197249895817441e-01   4.3197249906056467e-01   1.0239026293490383e-10
   4.1796875000000000e-01   3.3895005251016253e-01   3.3895005263610967e-01   1.2594714160485410e-10
   4.2578125000000000e-01   2.4044843995666704e-01   2.4044844010518457e-01   1.4851753160627368e-10
   4.3359375000000000e-01   1.3734075789315334e-01   1.3734075806235022e-01   1.6919687872984923e-10
   4.4140625000000000e-01   3.0645181746487764e-02   3.0645181933516192e-02   1.8702842746742832e-10
   4.4921875000000000e-01  -7.8493237626995671e-02  -7.8493237425712181e-02   2.0128348987569211e-10
   4.5703125000000000e-01  -1.8882716999281746e-01  -1.8882716978153044e-01   2.1128701566119901e-10
   4.6484375000000000e-01  -2.9903697842936211e-01  -2.9903697821285130e-01   2.1651080928108968e-10
   4.7265625000000000e-01  -4.0776479488316758e-01  -4.0776479466656190e-01   2.1660567783854390e-10
   4.8046875000000000e-01  -5.1365124779959670e-01  -5.1365124758815495e-01   2.1144175299525614e-10
   4.8828125000000000e-01  -6.1537329883056591e-01  -6.1537329862947943e-01   2.0108648079997238e-10
   4.9609375000000000e-01  -7.1168163601346723e-01  -7.1168163582766641e-01   1.8580081917463076e-10
   5.0390625000000000e-01  -8.0143613620330134e-01  -8.0143613603730413e-01   1.6599721597287953e-10
   5.1171875000000000e-01  -8.8363803819725939e-01  -8.8363803805502805e-01   1.4223133781854358e-10
   5.1953125000000000e-01  -9.5745764562540236e-01  -9.5745764551015000e-01   1.1525236320863996e-10
   5.2734375000000000e-01  -1.0222565900775449e+00  -1.0222565899916134e+00   8.5931484150592041e-11
   5.3515625000000000e-01  -1.0776039155017612e+00  -1.0776039154465777e+00   5.5183413394388481e-11
   5.4296875000000000e-01  -1.1232854819547580e+00  -1.1232854819308464e+00   2.3911539415166772e-11
   5.5078125000000000e-01  -1.1593064204107479e+00  -1.1593064204176156e+00   6.8676175857262933e-12
   5.5859375000000000e-01  -1.1858865938548551e+00  -1.1858865938909697e+00   3.6114666812636642e-11
   5.6640625000000000e-01  -1.2034492297532908e+00  -1.2034492298162247e+00   6.2933880329296699e-11
   5.7421875000000000e-01  -1.2126030842818223e+00  -1.2126030843683673e+00   8.6544993393999903e-11
   5.8203125000000000e-01  -1.2141186802517414e+00  -1.2141186803579751e+00   1.0623368851270243e-10
   5.8984375000000000e-01  -1.2088993300411168e+00  -1.2088993301624857e+00   1.2136891491820734e-10
   5.9765625000000000e-01  -1.1979478131470789e+00  -1.1979478132785777e+00   1.3149881183949219e-10
   6.0546875000000000e-01  -1.1823297249516094e+00  -1.1823297250879592e+00   1.3634982032328935e-10
   6.1328125000000000e-01  -1.1631346465473302e+00  -1.1631346466831358e+00   1.3580558899661810e-10
   6.2109375000000000e-01  -1.1414364001628299e+00  -1.1414364002927933e+00   1.2996337339643560e-10
   6.2890625000000000e-01  -1.1182537436880080e+00  -1.1182537438070623e+00   1.1905432195646881e-10
   6.3671875000000000e-01  -1.0945129120873440e+00  -1.0945129121909039e+00   1.0355982738019520e-10
   6.4453125000000000e-01  -1.0710134233554602e+00  -1.0710134234395654e+00   8.4105167275083659e-11
   6.5234375000000000e-01  -1.0483985228041415e+00  -1.0483985228656472e+00   6.1505689430418897e-11
   6.6015625000000000e-01  -1.0271315343778582e+00  -1.0271315344144780e+00   3.6619818288841088e-11
   6.6796875000000000e-01  -1.0074792170433549e+00  -1.0074792170537534e+00   1.0398570893244141e-11
   6.7578125000000000e-01  -9.8950298805333903e-01  -9.8950298803723979e-01   1.6099233057786932e-11
   6.8359375000000000e-01  -9.7305857808305729e-01  -9.7305857804129692e-01   4.1760372937460488e-11
   6.9140625000000000e-01  -9.5780433628842154e-01  -9.5780433622288219e-01   6.5539351723487016e-11
   6.9921875000000000e-01  -9.4321802176781910e-01  -9.4321802168127578e-01   8.6543328059462965e-11
   7.0703125000000000e-01  -9.2862152158862543e-01  -9.2862152148483457e-01   1.0379086479161970e-10
   7.1484375000000000e-01  -9.1321254736592217e-01  -9.1321254724935430e-01   1.1656786647051831e-10
   7.2265625000000000e-01  -8.9610200662383599e-01  -8.9610200649947380e-01   1.2436218721489922e-10
   7.3046875000000000e-01  -8.7635544555766898e-01  -8.7635544543077060e-01   1.2689838069235293e-10
   7.3828125000000000e-01  -8.5303673756096976e-01  -8.5303673743698494e-01   1.2398482240882913e-10
   7.4609375000000000e-01  -8.2525206384787275e-01  -8.2525206373214655e-01   1.1572620639554998e-10
   8.7890625000000000e-01   4.5036387869527644e-01   4.5036387852120208e-01   1.7407436603278370e-10
   8.8671875000000000e-01   5.3344018857245912e-01   5.3344018840638574e-01   1.6607337727236882e-10
   8.9453125000000000e-01   6.1030391327063427e-01   6.1030391311585808e-01   1.5477619186299307e-10
   9.0234375000000000e-01   6.7994494347345513e-01   6.7994494333301025e-01   1.4044487794961924e-10
   9.1015625000000000e-01   7.4146730452335119e-01   7.4146730439989006e-01   1.2346113020811345e-10
   9.1796875000000000e-01   7.9410066249529376e-01   7.9410066239097343e-01   1.0432033015206343e-10
   9.2578125000000000e-01   8.3720954151885330e-01   8.3720954143547210e-01   8.3381190840725594e-11
   9.3359375000000000e-01   8.7030083582093409e-01   8.7030083575994976e-01   6.0984328698054924e-11
   9.4140625000000000e-01   8.9303014738977937e-01   8.9303014735233344e-01   3.7445935241464667e-11
   9.4921875000000000e-01   9.0520735428957166e-01   9.0520735427642773e-01   1.3143930388537228e-11
   9.5703125000000000e-01   9.0680163120779556e-01   9.0680163121935176e-01   1.1556200441020792e-11
   9.6484375000000000e-01   8.9794592396948114e-01   8.9794592400583206e-01   3.6350922272276875e-11
   9.7265625000000000e-01   8.7894064819665840e-01   8.7894064825751073e-01   6.0852323180426993e-11
   9.8046875000000000e-01   8.5025616497567313e-01   8.5025616506031199e-01   8.4638851483020972e-11
   9.8828125000000000e-01   8.1253340814346897e-01   8.1253340825073439e-01   1.0726541876948659e-10
   9.9609375000000000e-01   7.6658192002463910e-01   7.6658192015288185e-01   1.2824274975287153e-10
   7.5390625000000000e-01  -7.9219220965417525e-01  -7.9219220955174774e-01   1.0242751091738000e-10
   7.6171875000000000e-01  -7.5317128582048176e-01  -7.5317128573584247e-01   8.4639295572230822e-11
   7.6953125000000000e-01  -7.0766017749950960e-01  -7.0766017743648979e-01   6.3019811591402686e-11
   7.7734375000000000e-01  -6.5531330827701284e-01  -6.5531330823860390e-01   3.8408942693024528e-11
   7.8515625000000000e-01  -5.9598767136343112e-01  -5.9598767135165931e-01   1.1771805752402997e-11
   7.9296875000000000e-01  -5.2975349636533120e-01  -5.2975349638133395e-01   1.6002754676947006e-11
   8.0078125000000000e-01  -4.5689636329672978e-01  -4.5689636334067035e-01   4.3940573402068139e-11
   8.0859375000000000e-01  -3.7791101592197640e-01  -3.7791101599301230e-01   7.1035899384952472e-11
   8.1640625000000000e-01  -2.9348753556489315e-01  -2.9348753566126423e-01   9.6371077784596082e-11
   8.2421875000000000e-01  -2.0449088801406426e-01  -2.0449088813327507e-01   1.1921080789178973e-10
   8.3203125000000000e-01  -1.1193512842938103e-01  -1.1193512856832169e-01   1.3894066452913023e-10
   8.3984375000000000e-01  -1.6953726664662234e-02  -1.6953726819669005e-02   1.5500677130741991e-10
   8.4765625000000000e-01   7.9232450101618446e-02   7.9232449934517932e-02   1.6710051398138859e-10
   8.5546875000000000e-01   1.7534798948720062e-01   1.7534798931211795e-01   1.7508267058374827e-10
   8.6328125000000000e-01   2.7009523778027816e-01   2.7009523760141485e-01   1.7886331304950431e-10
   8.7109375000000000e-01   3.6218487887698964e-01   3.6218487869854049e-01   1.7844914435016790e-10
