#                  Coord.                Numerical               Analytical                    Error
   3.9062500000000000e-03   8.2271203210456467e-01   8.2271203210925292e-01   4.6882497883871110e-12
   1.1718750000000000e-02   8.4377630348637422e-01   8.4377630348931199e-01   2.9377611454606267e-12
   1.9531250000000000e-02   8.6057823721020010e-01   8.6057823721145088e-01   1.2507772595427014e-12
   2.7343750000000000e-02   8.7310800703638691e-01   8.7310800703606073e-01   3.2618352463487099e-13
   3.5156250000000000e-02   8.8156531851991982e-01   8.8156531851827313e-01   1.6466827901240322e-12
   4.2968750000000000e-02   8.8634286826861486e-01   8.8634286826591757e-01   2.6972868383268178e-12
   5.0781250000000000e-02   8.8800065293030672e-01   8.8800065292687125e-01   3.4354741274000844e-12
   5.8593750000000000e-02   8.8723262284816340e-01   8.8723262284430338e-01   3.8600234120167443e-12
   6.6406250000000000e-02   8.8482757111441157e-01   8.8482757111048749e-01   3.9240832805376158e-12
   7.4218750000000000e-02   8.8162643902467330e-01   8.8162643902101978e-01   3.6535219294364651e-12
   8.2031250000000000e-02   8.7847838535307232e-01   8.7847838534998790e-01   3.0844216070136099e-12
   8.9843750000000000e-02   8.7619799829687151e-01   8.7619799829467149e-01   2.2000179455972102e-12
   9.7656250000000000e-02   8.7552592238020621e-01   8.7552592237907423e-01   1.1319833959078096e-12
   1.0546875000000000e-01   8.7709493363518853e-01   8.7709493363524282e-01   5.4289905904170155e-14
   1.1328125000000000e-01   8.8140313901970790e-01   8.8140313902102085e-01   1.3129497489217101e-12
   1.2109375000000000e-01   8.8879552205396717e-01   8.8879552205657941e-01   2.6122437546405308e-12
   1.2890625000000000e-01   8.9945453433235800e-01   8.9945453433622546e-01   3.8674619062817328e-12
   1.3671875000000000e-01   9.1339987491341568e-01   9.1339987491839358e-01   4.9779069755118144e-12
   1.4453125000000000e-01   9.3049704225361074e-01   9.3049704225956531e-01   5.9545701702745646e-12
   1.5234375000000000e-01   9.5047372221863724e-01   9.5047372222539384e-01   6.7565952832637777e-12
   1.6015625000000000e-01   9.7294262444231749e-01   9.7294262444965707e-01   7.3395733934944474e-12
   1.6796875000000000e-01   9.9742902697668989e-01   9.9742902698436886e-01   7.6789685721223577e-12
   1.7578125000000000e-01   1.0234010581484516e+00   1.0234010581562554e+00   7.8037576400902253e-12
   1.8359375000000000e-01   1.0503006488035518e+00   1.0503006488113678e+00   7.8159700933611020e-12
   1.9140625000000000e-01   1.0775731322303053e+00   1.0775731322379982e+00   7.6929573822326347e-12
   1.9921875000000000e-01   1.1046936476965148e+00   1.1046936477039406e+00   7.4258377225078220e-12
   2.0703125000000000e-01   1.1311888018987344e+00   1.1311888019058078e+00   7.0734529344917974e-12
   2.1484375000000000e-01   1.1566524374227480e+00   1.1566524374295122e+00   6.7641447998312287e-12
   2.2265625000000000e-01   1.1807548185406085e+00   1.1807548185471137e+00   6.5052407904886422e-12
   2.3046875000000000e-01   1.2032450378370037e+00   1.2032450378432678e+00   6.2641003495400582e-12
   2.3828125000000000e-01   1.2239469359350874e+00   1.2239469359411583e+00   6.0709215432552810e-12
   2.4609375000000000e-01   1.2427492755970566e+00   1.2427492756030576e+00   6.0009774927038961e-12
   2.5390625000000000e-01   1.2595912889971550e+00   1.2595912890031711e+00   6.0160765258387983e-12
   2.6171875000000000e-01   1.2744449974098127e+00   1.2744449974158862e+00   6.0735860785143814e-12
   2.6953125000000000e-01   1.2872958683804732e+00   1.2872958683866058e+00   6.1326499434244397e-12
   2.7734375000000000e-01   1.2981234184424109e+00   1.2981234184485986e+00   6.1877170054458475e-12
   2.8515625000000000e-01   1.3068832912403188e+00   1.3068832912465305e+00   6.2116978227777508e-12
   2.9296875000000000e-01   1.3134921526690138e+00   1.3134921526751053e+00   6.0915716915133089e-12
   3.0078125000000000e-01   1.3178164658858527e+00   1.3178164658916445e+00   5.7918114748645166e-12
   3.0859375000000000e-01   1.3196658659472773e+00   1.3196658659526244e+00   5.3470561311996789e-12
   3.1640625000000000e-01   1.3187914767146944e+00   1.3187914767194286e+00   4.7342130216065925e-12
   3.2421875000000000e-01   1.3148891334744348e+00   1.3148891334783828e+00   3.9479530755670567e-12
   3.3203125000000000e-01   1.3076071240764158e+00   1.3076071240794154e+00   2.9996005679322479e-12
   3.3984375000000000e-01   1.2965577661094987e+00   1.2965577661114100e+00   1.9113599591946695e-12
   3.4765625000000000e-01   1.2813319184134628e+00   1.2813319184142131e+00   7.5028872004168079e-13
   3.5546875000000000e-01   1.2615153950923625e+00   1.2615153950919411e+00   4.2144066014770942e-13
   3.6328125000000000e-01   1.2367062135829558e+00   1.2367062135813329e+00   1.6229240173970538e-12
   3.7109375000000000e-01   1.2065316610481978e+00   1.2065316610454122e+00   2.7855495687845178e-12
   3.7890625000000000e-01   1.1706642933287303e+00   1.1706642933248181e+00   3.9122038941741266e-12
   3.8671875000000000e-01   1.1288361693976603e+00   1.1288361693926789e+00   4.9813486668881524e-12
   3.9453125000000000e-01   1.0808508488588291e+00   1.0808508488528263e+00   6.0027538495432964e-12
   4.0234375000000000e-01   1.0265929156694615e+00   1.0265929156624882e+00   6.9733108176706082e-12
   4.1015625000000000e-01   9.6603501366163413e-01   9.6603501365372346e-01   7.9106721173616279e-12
   4.1796875000000000e-01   8.9924256721870632e-01   8.9924256720987616e-01   8.8301588263561825e-12
   4.2578125000000000e-01   8.2637649719611617e-01   8.2637649718637662e-01   9.7395425058266483e-12
   4.3359375000000000e-01   7.4769431779433970e-01   7.4769431778368500e-01   1.0654699345025165e-11
   4.4140625000000000e-01   6.6355001163844629e-01   6.6355001162689276e-01   1.1553535905761692e-11
   4.4921875000000000e-01   5.7439303192750391e-01   5.7439303191511337e-01   1.2390533044026597e-11
   4.5703125000000000e-01   4.8076668266657230e-01   4.8076668265338335e-01   1.3188949932185778e-11
   4.6484375000000000e-01   3.8330599612134159e-01   3.8330599610742827e-01   1.3913314944602462e-11
   4.7265625000000000e-01   2.8273507929030534e-01   2.8273507927583624e-01   1.4469092590729815e-11
   4.8046875000000000e-01   1.7986375792294376e-01   1.7986375790813364e-01   1.4810125348319048e-11
   4.8828125000000000e-01   7.5583225851413013e-02   7.5583225836518955e-02   1.4894058208980709e-11
   4.9609375000000000e-01  -2.9139675472961233e-02  -2.9139675487619372e-02   1.4658139285694816e-11
   5.0390625000000000e-01  -1.3326995653030899e-01  -1.3326995654438878e-01   1.4079792887145004e-11
   5.1171875000000000e-01  -2.3571414787207678e-01  -2.3571414788526596e-01   1.3189171976790703e-11
   5.1953125000000000e-01  -3.3533245316978910e-01  -3.3533245318176935e-01   1.1980250125276370e-11
   5.2734375000000000e-01  -4.3095358304254672e-01  -4.3095358305296066e-01   1.0413947482135200e-11
   5.3515625000000000e-01  -5.2139230859286601e-01  -5.2139230860146379e-01   8.5977891473021373e-12
   5.4296875000000000e-01  -6.0546959423457403e-01  -6.0546959424119962e-01   6.6255889663580092e-12
   5.5078125000000000e-01  -6.8203498341692370e-01  -6.8203498342142999e-01   4.5062842346510479e-12
   5.5859375000000000e-01  -7.4999073400108951e-01  -7.4999073400338667e-01   2.2971624602519114e-12
   5.6640625000000000e-01  -8.0831704650257485e-01  -8.0831704650262659e-01   5.1736392947532295e-14
   5.7421875000000000e-01  -8.5609760946698776e-01  -8.5609760946479019e-01   2.1975754549430349e-12
   5.8203125000000000e-01  -8.9254460944251646e-01  -8.9254460943812997e-01   4.3864911702939935e-12
   5.8984375000000000e-01  -9.1702232176040599e-01  -9.1702232175389997e-01   6.5060179466058798e-12
   5.9765625000000000e-01  -9.2906841202787871e-01  -9.2906841201933543e-01   8.5432771967930421e-12
   6.0546875000000000e-01  -9.2841213281329793e-01  -9.2841213280280399e-01   1.0493939051059442e-11
   6.1328125000000000e-01  -9.1498868882629703e-01  -9.1498868881396722e-01   1.2329803844579601e-11
   6.2109375000000000e-01  -8.8894915885423686e-01  -8.8894915884015580e-01   1.4081069643623323e-11
   6.2890625000000000e-01  -8.5066549534018199e-01  -8.5066549532446167e-01   1.5720313939482367e-11
   6.3671875000000000e-01  -8.0073026495910382e-01  -8.0073026494195709e-01   1.7146728481520768e-11
   6.4453125000000000e-01  -7.3995093947359236e-01  -7.3995093945521373e-01   1.8378631949644841e-11
   6.5234375000000000e-01  -6.6933869100364995e-01  -6.6933869098425747e-01   1.9392487615732534e-11
   6.6015625000000000e-01  -5.9009178706928223e-01  -5.9009178704920751e-01   2.0074719664364693e-11
   6.6796875000000000e-01  -5.0357381750692976e-01  -5.0357381748658581e-01   2.0343948747836293e-11
   6.7578125000000000e-01  -4.1128711796384421e-01  -4.1128711794365597e-01   2.0188239968632615e-11
   6.8359375000000000e-01  -3.1484188397186308e-01  -3.1484188395229712e-01   1.9565959963330215e-11
   6.9140625000000000e-01  -2.1592159616249842e-01  -2.1592159614401499e-01   1.8483437003169456e-11
   6.9921875000000000e-01  -1.1624550063430825e-01  -1.1624550061739801e-01   1.6910237099487802e-11
   7.0703125000000000e-01  -1.7529006988266059e-02  -1.7529006973438822e-02   1.4827236660686083e-11
   7.1484375000000000e-01   7.8557023439430787e-02   7.8557023451739649e-02   1.2308862262777609e-11
   7.2265625000000000e-01   1.7042703032396372e-01   1.7042703033342890e-01   9.4651786408661565e-12
   7.3046875000000000e-01   2.5662040326426289e-01   2.5662040327057706e-01   6.3141714079506528e-12
   7.3828125000000000e-01   3.3583883373057472e-01   3.3583883373351359e-01   2.9388713684852519e-12
   7.4609375000000000e-01   4.0698016368612328e-01   4.0698016368560996e-01   5.1331161543544113e-13
   8.7890625000000000e-01   4.7505419753553985e-01   4.7505419752394878e-01   1.1591061443994022e-11
   8.8671875000000000e-01   4.6689198005907884e-01   4.6689198005051757e-01   8.5612628097919696e-12
   8.9453125000000000e-01   4.6424921855488338e-01   4.6424921854951107e-01   5.3723137050099012e-12
   9.0234375000000000e-01   4.6748089926459180e-01   4.6748089926240299e-01   2.1888046930484961e-12
   9.1015625000000000e-01   4.7668377857760036e-01   4.7668377857845728e-01   8.5692564155692708e-13
   9.1796875000000000e-01   4.9169996820061107e-01   4.9169996820427719e-01   3.6661229607659607e-12
   9.2578125000000000e-01   5.1213086513678907e-01   5.1213086514295525e-01   6.1661786787681194e-12
   9.3359375000000000e-01   5.3736088256849168e-01   5.3736088257670866e-01   8.2169826498557086e-12
   9.4140625000000000e-01   5.6658999480232231e-01   5.6658999481204109e-01   9.7187813352661578e-12
   9.4921875000000000e-01   5.9887369815632963e-01   5.9887369816699332e-01   1.0663692151524629e-11
   9.5703125000000000e-01   6.3316863159035486e-01   6.3316863160146264e-01   1.1107781361374691e-11
   9.6484375000000000e-01   6.6838181612354974e-01   6.6838181613456793e-01   1.1018186363287441e-11
   9.7265625000000000e-01   7.0342127811055299e-01   7.0342127812097599e-01   1.0422995799785895e-11
   9.8046875000000000e-01   7.3724573185959597e-01   7.3724573186899545e-01   9.3994811933839628e-12
   9.8828125000000000e-01   7.6891102054262761e-01   7.6891102055066274e-01   8.0351281184221079e-12
   9.9609375000000000e-01   7.9761115376475611e-01   7.9761115377117808e-01   6.4219740636417555e-12
   7.5390625000000000e-01   4.6916755300368906e-01   4.6916755299979052e-01   3.8985481509712372e-12
   7.6171875000000000e-01   5.2177286303604498e-01   5.2177286302887238e-01   7.1725958505908238e-12
   7.6953125000000000e-01   5.6443327846378810e-01   5.6443327845348279e-01   1.0305312159175628e-11
   7.7734375000000000e-01   5.9706036383030492e-01   5.9706036381713723e-01   1.3167689161264207e-11
   7.8515625000000000e-01   6.1984097194090015e-01   6.1984097192517784e-01   1.5722312340926692e-11
   7.9296875000000000e-01   6.3322968246573441e-01   6.3322968244778410e-01   1.7950307906744456e-11
   8.0078125000000000e-01   6.3793274174837100e-01   6.3793274172860037e-01   1.9770629577919863e-11
   8.0859375000000000e-01   6.3488378771584131e-01   6.3488378769472198e-01   2.1119328508234503e-11
   8.1640625000000000e-01   6.2521196386955480e-01   6.2521196384754407e-01   2.2010726574706041e-11
   8.2421875000000000e-01   6.1020333948683902e-01   6.1020333946443306e-01   2.2405965971472597e-11
   8.3203125000000000e-01   5.9125684490345753e-01   5.9125684488116070e-01   2.2296831048151944e-11
   8.3984375000000000e-01   5.6983618696748306e-01   5.6983618694582017e-01   2.1662893701090979e-11
   8.4765625000000000e-01   5.4741941738423816e-01   5.4741941736367405e-01   2.0564105973619462e-11
   8.5546875000000000e-01   5.2544797428016998e-01   5.2544797426121315e-01   1.8956836100869623e-11
   8.6328125000000000e-01   5.0527709563510237e-01   5.0527709561825207e-01   1.6850298933945851e-11
   8.7109375000000000e-01   4.8812950560870039e-01   4.8812950559432727e-01   1.4373113810250970e-11
