#                  Coord.                Numerical               Analytical                    Error
   3.9062500000000000e-03  -4.3380545441967832e-03  -4.3380545399513866e-03   4.2453965690136819e-12
   1.1718750000000000e-02  -3.4810103110875863e-03  -3.4810103078390044e-03   3.2485819589922471e-12
   1.9531250000000000e-02  -2.7513910464694361e-03  -2.7513910440663406e-03   2.4030955177167801e-12
   2.7343750000000000e-02  -2.1411849818275667e-03  -2.1411849800554148e-03   1.7721518696944827e-12
   3.5156250000000000e-02  -1.6404330033522503e-03  -1.6404330020062024e-03   1.3460478391624786e-12
   4.2968750000000000e-02  -1.2382996666698450e-03  -1.2382996656586458e-03   1.0111991539246690e-12
   5.0781250000000000e-02  -9.2390880610024491e-04  -9.2390880535447905e-04   7.4576586225894026e-13
   5.8593750000000000e-02  -6.8693585906459003e-04  -6.8693585848811952e-04   5.7647051195097720e-13
   6.6406250000000000e-02  -5.1795004760370341e-04  -5.1795004711540098e-04   4.8830243234293524e-13
   7.4218750000000000e-02  -4.0850013875534967e-04  -4.0850013834601575e-04   4.0933391658865004e-13
   8.2031250000000000e-02  -3.5093895255827463e-04  -3.5093895218769134e-04   3.7058328411151975e-13
   8.9843750000000000e-02  -3.3798560059214379e-04  -3.3798560017224476e-04   4.1989903307865228e-13
   9.7656250000000000e-02  -3.6203214764432817e-04  -3.6203214703461981e-04   6.0970835585177907e-13
   1.0546875000000000e-01  -4.1421435115947443e-04  -4.1421435027376571e-04   8.8570871557142050e-13
   1.1328125000000000e-01  -4.8328529400896335e-04  -4.8328529280368290e-04   1.2052804500978231e-12
   1.2109375000000000e-01  -5.5435636536528077e-04  -5.5435636374996016e-04   1.6153206159816302e-12
   1.2890625000000000e-01  -6.0760154077011449e-04  -6.0760153872518299e-04   2.0449314984405387e-12
   1.3671875000000000e-01  -6.1705654231558496e-04  -6.1705653990277792e-04   2.4128070418363845e-12
   1.4453125000000000e-01  -5.4968129855924926e-04  -5.4968129588706159e-04   2.6721876664539956e-12
   1.5234375000000000e-01  -3.6488806898928190e-04  -3.6488806629468790e-04   2.6945940053910156e-12
   1.6015625000000000e-01  -1.4763538863511122e-05  -1.4763536473956466e-05   2.3895546558984609e-12
   1.6796875000000000e-01   5.5477463469773237e-04   5.5477463631203904e-04   1.6143066701099218e-12
   1.7578125000000000e-01   1.4016538226808788e-03   1.4016538230092431e-03   3.2836428888460834e-13
   1.8359375000000000e-01   2.5839544437939337e-03   2.5839544422622401e-03   1.5316936087528266e-12
   1.9140625000000000e-01   4.1547109765100419e-03   4.1547109724065622e-03   4.1034797088057573e-12
   1.9921875000000000e-01   6.1551593720379849e-03   6.1551593647184424e-03   7.3195425415173432e-12
   2.0703125000000000e-01   8.6065067219910137e-03   8.6065067109246454e-03   1.1066368307832697e-11
   2.1484375000000000e-01   1.1500447167780734e-02   1.1500447152540002e-02   1.5240732287313818e-11
   2.2265625000000000e-01   1.4788813870146262e-02   1.4788813850391529e-02   1.9754732571986011e-11
   2.3046875000000000e-01   1.8372928808329473e-02   1.8372928783935916e-02   2.4393556619095591e-11
   2.3828125000000000e-01   2.2093375589316018e-02   2.2093375560498375e-02   2.8817642716560954e-11
   2.4609375000000000e-01   2.5721058516204060e-02   2.5721058483537767e-02   3.2666293281469194e-11
   2.5390625000000000e-01   2.8950506289320662e-02   2.8950506253704041e-02   3.5616620763789797e-11
   2.6171875000000000e-01   3.1396414146865670e-02   3.1396414109523409e-02   3.7342261227646389e-11
   2.6953125000000000e-01   3.2594379923581260e-02   3.2594379886126172e-02   3.7455087642523921e-11
   2.7734375000000000e-01   3.2006667848517988e-02   3.2006667812891104e-02   3.5626883387873676e-11
   2.8515625000000000e-01   2.9033625461511076e-02   2.9033625429987983e-02   3.1523093163565719e-11
   2.9296875000000000e-01   2.3031087662075660e-02   2.3031087637275859e-02   2.4799801101593744e-11
   3.0078125000000000e-01   1.3333739396924683e-02   1.3333739381658903e-02   1.5265779959583448e-11
   3.0859375000000000e-01  -7.1600556450448160e-04  -7.1600556737032198e-04   2.8658403775083663e-12
   3.1640625000000000e-01  -1.9734491424643102e-02  -1.9734491412259750e-02   1.2383351288836053e-11
   3.2421875000000000e-01  -4.4259986816674764e-02  -4.4259986786289278e-02   3.0385485794148792e-11
   3.3203125000000000e-01  -7.4714236184132532e-02  -7.4714236133249998e-02   5.0882534297080895e-11
   3.3984375000000000e-01  -1.1136441658630741e-01  -1.1136441651283396e-01   7.3473449546668235e-11
   3.4765625000000000e-01  -1.5428772816364206e-01  -1.5428772806610433e-01   9.7537727894447812e-11
   3.5546875000000000e-01  -2.0334092115888838e-01  -2.0334092103656332e-01   1.2232506674259014e-10
   3.6328125000000000e-01  -2.5813698715814387e-01  -2.5813698701118198e-01   1.4696188710416891e-10
   3.7109375000000000e-01  -3.1803101100942649e-01  -3.1803101083894292e-01   1.7048357170423856e-10
   3.7890625000000000e-01  -3.8211679851639818e-01  -3.8211679832451279e-01   1.9188539646108893e-10
   3.8671875000000000e-01  -4.4923538134639601e-01  -4.4923538113626499e-01   2.1013102369238368e-10
   3.9453125000000000e-01  -5.1799588359355497e-01  -5.1799588336938140e-01   2.2417356859705251e-10
   4.0234375000000000e-01  -5.8680855220731987e-01  -5.8680855197426363e-01   2.3305624097247346e-10
   4.1015625000000000e-01  -6.5392905048476480e-01  -6.5392905024870107e-01   2.3606372412388055e-10
   4.1796875000000000e-01  -7.1751243740523674e-01  -7.1751243717258095e-01   2.3265578352749117e-10
   4.2578125000000000e-01  -7.7567465232460120e-01  -7.7567465210209285e-01   2.2250834508241724e-10
   4.3359375000000000e-01  -8.2655883651101447e-01  -8.2655883630549609e-01   2.0551838009197354e-10
   4.4140625000000000e-01  -8.6840348443223536e-01  -8.6840348425024194e-01   1.8199342033398125e-10
   4.4921875000000000e-01  -8.9960925233723321e-01  -8.9960925218477039e-01   1.5246282014658163e-10
   4.5703125000000000e-01  -9.1880127098150643e-01  -9.1880127086381624e-01   1.1769019092611188e-10
   4.6484375000000000e-01  -9.2488401177528756e-01  -9.2488401169658296e-01   7.8704598394097047e-11
   4.7265625000000000e-01  -9.1708612695009195e-01  -9.1708612691341218e-01   3.6679770332170847e-11
   4.8046875000000000e-01  -8.9499319895962659e-01  -8.9499319896662888e-01   7.0022876386133248e-12
   4.8828125000000000e-01  -8.5856695753335011e-01  -8.5856695758434776e-01   5.0997650546946716e-11
   4.9609375000000000e-01  -8.0815021357765437e-01  -8.0815021367161077e-01   9.3956398217187598e-11
   5.0390625000000000e-01  -7.4445747339816393e-01  -7.4445747353276803e-01   1.3460410563936875e-10
   5.1171875000000000e-01  -6.6855189067012577e-01  -6.6855189084193956e-01   1.7181378542119319e-10
   5.1953125000000000e-01  -5.8180984674640657e-01  -5.8180984695093185e-01   2.0452528559644634e-10
   5.2734375000000000e-01  -4.8587498783495764e-01  -4.8587498806692536e-01   2.3196772280797973e-10
   5.3515625000000000e-01  -3.8260396395784796e-01  -3.8260396421152698e-01   2.5367902223294436e-10
   5.4296875000000000e-01  -2.7400639246174530e-01  -2.7400639273109084e-01   2.6934554586688364e-10
   5.5078125000000000e-01  -1.6218170111567479e-01  -1.6218170139456323e-01   2.7888844011947356e-10
   5.5859375000000000e-01  -4.9255495050991381e-02  -4.9255495333350725e-02   2.8235934423914699e-10
   5.6640625000000000e-01   6.2682050823039542e-02   6.2682050542893580e-02   2.8014596198389086e-10
   5.7421875000000000e-01   1.7163352839081583e-01   1.7163352811807911e-01   2.7273672209560118e-10
   5.8203125000000000e-01   2.7574546228097180e-01   2.7574546202021016e-01   2.6076163450738932e-10
   5.8984375000000000e-01   3.7335181450349125e-01   3.7335181425860531e-01   2.4488594485561066e-10
   5.9765625000000000e-01   4.6300878102583565e-01   4.6300878079992747e-01   2.2590818105072685e-10
   6.0546875000000000e-01   5.4352028538740216e-01   5.4352028518282447e-01   2.0457768812320865e-10
   6.1328125000000000e-01   6.1395400956651913e-01   6.1395400938487754e-01   1.8164159065747754e-10
   6.2109375000000000e-01   6.7364819985208002e-01   6.7364819969427148e-01   1.5780854401015176e-10
   6.2890625000000000e-01   7.2220982924667987e-01   7.2220982911284271e-01   1.3383716357395770e-10
   6.3671875000000000e-01   7.5950497685353613e-01   7.5950497674329931e-01   1.1023681967259336e-10
   6.4453125000000000e-01   7.8564249281277376e-01   7.8564249272525988e-01   8.7513885027590277e-11
   6.5234375000000000e-01   8.0095215349229842e-01   8.0095215342621262e-01   6.6085803496207518e-11
   6.6015625000000000e-01   8.0595857883535615e-01   8.0595857878909860e-01   4.6257553343309610e-11
   6.6796875000000000e-01   8.0135218843722267e-01   8.0135218840894018e-01   2.8282487463116013e-11
   6.7578125000000000e-01   7.8795842395778626e-01   7.8795842394552096e-01   1.2265299886848879e-11
   6.8359375000000000e-01   7.6670637330077285e-01   7.6670637330255476e-01   1.7819079545233762e-12
   6.9140625000000000e-01   7.3859780767448902e-01   7.3859780768836580e-01   1.3876788607092294e-11
   6.9921875000000000e-01   7.0467749711928351e-01   7.0467749714333128e-01   2.4047763780288278e-11
   7.0703125000000000e-01   6.6600551348398895e-01   6.6600551351648840e-01   3.2499447577549745e-11
   7.1484375000000000e-01   6.2363207103270657e-01   6.2363207107210161e-01   3.9395042783496592e-11
   7.2265625000000000e-01   5.7857530117390210e-01   5.7857530121886835e-01   4.4966252943368090e-11
   7.3046875000000000e-01   5.3180221482616341e-01   5.3180221487555435e-01   4.9390935785709189e-11
   7.3828125000000000e-01   4.8421297756515280e-01   4.8421297761802129e-01   5.2868487365742567e-11
   7.4609375000000000e-01   4.3662851124907431e-01   4.3662851130462643e-01   5.5552118460866495e-11
   8.7890625000000000e-01  -9.2163998642094298e-03  -9.2163998205894264e-03   4.3620003442601529e-11
   8.8671875000000000e-01  -1.3136002836420765e-02  -1.3136002795698959e-02   4.0721806135457506e-11
   8.9453125000000000e-01  -1.5738637917112306e-02  -1.5738637879321865e-02   3.7790440915452805e-11
   9.0234375000000000e-01  -1.7246476865723958e-02  -1.7246476830948602e-02   3.4775356205773988e-11
   9.1015625000000000e-01  -1.7865659925202261e-02  -1.7865659893482391e-02   3.1719869786339672e-11
   9.1796875000000000e-01  -1.7783807963785422e-02  -1.7783807935057950e-02   2.8727471790279679e-11
   9.2578125000000000e-01  -1.7168417892351018e-02  -1.7168417866590388e-02   2.5760629740467778e-11
   9.3359375000000000e-01  -1.6166067866088752e-02  -1.6166067843192061e-02   2.2896691487250820e-11
   9.4140625000000000e-01  -1.4902342044459949e-02  -1.4902342024321487e-02   2.0138462078489461e-11
   9.4921875000000000e-01  -1.3482372782269377e-02  -1.3482372764783864e-02   1.7485513037485134e-11
   9.5703125000000000e-01  -1.1991891162644019e-02  -1.1991891147700013e-02   1.4944006102024510e-11
   9.6484375000000000e-01  -1.0498674630983765e-02  -1.0498674618378693e-02   1.2605071500471077e-11
   9.7265625000000000e-01  -9.0542827934557372e-03  -9.0542827829652207e-03   1.0490516441641340e-11
   9.8046875000000000e-01  -7.6959786407578140e-03  -7.6959786321550705e-03   8.6027435175495270e-12
   9.8828125000000000e-01  -6.4487418074687915e-03  -6.4487418005711589e-03   6.8976326386693820e-12
   9.9609375000000000e-01  -5.3272921074610999e-03  -5.3272921020328335e-03   5.4282663433657952e-12
   7.5390625000000000e-01   3.8978134223567584e-01   3.8978134229325279e-01   5.7576943213177856e-11
   7.6171875000000000e-01   3.4430954041156714e-01   3.4430954047065132e-01   5.9084181991408968e-11
   7.6953125000000000e-01   3.0075353405496991e-01   3.0075353411517031e-01   6.0200400220367101e-11
   7.7734375000000000e-01   2.5955554150266186e-01   2.5955554156359084e-01   6.0928984080277360e-11
   7.8515625000000000e-01   2.2106132985617730e-01   2.2106132991751840e-01   6.1341098867018218e-11
   7.9296875000000000e-01   1.8552399163301658e-01   1.8552399169445755e-01   6.1440963428083251e-11
   8.0078125000000000e-01   1.5310942052586793e-01   1.5310942058713642e-01   6.1268490281207733e-11
   8.0859375000000000e-01   1.2390316565888292e-01   1.2390316571969236e-01   6.0809440816100846e-11
   8.1640625000000000e-01   9.7918348567030980e-02   9.7918348627056631e-02   6.0025651116291101e-11
   8.2421875000000000e-01   7.5104337487319692e-02   7.5104337546244113e-02   5.8924420898165408e-11
   8.3203125000000000e-01   5.5355888604818944e-02   5.5355888662379907e-02   5.7560962940517157e-11
   8.3984375000000000e-01   3.8522483004650651e-02   3.8522483060527038e-02   5.5876386850783888e-11
   8.4765625000000000e-01   2.4417610742095988e-02   2.4417610795916169e-02   5.3820180950792107e-11
   8.5546875000000000e-01   1.2827779219222891e-02   1.2827779270751818e-02   5.1528926958699373e-11
   8.6328125000000000e-01   3.5210515076819619e-03   3.5210515567685508e-03   4.9086588960189914e-11
   8.7109375000000000e-01  -3.7450491091486800e-03  -3.7450490627003092e-03   4.6448370757262714e-11
