#                  Coord.                Numerical               Analytical                    Error
   3.9062500000000000e-03  -6.4363719264203534e-01  -6.4363719264092922e-01   1.1061151994340435e-12
   1.1718750000000000e-02  -6.9481654455172559e-01  -6.9481654455027098e-01   1.4546142068638801e-12
   1.9531250000000000e-02  -7.4808516006812265e-01  -7.4808516006636128e-01   1.7613688285678109e-12
   2.7343750000000000e-02  -8.0301470490225946e-01  -8.0301470490023097e-01   2.0284884882926235e-12
   3.5156250000000000e-02  -8.5907116530647631e-01  -8.5907116530420669e-01   2.2696289292412075e-12
   4.2968750000000000e-02  -9.1562779863604105e-01  -9.1562779863351740e-01   2.5236479572754433e-12
   5.0781250000000000e-02  -9.7197856214171674e-01  -9.7197856213887690e-01   2.8398394746886879e-12
   5.8593750000000000e-02  -1.0273517033540918e+00  -1.0273517033509085e+00   3.1832314562052488e-12
   6.6406250000000000e-02  -1.0809233779263878e+00  -1.0809233779228840e+00   3.5038638657169940e-12
   7.4218750000000000e-02  -1.1318313247109846e+00  -1.1318313247071246e+00   3.8600234120167443e-12
   8.2031250000000000e-02  -1.1791887576206739e+00  -1.1791887576164444e+00   4.2295056346119964e-12
   8.9843750000000000e-02  -1.2220987178593066e+00  -1.2220987178547824e+00   4.5241588253475129e-12
   9.7656250000000000e-02  -1.2596691613482498e+00  -1.2596691613435498e+00   4.7000181524481377e-12
   1.0546875000000000e-01  -1.2910290323791875e+00  -1.2910290323744389e+00   4.7486459209267196e-12
   1.1328125000000000e-01  -1.3153454981170452e+00  -1.3153454981124142e+00   4.6309622803164530e-12
   1.2109375000000000e-01  -1.3318423962207788e+00  -1.3318423962165034e+00   4.2754688678314778e-12
   1.2890625000000000e-01  -1.3398197897663064e+00  -1.3398197897625619e+00   3.7445602174557280e-12
   1.3671875000000000e-01  -1.3386743427873591e+00  -1.3386743427843002e+00   3.0588864774472313e-12
   1.4453125000000000e-01  -1.3279200408299028e+00  -1.3279200408276963e+00   2.2064572391400361e-12
   1.5234375000000000e-01  -1.3072085994989520e+00  -1.3072085994977765e+00   1.1755041384731157e-12
   1.6015625000000000e-01  -1.2763487454929185e+00  -1.2763487454928966e+00   2.1982415887578100e-14
   1.6796875000000000e-01  -1.2353234334622931e+00  -1.2353234334634746e+00   1.1814993428060916e-12
   1.7578125000000000e-01  -1.1843039907120709e+00  -1.1843039907144253e+00   2.3543389460201070e-12
   1.8359375000000000e-01  -1.1236601701731492e+00  -1.1236601701766544e+00   3.5051961333465442e-12
   1.9140625000000000e-01  -1.0539651467880897e+00  -1.0539651467927096e+00   4.6198600500702014e-12
   1.9921875000000000e-01  -9.7599461626011896e-01  -9.7599461626576500e-01   5.6460391917312336e-12
   2.0703125000000000e-01  -8.9071934655783158e-01  -8.9071934656440499e-01   6.5734084842006268e-12
   2.1484375000000000e-01  -7.9929078579344504e-01  -7.9929078580082480e-01   7.3797634669858780e-12
   2.2265625000000000e-01  -7.0301963483594443e-01  -7.0301963484402707e-01   8.0826456638760646e-12
   2.3046875000000000e-01  -6.0334763487965826e-01  -6.0334763488833765e-01   8.6793905396120863e-12
   2.3828125000000000e-01  -5.0181318116375440e-01  -5.0181318117291096e-01   9.1565643955959786e-12
   2.4609375000000000e-01  -4.0001173336320645e-01  -4.0001173337270868e-01   9.5022323343130211e-12
   2.5390625000000000e-01  -2.9955232842951607e-01  -2.9955232843924151e-01   9.7254426734139088e-12
   2.6171875000000000e-01  -2.0201179012700238e-01  -2.0201179013680995e-01   9.8075714216605547e-12
   2.6953125000000000e-01  -1.0888844968288278e-01  -1.0888844969260061e-01   9.7178376456952265e-12
   2.7734375000000000e-01  -2.1557325158073581e-02  -2.1557325167536879e-02   9.4632982006181976e-12
   2.8515625000000000e-01   5.8771260973658299e-02   5.8771260964630305e-02   9.0279936304504815e-12
   2.9296875000000000e-01   1.3108772455922338e-01   1.3108772455086340e-01   8.3599793754274287e-12
   3.0078125000000000e-01   1.9461221100708295e-01   1.9461221099963616e-01   7.4467931820976219e-12
   3.0859375000000000e-01   2.4881511890762259e-01   2.4881511890129562e-01   6.3269667283094577e-12
   3.1640625000000000e-01   2.9342812839314641e-01   2.9342812838813137e-01   5.0150439356855259e-12
   3.2421875000000000e-01   3.2844516765119147e-01   3.2844516764766024e-01   3.5312308632740042e-12
   3.3203125000000000e-01   3.5411325841170177e-01   3.5411325840973817e-01   1.9635959525032831e-12
   3.3984375000000000e-01   3.7091370443771982e-01   3.7091370443735355e-01   3.6626257582383914e-13
   3.4765625000000000e-01   3.7953459323840250e-01   3.7953459323961125e-01   1.2087553180606392e-12
   3.5546875000000000e-01   3.8083603766112006e-01   3.8083603766382090e-01   2.7008395520056183e-12
   3.6328125000000000e-01   3.7580996053326360e-01   3.7580996053726906e-01   4.0054626282426398e-12
   3.7109375000000000e-01   3.6553649685390233e-01   3.6553649685897899e-01   5.0766613135522221e-12
   3.7890625000000000e-01   3.5113923586586254e-01   3.5113923587175322e-01   5.8906768352073868e-12
   3.8671875000000000e-01   3.3374153983180727e-01   3.3374153983823562e-01   6.4283578460333501e-12
   3.9453125000000000e-01   3.1442605698807874e-01   3.1442605699469367e-01   6.6149308253216077e-12
   4.0234375000000000e-01   2.9419930189695820e-01   2.9419930190347598e-01   6.5177863106669065e-12
   4.1015625000000000e-01   2.7396282497342056e-01   2.7396282497957186e-01   6.1513016902381423e-12
   4.1796875000000000e-01   2.5449205940715364e-01   2.5449205941274372e-01   5.5900839512901257e-12
   4.2578125000000000e-01   2.3642344848275493e-01   2.3642344848769062e-01   4.9356907450004428e-12
   4.3359375000000000e-01   2.2024995279007939e-01   2.2024995279433426e-01   4.2548742307246812e-12
   4.4140625000000000e-01   2.0632454866462599e-01   2.0632454866817887e-01   3.5528802122541947e-12
   4.4921875000000000e-01   1.9487088772865691e-01   1.9487088773154662e-01   2.8897162440699731e-12
   4.5703125000000000e-01   1.8599991927331166e-01   1.8599991927559861e-01   2.2869484084253600e-12
   4.6484375000000000e-01   1.7973100255807348e-01   1.7973100255994062e-01   1.8671453272389726e-12
   4.7265625000000000e-01   1.7601586727652632e-01   1.7601586727811658e-01   1.5902557048974586e-12
   4.8046875000000000e-01   1.7476372155125924e-01   1.7476372155266365e-01   1.4044043705752074e-12
   4.8828125000000000e-01   1.7586585394322113e-01   1.7586585394450971e-01   1.2885803535311879e-12
   4.9609375000000000e-01   1.7921821802551000e-01   1.7921821802673468e-01   1.2246870184640102e-12
   5.0390625000000000e-01   1.8474070833568498e-01   1.8474070833684653e-01   1.1615430839384544e-12
   5.1171875000000000e-01   1.9239211440108869e-01   1.9239211440215787e-01   1.0691725282896414e-12
   5.1953125000000000e-01   2.0218005261085453e-01   2.0218005261169814e-01   8.4360296526142520e-13
   5.2734375000000000e-01   2.1416550171534429e-01   2.1416550171587234e-01   5.2804982608734008e-13
   5.3515625000000000e-01   2.2846188629475328e-01   2.2846188629491793e-01   1.6464607455191071e-13
   5.4296875000000000e-01   2.4522894655090416e-01   2.4522894655061306e-01   2.9110047705671604e-13
   5.5078125000000000e-01   2.6466188931000872e-01   2.6466188930913298e-01   8.7574392182432348e-13
   5.5859375000000000e-01   2.8697652579005239e-01   2.8697652578850508e-01   1.5473178294200807e-12
   5.6640625000000000e-01   3.1239126251220789e-01   3.1239126250995031e-01   2.2575830094240246e-12
   5.7421875000000000e-01   3.4110692260737679e-01   3.4110692260439224e-01   2.9845570459485771e-12
   5.8203125000000000e-01   3.7328543855391227e-01   3.7328543855019064e-01   3.7216341119972185e-12
   5.8984375000000000e-01   4.0902847888235438e-01   4.0902847887790045e-01   4.4539372190399718e-12
   5.9765625000000000e-01   4.4835705624783256e-01   4.4835705624264510e-01   5.1874615714098127e-12
   6.0546875000000000e-01   4.9119311803237248e-01   4.9119311802648458e-01   5.8879012776458239e-12
   6.1328125000000000e-01   5.3734404796213220e-01   5.3734404795559865e-01   6.5335514776165837e-12
   6.2109375000000000e-01   5.8649091144815380e-01   5.8649091144105525e-01   7.0985439748483259e-12
   6.2890625000000000e-01   6.3818116038801520e-01   6.3818116038043504e-01   7.5801587229307188e-12
   6.3671875000000000e-01   6.9182637566690852e-01   6.9182637565888860e-01   8.0199180629847433e-12
   6.4453125000000000e-01   7.4670546748447109e-01   7.4670546747606525e-01   8.4058315863444477e-12
   6.5234375000000000e-01   8.0197357474411723e-01   8.0197357473546260e-01   8.6546325661629453e-12
   6.6015625000000000e-01   8.5667670559801201e-01   8.5667670558923248e-01   8.7795326564332754e-12
   6.6796875000000000e-01   9.0977194381134541e-01   9.0977194380259430e-01   8.7511109470028714e-12
   6.7578125000000000e-01   9.6015281392842089e-01   9.6015281391981144e-01   8.6094464890607014e-12
   6.8359375000000000e-01   1.0066791588030839e+00   1.0066791587948374e+00   8.2465145823107378e-12
   6.9140625000000000e-01   1.0482106450075295e+00   1.0482106449998667e+00   7.6627593159628304e-12
   6.9921875000000000e-01   1.0836427864570328e+00   1.0836427864500793e+00   6.9535488478322804e-12
   7.0703125000000000e-01   1.1119441776338335e+00   1.1119441776277459e+00   6.0875748886246583e-12
   7.1484375000000000e-01   1.1321934694069398e+00   1.1321934694018834e+00   5.0563997433528129e-12
   7.2265625000000000e-01   1.1436145168728367e+00   1.1436145168689407e+00   3.8959946380145993e-12
   7.3046875000000000e-01   1.1456080927789010e+00   1.1456080927762236e+00   2.6774138461860275e-12
   7.3828125000000000e-01   1.1377786021690355e+00   1.1377786021676091e+00   1.4264145420384011e-12
   7.4609375000000000e-01   1.1199543602457016e+00   1.1199543602455893e+00   1.1235457009206584e-13
   8.7890625000000000e-01   1.6546660305959169e-02   1.6546660313538582e-02   7.5794127918360488e-12
   8.8671875000000000e-01  -3.7479977512333451e-02  -3.7479977506169944e-02   6.1635072046151151e-12
   8.9453125000000000e-01  -8.6947277627994507e-02  -8.6947277623228764e-02   4.7657433555059470e-12
   9.0234375000000000e-01  -1.3224590462764235e-01  -1.3224590462423547e-01   3.4068858845159866e-12
   9.1015625000000000e-01  -1.7391966895275190e-01  -1.7391966895067107e-01   2.0808355039036996e-12
   9.1796875000000000e-01  -2.1263130836620758e-01  -2.1263130836531013e-01   8.9744878195574529e-13
   9.2578125000000000e-01  -2.4912510140616920e-01  -2.4912510140620908e-01   3.9884762159658749e-14
   9.3359375000000000e-01  -2.8418825637037654e-01  -2.8418825637108147e-01   7.0493610948574315e-13
   9.4140625000000000e-01  -3.1861294610796798e-01  -3.1861294610911989e-01   1.1519118991998312e-12
   9.4921875000000000e-01  -3.5316067630733872e-01  -3.5316067630867343e-01   1.3347101202043632e-12
   9.5703125000000000e-01  -3.8853040238841569e-01  -3.8853040238968722e-01   1.2715384301031918e-12
   9.6484375000000000e-01  -4.2533147269439880e-01  -4.2533147269541449e-01   1.0156875340783245e-12
   9.7265625000000000e-01  -4.6406210212933202e-01  -4.6406210212997329e-01   6.4126481902349042e-13
   9.8046875000000000e-01  -5.0509370043543200e-01  -5.0509370043566382e-01   2.3181456754173269e-13
   9.8828125000000000e-01  -5.4866102121749727e-01  -5.4866102121730265e-01   1.9462209621678994e-13
   9.9609375000000000e-01  -5.9485778615669826e-01  -5.9485778615603369e-01   6.6457950254061871e-13
   7.5390625000000000e-01   1.0922002074743635e+00   1.0922002074755928e+00   1.2292389328649733e-12
   7.6171875000000000e-01   1.0548215293988048e+00   1.0548215294013676e+00   2.5628388300447114e-12
   7.6953125000000000e-01   1.0083591132282141e+00   1.0083591132320620e+00   3.8478109587458675e-12
   7.7734375000000000e-01   9.5357469289237440e-01   9.5357469289750041e-01   5.1260107269968103e-12
   7.8515625000000000e-01   8.9142748763717339e-01   8.9142748764353441e-01   6.3610228195898344e-12
   7.9296875000000000e-01   8.2304250098991594e-01   8.2304250099740028e-01   7.4843464759055678e-12
   8.0078125000000000e-01   7.4967178922657773e-01   7.4967178923507594e-01   8.4982021419932607e-12
   8.0859375000000000e-01   6.7265030290638461e-01   6.7265030291583228e-01   9.4476648726526946e-12
   8.1640625000000000e-01   5.9334822471292648e-01   5.9334822472315285e-01   1.0226375302124779e-11
   8.2421875000000000e-01   5.1312194851399651e-01   5.1312194852478821e-01   1.0791700866263909e-11
   8.3203125000000000e-01   4.3326595059149114e-01   4.3326595060262751e-01   1.1136369604258789e-11
   8.3984375000000000e-01   3.5496778400021350e-01   3.5496778401142570e-01   1.1212197836840687e-11
   8.4765625000000000e-01   2.7926827895312401e-01   2.7926827896412670e-01   1.1002698752093920e-11
   8.5546875000000000e-01   2.0702876281682267e-01   2.0702876282736299e-01   1.0540318617913158e-11
   8.6328125000000000e-01   1.3890673819597821e-01   1.3890673820581892e-01   9.8407115789456157e-12
   8.7109375000000000e-01   7.5340999867932135e-02   7.5340999876779391e-02   8.8472562609354100e-12
