#                  Coord.                Numerical               Analytical                    Error
   3.9062500000000000e-03   1.1387649701802738e+00   1.1387649702071552e+00   2.6881386006039065e-11
   1.1718750000000000e-02   1.0939386985473065e+00   1.0939386985848423e+00   3.7535752284156843e-11
   1.9531250000000000e-02   1.0420812072226862e+00   1.0420812072703749e+00   4.7688741844353899e-11
   2.7343750000000000e-02   9.8413065602699357e-01   9.8413065608391059e-01   5.6917026647340663e-11
   3.5156250000000000e-02   9.2122513621910818e-01   9.2122513628402869e-01   6.4920513409560954e-11
   4.2968750000000000e-02   8.5467322282128877e-01   8.5467322289269210e-01   7.1403327694952168e-11
   5.0781250000000000e-02   7.8591826319667413e-01   7.8591826327280201e-01   7.6127881776244521e-11
   5.8593750000000000e-02   7.1649756322878810e-01   7.1649756330776782e-01   7.8979711659599161e-11
   6.6406250000000000e-02   6.4799787823959243e-01   6.4799787831937594e-01   7.9783513129427774e-11
   7.4218750000000000e-02   5.8200880964650148e-01   5.8200880972499869e-01   7.8497208733097068e-11
   8.2031250000000000e-02   5.2007583398804169e-01   5.2007583406321067e-01   7.5168982149875774e-11
   8.9843750000000000e-02   4.6365473536972263e-01   4.6365473543959329e-01   6.9870664809457139e-11
   9.7656250000000000e-02   4.1406916751109324e-01   4.1406916757387735e-01   6.2784111243274765e-11
   1.0546875000000000e-01   3.7247293538432341e-01   3.7247293543841037e-01   5.4086957135268676e-11
   1.1328125000000000e-01   3.3981836361710832e-01   3.3981836366121582e-01   4.4107495433820532e-11
   1.2109375000000000e-01   3.1683182085226208e-01   3.1683182088539508e-01   3.3132996346552090e-11
   1.2890625000000000e-01   3.0399711374593374e-01   3.0399711376736599e-01   2.1432244867725103e-11
   1.3671875000000000e-01   3.0154707383686241e-01   3.0154707384624191e-01   9.3794971789407100e-12
   1.4453125000000000e-01   3.0946326094090254e-01   3.0946326093822968e-01   2.6728619317850644e-12
   1.5234375000000000e-01   3.2748332495236959e-01   3.2748332493797400e-01   1.4395595826499630e-11
   1.6015625000000000e-01   3.5511522975609416e-01   3.5511522973052984e-01   2.5564328431926242e-11
   1.6796875000000000e-01   3.9165727079441659e-01   3.9165727075851436e-01   3.5902225636874618e-11
   1.7578125000000000e-01   4.3622262879352480e-01   4.3622262874843148e-01   4.5093317968536439e-11
   1.8359375000000000e-01   4.8776710651181360e-01   4.8776710645876675e-01   5.3046844694648598e-11
   1.9140625000000000e-01   5.4511869569613369e-01   5.4511869563643633e-01   5.9697358167909442e-11
   1.9921875000000000e-01   6.0700771237894147e-01   6.0700771231401573e-01   6.4925731457776692e-11
   2.0703125000000000e-01   6.7209640749077648e-01   6.7209640742214938e-01   6.8627103999574501e-11
   2.1484375000000000e-01   7.3900718758404715e-01   7.3900718751318695e-01   7.0860206591305541e-11
   2.2265625000000000e-01   8.0634884392034434e-01   8.0634884384863892e-01   7.1705419379952673e-11
   2.3046875000000000e-01   8.7274046162888963e-01   8.7274046155776230e-01   7.1127326251030354e-11
   2.3828125000000000e-01   9.3683293851352467e-01   9.3683293844437798e-01   6.9146688375099075e-11
   2.4609375000000000e-01   9.9732826214016934e-01   9.9732826207424974e-01   6.5919603109421132e-11
   2.5390625000000000e-01   1.0529968552675464e+00   1.0529968552060274e+00   6.1519012106714399e-11
   2.6171875000000000e-01   1.1026933907404619e+00   1.1026933906845198e+00   5.5942139809417313e-11
   2.6953125000000000e-01   1.1453714920178746e+00   1.1453714919686799e+00   4.9194648354955461e-11
   2.7734375000000000e-01   1.1800976764666757e+00   1.1800976764252114e+00   4.1464387479095421e-11
   2.8515625000000000e-01   1.2060647745832949e+00   1.2060647745504562e+00   3.2838620711572730e-11
   2.9296875000000000e-01   1.2226048849138997e+00   1.2226048848905446e+00   2.3355095635224643e-11
   3.0078125000000000e-01   1.2292017219947919e+00   1.2292017219816880e+00   1.3103962359650723e-11
   3.0859375000000000e-01   1.2255020064598985e+00   1.2255020064576125e+00   2.2859492077031973e-12
   3.1640625000000000e-01   1.2113253567203752e+00   1.2113253567293276e+00   8.9523943813674123e-12
   3.2421875000000000e-01   1.1866719930949230e+00   1.1866719931153520e+00   2.0428991831522580e-11
   3.3203125000000000e-01   1.1517274772930577e+00   1.1517274773249939e+00   3.1936231437157403e-11
   3.3984375000000000e-01   1.1068636968440524e+00   1.1068636968872387e+00   4.3186343390289039e-11
   3.4765625000000000e-01   1.0526353729917943e+00   1.0526353730457152e+00   5.3920867770784753e-11
   3.5546875000000000e-01   9.8977152198787421e-01   9.8977152205178920e-01   6.3914984416157949e-11
   3.6328125000000000e-01   9.1916152637543824e-01   9.1916152644826754e-01   7.2829298147780719e-11
   3.7109375000000000e-01   8.4183576050882813e-01   8.4183576058922271e-01   8.0394579882181461e-11
   3.7890625000000000e-01   7.5894104297341769e-01   7.5894104305981891e-01   8.6401219512310945e-11
   3.8671875000000000e-01   6.7171153312015586e-01   6.7171153321084565e-01   9.0689789011833000e-11
   3.9453125000000000e-01   5.8143602250924475e-01   5.8143602260231786e-01   9.3073104778795823e-11
   4.0234375000000000e-01   4.8942286727584489e-01   4.8942286736924956e-01   9.3404672885100126e-11
   4.1015625000000000e-01   3.9696403884681469e-01   3.9696403893862603e-01   9.1811336311309333e-11
   4.1796875000000000e-01   3.0529991667152429e-01   3.0529991675985974e-01   8.8335450065812893e-11
   4.2578125000000000e-01   2.1558649220002807e-01   2.1558649228310597e-01   8.3077905665973617e-11
   4.3359375000000000e-01   1.2886659004486720e-01   1.2886659012106336e-01   7.6196160492258969e-11
   4.4140625000000000e-01   4.6046539990502372e-02   4.6046540058540732e-02   6.8038359668509685e-11
   4.4921875000000000e-01  -3.2120539553993466e-02  -3.2120539495021951e-02   5.8971515171091227e-11
   4.5703125000000000e-01  -1.0504404394635955e-01  -1.0504404389711547e-01   4.9244081035126896e-11
   4.6484375000000000e-01  -1.7229738785181634e-01  -1.7229738781262383e-01   3.9192510348229348e-11
   4.7265625000000000e-01  -2.3361178567050989e-01  -2.3361178564128679e-01   2.9223096165154061e-11
   4.8046875000000000e-01  -2.8886283674718582e-01  -2.8886283672750246e-01   1.9683366048184325e-11
   4.8828125000000000e-01  -3.3805087578893506e-01  -3.3805087577817394e-01   1.0761114221935486e-11
   4.9609375000000000e-01  -3.8127642217614982e-01  -3.8127642217350810e-01   2.6417201759443287e-12
   5.0390625000000000e-01  -4.1871235212610336e-01  -4.1871235213060426e-01   4.5008996529816159e-12
   5.1171875000000000e-01  -4.5057460506991914e-01  -4.5057460508051150e-01   1.0592360322192462e-11
   5.1953125000000000e-01  -4.7709330749161438e-01  -4.7709330750732459e-01   1.5710210909958278e-11
   5.2734375000000000e-01  -4.9848614928852020e-01  -4.9848614930848467e-01   1.9964474518019415e-11
   5.3515625000000000e-01  -5.1493568316113780e-01  -5.1493568318462446e-01   2.3486657063642724e-11
   5.4296875000000000e-01  -5.2657194818011099e-01  -5.2657194820658682e-01   2.6475821535143496e-11
   5.5078125000000000e-01  -5.3346146288566498e-01  -5.3346146291482988e-01   2.9164892723088087e-11
   5.5859375000000000e-01  -5.3560321478136630e-01  -5.3560321481316309e-01   3.1796787425264483e-11
   5.6640625000000000e-01  -5.3293181917095434e-01  -5.3293181920553712e-01   3.4582781083258851e-11
   5.7421875000000000e-01  -5.2532755982800172e-01  -5.2532755986564139e-01   3.7639669159261757e-11
   5.8203125000000000e-01  -5.1263258549066959e-01  -5.1263258553178281e-01   4.1113223936406484e-11
   5.8984375000000000e-01  -4.9467214596852888e-01  -4.9467214601365461e-01   4.5125736480855494e-11
   5.9765625000000000e-01  -4.7127943234974640e-01  -4.7127943239942155e-01   4.9675152880013229e-11
   6.0546875000000000e-01  -4.4232235511706791e-01  -4.4232235517176538e-01   5.4697468776510050e-11
   6.1328125000000000e-01  -4.0773046394091084e-01  -4.0773046400092855e-01   6.0017713021665031e-11
   6.2109375000000000e-01  -3.6752018945602477e-01  -3.6752018952149085e-01   6.5466077003861756e-11
   6.2890625000000000e-01  -3.2181667029290112e-01  -3.2181667036375544e-01   7.0854322409275028e-11
   6.3671875000000000e-01  -2.7087061208806984e-01  -2.7087061216403352e-01   7.5963679790902461e-11
   6.4453125000000000e-01  -2.1506889798649464e-01  -2.1506889806699186e-01   8.0497220000808056e-11
   6.5234375000000000e-01  -1.5493801667120680e-01  -1.5493801675535709e-01   8.4150297841034671e-11
   6.6015625000000000e-01  -9.1139775049516189e-02  -9.1139775136190856e-02   8.6674667443276121e-11
   6.6796875000000000e-01  -2.4459196662755575e-02  -2.4459196750671944e-02   8.7916368629592512e-11
   6.7578125000000000e-01   4.4215049598321274e-02   4.4215049510663698e-02   8.7657575642552388e-11
   6.8359375000000000e-01   1.1391691652711622e-01   1.1391691644138395e-01   8.5732268506610865e-11
   6.9140625000000000e-01   1.8363477534434650e-01   1.8363477526237471e-01   8.1971790466539574e-11
   6.9921875000000000e-01   2.5234724270868231e-01   2.5234724263230324e-01   7.6379069735565963e-11
   7.0703125000000000e-01   3.1906128250836169e-01   3.1906128243924181e-01   6.9119876489054377e-11
   7.1484375000000000e-01   3.8285066317991795e-01   3.8285066311967852e-01   6.0239424559682675e-11
   7.2265625000000000e-01   4.4289279007448018e-01   4.4289279002459297e-01   4.9887205477716634e-11
   7.3046875000000000e-01   4.9850197859383794e-01   4.9850197855554834e-01   3.8289593717877324e-11
   7.3828125000000000e-01   5.4915738645703305e-01   5.4915738643117762e-01   2.5855428908982958e-11
   7.4609375000000000e-01   5.9452407546683883e-01   5.9452407545388442e-01   1.2954415318233714e-11
   8.7890625000000000e-01   9.6394827915653924e-01   9.6394827915641013e-01   1.2911893776390571e-13
   8.8671875000000000e-01   9.9515557284853495e-01   9.9515557283885403e-01   9.6809227301264400e-12
   8.9453125000000000e-01   1.0279637943956077e+00   1.0279637943772639e+00   1.8343770946671611e-11
   9.0234375000000000e-01   1.0616107120984988e+00   1.0616107120726634e+00   2.5835333872237243e-11
   9.1015625000000000e-01   1.0951970072012167e+00   1.0951970071693806e+00   3.1836089320336214e-11
   9.1796875000000000e-01   1.1277187473496808e+00   1.1277187473136094e+00   3.6071368114676261e-11
   9.2578125000000000e-01   1.1581039697338431e+00   1.1581039696954034e+00   3.8439695870806645e-11
   9.3359375000000000e-01   1.1852520744475721e+00   1.1852520744086490e+00   3.8923086975728438e-11
   9.4140625000000000e-01   1.2080746883999687e+00   1.2080746883624738e+00   3.7494896076850637e-11
   9.4921875000000000e-01   1.2255366556918252e+00   1.2255366556577001e+00   3.4125147152508362e-11
   9.5703125000000000e-01   1.2366958353903670e+00   1.2366958353614144e+00   2.8952618080779757e-11
   9.6484375000000000e-01   1.2407404371847039e+00   1.2407404371625044e+00   2.2199575511194780e-11
   9.7265625000000000e-01   1.2370226966309299e+00   1.2370226966168436e+00   1.4086287691839061e-11
   9.8046875000000000e-01   1.2250877840022800e+00   1.2250877839974845e+00   4.7954973325659012e-12
   9.8828125000000000e-01   1.2046969555581368e+00   1.2046969555635068e+00   5.3699267255069572e-12
   9.9609375000000000e-01   1.1758440961029739e+00   1.1758440961190113e+00   1.6037393635315311e-11
   7.5390625000000000e-01   6.3446601154900328e-01   6.3446601154905125e-01   4.7961634663806763e-14
   7.6171875000000000e-01   6.6905021830856304e-01   6.6905021832124412e-01   1.2681078409571001e-11
   7.6953125000000000e-01   6.9854175117397799e-01   6.9854175119846229e-01   2.4484303473570890e-11
   7.7734375000000000e-01   7.2338963060836692e-01   7.2338963064345974e-01   3.5092817540771648e-11
   7.8515625000000000e-01   7.4420433664288665e-01   7.4420433668697716e-01   4.4090509021543767e-11
   7.9296875000000000e-01   7.6172789628815896e-01   7.6172789633934179e-01   5.1182835747454192e-11
   8.0078125000000000e-01   7.7679796557439085e-01   7.7679796563046033e-01   5.6069482390341818e-11
   8.0859375000000000e-01   7.9030759837141584e-01   7.9030759843009879e-01   5.8682947390309437e-11
   8.1640625000000000e-01   8.0316258946273111e-01   8.0316258952167008e-01   5.8938964819787998e-11
   8.2421875000000000e-01   8.1623837075350258e-01   8.1623837081039985e-01   5.6897264677502335e-11
   8.3203125000000000e-01   8.3033842512034328e-01   8.3033842517301137e-01   5.2668092109797726e-11
   8.3984375000000000e-01   8.4615606732505266e-01   8.4615606737157423e-01   4.6521564378565472e-11
   8.4765625000000000e-01   8.6424123698919431e-01   8.6424123702796485e-01   3.8770542332144942e-11
   8.5546875000000000e-01   8.8497367140728656e-01   8.8497367143710903e-01   2.9822477820573567e-11
   8.6328125000000000e-01   9.0854349613886909e-01   9.0854349615893604e-01   2.0066948103192317e-11
   8.7109375000000000e-01   9.3493991088723716e-01   9.3493991089717177e-01   9.9346086912532883e-12
