#                  Coord.                Numerical               Analytical                    Error
   3.9062500000000000e-03   1.2232495849998208e+00   1.2232495849535105e+00   4.6310288936979305e-11
   1.1718750000000000e-02   1.0982427477905692e+00   1.0982427477451675e+00   4.5401682413626077e-11
   1.9531250000000000e-02   9.7198592692924446e-01   9.7198592688554841e-01   4.3696046780894449e-11
   2.7343750000000000e-02   8.4779614191354913e-01   8.4779614187219776e-01   4.1351366775188581e-11
   3.5156250000000000e-02   7.2874201312021314e-01   7.2874201308182651e-01   3.8386627210229562e-11
   4.2968750000000000e-02   6.1755206227048054e-01   6.1755206223566050e-01   3.4820035743621247e-11
   5.0781250000000000e-02   5.1654921030127809e-01   5.1654921027056355e-01   3.0714542020859881e-11
   5.8593750000000000e-02   4.2761261356669644e-01   4.2761261354055491e-01   2.6141533382428861e-11
   6.6406250000000000e-02   3.5216616787165073e-01   3.5216616785052413e-01   2.1126600469045798e-11
   7.4218750000000000e-02   2.9119138945311041e-01   2.9119138943741407e-01   1.5696333122150463e-11
   8.2031250000000000e-02   2.4526100602617135e-01   2.4526100601627027e-01   9.9010799559096085e-12
   8.9843750000000000e-02   2.1458849467934094e-01   2.1458849467549967e-01   3.8412606429005791e-12
   9.7656250000000000e-02   1.9908801542853130e-01   1.9908801543093360e-01   2.4023005806839137e-12
   1.0546875000000000e-01   1.9843874035290843e-01   1.9843874036166609e-01   8.7576612628481598e-12
   1.1328125000000000e-01   2.1214750399892054e-01   2.1214750401402252e-01   1.5101975225917386e-11
   1.2109375000000000e-01   2.3960403720482046e-01   2.3960403722608409e-01   2.1263629745860158e-11
   1.2890625000000000e-01   2.8012381939666253e-01   2.8012381942372855e-01   2.7066016095034229e-11
   1.3671875000000000e-01   3.3297479436016514e-01   3.3297479439258137e-01   3.2416236361854089e-11
   1.4453125000000000e-01   3.9738580204381080e-01   3.9738580208095065e-01   3.7139846753575512e-11
   1.5234375000000000e-01   4.7253649362647165e-01   4.7253649366758871e-01   4.1117054205841441e-11
   1.6015625000000000e-01   5.5753057422661079e-01   5.5753057427084263e-01   4.4231840412578549e-11
   1.6796875000000000e-01   6.5135626528862778e-01   6.5135626533499591e-01   4.6368131556562275e-11
   1.7578125000000000e-01   7.5283967503113458e-01   7.5283967507858962e-01   4.7455039897670304e-11
   1.8359375000000000e-01   8.6059808485226141e-01   8.6059808489962608e-01   4.7364667743465816e-11
   1.9140625000000000e-01   9.7300080436426273e-01   9.7300080441041525e-01   4.6152526245180070e-11
   1.9921875000000000e-01   1.0881450791153553e+00   1.0881450791592200e+00   4.3864689658335010e-11
   2.0703125000000000e-01   1.2038535001383168e+00   1.2038535001788730e+00   4.0556225044952043e-11
   2.1484375000000000e-01   1.3176975126874912e+00   1.3176975127236621e+00   3.6170844097682675e-11
   2.2265625000000000e-01   1.4270491078469343e+00   1.4270491078777683e+00   3.0834002018309548e-11
   2.3046875000000000e-01   1.5291598538046909e+00   1.5291598538295008e+00   2.4809931886693448e-11
   2.3828125000000000e-01   1.6212633999438708e+00   1.6212633999623192e+00   1.8448353955591301e-11
   2.4609375000000000e-01   1.7006948135295252e+00   1.7006948135412945e+00   1.1769252239446359e-11
   2.5390625000000000e-01   1.7650179197340128e+00   1.7650179197389768e+00   4.9640291877039999e-12
   2.6171875000000000e-01   1.8121504881974200e+00   1.8121504881957964e+00   1.6235901512118289e-12
   2.6953125000000000e-01   1.8404768254202917e+00   1.8404768254126167e+00   7.6749717692337072e-12
   2.7734375000000000e-01   1.8489381525864603e+00   1.8489381525733988e+00   1.3061551840110042e-11
   2.8515625000000000e-01   1.8370930008207915e+00   1.8370930008031894e+00   1.7602141966222007e-11
   2.9296875000000000e-01   1.8051425421617369e+00   1.8051425421404788e+00   2.1258106386312647e-11
   3.0078125000000000e-01   1.7539189938284832e+00   1.7539189938045399e+00   2.3943291793671051e-11
   3.0859375000000000e-01   1.6848386198298868e+00   1.6848386198042238e+00   2.5663027258815418e-11
   3.1640625000000000e-01   1.5998240232923462e+00   1.5998240232658734e+00   2.6472823932977008e-11
   3.2421875000000000e-01   1.5012030214707359e+00   1.5012030214444048e+00   2.6331159475034838e-11
   3.3203125000000000e-01   1.3915931451784007e+00   1.3915931451529615e+00   2.5439206297050987e-11
   3.3984375000000000e-01   1.2737815370339023e+00   1.2737815370098333e+00   2.4068969040058619e-11
   3.4765625000000000e-01   1.1506096988824615e+00   1.1506096988602639e+00   2.2197577109750455e-11
   3.5546875000000000e-01   1.0248712481810365e+00   1.0248712481610567e+00   1.9979795595759242e-11
   3.6328125000000000e-01   8.9922878937851425e-01   8.9922878936082862e-01   1.7685630737673819e-11
   3.7109375000000000e-01   7.7615347438355953e-01   7.7615347436818916e-01   1.5370371642120517e-11
   3.7890625000000000e-01   6.5788814129801465e-01   6.5788814128488793e-01   1.3126721931655538e-11
   3.8671875000000000e-01   5.4643240310923624e-01   5.4643240309812080e-01   1.1115441900244605e-11
   3.9453125000000000e-01   4.4354598177787863e-01   4.4354598176854293e-01   9.3356988806192476e-12
   4.0234375000000000e-01   3.5076514277492105e-01   3.5076514276715826e-01   7.7627904104815570e-12
   4.1015625000000000e-01   2.6942637728031149e-01   2.6942637727392371e-01   6.3877791944833007e-12
   4.1796875000000000e-01   2.0069149957659038e-01   2.0069149957147511e-01   5.1152693192335619e-12
   4.2578125000000000e-01   1.4556898233311180e-01   1.4556898232929075e-01   3.8210545838524013e-12
   4.3359375000000000e-01   1.0492748444149889e-01   1.0492748443904525e-01   2.4536483955728272e-12
   4.4140625000000000e-01   7.9498943455576468e-02   7.9498943454670429e-02   9.0603913260878244e-13
   4.4921875000000000e-01   6.9870115392816332e-02   6.9870115393778937e-02   9.6260499571343416e-13
   4.5703125000000000e-01   7.6462883861006248e-02   7.6462883864214196e-02   3.2079477962909664e-12
   4.6484375000000000e-01   9.9504909589695018e-02   9.9504909595491561e-02   5.7965438005069814e-12
   4.7265625000000000e-01   1.3899318531119861e-01   1.3899318531987589e-01   8.6772811158652985e-12
   4.8046875000000000e-01   1.9465378326635521e-01   1.9465378327811894e-01   1.1763728879898849e-11
   4.8828125000000000e-01   2.6590155198154936e-01   2.6590155199641768e-01   1.4868328790385021e-11
   4.9609375000000000e-01   3.5180376949780340e-01   3.5180376951561876e-01   1.7815360298101268e-11
   5.0390625000000000e-01   4.5105182208711520e-01   4.5105182210753481e-01   2.0419610446964498e-11
   5.1171875000000000e-01   5.6194486207270133e-01   5.6194486209508487e-01   2.2383539466375169e-11
   5.1953125000000000e-01   6.8238909195430253e-01   6.8238909197785969e-01   2.3557156225706422e-11
   5.2734375000000000e-01   8.0991578941325437e-01   8.0991578943711695e-01   2.3862578579780802e-11
   5.3515625000000000e-01   9.4172038512234968e-01   9.4172038514550782e-01   2.3158142070656140e-11
   5.4296875000000000e-01   1.0747237993273444e+00   1.0747237993487804e+00   2.1435964114857597e-11
   5.5078125000000000e-01   1.2056558318678239e+00   1.2056558318865582e+00   1.8734347406734742e-11
   5.5859375000000000e-01   1.3311587300131307e+00   1.3311587300282721e+00   1.5141443654442810e-11
   5.6640625000000000e-01   1.4479072328155196e+00   1.4479072328262614e+00   1.0741851852458240e-11
   5.7421875000000000e-01   1.5527395680342930e+00   1.5527395680400249e+00   5.7318594315347582e-12
   5.8203125000000000e-01   1.6427922566710069e+00   1.6427922566713469e+00   3.3995029014022293e-13
   5.8984375000000000e-01   1.7156303745921917e+00   1.7156303745870278e+00   5.1638693321365281e-12
   5.9765625000000000e-01   1.7693643281256690e+00   1.7693643281149758e+00   1.0693224083979658e-11
   6.0546875000000000e-01   1.8027443695609893e+00   1.8027443695449734e+00   1.6015855308637583e-11
   6.1328125000000000e-01   1.8152250810952175e+00   1.8152250810744481e+00   2.0769386210872653e-11
   6.2109375000000000e-01   1.8069938690959777e+00   1.8069938690710510e+00   2.4926727348884015e-11
   6.2890625000000000e-01   1.7789600122033853e+00   1.7789600121749358e+00   2.8449465006019636e-11
   6.3671875000000000e-01   1.7327037844440696e+00   1.7327037844130417e+00   3.1027846958409100e-11
   6.4453125000000000e-01   1.6703883487303421e+00   1.6703883486977451e+00   3.2597036181414296e-11
   6.5234375000000000e-01   1.5946401728253841e+00   1.5946401727922865e+00   3.3097524720915317e-11
   6.6015625000000000e-01   1.5084063478911709e+00   1.5084063478586858e+00   3.2485125700532080e-11
   6.6796875000000000e-01   1.4147991176806525e+00   1.4147991176497949e+00   3.0857538746431601e-11
   6.7578125000000000e-01   1.3169389540621306e+00   1.3169389540338763e+00   2.8254287798290534e-11
   6.8359375000000000e-01   1.2178075347766748e+00   1.2178075347518467e+00   2.4828139544297301e-11
   6.9140625000000000e-01   1.1201209884377017e+00   1.1201209884169598e+00   2.0741852679861950e-11
   6.9921875000000000e-01   1.0262318675896973e+00   1.0262318675735362e+00   1.6161072480258554e-11
   7.0703125000000000e-01   9.3806567946735442e-01   9.3806567945602248e-01   1.1331935390046510e-11
   7.1484375000000000e-01   8.5709469910307445e-01   8.5709469909665414e-01   6.4203087291048178e-12
   7.2265625000000000e-01   7.8434850332942307e-01   7.8434850332788408e-01   1.5389911567353920e-12
   7.3046875000000000e-01   7.2045749963393957e-01   7.2045749963703964e-01   3.1000757516608246e-12
   7.3828125000000000e-01   6.6572296441277723e-01   6.6572296442005741e-01   7.2801764616770015e-12
   7.4609375000000000e-01   6.2020499018627717e-01   6.2020499019722464e-01   1.0947465156618819e-11
   8.7890625000000000e-01   1.2662570619326337e+00   1.2662570619462938e+00   1.3660184094987926e-11
   8.8671875000000000e-01   1.3681056170256334e+00   1.3681056170355408e+00   9.9074082271499719e-12
   8.9453125000000000e-01   1.4661334286234571e+00   1.4661334286290189e+00   5.5617732641621842e-12
   9.0234375000000000e-01   1.5570336023951212e+00   1.5570336023959364e+00   8.1512574467978993e-13
   9.1015625000000000e-01   1.6375318361652238e+00   1.6375318361609343e+00   4.2894576779417548e-12
   9.1796875000000000e-01   1.7045492658556520e+00   1.7045492658459187e+00   9.7333252568887474e-12
   9.2578125000000000e-01   1.7553619009912096e+00   1.7553619009760453e+00   1.5164314248750088e-11
   9.3359375000000000e-01   1.7877455962837712e+00   1.7877455962633908e+00   2.0380364063043999e-11
   9.4140625000000000e-01   1.8000965192609595e+00   1.8000965192354852e+00   2.5474289344629142e-11
   9.4921875000000000e-01   1.7915189125961581e+00   1.7915189125658233e+00   3.0334845746438077e-11
   9.5703125000000000e-01   1.7618744450357930e+00   1.7618744450010526e+00   3.4740432752755623e-11
   9.6484375000000000e-01   1.7117903634558262e+00   1.7117903634173031e+00   3.8523184642258457e-11
   9.7265625000000000e-01   1.6426267279725320e+00   1.6426267279308970e+00   4.1634917735677845e-11
   9.8046875000000000e-01   1.5564059507103916e+00   1.5564059506663606e+00   4.4031001067423858e-11
   9.8828125000000000e-01   1.4557104086055308e+00   1.4557104085599160e+00   4.5614845234354107e-11
   9.9609375000000000e-01   1.3435558554105422e+00   1.3435558553641767e+00   4.6365578043605638e-11
   7.5390625000000000e-01   5.8381844556902118e-01   5.8381844558313800e-01   1.4116818825016253e-11
   7.6171875000000000e-01   5.5642667228606946e-01   5.5642667230281861e-01   1.6749157616402499e-11
   7.6953125000000000e-01   5.3792319383727327e-01   5.3792319385613008e-01   1.8856805006350896e-11
   7.7734375000000000e-01   5.2829312231103220e-01   5.2829312233156311e-01   2.0530910305183170e-11
   7.8515625000000000e-01   5.2764808211709358e-01   5.2764808213894732e-01   2.1853741039024044e-11
   7.9296875000000000e-01   5.3623112251857319e-01   5.3623112254140637e-01   2.2833179791348357e-11
   8.0078125000000000e-01   5.5439102599364498e-01   5.5439102601718493e-01   2.3539947768824732e-11
   8.0859375000000000e-01   5.8252838004584639e-01   5.8252838006992569e-01   2.4079294114187633e-11
   8.1640625000000000e-01   6.2101851358985516e-01   6.2101851361426996e-01   2.4414803512229355e-11
   8.2421875000000000e-01   6.7011867737483288e-01   6.7011867739927833e-01   2.4445445667709009e-11
   8.3203125000000000e-01   7.2986848462083509e-01   7.2986848464501985e-01   2.4184765301527023e-11
   8.3984375000000000e-01   7.9999349132712050e-01   7.9999349135082620e-01   2.3705704066401267e-11
   8.4765625000000000e-01   8.7982181667083093e-01   8.7982181669373238e-01   2.2901458507362804e-11
   8.5546875000000000e-01   9.6822288011723434e-01   9.6822288013872071e-01   2.1486368240175580e-11
   8.6328125000000000e-01   1.0635757264793595e+00   1.0635757264987700e+00   1.9410473228731462e-11
   8.7109375000000000e-01   1.1637721471867422e+00   1.1637721472035563e+00   1.6814105663343071e-11
