#                  Coord.                Numerical               Analytical                    Error
   3.9062500000000000e-03  -7.3637936085115097e-01  -7.3637936078060828e-01   7.0542682806262746e-11
   1.1718750000000000e-02  -7.5191262742353460e-01  -7.5191262737012976e-01   5.3404836108938980e-11
   1.9531250000000000e-02  -7.5807876600215907e-01  -7.5807876596875667e-01   3.3402391963477385e-11
   2.7343750000000000e-02  -7.5394745274227737e-01  -7.5394745273146324e-01   1.0814127371361337e-11
   3.5156250000000000e-02  -7.3880477469220329e-01  -7.3880477470612727e-01   1.3923973085638863e-11
   4.2968750000000000e-02  -7.1219422220917461e-01  -7.1219422224937645e-01   4.0201841855491693e-11
   5.0781250000000000e-02  -6.7394976905203896e-01  -6.7394976911932625e-01   6.7287286853456862e-11
   5.8593750000000000e-02  -6.2421893958430674e-01  -6.2421893967878117e-01   9.4474428280477696e-11
   6.6406250000000000e-02  -5.6347418866660481e-01  -5.6347418878758282e-01   1.2097800539123682e-10
   7.4218750000000000e-02  -4.9251147152790614e-01  -4.9251147167381831e-01   1.4591217123438582e-10
   8.2031250000000000e-02  -4.1243552695466701e-01  -4.1243552712305492e-01   1.6838791472295611e-10
   8.9843750000000000e-02  -3.2463209792717518e-01  -3.2463209811483540e-01   1.8766022069627297e-10
   9.7656250000000000e-02  -2.3072802423823180e-01  -2.3072802444133014e-01   2.0309834369847124e-10
   1.0546875000000000e-01  -1.3254081443411497e-01  -1.3254081464814199e-01   2.1402701833039828e-10
   1.1328125000000000e-01  -3.2019894020657129e-02  -3.2019894240709647e-02   2.2005251787415858e-10
   1.2109375000000000e-01   6.8817807058210001e-02   6.8817806837173326e-02   2.2103667507433755e-10
   1.2890625000000000e-01   1.6795495394994223e-01   1.6795495373297509e-01   2.1696713869978623e-10
   1.3671875000000000e-01   2.6344048508222329e-01   2.6344048487429783e-01   2.0792545463166334e-10
   1.4453125000000000e-01   3.5345281013780333e-01   3.5345280994346978e-01   1.9433354925268986e-10
   1.5234375000000000e-01   4.3635669729569265e-01   4.3635669711895658e-01   1.7673607022317128e-10
   1.6015625000000000e-01   5.1075140854471079e-01   5.1075140838886379e-01   1.5584700197024404e-10
   1.6796875000000000e-01   5.7550816322246579e-01   5.7550816309008590e-01   1.3237988483183472e-10
   1.7578125000000000e-01   6.2979562581262716e-01   6.2979562570536785e-01   1.0725931254285115e-10
   1.8359375000000000e-01   6.7309278157567287e-01   6.7309278149437446e-01   8.1298412446528801e-11
   1.9140625000000000e-01   7.0518923801585387e-01   7.0518923796048494e-01   5.5368931661803344e-11
   1.9921875000000000e-01   7.2617362831222554e-01   7.2617362828200849e-01   3.0217051083525348e-11
   2.0703125000000000e-01   7.3641135626434817e-01   7.3641135625790466e-01   6.4435123903194835e-12
   2.1484375000000000e-01   7.3651338003869082e-01   7.3651338005401334e-01   1.5322521029759173e-11
   2.2265625000000000e-01   7.2729806235353567e-01   7.2729806238820982e-01   3.4674152438185502e-11
   2.3046875000000000e-01   7.0974830629260166e-01   7.0974830634389074e-01   5.1289084090910819e-11
   2.3828125000000000e-01   6.8496624764515424e-01   6.8496624771019743e-01   6.5043193053782034e-11
   2.4609375000000000e-01   6.5412769510850433e-01   6.5412769518440472e-01   7.5900397078498827e-11
   2.5390625000000000e-01   6.1843831559285023e-01   6.1843831567681073e-01   8.3960505214975001e-11
   2.6171875000000000e-01   5.7909327615249029e-01   5.7909327624181739e-01   8.9327101271408083e-11
   2.6953125000000000e-01   5.3724170354080147e-01   5.3724170363295110e-01   9.2149621266912618e-11
   2.7734375000000000e-01   4.9395693538939889e-01   4.9395693548216357e-01   9.2764684822554955e-11
   2.8515625000000000e-01   4.5021314118496497e-01   4.5021314127644663e-01   9.1481655584146893e-11
   2.9296875000000000e-01   4.0686851157135928e-01   4.0686851165988891e-01   8.8529628072819833e-11
   3.0078125000000000e-01   3.6465487193264545e-01   3.6465487201694069e-01   8.4295237456899486e-11
   3.0859375000000000e-01   3.2417328649337285e-01   3.2417328657245342e-01   7.9080575421386357e-11
   3.1640625000000000e-01   2.8589499250924477e-01   2.8589499258240125e-01   7.3156480873137752e-11
   3.2421875000000000e-01   2.5016684517649979e-01   2.5016684524323490e-01   6.6735117432159541e-11
   3.3203125000000000e-01   2.1722036222917160e-01   2.1722036228930269e-01   6.0131094548054875e-11
   3.3984375000000000e-01   1.8718342807516619e-01   1.8718342812873140e-01   5.3565207824846084e-11
   3.4765625000000000e-01   1.6009374268008678e-01   1.6009374272730481e-01   4.7218035037488448e-11
   3.5546875000000000e-01   1.3591316994832936e-01   1.3591316998949080e-01   4.1161435371250832e-11
   3.6328125000000000e-01   1.1454224263619009e-01   1.1454224267171223e-01   3.5522140784394196e-11
   3.7109375000000000e-01   9.5834204269691040e-02   9.5834204300048673e-02   3.0357633074018509e-11
   3.7890625000000000e-01   7.9608102220536395e-02   7.9608102246280149e-02   2.5743754350493475e-11
   3.8671875000000000e-01   6.5660580423851159e-02   6.5660580445551828e-02   2.1700669039503850e-11
   3.9453125000000000e-01   5.3776147343481441e-02   5.3776147361690549e-02   1.8209107832678484e-11
   4.0234375000000000e-01   4.3735808798951656e-02   4.3735808814138709e-02   1.5187053004073192e-11
   4.1015625000000000e-01   3.5324052236054393e-02   3.5324052248649720e-02   1.2595327558706515e-11
   4.1796875000000000e-01   2.8334246877204785e-02   2.8334246887606974e-02   1.0402189526415029e-11
   4.2578125000000000e-01   2.2572582472178776e-02   2.2572582480743182e-02   8.5644061287304396e-12
   4.3359375000000000e-01   1.7860708943117042e-02   1.7860708950102680e-02   6.9856377626908994e-12
   4.4140625000000000e-01   1.4037261910612343e-02   1.4037261916217444e-02   5.6051014524216569e-12
   4.4921875000000000e-01   1.0958467370662976e-02   1.0958467375140999e-02   4.4780238545039097e-12
   4.5703125000000000e-01   8.4980154659828437e-03   8.4980154694792864e-03   3.4964427186867653e-12
   4.6484375000000000e-01   6.5463812296520834e-03   6.5463812323191851e-03   2.6671017824830834e-12
   4.7265625000000000e-01   5.0097521055840729e-03   5.0097521075966912e-03   2.0126183705726497e-12
   4.8046875000000000e-01   3.8087004119267006e-03   3.8087004134074514e-03   1.4807508517955537e-12
   4.8828125000000000e-01   2.8767157765635255e-03   2.8767157776337132e-03   1.0701877752039568e-12
   4.9609375000000000e-01   2.1586895815199009e-03   2.1586895822917063e-03   7.7180536267595912e-13
   5.0390625000000000e-01   1.6094218243631300e-03   1.6094218248659420e-03   5.0281198475665700e-13
   5.1171875000000000e-01   1.1922013651119716e-03   1.1922013654460885e-03   3.3411684877138192e-13
   5.1953125000000000e-01   8.7749375421533192e-04   8.7749375447862901e-04   2.6329708812528052e-13
   5.2734375000000000e-01   6.4175692165712827e-04   6.4175692188161580e-04   2.2448752926007565e-13
   5.3515625000000000e-01   4.6639392179426804e-04   4.6639392199893028e-04   2.0466224201487471e-13
   5.4296875000000000e-01   3.3684348186605940e-04   3.3684348205993377e-04   1.9387437618853531e-13
   5.5078125000000000e-01   2.4180300123782914e-04   2.4180300141925384e-04   1.8142469948231876e-13
   5.5859375000000000e-01   1.7257454487038315e-04   1.7257454502719272e-04   1.5680956966940274e-13
   5.6640625000000000e-01   1.2252189815292760e-04   1.2252189822027369e-04   6.7346085305675096e-14
   5.7421875000000000e-01   8.6625542317719559e-05   8.6625542232510877e-05   8.5208682015606996e-14
   5.8203125000000000e-01   6.1122136703601389e-05   6.1122136451302462e-05   2.5229892773506041e-13
   5.8984375000000000e-01   4.3215460618345494e-05   4.3215460252315439e-05   3.6603005511542247e-13
   5.9765625000000000e-01   3.0846521158841826e-05   3.0846520738896999e-05   4.1994482706791264e-13
   6.0546875000000000e-01   2.2511462709134078e-05   2.2511462231527344e-05   4.7760673386565249e-13
   6.1328125000000000e-01   1.7116849206106290e-05   1.7116848743999348e-05   4.6210694233835004e-13
   6.2109375000000000e-01   1.3862691531471587e-05   1.3862691108728839e-05   4.2274274799334894e-13
   6.2890625000000000e-01   1.2144151997923129e-05   1.2144151618401673e-05   3.7952145698588562e-13
   6.3671875000000000e-01   1.1463093624962701e-05   1.1463093369237653e-05   2.5572504725769607e-13
   6.4453125000000000e-01   1.1340488201405319e-05   1.1340488137582824e-05   6.3822494313667093e-14
   6.5234375000000000e-01   1.1220113654216835e-05   1.1220113786933046e-05   1.3271621045792947e-13
   6.6015625000000000e-01   1.0352939341790565e-05   1.0352939629662823e-05   2.8787225831187688e-13
   6.6796875000000000e-01   7.6501259190166513e-06   7.6501263527031548e-06   4.3368650345736691e-13
   6.7578125000000000e-01   1.4906980725972876e-06   1.4906986260992810e-06   5.5350199343521633e-13
   6.8359375000000000e-01  -1.0532224502192280e-05  -1.0532223889900695e-05   6.1229158441827251e-13
   6.9140625000000000e-01  -3.1945080484714074e-05  -3.1945079872478314e-05   6.1223575986485076e-13
   6.9921875000000000e-01  -6.7828108983206847e-05  -6.7828108394235429e-05   5.8897141720984370e-13
   7.0703125000000000e-01  -1.2537277395701700e-04  -1.2537277337967739e-04   5.7733960841244159e-13
   7.1484375000000000e-01  -2.1458608452286289e-04  -2.1458608401844157e-04   5.0442132025138586e-13
   7.2265625000000000e-01  -3.4916538046863942e-04  -3.4916538010940307e-04   3.5923634943493821e-13
   7.3046875000000000e-01  -5.4756516412392026e-04  -5.4756516396288067e-04   1.6103958444535493e-13
   7.3828125000000000e-01  -8.3427308069930310e-04  -8.3427308072743847e-04   2.8135371636650586e-14
   7.4609375000000000e-01  -1.2413044994737234e-03  -1.2413044996663831e-03   1.9265969028459118e-13
   8.7890625000000000e-01  -1.2924407350901596e-01  -1.2924407347626155e-01   3.2754410295154912e-11
   8.8671875000000000e-01  -1.5468800142967865e-01  -1.5468800138929392e-01   4.0384723343223072e-11
   8.9453125000000000e-01  -1.8343706569354742e-01  -1.8343706564476969e-01   4.8777731853633099e-11
   9.0234375000000000e-01  -2.1553317485861331e-01  -2.1553317480089582e-01   5.7717497448095401e-11
   9.1015625000000000e-01  -2.5092345227972973e-01  -2.5092345221284501e-01   6.6884719984727781e-11
   9.1796875000000000e-01  -2.8944323146698814e-01  -2.8944323139106110e-01   7.5927042431089831e-11
   9.2578125000000000e-01  -3.3080083473704419e-01  -3.3080083465243315e-01   8.4611040396254111e-11
   9.3359375000000000e-01  -3.7456526541883617e-01  -3.7456526532624668e-01   9.2589491629269105e-11
   9.4140625000000000e-01  -4.2015797414640038e-01  -4.2015797404699406e-01   9.9406316511618797e-11
   9.4921875000000000e-01  -4.6684981841415096e-01  -4.6684981830949202e-01   1.0465894817457411e-10
   9.5703125000000000e-01  -5.1376421260732918e-01  -5.1376421249931536e-01   1.0801382011038640e-10
   9.6484375000000000e-01  -5.5988725915707760e-01  -5.5988725904802061e-01   1.0905698566432420e-10
   9.7265625000000000e-01  -6.0408536240754418e-01  -6.0408536230009191e-01   1.0745226930453100e-10
   9.8046875000000000e-01  -6.4513046414938013e-01  -6.4513046404645269e-01   1.0292744434536871e-10
   9.8828125000000000e-01  -6.8173261951777631e-01  -6.8173261942243069e-01   9.5345620287901056e-11
   9.9609375000000000e-01  -7.1257917661542369e-01  -7.1257917653085057e-01   8.4573126279963162e-11
   7.5390625000000000e-01  -1.8099136738772060e-03  -1.8099136742350753e-03   3.5786933312575986e-13
   7.6171875000000000e-01  -2.5925036024727769e-03  -2.5925036029646304e-03   4.9185351971847702e-13
   7.6953125000000000e-01  -3.6546961091708150e-03  -3.6546961097507274e-03   5.7991242016774969e-13
   7.7734375000000000e-01  -5.0774982435412164e-03  -5.0774982441470712e-03   6.0585477607011384e-13
   7.8515625000000000e-01  -6.9594712163336021e-03  -6.9594712168934911e-03   5.5988894076541840e-13
   7.9296875000000000e-01  -9.4187746061077295e-03  -9.4187746065391171e-03   4.3138756455896043e-13
   8.0078125000000000e-01  -1.2594923000892540e-02  -1.2594923000955984e-02   6.3444041686899766e-14
   8.0859375000000000e-01  -1.6650056765022857e-02  -1.6650056764458743e-02   5.6411472715289790e-13
   8.1640625000000000e-01  -2.1769496145861881e-02  -2.1769496144342544e-02   1.5193367397525748e-12
   8.2421875000000000e-01  -2.8161322011899866e-02  -2.8161322009007232e-02   2.8926340489565661e-12
   8.3203125000000000e-01  -3.6054711219612678e-02  -3.6054711214811339e-02   4.8013398812329910e-12
   8.3984375000000000e-01  -4.5696754310274756e-02  -4.5696754302887964e-02   7.3867925665105361e-12
   8.4765625000000000e-01  -5.7347502272766554e-02  -5.7347502262042958e-02   1.0723595622597060e-11
   8.5546875000000000e-01  -7.1273031364377876e-02  -7.1273031349478724e-02   1.4899151357106177e-11
   8.6328125000000000e-01  -8.7736383414731722e-02  -8.7736383394780321e-02   1.9951401641904454e-11
   8.7109375000000000e-01  -1.0698633515900334e-01  -1.0698633513308607e-01   2.5917268331454579e-11
