#                  Coord.                Numerical               Analytical                    Error
   3.9062500000000000e-03  -4.0793247917431746e-01  -4.0793247917409248e-01   2.2498669594028797e-13
   1.1718750000000000e-02  -4.4729835053806483e-01  -4.4729835053831657e-01   2.5174307083375425e-13
   1.9531250000000000e-02  -4.8571702751354517e-01  -4.8571702751420975e-01   6.6457950254061871e-13
   2.7343750000000000e-02  -5.2282130805518623e-01  -5.2282130805618532e-01   9.9908969986017837e-13
   3.5156250000000000e-02  -5.5829227543281745e-01  -5.5829227543412596e-01   1.3085088568232095e-12
   4.2968750000000000e-02  -5.9186327153416418e-01  -5.9186327153577800e-01   1.6138201885951275e-12
   5.0781250000000000e-02  -6.2331935852384868e-01  -6.2331935852571496e-01   1.8662849043948881e-12
   5.8593750000000000e-02  -6.5249278926357646e-01  -6.5249278926568188e-01   2.1054269438991469e-12
   6.6406250000000000e-02  -6.7925528127972845e-01  -6.7925528128204737e-01   2.3189228315345645e-12
   7.4218750000000000e-02  -7.0350807637594093e-01  -7.0350807637844925e-01   2.5083268795356162e-12
   8.2031250000000000e-02  -7.2517085866843456e-01  -7.2517085867110265e-01   2.6680879727791762e-12
   8.9843750000000000e-02  -7.4417059744855851e-01  -7.4417059745134184e-01   2.7833291227352674e-12
   9.7656250000000000e-02  -7.6043128612736899e-01  -7.6043128613026212e-01   2.8931301798706954e-12
   1.0546875000000000e-01  -7.7386538031023122e-01  -7.7386538031318652e-01   2.9553026692497042e-12
   1.1328125000000000e-01  -7.8436751803087823e-01  -7.8436751803383109e-01   2.9528601785955289e-12
   1.2109375000000000e-01  -7.9181085776060223e-01  -7.9181085776355009e-01   2.9478641749847156e-12
   1.2890625000000000e-01  -7.9604612003220754e-01  -7.9604612003510844e-01   2.9009017410430715e-12
   1.3671875000000000e-01  -7.9690318955962125e-01  -7.9690318956240658e-01   2.7853275241795927e-12
   1.4453125000000000e-01  -7.9419494577444327e-01  -7.9419494577702721e-01   2.5839330675125893e-12
   1.5234375000000000e-01  -7.8772285430627864e-01  -7.8772285430856570e-01   2.2870594307278225e-12
   1.6015625000000000e-01  -7.7728377712642227e-01  -7.7728377712832697e-01   1.9046986210469186e-12
   1.6796875000000000e-01  -7.6267744513061508e-01  -7.6267744513199620e-01   1.3811174426336947e-12
   1.7578125000000000e-01  -7.4371407791124522e-01  -7.4371407791196986e-01   7.2464256817283967e-13
   1.8359375000000000e-01  -7.2022172034127474e-01  -7.2022172034116505e-01   1.0969003483296547e-13
   1.9140625000000000e-01  -6.9205297985984915e-01  -6.9205297985871517e-01   1.1339817973521349e-12
   1.9921875000000000e-01  -6.5909097589468046e-01  -6.5909097589235643e-01   2.3240298574478402e-12
   2.0703125000000000e-01  -6.2125443781779854e-01  -6.2125443781415191e-01   3.6466385466837892e-12
   2.1484375000000000e-01  -5.7850199631452215e-01  -5.7850199630942034e-01   5.1018078650599819e-12
   2.2265625000000000e-01  -5.3083579445734930e-01  -5.3083579445064111e-01   6.7081895593901208e-12
   2.3046875000000000e-01  -4.7830459267746567e-01  -4.7830459266903935e-01   8.4263152011487819e-12
   2.3828125000000000e-01  -4.2100655423711331e-01  -4.2100655422686822e-01   1.0245082560089713e-11
   2.4609375000000000e-01  -3.5909187697000922e-01  -3.5909187695787798e-01   1.2131240456625392e-11
   2.5390625000000000e-01  -2.9276538875351366e-01  -2.9276538873951236e-01   1.4001300119304005e-11
   2.6171875000000000e-01  -2.2228915667492308e-01  -2.2228915665911217e-01   1.5810908138291779e-11
   2.6953125000000000e-01  -1.4798508270545072e-01  -1.4798508268788838e-01   1.7562340470789195e-11
   2.7734375000000000e-01  -7.0237381492371048e-02  -7.0237381473106902e-02   1.9264145834085866e-11
   2.8515625000000000e-01   1.0505232839657295e-02   1.0505232860476058e-02   2.0818763379892857e-11
   2.9296875000000000e-01   9.3727877577666180e-02   9.3727877599839526e-02   2.2173346492238011e-11
   3.0078125000000000e-01   1.7884861090787077e-01   1.7884861093126120e-01   2.3390428482983339e-11
   3.0859375000000000e-01   2.6521859400811149e-01   2.6521859403251935e-01   2.4407864618325448e-11
   3.1640625000000000e-01   3.5212357233693387e-01   3.5212357236211089e-01   2.5177027129785756e-11
   3.2421875000000000e-01   4.3878691722440805e-01   4.3878691725006341e-01   2.5655366719945505e-11
   3.3203125000000000e-01   5.2437442894355080e-01   5.2437442896940212e-01   2.5851321083791845e-11
   3.3984375000000000e-01   6.0800105219117373e-01   6.0800105221689804e-01   2.5724311569774727e-11
   3.4765625000000000e-01   6.8873959826589648e-01   6.8873959829106812e-01   2.5171642548116324e-11
   3.5546875000000000e-01   7.6563150842701178e-01   7.6563150845120720e-01   2.4195423442563424e-11
   3.6328125000000000e-01   8.3769963215808507e-01   8.3769963218090193e-01   2.2816859512886367e-11
   3.7109375000000000e-01   9.0396293343719614e-01   9.0396293345816492e-01   2.0968782266095332e-11
   3.7890625000000000e-01   9.6345297775377658e-01   9.6345297777239569e-01   1.8619106256778650e-11
   3.8671875000000000e-01   1.0152319919637116e+00   1.0152319919794930e+00   1.5781376205836750e-11
   3.9453125000000000e-01   1.0584122273544856e+00   1.0584122273670327e+00   1.2547074490498744e-11
   4.0234375000000000e-01   1.0921762929385668e+00   1.0921762929474383e+00   8.8715701451747009e-12
   4.1015625000000000e-01   1.1157980610861069e+00   1.1157980610909024e+00   4.7954973325659012e-12
   4.1796875000000000e-01   1.1286636821899467e+00   1.1286636821903846e+00   4.3787196091216174e-13
   4.2578125000000000e-01   1.1302921812904381e+00   1.1302921812862967e+00   4.1413539264567589e-12
   4.3359375000000000e-01   1.1203550507608340e+00   1.1203550507519797e+00   8.8542506659905484e-12
   4.4140625000000000e-01   1.0986942034981804e+00   1.0986942034845442e+00   1.3636203277656023e-11
   4.4921875000000000e-01   1.0653376154360448e+00   1.0653376154176786e+00   1.8366197451769040e-11
   4.5703125000000000e-01   1.0205119696700571e+00   1.0205119696471567e+00   2.2900348284338179e-11
   4.6484375000000000e-01   9.6465162188188869e-01   9.6465162185467535e-01   2.7213342690401987e-11
   4.7265625000000000e-01   8.9840324216592504e-01   8.9840324213469946e-01   3.1225577679094840e-11
   4.8046875000000000e-01   8.2262555477429578e-01   8.2262555473950538e-01   3.4790392788863755e-11
   4.8828125000000000e-01   7.3838369619521904e-01   7.3838369615739907e-01   3.7819969378460883e-11
   4.9609375000000000e-01   6.4693784316590452e-01   6.4693784312567071e-01   4.0233816278600898e-11
   5.0390625000000000e-01   5.4972592366971540e-01   5.4972592362777550e-01   4.1939896000542376e-11
   5.1171875000000000e-01   4.4834041182255929e-01   4.4834041177967554e-01   4.2883752104927453e-11
   5.1953125000000000e-01   3.4449941622201796e-01   3.4449941617901109e-01   4.3006875838358383e-11
   5.2734375000000000e-01   2.4001249365572233e-01   2.4001249361345470e-01   4.2267633837411722e-11
   5.3515625000000000e-01   1.3674184756537891e-01   1.3674184752470914e-01   4.0669773104795581e-11
   5.4296875000000000e-01   3.6559793850635049e-02   3.6559793812435751e-02   3.8199297891505779e-11
   5.5078125000000000e-01  -5.8696414679093541e-02  -5.8696414713947619e-02   3.4854077957113816e-11
   5.5859375000000000e-01  -1.4727113005207129e-01  -1.4727113008280368e-01   3.0732388855980730e-11
   5.6640625000000000e-01  -2.2753679321141637e-01  -2.2753679323733719e-01   2.5920821045133380e-11
   5.7421875000000000e-01  -2.9803883257926811e-01  -2.9803883259977393e-01   2.0505819264826641e-11
   5.8203125000000000e-01  -3.5753739853383654e-01  -3.5753739854849104e-01   1.4654499835842216e-11
   5.8984375000000000e-01  -4.0504436461660287e-01  -4.0504436462513405e-01   8.5311757658246279e-12
   5.9765625000000000e-01  -4.3985410057766261e-01  -4.3985410057998953e-01   2.3269164373118656e-12
   6.0546875000000000e-01  -4.6156666378495026e-01  -4.6156666378114042e-01   3.8098413313036872e-12
   6.1328125000000000e-01  -4.7010226335697192e-01  -4.7010226334725985e-01   9.7120644859671756e-12
   6.2109375000000000e-01  -4.6570612170602660e-01  -4.6570612169088010e-01   1.5146495169204854e-11
   6.2890625000000000e-01  -4.4894318371646630e-01  -4.4894318369653796e-01   1.9928336758567866e-11
   6.3671875000000000e-01  -4.2068249391116413e-01  -4.2068249388722861e-01   2.3935520232498675e-11
   6.4453125000000000e-01  -3.8207146293606897e-01  -3.8207146290897359e-01   2.7095381494035564e-11
   6.5234375000000000e-01  -3.3450066006142815e-01  -3.3450066003218215e-01   2.9245994515036955e-11
   6.6015625000000000e-01  -2.7956017960836327e-01  -2.7956017957800822e-01   3.0355051805486255e-11
   6.6796875000000000e-01  -2.1898901641690932e-01  -2.1898901638647073e-01   3.0438596088089298e-11
   6.7578125000000000e-01  -1.5461922850660909e-01  -1.5461922847716680e-01   2.9442281945790683e-11
   6.8359375000000000e-01  -8.8316944519871751e-02  -8.8316944492472363e-02   2.7399388313753548e-11
   6.9140625000000000e-01  -2.1922471849255928e-02  -2.1922471824854045e-02   2.4401883291780280e-11
   6.9921875000000000e-01   4.2808135970197732e-02   4.2808135990787602e-02   2.0589870086684670e-11
   7.0703125000000000e-01   1.0425769739461514e-01   1.0425769741071897e-01   1.6103826605551319e-11
   7.1484375000000000e-01   1.6099646616882884e-01   1.6099646617993948e-01   1.1110640185663101e-11
   7.2265625000000000e-01   2.1182262548698064e-01   2.1182262549280240e-01   5.8217597409537802e-12
   7.3046875000000000e-01   2.5579302964440381e-01   2.5579302964484957e-01   4.4575454438700035e-13
   7.3828125000000000e-01   2.9224293311254951e-01   2.9224293310772587e-01   4.8236414862401489e-12
   7.4609375000000000e-01   3.2079394431589381e-01   3.2079394430610403e-01   9.7897800976909366e-12
   8.7890625000000000e-01   9.1013314755827884e-02   9.1013314763642300e-02   7.8144157811266268e-12
   8.8671875000000000e-01   6.9330177931582526e-02   6.9330177941173909e-02   9.5913832431904211e-12
   8.9453125000000000e-01   4.7452937788464544e-02   4.7452937799277894e-02   1.0813350215244100e-11
   9.0234375000000000e-01   2.4985348325493789e-02   2.4985348336930061e-02   1.1436272068232611e-11
   9.1015625000000000e-01   1.5286358703872872e-03   1.5286358819167343e-03   1.1529447101893409e-11
   9.1796875000000000e-01  -2.3286000900792594e-02  -2.3286000889644394e-02   1.1148200418364951e-11
   9.2578125000000000e-01  -4.9768924297120681e-02  -4.9768924286719217e-02   1.0401464412002071e-11
   9.3359375000000000e-01  -7.8149208366682543e-02  -7.8149208357275957e-02   9.4065866207415638e-12
   9.4140625000000000e-01  -1.0855853545935749e-01  -1.0855853545113785e-01   8.2196471851148090e-12
   9.4921875000000000e-01  -1.4102245202452449e-01  -1.4102245201756708e-01   6.9574068728428529e-12
   9.5703125000000000e-01  -1.7545906137976958e-01  -1.7545906137406775e-01   5.7018278987186477e-12
   9.6484375000000000e-01  -2.1168471421319857e-01  -2.1168471420870943e-01   4.4891312889205892e-12
   9.7265625000000000e-01  -2.4942579656539055e-01  -2.4942579656201153e-01   3.3790192865978952e-12
   9.8046875000000000e-01  -2.8833534210663075e-01  -2.8833534210424266e-01   2.3880897259687117e-12
   9.8828125000000000e-01  -3.2801293520353159e-01  -3.2801293520201891e-01   1.5126788710517758e-12
   9.9609375000000000e-01  -3.6802623861122158e-01  -3.6802623861041961e-01   8.0196960183798183e-13
   7.5390625000000000e-01   3.4134998930907784e-01   3.4134998929482985e-01   1.4247991675375715e-11
   7.6171875000000000e-01   3.5408164150734694e-01   3.5408164148935223e-01   1.7994716827729462e-11
   7.6953125000000000e-01   3.5939973741795006e-01   3.5939973739704162e-01   2.0908441644706954e-11
   7.7734375000000000e-01   3.5791972378212389e-01   3.5791972375921260e-01   2.2911283981130737e-11
   7.8515625000000000e-01   3.5041863837746146e-01   3.5041863835352621e-01   2.3935242676742519e-11
   7.9296875000000000e-01   3.3778698746792452e-01   3.3778698744395480e-01   2.3969715101657130e-11
   8.0078125000000000e-01   3.2097802472245324e-01   3.2097802469941078e-01   2.3042456831490199e-11
   8.0859375000000000e-01   3.0095704290419606e-01   3.0095704288296188e-01   2.1234181080131975e-11
   8.1640625000000000e-01   2.7865325201274088e-01   2.7865325199405644e-01   1.8684442881777841e-11
   8.2421875000000000e-01   2.5491663570254164e-01   2.5491663568697459e-01   1.5567047650932864e-11
   8.3203125000000000e-01   2.3048186053829031e-01   2.3048186052626682e-01   1.2023493312085520e-11
   8.3984375000000000e-01   2.0594087756434229e-01   2.0594087755611215e-01   8.2301387926975167e-12
   8.4765625000000000e-01   1.8172532823768553e-01   1.8172532823326770e-01   4.4178272151640385e-12
   8.5546875000000000e-01   1.5809927893006898e-01   1.5809927892931613e-01   7.5284223299831865e-13
   8.6328125000000000e-01   1.3516219635993310e-01   1.3516219636251550e-01   2.5824065108537297e-12
   8.7109375000000000e-01   1.1286147899926899e-01   1.1286147900472634e-01   5.4573567886961882e-12
