#                  Coord.                Numerical               Analytical                    Error
   3.9062500000000000e-03   6.1165502942766459e-01   6.1165502942641781e-01   1.2467804566540508e-12
   1.1718750000000000e-02   6.6218773546677268e-01   6.6218773546621623e-01   5.5644377994212846e-13
   1.9531250000000000e-02   7.1609774666548309e-01   7.1609774666562365e-01   1.4055423491754482e-13
   2.7343750000000000e-02   7.7305077457021498e-01   7.7305077457105154e-01   8.3655304905505545e-13
   3.5156250000000000e-02   8.3250937267864389e-01   8.3250937268014957e-01   1.5056844659966373e-12
   4.2968750000000000e-02   8.9374394759856401e-01   8.9374394760065712e-01   2.0931034683258076e-12
   5.0781250000000000e-02   9.5585112130497074e-01   9.5585112130755912e-01   2.5883739596110900e-12
   5.8593750000000000e-02   1.0177789526555665e+00   1.0177789526585426e+00   2.9760638398101946e-12
   6.6406250000000000e-02   1.0783582709094532e+00   1.0783582709126782e+00   3.2249758419311547e-12
   7.4218750000000000e-02   1.1363391224281760e+00   1.1363391224314974e+00   3.3213432004686183e-12
   8.2031250000000000e-02   1.1904310951304296e+00   1.1904310951336732e+00   3.2436275887448573e-12
   8.9843750000000000e-02   1.2393460770764786e+00   1.2393460770794955e+00   3.0169200471164004e-12
   9.7656250000000000e-02   1.2818418406094618e+00   1.2818418406121510e+00   2.6891822102470542e-12
   1.0546875000000000e-01   1.3167647366741586e+00   1.3167647366764033e+00   2.2446489111871415e-12
   1.1328125000000000e-01   1.3430897487044604e+00   1.3430897487061402e+00   1.6797674362578618e-12
   1.2109375000000000e-01   1.3599562022183185e+00   1.3599562022193621e+00   1.0436096431476471e-12
   1.2890625000000000e-01   1.3666975609035965e+00   1.3666975609039658e+00   3.6926017799032707e-13
   1.3671875000000000e-01   1.3628639628291819e+00   1.3628639628288586e+00   3.2329694477084558e-13
   1.4453125000000000e-01   1.3482364554837243e+00   1.3482364554826960e+00   1.0282885654078200e-12
   1.5234375000000000e-01   1.3228322632097307e+00   1.3228322632080414e+00   1.6893153542696382e-12
   1.6015625000000000e-01   1.2869008468830059e+00   1.2869008468807104e+00   2.2954971257149737e-12
   1.6796875000000000e-01   1.2409109700927543e+00   1.2409109700898977e+00   2.8566038423605278e-12
   1.7578125000000000e-01   1.1855294419556652e+00   1.1855294419523497e+00   3.3155700407405675e-12
   1.8359375000000000e-01   1.1215926359588690e+00   1.1215926359551993e+00   3.6697311855959924e-12
   1.9140625000000000e-01   1.0500722594672773e+00   1.0500722594633194e+00   3.9579450827886831e-12
   1.9921875000000000e-01   9.7203714515358985e-01   9.7203714514942874e-01   4.1611158962950867e-12
   2.0703125000000000e-01   8.8861303374936595e-01   8.8861303374509559e-01   4.2703618419182021e-12
   2.1484375000000000e-01   8.0094240360378666e-01   8.0094240359950608e-01   4.2805758937447536e-12
   2.2265625000000000e-01   7.1014637035436501e-01   7.1014637035017736e-01   4.1876502265836280e-12
   2.3046875000000000e-01   6.1729053115191801e-01   6.1729053114787902e-01   4.0389913635863195e-12
   2.3828125000000000e-01   5.2335637158829074e-01   5.2335637158445969e-01   3.8310465910740277e-12
   2.4609375000000000e-01   4.2921950591124769e-01   4.2921950590766800e-01   3.5796920982988922e-12
   2.5390625000000000e-01   3.3563560410629012e-01   3.3563560410299031e-01   3.2998048737908903e-12
   2.6171875000000000e-01   2.4323439886509463e-01   2.4323439886209205e-01   3.0025704145231202e-12
   2.6953125000000000e-01   1.5252168943995750e-01   1.5252168943727709e-01   2.6804114483525154e-12
   2.7734375000000000e-01   6.3888796310344359e-02   6.3888796307982623e-02   2.3617358069216721e-12
   2.8515625000000000e-01  -2.2371502635291994e-02  -2.2371502637375276e-02   2.0832814640048269e-12
   2.9296875000000000e-01  -1.0604388326673353e-01  -1.0604388326856487e-01   1.8313406346948113e-12
   3.0078125000000000e-01  -1.8696583908689948e-01  -1.8696583908850978e-01   1.6102952304919427e-12
   3.0859375000000000e-01  -2.6500128248255356e-01  -2.6500128248399379e-01   1.4402368186949843e-12
   3.1640625000000000e-01  -3.4001424187292140e-01  -3.4001424187422535e-01   1.3039569424222464e-12
   3.2421875000000000e-01  -4.1184447942160451e-01  -4.1184447942279989e-01   1.1953771306139060e-12
   3.3203125000000000e-01  -4.8028671600795986e-01  -4.8028671600906003e-01   1.1001755062522989e-12
   3.3984375000000000e-01  -5.4507491709788458e-01  -5.4507491709889111e-01   1.0065281941251669e-12
   3.4765625000000000e-01  -6.0587277882256996e-01  -6.0587277882347057e-01   9.0061291757592699e-13
   3.5546875000000000e-01  -6.6227117576516104e-01  -6.6227117576593664e-01   7.7560180500313436e-13
   3.6328125000000000e-01  -7.1379291154190305e-01  -7.1379291154247237e-01   5.6932236702778027e-13
   3.7109375000000000e-01  -7.5990467319678145e-01  -7.5990467319705979e-01   2.7833291227352674e-13
   3.7890625000000000e-01  -8.0003565468222437e-01  -8.0003565468216820e-01   5.6177285046032921e-14
   3.8671875000000000e-01  -8.3360190716601013e-01  -8.3360190716555604e-01   4.5408121707168903e-13
   3.9453125000000000e-01  -8.6003511726872317e-01  -8.6003511726777637e-01   9.4679819540033350e-13
   4.0234375000000000e-01  -8.7881422892561700e-01  -8.7881422892409800e-01   1.5190071422921392e-12
   4.1015625000000000e-01  -8.8949812724023258e-01  -8.8949812723807953e-01   2.1530555116555661e-12
   4.1796875000000000e-01  -8.9175750581277535e-01  -8.9175750580996549e-01   2.8098634530238087e-12
   4.2578125000000000e-01  -8.8540404955172902e-01  -8.8540404954824836e-01   3.4806602045023283e-12
   4.3359375000000000e-01  -8.7041518382422778e-01  -8.7041518382008942e-01   4.1383563242902710e-12
   4.4140625000000000e-01  -8.4695286246748391e-01  -8.4695286246275081e-01   4.7331027985819674e-12
   4.4921875000000000e-01  -8.1537517976936313e-01  -8.1537517976411911e-01   5.2440274345144644e-12
   4.5703125000000000e-01  -7.7623997717723248e-01  -7.7623997717155013e-01   5.6823434846364762e-12
   4.6484375000000000e-01  -7.3030005129798004e-01  -7.3030005129194553e-01   6.0345062280475759e-12
   4.7265625000000000e-01  -6.7849002905872757e-01  -6.7849002905247280e-01   6.2547744761332069e-12
   4.8046875000000000e-01  -6.2190543001103782e-01  -6.2190543000471876e-01   6.3190563892590035e-12
   4.8828125000000000e-01  -5.6177485588698794e-01  -5.6177485588075238e-01   6.2355676178071917e-12
   4.9609375000000000e-01  -4.9942660682467338e-01  -4.9942660681866219e-01   6.0111915445304476e-12
   5.0390625000000000e-01  -4.3625129932217260e-01  -4.3625129931650936e-01   5.6632476486129235e-12
   5.1171875000000000e-01  -3.7366223586011349e-01  -3.7366223585490338e-01   5.2101101211121659e-12
   5.1953125000000000e-01  -3.1305534030576782e-01  -3.1305534030114052e-01   4.6272985443351899e-12
   5.2734375000000000e-01  -2.5577042471837852e-01  -2.5577042471443912e-01   3.9394043582774430e-12
   5.3515625000000000e-01  -2.0305539826429161e-01  -2.0305539826108440e-01   3.2072122735371522e-12
   5.4296875000000000e-01  -1.5603478161968179e-01  -1.5603478161725076e-01   2.4310276014460896e-12
   5.5078125000000000e-01  -1.1568357112830879e-01  -1.1568357112671024e-01   1.5985546220065316e-12
   5.5859375000000000e-01  -8.2807131704329975e-02  -8.2807131703600892e-02   7.2908346027134030e-13
   5.6640625000000000e-01  -5.8027414518330267e-02  -5.8027414518460496e-02   1.3022916078853086e-13
   5.7421875000000000e-01  -4.1775423910683854e-02  -4.1775423911646827e-02   9.6297275709034125e-13
   5.8203125000000000e-01  -3.4289524937584664e-02  -3.4289524939355408e-02   1.7707432742319895e-12
   5.8984375000000000e-01  -3.5618911629821122e-02  -3.5618911632351147e-02   2.5300248007731341e-12
   5.9765625000000000e-01  -4.5631363711614518e-02  -4.5631363714849354e-02   3.2348360101686069e-12
   6.0546875000000000e-01  -6.4024316268392764e-02  -6.4024316272263251e-02   3.8704872640238364e-12
   6.1328125000000000e-01  -9.0338254865847414e-02  -9.0338254870258580e-02   4.4111658770162876e-12
   6.2109375000000000e-01  -1.2397152222201488e-01  -1.2397152222687588e-01   4.8610004910187854e-12
   6.2890625000000000e-01  -1.6419576881931550e-01  -1.6419576882454612e-01   5.2306214914921156e-12
   6.3671875000000000e-01  -2.1017147997656130e-01  -2.1017147998205363e-01   5.4923288139718807e-12
   6.4453125000000000e-01  -2.6096324287107447e-01  -2.6096324287671924e-01   5.6447624352529147e-12
   6.5234375000000000e-01  -3.1555465371138675e-01  -3.1555465371708052e-01   5.6937787817901153e-12
   6.6015625000000000e-01  -3.7286298276443641e-01  -3.7286298277006857e-01   5.6321614039234191e-12
   6.6796875000000000e-01  -4.3175389063258152e-01  -4.3175389063807840e-01   5.4968807283728438e-12
   6.7578125000000000e-01  -4.9105660475464646e-01  -4.9105660475991808e-01   5.2716164766763995e-12
   6.8359375000000000e-01  -5.4958000815261243e-01  -5.4958000815752661e-01   4.9141801738983304e-12
   6.9140625000000000e-01  -6.0613005749550841e-01  -6.0613005749996407e-01   4.4556580647281407e-12
   6.9921875000000000e-01  -6.5952883655733652e-01  -6.5952883656127292e-01   3.9364067561109550e-12
   7.0703125000000000e-01  -7.0863537332646420e-01  -7.0863537332979298e-01   3.3287816947336069e-12
   7.1484375000000000e-01  -7.5236812009670118e-01  -7.5236812009930321e-01   2.6020297028139794e-12
   7.2265625000000000e-01  -7.8972873672773169e-01  -7.8972873672955901e-01   1.8273160762305451e-12
   7.3046875000000000e-01  -8.1982655221086931e-01  -8.1982655221187639e-01   1.0070833056374795e-12
   7.3828125000000000e-01  -8.4190283437022095e-01  -8.4190283437034619e-01   1.2523315717771766e-13
   7.4609375000000000e-01  -8.5535379677888013e-01  -8.5535379677809964e-01   7.8048678631148505e-13
   8.7890625000000000e-01  -5.3583778921620306e-02  -5.3583778920217491e-02   1.4028153638712126e-12
   8.8671875000000000e-01   4.2091580407317029e-03   4.2091580413781190e-03   6.4641608038540355e-13
   8.9453125000000000e-01   5.8043360737927548e-02   5.8043360737809170e-02   1.1837753000065732e-13
   9.0234375000000000e-01   1.0782518560089022e-01   1.0782518560005411e-01   8.3610895984520539e-13
   9.1015625000000000e-01   1.5366585238942929e-01   1.5366585238794050e-01   1.4887813204467193e-12
   9.1796875000000000e-01   1.9586827303686763e-01   1.9586827303478532e-01   2.0823065494113280e-12
   9.2578125000000000e-01   2.3490627501425992e-01   2.3490627501169239e-01   2.5675295223237526e-12
   9.3359375000000000e-01   2.7139721748515816e-01   2.7139721748220219e-01   2.9559688030644793e-12
   9.4140625000000000e-01   3.0606922886483529e-01   3.0606922886158383e-01   3.2514546610684647e-12
   9.4921875000000000e-01   3.3972445684809927e-01   3.3972445684468761e-01   3.4116598435218748e-12
   9.5703125000000000e-01   3.7319981666700547e-01   3.7319981666354851e-01   3.4569569429265812e-12
   9.6484375000000000e-01   4.0732675463590851e-01   4.0732675463251933e-01   3.3891778272732154e-12
   9.7265625000000000e-01   4.4289151933520404e-01   4.4289151933202603e-01   3.1780134079895106e-12
   9.8046875000000000e-01   4.8059736118579471e-01   4.8059736118294849e-01   2.8462232570802826e-12
   9.8828125000000000e-01   5.2102997216314673e-01   5.2102997216073499e-01   2.4117374763932276e-12
   9.9609375000000000e-01   5.6462733969491297e-01   5.6462733969303514e-01   1.8778312238509898e-12
   7.5390625000000000e-01  -8.5975113757888555e-01  -8.5975113757719368e-01   1.6918688672262761e-12
   7.6171875000000000e-01  -8.5485885373908621e-01  -8.5485885373651371e-01   2.5724977703589502e-12
   7.6953125000000000e-01  -8.4064511677525700e-01  -8.4064511677189013e-01   3.3668623444782497e-12
   7.7734375000000000e-01  -8.1728813501126907e-01  -8.1728813500718622e-01   4.0828451730590132e-12
   7.8515625000000000e-01  -7.8517515811453975e-01  -7.8517515810982064e-01   4.7191139884716904e-12
   7.9296875000000000e-01  -7.4489408930428647e-01  -7.4489408929905876e-01   5.2277071560524746e-12
   8.0078125000000000e-01  -6.9721754000146419e-01  -6.9721753999591118e-01   5.5530025022676455e-12
   8.0859375000000000e-01  -6.4307956623258755e-01  -6.4307956622688112e-01   5.7064353242708421e-12
   8.1640625000000000e-01  -5.8354573800065590e-01  -5.8354573799492504e-01   5.7308602308125955e-12
   8.2421875000000000e-01  -5.1977758323089041e-01  -5.1977758322528778e-01   5.6026294714683900e-12
   8.3203125000000000e-01  -4.5299278920373659e-01  -4.5299278919844188e-01   5.2947091155886028e-12
   8.3984375000000000e-01  -3.8442281251819505e-01  -3.8442281251335608e-01   4.8389625639799760e-12
   8.4765625000000000e-01  -3.1526972491065491e-01  -3.1526972490637389e-01   4.2810199829546036e-12
   8.5546875000000000e-01  -2.4666419484851065e-01  -2.4666419484486490e-01   3.6457503682640890e-12
   8.6328125000000000e-01  -1.7962646954275294e-01  -1.7962646953981565e-01   2.9372893006751610e-12
   8.7109375000000000e-01  -1.1503208250540062e-01  -1.1503208250322570e-01   2.1749130274528738e-12
