#                  Coord.                Numerical               Analytical                    Error
   3.9062500000000000e-03   2.8510066988018106e+00   2.8510066988665530e+00   6.4742433636411079e-11
   1.1718750000000000e-02   3.1115493663232567e+00   3.1115493663754945e+00   5.2237769665453015e-11
   1.9531250000000000e-02   3.3673677095016030e+00   3.3673677095394012e+00   3.7798209007178230e-11
   2.7343750000000000e-02   3.6135975223317027e+00   3.6135975223534875e+00   2.1784796189194822e-11
   3.5156250000000000e-02   3.8452484514978322e+00   3.8452484515022611e+00   4.4289016898346745e-12
   4.2968750000000000e-02   4.0573682042054982e+00   4.0573682041916701e+00   1.3828049816311250e-11
   5.0781250000000000e-02   4.2452163332108377e+00   4.2452163331784343e+00   3.2403413285919669e-11
   5.8593750000000000e-02   4.4044392163554189e+00   4.4044392163050041e+00   5.0414783459018508e-11
   6.6406250000000000e-02   4.5312372787524184e+00   4.5312372786848236e+00   6.7594818631278031e-11
   7.4218750000000000e-02   4.6225155187520315e+00   4.6225155186684388e+00   8.3592688326916686e-11
   8.2031250000000000e-02   4.6760090222881185e+00   4.6760090221904278e+00   9.7690744382816774e-11
   8.9843750000000000e-02   4.6903763618901086e+00   4.6903763617806726e+00   1.0943601580493123e-10
   9.7656250000000000e-02   4.6652555036088712e+00   4.6652555034901031e+00   1.1876810646072045e-10
   1.0546875000000000e-01   4.6012789689051949e+00   4.6012789687796927e+00   1.2550227523888680e-10
   1.1328125000000000e-01   4.5000473650202970e+00   4.5000473648907340e+00   1.2956302697375577e-10
   1.2109375000000000e-01   4.3640628302698392e+00   4.3640628301389288e+00   1.3091039363644086e-10
   1.2890625000000000e-01   4.1966262577882727e+00   4.1966262576587710e+00   1.2950174266279646e-10
   1.3671875000000000e-01   4.0017041907837596e+00   4.0017041906583488e+00   1.2541079286165768e-10
   1.4453125000000000e-01   3.7837728787099745e+00   3.7837728785909146e+00   1.1905987307159194e-10
   1.5234375000000000e-01   3.5476480400991823e+00   3.5476480399883874e+00   1.1079492878707242e-10
   1.6015625000000000e-01   3.2983093347362420e+00   3.2983093346353503e+00   1.0089173940741603e-10
   1.6796875000000000e-01   3.0407283971337398e+00   3.0407283970440568e+00   8.9682927750800445e-11
   1.7578125000000000e-01   2.7797085663808825e+00   2.7797085663032108e+00   7.7671646891985802e-11
   1.8359375000000000e-01   2.5197432494146219e+00   2.5197432493491547e+00   6.5467187226886381e-11
   1.9140625000000000e-01   2.2648982941151261e+00   2.2648982940617159e+00   5.3410165179457181e-11
   1.9921875000000000e-01   2.0187219646843984e+00   2.0187219646425651e+00   4.1833203567875898e-11
   2.0703125000000000e-01   1.7841842508843506e+00   1.7841842508530839e+00   3.1266766953308434e-11
   2.1484375000000000e-01   1.5636454448890453e+00   1.5636454448672241e+00   2.1821211504402527e-11
   2.2265625000000000e-01   1.3588523067412577e+00   1.3588523067276803e+00   1.3577361457350889e-11
   2.3046875000000000e-01   1.1709588068314016e+00   1.1709588068247765e+00   6.6251448771481591e-12
   2.3828125000000000e-01   1.0005674442933021e+00   1.0005674442923460e+00   9.5612406880718481e-13
   2.4609375000000000e-01   8.4778652248639508e-01   8.4778652248990305e-01   3.5079716909081071e-12
   2.5390625000000000e-01   7.1229851305166125e-01   7.1229851305845049e-01   6.7892358401877573e-12
   2.6171875000000000e-01   5.9343472656192142e-01   5.9343472657097496e-01   9.0535356989107640e-12
   2.6953125000000000e-01   4.9025187708769546e-01   4.9025187709818502e-01   1.0489553670112173e-11
   2.7734375000000000e-01   4.0160671258036545e-01   4.0160671259161107e-01   1.1245615549881904e-11
   2.8515625000000000e-01   3.2622560908008796e-01   3.2622560909149190e-01   1.1403933353193452e-11
   2.9296875000000000e-01   2.6276682153866288e-01   2.6276682154977066e-01   1.1107781361374691e-11
   3.0078125000000000e-01   2.0987388151302011e-01   2.0987388152353953e-01   1.0519418669474589e-11
   3.0859375000000000e-01   1.6621937733789727e-01   1.6621937734764780e-01   9.7505337137704373e-12
   3.1640625000000000e-01   1.3053900460803852e-01   1.3053900461684506e-01   8.8065388315072823e-12
   3.2421875000000000e-01   1.0165630751881397e-01   1.0165630752658311e-01   7.7691464372975361e-12
   3.3203125000000000e-01   7.8498932497840901e-02   7.8498932504595817e-02   6.7549160709390321e-12
   3.3984375000000000e-01   6.0107484565852735e-02   6.0107484571634805e-02   5.7820692678234309e-12
   3.4765625000000000e-01   4.5638223751020758e-02   4.5638223755892882e-02   4.8721235379467487e-12
   3.5546875000000000e-01   3.4360880350301749e-02   3.4360880354337577e-02   4.0358272279661378e-12
   3.6328125000000000e-01   2.5652824675848972e-02   2.5652824679138153e-02   3.2891814272240083e-12
   3.7109375000000000e-01   1.8990721437557607e-02   1.8990721440194466e-02   2.6368594807646417e-12
   3.7890625000000000e-01   1.3940652750063599e-02   1.3940652752147708e-02   2.0841089271028679e-12
   3.8671875000000000e-01   1.0147526348319138e-02   1.0147526349948869e-02   1.6297310723167868e-12
   3.9453125000000000e-01   7.3244131508223833e-03   7.3244131520786727e-03   1.2562893433876177e-12
   4.0234375000000000e-01   5.2422933062080861e-03   5.2422933071574109e-03   9.4932482014309372e-13
   4.1015625000000000e-01   3.7205410199837455e-03   3.7205410206903422e-03   7.0659667353312194e-13
   4.1796875000000000e-01   2.6183510393992951e-03   2.6183510399208384e-03   5.2154331200982007e-13
   4.2578125000000000e-01   1.8272059787517452e-03   1.8272059791340056e-03   3.8226041255973175e-13
   4.3359375000000000e-01   1.2644036721375586e-03   1.2644036724135646e-03   2.7600599757093836e-13
   4.4140625000000000e-01   8.6760575188051306e-04   8.6760575207715622e-04   1.9664315748652017e-13
   4.4921875000000000e-01   5.9032991471455584e-04   5.9032991485315927e-04   1.3860342994859165e-13
   4.5703125000000000e-01   3.9828556620336784e-04   3.9828556630121519e-04   9.7847348713014926e-14
   4.6484375000000000e-01   2.6644231941697912e-04   2.6644231948571862e-04   6.8739501937753467e-14
   4.7265625000000000e-01   1.7671993784144682e-04   1.7671993788914898e-04   4.7702157978876669e-14
   4.8046875000000000e-01   1.1619389473069114e-04   1.1619389476407082e-04   3.3379684650017283e-14
   4.8828125000000000e-01   7.5720376327469160e-05   7.5720376351613231e-05   2.4144071074025386e-14
   4.9609375000000000e-01   4.8896379593239600e-05   4.8896379610527637e-05   1.7288037321150362e-14
   5.0390625000000000e-01   3.1283107864323198e-05   3.1283107876378761e-05   1.2055562440254491e-14
   5.1171875000000000e-01   1.9833125852556578e-05   1.9833125860973558e-05   8.4169799493931385e-15
   5.1953125000000000e-01   1.2473023962088243e-05   1.2473023968358491e-05   6.2702477894105782e-15
   5.2734375000000000e-01   7.8032703275371950e-06   7.8032703322028829e-06   4.6656878664383394e-15
   5.3515625000000000e-01   4.8853299741569232e-06   4.8853299773379867e-06   3.1810635736325733e-15
   5.4296875000000000e-01   3.0930060760209902e-06   3.0930060781096189e-06   2.0886286644162307e-15
   5.5078125000000000e-01   2.0104315271460869e-06   2.0104315283918775e-06   1.2457906478332073e-15
   5.5859375000000000e-01   1.3634100620784380e-06   1.3634100626639839e-06   5.8554582962389891e-16
   5.6640625000000000e-01   9.7411142996300168e-07   9.7411142997677677e-07   1.3775085062959873e-17
   5.7421875000000000e-01   7.3170130078882757e-07   7.3170130039240016e-07   3.9642740706189198e-16
   5.8203125000000000e-01   5.7354145404431191e-07   5.7354145332208144e-07   7.2223047753114129e-16
   5.8984375000000000e-01   4.7328964537397442e-07   4.7328964452141189e-07   8.5256253715265402e-16
   5.9765625000000000e-01   4.3366842913601344e-07   4.3366842830149053e-07   8.3452290589806476e-16
   6.0546875000000000e-01   4.8291960683836996e-07   4.8291960617855109e-07   6.5981886651595789e-16
   6.1328125000000000e-01   6.7505030503624575e-07   6.7505030469434704e-07   3.4189870817033074e-16
   6.2109375000000000e-01   1.0949397770533475e-06   1.0949397771108307e-06   5.7483255690702652e-17
   6.2890625000000000e-01   1.8702660750589501e-06   1.8702660755602468e-06   5.0129675631643399e-16
   6.3671875000000000e-01   3.1931208936542841e-06   3.1931208944782244e-06   8.2394028801330635e-16
   6.4453125000000000e-01   5.3552473956926359e-06   5.3552473967314438e-06   1.0388079827762520e-15
   6.5234375000000000e-01   8.8022399661494493e-06   8.8022399671565969e-06   1.0071475852737807e-15
   6.6015625000000000e-01   1.4213995676980872e-05   1.4213995678054693e-05   1.0738209366839557e-15
   6.6796875000000000e-01   2.2621424508469134e-05   2.2621424510487827e-05   2.0186929656097058e-15
   6.7578125000000000e-01   3.5573120730302864e-05   3.5573120735305074e-05   5.0022106682506839e-15
   6.8359375000000000e-01   5.5370558682360906e-05   5.5370558693540087e-05   1.1179181495443724e-14
   6.9140625000000000e-01   8.5396551982155384e-05   8.5396552004467886e-05   2.2312501238991311e-14
   6.9921875000000000e-01   1.3056930373155735e-04   1.3056930377308235e-04   4.1524997416303444e-14
   7.0703125000000000e-01   1.9796340373485797e-04   1.9796340380598204e-04   7.1124069090863773e-14
   7.1484375000000000e-01   2.9764952367611721e-04   2.9764952379126344e-04   1.1514622805589014e-13
   7.2265625000000000e-01   4.4381610338110059e-04   4.4381610355897697e-04   1.7787637682231683e-13
   7.3046875000000000e-01   6.5624858355751753e-04   6.5624858382367984e-04   2.6616230920650796e-13
   7.3828125000000000e-01   9.6225401169787222e-04   9.6225401208728067e-04   3.8940844906271144e-13
   7.4609375000000000e-01   1.3991300509395455e-03   1.3991300515025175e-03   5.6297197806309818e-13
   8.7890625000000000e-01   2.2333452735952955e-01   2.2333452739828480e-01   3.8755249009980730e-11
   8.8671875000000000e-01   2.7897680556450749e-01   2.7897680560933791e-01   4.4830417156305202e-11
   8.9453125000000000e-01   3.4555383240201970e-01   3.4555383245314342e-01   5.1123716371392902e-11
   9.0234375000000000e-01   4.2442281379465152e-01   4.2442281385223024e-01   5.7578719570017256e-11
   9.1015625000000000e-01   5.1691259714699989e-01   5.1691259721105542e-01   6.4055538651075494e-11
   9.1796875000000000e-01   6.2426775223378184e-01   6.2426775230415299e-01   7.0371153348958160e-11
   9.2578125000000000e-01   7.4758413389663492e-01   7.4758413397287826e-01   7.6243344970805538e-11
   9.3359375000000000e-01   8.8773765079057743e-01   8.8773765087204792e-01   8.1470497015345700e-11
   9.4140625000000000e-01   1.0453087671218109e+00   1.0453087672077450e+00   8.5934148685851142e-11
   9.4921875000000000e-01   1.2205060472894251e+00   1.2205060473788782e+00   8.9453111584703038e-11
   9.5703125000000000e-01   1.4130927482175106e+00   1.4130927483092031e+00   9.1692431425371979e-11
   9.6484375000000000e-01   1.6223209971952943e+00   1.6223209972876149e+00   9.2320595612704892e-11
   9.7265625000000000e-01   1.8468783914362321e+00   1.8468783915273355e+00   9.1103347088505870e-11
   9.8046875000000000e-01   2.0848518548857977e+00   2.0848518549736612e+00   8.7863494258044739e-11
   9.8828125000000000e-01   2.3337132397845868e+00   2.3337132398670821e+00   8.2495343889377182e-11
   9.9609375000000000e-01   2.5903304403840859e+00   2.5903304404589322e+00   7.4846351338919703e-11
   7.5390625000000000e-01   2.0172860367464224e-03   2.0172860375530332e-03   8.0661085449795777e-13
   7.6171875000000000e-01   2.8841277363414399e-03   2.8841277374830965e-03   1.1416566476907253e-12
   7.6953125000000000e-01   4.0888143430902902e-03   4.0888143446787886e-03   1.5884984300162941e-12
   7.7734375000000000e-01   5.7479829909177849e-03   5.7479829930900334e-03   2.1722484921937735e-12
   7.8515625000000000e-01   8.0125093751675751e-03   8.0125093780905928e-03   2.9230177306382998e-12
   7.9296875000000000e-01   1.1075329479596791e-02   1.1075329483480501e-02   3.8837093263577316e-12
   8.0078125000000000e-01   1.5180283725559166e-02   1.5180283730641925e-02   5.0827588665702805e-12
   8.0859375000000000e-01   2.0631858547064726e-02   2.0631858553601935e-02   6.5372082747039428e-12
   8.1640625000000000e-01   2.7805590152409545e-02   2.7805590160703077e-02   8.2935325274036131e-12
   8.2421875000000000e-01   3.7158761612752431e-02   3.7158761623153937e-02   1.0401506045365494e-11
   8.3203125000000000e-01   4.9240870479971513e-02   4.9240870492882879e-02   1.2911366420453874e-11
   8.3984375000000000e-01   6.4703176049681510e-02   6.4703176065569148e-02   1.5887638427081185e-11
   8.4765625000000000e-01   8.4306462889735548e-02   8.4306462909094826e-02   1.9359278069508434e-11
   8.5546875000000000e-01   1.0892599387210440e-01   1.0892599389547869e-01   2.3374288615762850e-11
   8.6328125000000000e-01   1.3955248883005070e-01   1.3955248885799459e-01   2.7943897196180956e-11
   8.7109375000000000e-01   1.7728787427529896e-01   1.7728787430838902e-01   3.3090058471074713e-11
