#                  Coord.                Numerical               Analytical                    Error
   3.9062500000000000e-03  -3.9081203709268814e-01  -3.9081203709437673e-01   1.6885937093036318e-12
   1.1718750000000000e-02  -4.3961149103107949e-01  -4.3961149103270908e-01   1.6295853555448048e-12
   1.9531250000000000e-02  -4.8875326592237328e-01  -4.8875326592392199e-01   1.5487056082008621e-12
   2.7343750000000000e-02  -5.3760425579272952e-01  -5.3760425579418514e-01   1.4556134075860427e-12
   3.5156250000000000e-02  -5.8548122982477502e-01  -5.8548122982610795e-01   1.3329337633649629e-12
   4.2968750000000000e-02  -6.3165682153306590e-01  -6.3165682153425373e-01   1.1878276140464550e-12
   5.0781250000000000e-02  -6.7536668925692944e-01  -6.7536668925796717e-01   1.0377254611171338e-12
   5.8593750000000000e-02  -7.1581792803413680e-01  -7.1581792803497923e-01   8.4243723108556878e-13
   6.6406250000000000e-02  -7.5219881032660785e-01  -7.5219881032718561e-01   5.7776006201493146e-13
   7.4218750000000000e-02  -7.8368992146936001e-01  -7.8368992146957994e-01   2.1993518117824351e-13
   8.2031250000000000e-02  -8.0947673323841396e-01  -8.0947673323820024e-01   2.1371793224034263e-13
   8.9843750000000000e-02  -8.2876362411812199e-01  -8.2876362411739657e-01   7.2541972429007728e-13
   9.7656250000000000e-02  -8.4078930679007302e-01  -8.4078930678874397e-01   1.3290479827787749e-12
   1.0546875000000000e-01  -8.4484356188209886e-01  -8.4484356188008081e-01   2.0180523918611470e-12
   1.1328125000000000e-01  -8.4028510278485635e-01  -8.4028510278202417e-01   2.8321789358187743e-12
   1.2109375000000000e-01  -8.2656031102049299e-01  -8.2656031101670568e-01   3.7873038039037965e-12
   1.2890625000000000e-01  -8.0322248794595286e-01  -8.0322248794109108e-01   4.8617776471360230e-12
   1.3671875000000000e-01  -7.6995117028796212e-01  -7.6995117028194338e-01   6.0187410610978986e-12
   1.4453125000000000e-01  -7.2657095898477186e-01  -7.2657095897751389e-01   7.2579720011844984e-12
   1.5234375000000000e-01  -6.7306921884379078e-01  -6.7306921883524518e-01   8.5456086651447549e-12
   1.6015625000000000e-01  -6.0961192716275758e-01  -6.0961192715288803e-01   9.8695496220102541e-12
   1.6796875000000000e-01  -5.3655688973929527e-01  -5.3655688972809412e-01   1.1201151117745667e-11
   1.7578125000000000e-01  -4.5446350977618549e-01  -4.5446350976371019e-01   1.2475298571956728e-11
   1.8359375000000000e-01  -3.6409829594061538e-01  -3.6409829592693205e-01   1.3683332245051361e-11
   1.9140625000000000e-01  -2.6643533632793381e-01  -2.6643533631317906e-01   1.4754752974965868e-11
   1.9921875000000000e-01  -1.6265105006505373e-01  -1.6265105004944858e-01   1.5605156056253122e-11
   2.0703125000000000e-01  -5.4112660653573681e-02  -5.4112660637320474e-02   1.6253207113514634e-11
   2.1484375000000000e-01   5.7639984576947897e-02   5.7639984593627916e-02   1.6680018477543967e-11
   2.2265625000000000e-01   1.7091939863769456e-01   1.7091939865450120e-01   1.6806639413502467e-11
   2.3046875000000000e-01   2.8392212627781399e-01   2.8392212629441721e-01   1.6603218799815522e-11
   2.3828125000000000e-01   3.9476668853077357e-01   3.9476668854680946e-01   1.6035894834232067e-11
   2.4609375000000000e-01   5.0153706897575445e-01   5.0153706899086847e-01   1.5114021145734569e-11
   2.5390625000000000e-01   6.0233068808729906e-01   6.0233068810111579e-01   1.3816725541460073e-11
   2.6171875000000000e-01   6.9530950224422805e-01   6.9530950225638855e-01   1.2160494833324265e-11
   2.6953125000000000e-01   7.7875258539604186e-01   7.7875258540622727e-01   1.0185408072516111e-11
   2.7734375000000000e-01   8.5110832346017518e-01   8.5110832346806720e-01   7.8920203705479253e-12
   2.8515625000000000e-01   9.1104419302910922e-01   9.1104419303442197e-01   5.3127502397387616e-12
   2.9296875000000000e-01   9.5749202370318520e-01   9.5749202370571584e-01   2.5306423623305818e-12
   3.0078125000000000e-01   9.8968667076143457e-01   9.8968667076106553e-01   3.6903813338540203e-13
   3.0859375000000000e-01   1.0071961606733884e+00   1.0071961606700550e+00   3.3333336091345700e-12
   3.1640625000000000e-01   1.0099416190262027e+00   1.0099416190199284e+00   6.2743144013666097e-12
   3.2421875000000000e-01   9.9820564496745345e-01   9.9820564495836983e-01   9.0836227428781058e-12
   3.3203125000000000e-01   9.7262824723664720e-01   9.7262824722498098e-01   1.1666223542761145e-11
   3.3984375000000000e-01   9.3418998609936377e-01   9.3418998608542092e-01   1.3942846877057491e-11
   3.4765625000000000e-01   8.8418254820401632e-01   8.8418254818817554e-01   1.5840773137654196e-11
   3.5546875000000000e-01   8.2416758722886008e-01   8.2416758721159122e-01   1.7268853014229535e-11
   3.6328125000000000e-01   7.5592525796198518e-01   7.5592525794379506e-01   1.8190116080063490e-11
   3.7109375000000000e-01   6.8139441913450360e-01   6.8139441911588483e-01   1.8618773189871263e-11
   3.7890625000000000e-01   6.0260694547971516e-01   6.0260694546120941e-01   1.8505752485964422e-11
   3.8671875000000000e-01   5.2161893985261254e-01   5.2161893983475327e-01   1.7859269618725193e-11
   3.9453125000000000e-01   4.4044184523985025e-01   4.4044184522308605e-01   1.6764201138386170e-11
   4.0234375000000000e-01   3.6097650551989108e-01   3.6097650550462596e-01   1.5265122499386052e-11
   4.1015625000000000e-01   2.8495310408496177e-01   2.8495310407151958e-01   1.3442191804102777e-11
   4.1796875000000000e-01   2.1387962306550351e-01   2.1387962305412458e-01   1.1378925579563770e-11
   4.2578125000000000e-01   1.4900102641031526e-01   1.4900102640110405e-01   9.2112151239831519e-12
   4.3359375000000000e-01   9.1270801832974008e-02   9.1270801825972386e-02   7.0016215047985497e-12
   4.4140625000000000e-01   4.1335833481276611e-02   4.1335833476481669e-02   4.7949422210535886e-12
   4.4921875000000000e-01  -4.6513975202850679e-04  -4.6513975473776121e-04   2.7092544245370387e-12
   4.5703125000000000e-01  -3.4089950536546974e-02  -3.4089950537359255e-02   8.1228079817918797e-13
   4.6484375000000000e-01  -5.9769471064022563e-02  -5.9769471063172284e-02   8.5027818119698395e-13
   4.7265625000000000e-01  -7.7973883840917704e-02  -7.7973883838703614e-02   2.2140900224343341e-12
   4.8046875000000000e-01  -8.9370999588266262e-02  -8.9370999584969371e-02   3.2968905383512492e-12
   4.8828125000000000e-01  -9.4779198935630277e-02  -9.4779198931479403e-02   4.1508740888929196e-12
   4.9609375000000000e-01  -9.5117737786955994e-02  -9.5117737782202769e-02   4.7532255909032983e-12
   5.0390625000000000e-01  -9.1357144153156017e-02  -9.1357144148065006e-02   5.0910109461455022e-12
   5.1171875000000000e-01  -8.4472253687830456e-02  -8.4472253682617945e-02   5.2125109784029178e-12
   5.1953125000000000e-01  -7.5400101064872757e-02  -7.5400101059742000e-02   5.1307569304270828e-12
   5.2734375000000000e-01  -6.5004434038415104e-02  -6.5004434033549385e-02   4.8657189388734423e-12
   5.3515625000000000e-01  -5.4048083677743178e-02  -5.4048083673255483e-02   4.4876949378824804e-12
   5.4296875000000000e-01  -4.3173849631133965e-02  -4.3173849627099199e-02   4.0347655771988400e-12
   5.5078125000000000e-01  -3.2893986181845344e-02  -3.2893986178335312e-02   3.5100325423975676e-12
   5.5859375000000000e-01  -2.3587843722283525e-02  -2.3587843719381302e-02   2.9022236003317659e-12
   5.6640625000000000e-01  -1.5506765884611612e-02  -1.5506765882331399e-02   2.2802124771681420e-12
   5.7421875000000000e-01  -8.7849915537370343e-03  -8.7849915520239012e-03   1.7131331075947998e-12
   5.8203125000000000e-01  -3.4550800857328728e-03  -3.4550800845695060e-03   1.1633667119925750e-12
   5.8984375000000000e-01   5.3372665958024176e-04   5.3372666020342306e-04   6.2318130256838744e-13
   5.9765625000000000e-01   3.2957747297853923e-03   3.2957747299112218e-03   1.2582946837258469e-13
   6.0546875000000000e-01   4.9893448258198489e-03   4.9893448255491678e-03   2.7068104702099305e-13
   6.1328125000000000e-01   5.7983066596649056e-03   5.7983066591237725e-03   5.4113311054315716e-13
   6.2109375000000000e-01   5.9160382657879214e-03   5.9160382650531715e-03   7.3474993450561854e-13
   6.2890625000000000e-01   5.5322605379031437e-03   5.5322605370339917e-03   8.6915197261561161e-13
   6.3671875000000000e-01   4.8231248410428168e-03   4.8231248401405698e-03   9.0224702709029714e-13
   6.4453125000000000e-01   3.9445987827745228e-03   3.9445987819335315e-03   8.4099133906834211e-13
   6.5234375000000000e-01   3.0289424613123440e-03   3.0289424605762037e-03   7.3614031537161395e-13
   6.6015625000000000e-01   2.1838691729722248e-03   2.1838691723794559e-03   5.9276888952908280e-13
   6.6796875000000000e-01   1.4938486130358346e-03   1.4938486126026061e-03   4.3322853984784082e-13
   6.7578125000000000e-01   1.0229386473848841e-03   1.0229386471331443e-03   2.5173981822723679e-13
   6.8359375000000000e-01   8.1851973353797805e-04   8.1851973345688114e-04   8.1096913039091501e-14
   6.9140625000000000e-01   9.1534551331005042e-04   9.1534551332456333e-04   1.4512913440456465e-14
   6.9921875000000000e-01   1.3394024295215455e-03   1.3394024295662265e-03   4.4681055730300123e-14
   7.0703125000000000e-01   2.1111773636235858e-03   2.1111773636714919e-03   4.7906123512575505e-14
   7.1484375000000000e-01   3.2480521076218181e-03   3.2480521076328865e-03   1.1068403138470018e-14
   7.2265625000000000e-01   4.7656649893684979e-03   4.7656649892886694e-03   7.9828504917500709e-14
   7.3046875000000000e-01   6.6781932458590551e-03   6.6781932456636732e-03   1.9538190509926778e-13
   7.3828125000000000e-01   8.9976074715745445e-03   8.9976074712429816e-03   3.3156290213387507e-13
   7.4609375000000000e-01   1.1732027132160148e-02   1.1732027131652322e-02   5.0782641980440246e-13
   8.7890625000000000e-01   6.0239751706964745e-02   6.0239751703868659e-02   3.0960858876660780e-12
   8.8671875000000000e-01   5.4039986484455085e-02   5.4039986481362545e-02   3.0925401128811814e-12
   8.9453125000000000e-01   4.5359555449465842e-02   4.5359555446376022e-02   3.0898200664708497e-12
   9.0234375000000000e-01   3.3974333799617562e-02   3.3974333796626358e-02   2.9912045063085202e-12
   9.1015625000000000e-01   1.9686115376041070e-02   1.9686115373224868e-02   2.8162021326050279e-12
   9.1796875000000000e-01   2.3289404123307410e-03   2.3289404096628564e-03   2.6678845764516179e-12
   9.2578125000000000e-01  -1.8224860938803048e-02  -1.8224860941358265e-02   2.5552164550912693e-12
   9.3359375000000000e-01  -4.2059031554911315e-02  -4.2059031557343009e-02   2.4316937352608647e-12
   9.4140625000000000e-01  -6.9208264659723434e-02  -6.9208264662029687e-02   2.3062524112660299e-12
   9.4921875000000000e-01  -9.9653687096487933e-02  -9.9653687098691018e-02   2.2030849367027372e-12
   9.5703125000000000e-01  -1.3331902311083946e-01  -1.3331902311294011e-01   2.1006529848932587e-12
   9.6484375000000000e-01  -1.7006749667394425e-01  -1.7006749667594293e-01   1.9986790000814381e-12
   9.7265625000000000e-01  -2.0969951558949643e-01  -2.0969951559140329e-01   1.9068635559449376e-12
   9.8046875000000000e-01  -2.5195116865789036e-01  -2.5195116865973882e-01   1.8484658248496544e-12
   9.8828125000000000e-01  -2.9649355887903850e-01  -2.9649355888085116e-01   1.8126611323054931e-12
   9.9609375000000000e-01  -3.4293299162340668e-01  -3.4293299162516061e-01   1.7539303343028223e-12
   7.5390625000000000e-01   1.4883361845552060e-02   1.4883361844875730e-02   6.7633051936688560e-13
   7.6171875000000000e-01   1.8444457262327470e-02   1.8444457261513156e-02   8.1431389409303279e-13
   7.6953125000000000e-01   2.2395978999859470e-02   2.2395978998877235e-02   9.8223512656758771e-13
   7.7734375000000000e-01   2.6703266371679989e-02   2.6703266370489576e-02   1.1904123520256604e-12
   7.8515625000000000e-01   3.1313373277896017e-02   3.1313373276528181e-02   1.3678363997016163e-12
   7.9296875000000000e-01   3.6152490256883725e-02   3.6152490255368666e-02   1.5150589116608160e-12
   8.0078125000000000e-01   4.1123912641844874e-02   4.1123912640160236e-02   1.6846385397784047e-12
   8.0859375000000000e-01   4.6106687714866153e-02   4.6106687712974256e-02   1.8918963617942097e-12
   8.1640625000000000e-01   5.0955040712497034e-02   5.0955040710408413e-02   2.0886209428638836e-12
   8.2421875000000000e-01   5.5498646861931934e-02   5.5498646859663318e-02   2.2686158507312371e-12
   8.3203125000000000e-01   5.9543785128875676e-02   5.9543785126412570e-02   2.4631061079638528e-12
   8.3984375000000000e-01   6.2875379474853110e-02   6.2875379472217219e-02   2.6358915050650467e-12
   8.4765625000000000e-01   6.5259905383944133e-02   6.5259905381150451e-02   2.7936819524398970e-12
   8.5546875000000000e-01   6.6449113402473198e-02   6.6449113399540141e-02   2.9330565753937776e-12
   8.6328125000000000e-01   6.6184497668341363e-02   6.6184497665290706e-02   3.0506569492771973e-12
   8.7109375000000000e-01   6.4202416219883471e-02   6.4202416216778663e-02   3.1048080773032893e-12
