#                  Coord.                Numerical               Analytical                    Error
   3.9062500000000000e-03   1.0156096221371576e+00   1.0156096220617421e+00   7.5415451661342559e-11
   1.1718750000000000e-02   1.0487104684637651e+00   1.0487104683953892e+00   6.8375971551404291e-11
   1.9531250000000000e-02   1.0776597248695827e+00   1.0776597248102249e+00   5.9357851966979069e-11
   2.7343750000000000e-02   1.1018980325287591e+00   1.1018980324804819e+00   4.8277160047405232e-11
   3.5156250000000000e-02   1.1208577344403281e+00   1.1208577344051711e+00   3.5156988431594982e-11
   4.2968750000000000e-02   1.1339935144215698e+00   1.1339935144014366e+00   2.0133228417762439e-11
   5.0781250000000000e-02   1.1408148800967250e+00   1.1408148800932350e+00   3.4900971002116421e-12
   5.8593750000000000e-02   1.1409186576431112e+00   1.1409186576575623e+00   1.4451106977730888e-11
   6.6406250000000000e-02   1.1340196489539145e+00   1.1340196489871917e+00   3.3277158806299667e-11
   7.4218750000000000e-02   1.1199776870292706e+00   1.1199776870818057e+00   5.2535087391447632e-11
   8.2031250000000000e-02   1.0988195063043185e+00   1.0988195063759403e+00   7.1621819586198399e-11
   8.9843750000000000e-02   1.0707541099419418e+00   1.0707541100317413e+00   8.9799501168386087e-11
   9.7656250000000000e-02   1.0361806504787752e+00   1.0361806505853337e+00   1.0655853976970775e-10
   1.0546875000000000e-01   9.9568822504449572e-01   9.9568822516589606e-01   1.2140033422980423e-10
   1.1328125000000000e-01   9.5004740085425876e-01   9.5004740098810425e-01   1.3384549024664238e-10
   1.2109375000000000e-01   9.0019370871938986e-01   9.0019370886273464e-01   1.4334478048994015e-10
   1.2890625000000000e-01   8.4720374960500122e-01   8.4720374975452006e-01   1.4951884175218311e-10
   1.3671875000000000e-01   7.9226493024798095e-01   7.9226493040010049e-01   1.5211953918736754e-10
   1.4453125000000000e-01   7.3664015882992229e-01   7.3664015898100155e-01   1.5107926021329376e-10
   1.5234375000000000e-01   6.8162907382333615e-01   6.8162907396966910e-01   1.4633294576071876e-10
   1.6015625000000000e-01   6.2852753534616357e-01   6.2852753548408258e-01   1.3791900954629455e-10
   1.6796875000000000e-01   5.7858717026844797e-01   5.7858717039444463e-01   1.2599665755175238e-10
   1.7578125000000000e-01   5.3297672682318264e-01   5.3297672693412057e-01   1.1093792551264414e-10
   1.8359375000000000e-01   4.9274686420084340e-01   4.9274686429396564e-01   9.3122232147635486e-11
   1.9140625000000000e-01   4.5879978597119686e-01   4.5879978604420252e-01   7.3005657075242425e-11
   1.9921875000000000e-01   4.3186483708931633e-01   4.3186483714045165e-01   5.1135318202000235e-11
   2.0703125000000000e-01   4.1248084140896851e-01   4.1248084143709757e-01   2.8129054641112816e-11
   2.1484375000000000e-01   4.0098558242957860e-01   4.0098558243428006e-01   4.7014614423801504e-12
   2.2265625000000000e-01   3.9751244904422056e-01   3.9751244902556371e-01   1.8656853839615906e-11
   2.3046875000000000e-01   4.0199390542308933e-01   4.0199390538172841e-01   4.1360914693200357e-11
   2.3828125000000000e-01   4.1417112356619701e-01   4.1417112350336760e-01   6.2829408342679471e-11
   2.4609375000000000e-01   4.3360885896200768e-01   4.3360885887936290e-01   8.2644779908491728e-11
   2.5390625000000000e-01   4.5971446976733288e-01   4.5971446966686841e-01   1.0046447007638903e-10
   2.6171875000000000e-01   4.9175988733342801e-01   4.9175988721743163e-01   1.1599637916859251e-10
   2.6953125000000000e-01   5.2890534304485648e-01   5.2890534291586688e-01   1.2898959678153687e-10
   2.7734375000000000e-01   5.7022373832458007e-01   5.7022373818523053e-01   1.3934953191352406e-10
   2.8515625000000000e-01   6.1472469940851548e-01   6.1472469926142415e-01   1.4709133910884020e-10
   2.9296875000000000e-01   6.6137756834421468e-01   6.6137756819196503e-01   1.5224965732585360e-10
   3.0078125000000000e-01   7.0913282454362747e-01   7.0913282438875758e-01   1.5486989468627144e-10
   3.0859375000000000e-01   7.5694168270061535e-01   7.5694168254559857e-01   1.5501677719242934e-10
   3.1640625000000000e-01   8.0377384841998223e-01   8.0377384826713338e-01   1.5284884469224380e-10
   3.2421875000000000e-01   8.4863361005112470e-01   8.4863360990267689e-01   1.4844780960032722e-10
   3.3203125000000000e-01   8.9057458569233383e-01   8.9057458555043001e-01   1.4190382202627916e-10
   3.3984375000000000e-01   9.2871351568852112e-01   9.2871351555517756e-01   1.3334355841720935e-10
   3.4765625000000000e-01   9.6224348772378443e-01   9.6224348760081480e-01   1.2296963447511189e-10
   3.5546875000000000e-01   9.9044690582551487e-01   9.9044690571474248e-01   1.1077239125967253e-10
   3.6328125000000000e-01   1.0127083755413444e+00   1.0127083754444917e+00   9.6852748043829706e-11
   3.7109375000000000e-01   1.0285274909214197e+00   1.0285274908399800e+00   8.1439743837563583e-11
   3.7890625000000000e-01   1.0375312953897131e+00   1.0375312953249414e+00   6.4771743524261183e-11
   3.8671875000000000e-01   1.0394859718075322e+00   1.0394859717605434e+00   4.6988857249630200e-11
   3.9453125000000000e-01   1.0343071215645270e+00   1.0343071215361375e+00   2.8389512962689878e-11
   4.0234375000000000e-01   1.0220678415273312e+00   1.0220678415178581e+00   9.4730889799166107e-12
   4.1015625000000000e-01   1.0030037207531646e+00   1.0030037207625595e+00   9.3949292789829997e-12
   4.1796875000000000e-01   9.7751387031744164e-01   9.7751387034526638e-01   2.7824742510063061e-11
   4.2578125000000000e-01   9.4615717700534274e-01   9.4615717705068103e-01   4.5338288678919980e-11
   4.3359375000000000e-01   9.0964313512998518e-01   9.0964313519141282e-01   6.1427640751787749e-11
   4.4140625000000000e-01   8.6881685293776467e-01   8.6881685301336975e-01   7.5605077753948535e-11
   4.4921875000000000e-01   8.2463813645318484e-01   8.2463813654062768e-01   8.7442830754014267e-11
   4.5703125000000000e-01   7.7815490374659457e-01   7.7815490384317343e-01   9.6578856023654680e-11
   4.6484375000000000e-01   7.3047155165169109e-01   7.3047155175448153e-01   1.0279044282412997e-10
   4.7265625000000000e-01   6.8271325766557900e-01   6.8271325777148550e-01   1.0590650578734540e-10
   4.8046875000000000e-01   6.3598752460613672e-01   6.3598752471203668e-01   1.0589995547150011e-10
   4.8828125000000000e-01   5.9134453895221084e-01   5.9134453905501749e-01   1.0280665208028950e-10
   4.9609375000000000e-01   5.4973809394378637e-01   5.4973809404056462e-01   9.6778252078877358e-11
   5.0390625000000000e-01   5.1198890940961939e-01   5.1198890949779940e-01   8.8180018842365371e-11
   5.1171875000000000e-01   4.7875215278121569e-01   4.7875215285860939e-01   7.7393702557770894e-11
   5.1953125000000000e-01   4.5049082837593851e-01   4.5049082844086674e-01   6.4928229459582099e-11
   5.2734375000000000e-01   4.2745646114123803e-01   4.2745646119256053e-01   5.1322501803952036e-11
   5.3515625000000000e-01   4.0967817036008841e-01   4.0967817039733018e-01   3.7241765227236101e-11
   5.4296875000000000e-01   3.9696082837399005e-01   3.9696082839730507e-01   2.3315016584035675e-11
   5.5078125000000000e-01   3.8889255405453954e-01   3.8889255406467532e-01   1.0135781103315367e-11
   5.5859375000000000e-01   3.8486132836067155e-01   3.8486132835902698e-01   1.6445733663772444e-12
   5.6640625000000000e-01   3.8408006851421111e-01   3.8408006850275300e-01   1.1458112236795159e-11
   5.7421875000000000e-01   3.8561908548760859e-01   3.8561908546876755e-01   1.8841039839401219e-11
   5.8203125000000000e-01   3.8844450072356579e-01   3.8844450070018111e-01   2.3384683078830903e-11
   5.8984375000000000e-01   3.9146093142500266e-01   3.9146093140013849e-01   2.4864166281446387e-11
   5.9765625000000000e-01   3.9355658228038642e-01   3.9355658225719531e-01   2.3191115694487507e-11
   6.0546875000000000e-01   3.9364881112597250e-01   3.9364881110760080e-01   1.8371693055740934e-11
   6.1328125000000000e-01   3.9072826577577285e-01   3.9072826576523717e-01   1.0535683436785348e-11
   6.2109375000000000e-01   3.8389981152308150e-01   3.8389981152308283e-01   1.3322676295501878e-15
   6.2890625000000000e-01   3.7241867057301997e-01   3.7241867058583744e-01   1.2817469308146201e-11
   6.3671875000000000e-01   3.5572045875220443e-01   3.5572045877962194e-01   2.7417512704630553e-11
   6.4453125000000000e-01   3.3344411171846144e-01   3.3344411176165939e-01   4.3197945220896372e-11
   6.5234375000000000e-01   3.0544702240844990e-01   3.0544702246801497e-01   5.9565075094525355e-11
   6.6015625000000000e-01   2.7181204453113389e-01   2.7181204460692698e-01   7.5793094023168806e-11
   6.6796875000000000e-01   2.3284633695623655e-01   2.3284633704749158e-01   9.1255031309245283e-11
   6.7578125000000000e-01   1.8907231779995104e-01   1.8907231790537377e-01   1.0542272610436498e-10
   6.8359375000000000e-01   1.4121125588857236e-01   1.4121125600643372e-01   1.1786135956093347e-10
   6.9140625000000000e-01   9.0160246215673923e-02   9.0160246343637188e-02   1.2796326498420996e-10
   6.9921875000000000e-01   3.6963493816945490e-02   3.6963493952287721e-02   1.3534223047839689e-10
   7.0703125000000000e-01  -1.7221031151399925e-02  -1.7221031011616043e-02   1.3978388238577999e-10
   7.1484375000000000e-01  -7.1158401962448145e-02  -7.1158401821262082e-02   1.4118606284085899e-10
   7.2265625000000000e-01  -1.2357577183870741e-01  -1.2357577169924562e-01   1.3946178933910147e-10
   7.3046875000000000e-01  -1.7320236058506969e-01  -1.7320236045051735e-01   1.3455234149084561e-10
   7.3828125000000000e-01  -2.1880909732899359e-01  -2.1880909720237696e-01   1.2661663384427868e-10
   7.4609375000000000e-01  -2.5924663491828037e-01  -2.5924663480234361e-01   1.1593676019217014e-10
   8.7890625000000000e-01   1.6171033884129601e-01   1.6171033872439114e-01   1.1690487466964328e-10
   8.8671875000000000e-01   2.2664009987414302e-01   2.2664009975775190e-01   1.1639111896499799e-10
   8.9453125000000000e-01   2.9120353516680181e-01   2.9120353505224905e-01   1.1455275616967242e-10
   9.0234375000000000e-01   3.5488300159099123e-01   3.5488300147921026e-01   1.1178097336639325e-10
   9.1015625000000000e-01   4.1727987859143828e-01   4.1727987848292231e-01   1.0851597398442436e-10
   9.1796875000000000e-01   4.7810804383661271e-01   4.7810804373159405e-01   1.0501866043455266e-10
   9.2578125000000000e-01   5.3718048812658770e-01   5.3718048802497553e-01   1.0161216312809529e-10
   9.3359375000000000e-01   5.9439014113157185e-01   5.9439014103305188e-01   9.8519969959909304e-11
   9.4140625000000000e-01   6.4968633240077589e-01   6.4968633230485928e-01   9.5916607989465774e-11
   9.4921875000000000e-01   7.0304857650967101e-01   7.0304857641587259e-01   9.3798413480783438e-11
   9.5703125000000000e-01   7.5445952964108121e-01   7.5445952954895401e-01   9.2127194761815190e-11
   9.6484375000000000e-01   8.0387900702940540e-01   8.0387900693873782e-01   9.0667584551340497e-11
   9.7265625000000000e-01   8.5122087419271553e-01   8.5122087410359626e-01   8.9119267521198253e-11
   9.8046875000000000e-01   8.9633443537395718e-01   8.9633443528679380e-01   8.7163387618716115e-11
   9.8828125000000000e-01   9.3899165317025468e-01   9.3899165308578181e-01   8.4472873140839511e-11
   9.9609375000000000e-01   9.7888116331527519e-01   9.7888116323460039e-01   8.0674800173596850e-11
   7.5390625000000000e-01  -2.9348048844924329e-01  -2.9348048834658258e-01   1.0266071326370252e-10
   7.6171875000000000e-01  -3.2062211803039886e-01  -3.2062211794328438e-01   8.7114482294481377e-11
   7.6953125000000000e-01  -3.3995487854226003e-01  -3.3995487847245975e-01   6.9800276669695904e-11
   7.7734375000000000e-01  -3.5095390110166980e-01  -3.5095390105047825e-01   5.1191550998197499e-11
   7.8515625000000000e-01  -3.5329915522422362e-01  -3.5329915519254751e-01   3.1676106182487729e-11
   7.9296875000000000e-01  -3.4688116795402552e-01  -3.4688116794230334e-01   1.1722178783202253e-11
   8.0078125000000000e-01  -3.3179914375526465e-01  -3.3179914376332859e-01   8.0639384059111308e-12
   8.0859375000000000e-01  -3.0835152992313830e-01  -3.0835152995035808e-01   2.7219781983944813e-11
   8.1640625000000000e-01  -2.7701939555121285e-01  -2.7701939559651134e-01   4.5298487183487168e-11
   8.2421875000000000e-01  -2.3844332253060488e-01  -2.3844332259249687e-01   6.1891991531837220e-11
   8.3203125000000000e-01  -1.9339482625704191e-01  -1.9339482633359759e-01   7.6555678463208210e-11
   8.3984375000000000e-01  -1.4274361131067526e-01  -1.4274361139974867e-01   8.9073415310281234e-11
   8.4765625000000000e-01  -8.7422202617225872e-02  -8.7422202716491981e-02   9.9266109221396448e-11
   8.5546875000000000e-01  -2.8389656242232098e-02  -2.8389656349357674e-02   1.0712557577119419e-10
   8.6328125000000000e-01   3.3403869910553954e-02   3.3403869797982454e-02   1.1257150073218369e-10
   8.7109375000000000e-01   9.7049927537204345e-02   9.7049927421457446e-02   1.1574689817717143e-10
