#                  Coord.                Numerical               Analytical                    Error
   3.9062500000000000e-03   7.7618501655412075e-01   7.7618501652765581e-01   2.6464941349502169e-11
   1.1718750000000000e-02   7.1519626588012220e-01   7.1519626585545759e-01   2.4664603692770015e-11
   1.9531250000000000e-02   6.5577024287113639e-01   6.5577024284877694e-01   2.2359447626740803e-11
   2.7343750000000000e-02   5.9911095638171386e-01   5.9911095636206702e-01   1.9646839710674158e-11
   3.5156250000000000e-02   5.4634563203026187e-01   5.4634563201362063e-01   1.6641243938408934e-11
   4.2968750000000000e-02   4.9850743479898707e-01   4.9850743478560050e-01   1.3386569630569056e-11
   5.0781250000000000e-02   4.5652134842866898e-01   4.5652134841872011e-01   9.9488750571197215e-12
   5.8593750000000000e-02   4.2119276282027873e-01   4.2119276281392770e-01   6.3510308123682080e-12
   6.6406250000000000e-02   3.9319823689732225e-01   3.9319823689464234e-01   2.6799118479914341e-12
   7.4218750000000000e-02   3.7307789867644103e-01   3.7307789867742958e-01   9.8854258112623938e-13
   8.2031250000000000e-02   3.6122901300900973e-01   3.6122901301365229e-01   4.6425641109237858e-12
   8.9843750000000000e-02   3.5790038012789210e-01   3.5790038013612646e-01   8.2343576401910923e-12
   9.7656250000000000e-02   3.6318740842062469e-01   3.6318740843230662e-01   1.1681933198559591e-11
   1.0546875000000000e-01   3.7702791198489111e-01   3.7702791199982671e-01   1.4935608305677306e-11
   1.1328125000000000e-01   3.9919889414167559e-01   3.9919889415966292e-01   1.7987333844615705e-11
   1.2109375000000000e-01   4.2931476828896697e-01   4.2931476830977766e-01   2.0810686507388709e-11
   1.2890625000000000e-01   4.6682761497176467e-01   4.6682761499506187e-01   2.3297197504490441e-11
   1.3671875000000000e-01   5.1103016012554192e-01   5.1103016015091107e-01   2.5369151224197140e-11
   1.4453125000000000e-01   5.6106217075543596e-01   5.6106217078242804e-01   2.6992075241594193e-11
   1.5234375000000000e-01   6.1592089410549578e-01   6.1592089413359097e-01   2.8095192838861749e-11
   1.6015625000000000e-01   6.7447601528037304e-01   6.7447601530897716e-01   2.8604119073349921e-11
   1.6796875000000000e-01   7.3548938441596345e-01   7.3548938444446255e-01   2.8499091975220381e-11
   1.7578125000000000e-01   7.9763948290582920e-01   7.9763948293355869e-01   2.7729485374550222e-11
   1.8359375000000000e-01   8.5955027972107212e-01   8.5955027974734444e-01   2.6272317654729704e-11
   1.9140625000000000e-01   9.1982379847430562e-01   9.1982379849842899e-01   2.4123369968265251e-11
   1.9921875000000000e-01   9.7707540058904907e-01   9.7707540061039999e-01   2.1350921031171310e-11
   2.0703125000000000e-01   1.0299705165489472e+00   1.0299705165669897e+00   1.8042456417788344e-11
   2.1484375000000000e-01   1.0772613500219206e+00   1.0772613500362274e+00   1.4306777984529617e-11
   2.2265625000000000e-01   1.1178219584053808e+00   1.1178219584155802e+00   1.0199396882626388e-11
   2.3046875000000000e-01   1.1506800914404338e+00   1.1506800914462374e+00   5.8035798389255433e-12
   2.3828125000000000e-01   1.1750442529345881e+00   1.1750442529358811e+00   1.2929657344784573e-12
   2.4609375000000000e-01   1.1903246372195693e+00   1.1903246372164447e+00   3.1246116805050406e-12
   2.5390625000000000e-01   1.1961468717514994e+00   1.1961468717441004e+00   7.3989703253118932e-12
   2.6171875000000000e-01   1.1923578531148364e+00   1.1923578531033892e+00   1.1447287562305064e-11
   2.6953125000000000e-01   1.1790233727400545e+00   1.1790233727249544e+00   1.5100143357926754e-11
   2.7734375000000000e-01   1.1564176640604946e+00   1.1564176640422237e+00   1.8270940316256201e-11
   2.8515625000000000e-01   1.1250054359287192e+00   1.1250054359077923e+00   2.0926815835764501e-11
   2.9296875000000000e-01   1.0854173595181495e+00   1.0854173594951271e+00   2.3022472817046946e-11
   3.0078125000000000e-01   1.0384203216724113e+00   1.0384203216478620e+00   2.4549251520511461e-11
   3.0859375000000000e-01   9.8488402495966143e-01   9.8488402493417260e-01   2.5488833266251731e-11
   3.1640625000000000e-01   9.2574568738191965e-01   9.2574568735604790e-01   2.5871749187444948e-11
   3.2421875000000000e-01   8.6197466314908522e-01   8.6197466312335924e-01   2.5725976904311665e-11
   3.3203125000000000e-01   7.9453876744784724e-01   7.9453876742272078e-01   2.5126456471014080e-11
   3.3984375000000000e-01   7.2437394680935929e-01   7.2437394678525624e-01   2.4103052886914611e-11
   3.4765625000000000e-01   6.5235870282142661e-01   6.5235870279867736e-01   2.2749246930686695e-11
   3.5546875000000000e-01   5.7929436612588714e-01   5.7929436610471463e-01   2.1172508191114048e-11
   3.6328125000000000e-01   5.0589194954321948e-01   5.0589194952377092e-01   1.9448553878476105e-11
   3.7109375000000000e-01   4.3276590613511434e-01   4.3276590611746441e-01   1.7649937067432120e-11
   3.7890625000000000e-01   3.6043470373259717e-01   3.6043470371673342e-01   1.5863754754263937e-11
   3.8671875000000000e-01   2.8932772557859665e-01   2.8932772556437747e-01   1.4219181387886692e-11
   3.9453125000000000e-01   2.1979763965958368e-01   2.1979763964686533e-01   1.2718354147622790e-11
   4.0234375000000000e-01   1.5213706710731068e-01   1.5213706709589972e-01   1.1410955513824206e-11
   4.1015625000000000e-01   8.6598139590375378e-02   8.6598139580016109e-02   1.0359268998172411e-11
   4.1796875000000000e-01   2.3413379803686747e-02   2.3413379794102931e-02   9.5838163793882103e-12
   4.2578125000000000e-01  -3.7183723562137741e-02  -3.7183723571150691e-02   9.0129501084668107e-12
   4.3359375000000000e-01  -9.4940041042129261e-02  -9.4940041050685556e-02   8.5562945617567721e-12
   4.4140625000000000e-01  -1.4956749332085884e-01  -1.4956749332906993e-01   8.2110984678251953e-12
   4.4921875000000000e-01  -2.0073235553177363e-01  -2.0073235553971719e-01   7.9435624744661482e-12
   4.5703125000000000e-01  -2.4805012751211819e-01  -2.4805012751973957e-01   7.6213757527199277e-12
   4.6484375000000000e-01  -2.9108656617127310e-01  -2.9108656617835277e-01   7.0796701834296982e-12
   4.7265625000000000e-01  -3.2936507815983029e-01  -3.2936507816610150e-01   6.2712057768976592e-12
   4.8046875000000000e-01  -3.6238025425468307e-01  -3.6238025425983422e-01   5.1511572785045701e-12
   4.8828125000000000e-01  -3.8961691587172448e-01  -3.8961691587538982e-01   3.6653458046487231e-12
   4.9609375000000000e-01  -4.1057366392077099e-01  -4.1057366392250516e-01   1.7341683644644945e-12
   5.0390625000000000e-01  -4.2478959481718592e-01  -4.2478959481656015e-01   6.2577720782996948e-13
   5.1171875000000000e-01  -4.3187259922794247e-01  -4.3187259922459392e-01   3.3485436645719346e-12
   5.1953125000000000e-01  -4.3152750327169920e-01  -4.3152750326532746e-01   6.3717364717774672e-12
   5.2734375000000000e-01  -4.2358226112592379e-01  -4.2358226111628033e-01   9.6434527030453410e-12
   5.3515625000000000e-01  -4.0801046749260728e-01  -4.0801046747954944e-01   1.3057832592977547e-11
   5.4296875000000000e-01  -3.8494862615348702e-01  -3.8494862613700742e-01   1.6479595466023511e-11
   5.5078125000000000e-01  -3.5470687767064069e-01  -3.5470687765089992e-01   1.9740764578557446e-11
   5.5859375000000000e-01  -3.1777223912877078e-01  -3.1777223910601071e-01   2.2760071605176790e-11
   5.6640625000000000e-01  -2.7480381986468455e-01  -2.7480381983923813e-01   2.5446422746711050e-11
   5.7421875000000000e-01  -2.2661992331246220e-01  -2.2661992328479791e-01   2.7664287527429110e-11
   5.8203125000000000e-01  -1.7417739795225040e-01  -1.7417739792292156e-01   2.9328844908249607e-11
   5.8984375000000000e-01  -1.1854403116402738e-01  -1.1854403113360298e-01   3.0424399111161904e-11
   5.9765625000000000e-01  -6.0865161717867995e-02  -6.0865161687001935e-02   3.0866059708145599e-11
   6.0546875000000000e-01  -2.3259967230477479e-03  -2.3259966923970610e-03   3.0650686849709174e-11
   6.1328125000000000e-01   5.5888660303855711e-02   5.5888660333667205e-02   2.9811493551523682e-11
   6.2109375000000000e-01   1.1263544270412050e-01   1.1263544273252001e-01   2.8399504969911504e-11
   6.2890625000000000e-01   1.6685237020170385e-01   1.6685237022816793e-01   2.6464080926658085e-11
   6.3671875000000000e-01   2.1759595163094234e-01   2.1759595165496301e-01   2.4020674338487424e-11
   6.4453125000000000e-01   2.6407384900475361e-01   2.6407384902592046e-01   2.1166846053688460e-11
   6.5234375000000000e-01   3.0567175573908750e-01   3.0567175575709848e-01   1.8010981595040221e-11
   6.6015625000000000e-01   3.4197344060599888e-01   3.4197344062061547e-01   1.4616585719551267e-11
   6.6796875000000000e-01   3.7277324055851807e-01   3.7277324056962707e-01   1.1109002606701779e-11
   6.7578125000000000e-01   3.9808062870985234e-01   3.9808062871741473e-01   7.5623951545367163e-12
   6.8359375000000000e-01   4.1811681896193531e-01   4.1811681896602509e-01   4.0897840669629204e-12
   6.9140625000000000e-01   4.3330367972929695e-01   4.3330367973010780e-01   8.1085138603498308e-13
   6.9921875000000000e-01   4.4424550367433313e-01   4.4424550367215243e-01   2.1807000649687325e-12
   7.0703125000000000e-01   4.5170441070221817e-01   4.5170441069740397e-01   4.8142045905308350e-12
   7.1484375000000000e-01   4.5657034446953665e-01   4.5657034446252881e-01   7.0078387537364506e-12
   7.2265625000000000e-01   4.5982675905056147e-01   4.5982675904191600e-01   8.6454732262097878e-12
   7.3046875000000000e-01   4.6251318583301376e-01   4.6251318582331880e-01   9.6949670513879482e-12
   7.3828125000000000e-01   4.6568592659382019e-01   4.6568592658368291e-01   1.0137279904398611e-11
   7.4609375000000000e-01   4.7037814294168001e-01   4.7037814293171809e-01   9.9619201776590671e-12
   8.7890625000000000e-01   1.0934908548921232e+00   1.0934908548987843e+00   6.6611161031460142e-12
   8.8671875000000000e-01   1.1309380399392159e+00   1.1309380399428957e+00   3.6797231928176188e-12
   8.9453125000000000e-01   1.1616747906179605e+00   1.1616747906183336e+00   3.7303493627405260e-13
   9.0234375000000000e-01   1.1848107547081930e+00   1.1848107547049818e+00   3.2112090764258028e-12
   9.1015625000000000e-01   1.1996488419939453e+00   1.1996488419869820e+00   6.9633188104489818e-12
   9.1796875000000000e-01   1.2057080146732746e+00   1.2057080146625576e+00   1.0716982856706636e-11
   9.2578125000000000e-01   1.2027380190301660e+00   1.2027380190158357e+00   1.4330314712651671e-11
   9.3359375000000000e-01   1.1907256736353067e+00   1.1907256736176144e+00   1.7692292075821570e-11
   9.4140625000000000e-01   1.1698927463933406e+00   1.1698927463726310e+00   2.0709656212147820e-11
   9.4921875000000000e-01   1.1406858583518584e+00   1.1406858583285067e+00   2.3351764966150768e-11
   9.5703125000000000e-01   1.1037592197121555e+00   1.1037592196866015e+00   2.5554003357797228e-11
   9.6484375000000000e-01   1.0599513091502377e+00   1.0599513091230384e+00   2.7199353880291710e-11
   9.7265625000000000e-01   1.0102568323636185e+00   1.0102568323353729e+00   2.8245628058698458e-11
   9.8046875000000000e-01   9.5579542701854459e-01   9.5579542698986775e-01   2.8676838681462868e-11
   9.8828125000000000e-01   8.9777861361719791e-01   8.9777861358869171e-01   2.8506197402577982e-11
   9.9609375000000000e-01   8.3747642755734442e-01   8.3747642752958185e-01   2.7762570020684052e-11
   7.5390625000000000e-01   4.7756061014357609e-01   4.7756061013441697e-01   9.1591179085526164e-12
   7.6171875000000000e-01   4.8810437842881105e-01   4.8810437842101684e-01   7.7942097220784490e-12
   7.6953125000000000e-01   5.0274653870040020e-01   5.0274653869448183e-01   5.9183768996717845e-12
   7.7734375000000000e-01   5.2206022143889075e-01   5.2206022143526387e-01   3.6268765768454614e-12
   7.8515625000000000e-01   5.4642986478371469e-01   5.4642986478262900e-01   1.0856870957809406e-12
   7.9296875000000000e-01   5.7603266644348317e-01   5.7603266644506512e-01   1.5819567877883856e-12
   8.0078125000000000e-01   6.1082698015200620e-01   6.1082698015627213e-01   4.2659209498197015e-12
   8.0859375000000000e-01   6.5054822777853105e-01   6.5054822778534249e-01   6.8114403006802604e-12
   8.1640625000000000e-01   6.9471267201516274e-01   6.9471267202422016e-01   9.0574214794969521e-12
   8.2421875000000000e-01   7.4262913406948639e-01   7.4262913408037001e-01   1.0883627332702872e-11
   8.3203125000000000e-01   7.9341845210275830e-01   7.9341845211497863e-01   1.2220335854351561e-11
   8.3984375000000000e-01   8.4604016947709781e-01   8.4604016949007477e-01   1.2976952845633605e-11
   8.4765625000000000e-01   8.9932563123125608e-01   8.9932563124427234e-01   1.3016254740705335e-11
   8.5546875000000000e-01   9.5201636965251046e-01   9.5201636966487568e-01   1.2365219959065143e-11
   8.6328125000000000e-01   1.0028063942074743e+00   1.0028063942185477e+00   1.1073364447611311e-11
   8.7109375000000000e-01   1.0503867865042189e+00   1.0503867865133918e+00   9.1728846740579684e-12
