#                  Coord.                Numerical               Analytical                    Error
   3.9062500000000000e-03   1.3678781742348327e+00   1.3678781742154371e+00   1.9395596240201485e-11
   1.1718750000000000e-02   1.3481137506461274e+00   1.3481137506274083e+00   1.8719026328994914e-11
   1.9531250000000000e-02   1.3267704563707738e+00   1.3267704563528937e+00   1.7880141811588146e-11
   2.7343750000000000e-02   1.3042415779903527e+00   1.3042415779734846e+00   1.6868062502339853e-11
   3.5156250000000000e-02   1.2808736188089527e+00   1.2808736187931906e+00   1.5762058325208272e-11
   4.2968750000000000e-02   1.2569609877025876e+00   1.2569609876879433e+00   1.4644285784015665e-11
   5.0781250000000000e-02   1.2327437736692419e+00   1.2327437736555389e+00   1.3703038703738457e-11
   5.8593750000000000e-02   1.2084089058860961e+00   1.2084089058730958e+00   1.3000267529150733e-11
   6.6406250000000000e-02   1.1840947425202168e+00   1.1840947425076487e+00   1.2568168727966622e-11
   7.4218750000000000e-02   1.1598988454058217e+00   1.1598988453934551e+00   1.2366552226694694e-11
   8.2031250000000000e-02   1.1358884073042224e+00   1.1358884072918203e+00   1.2402079363482699e-11
   8.9843750000000000e-02   1.1121125313060223e+00   1.1121125312933291e+00   1.2693179840539415e-11
   9.7656250000000000e-02   1.0886153451045459e+00   1.0886153450913676e+00   1.3178347302300608e-11
   1.0546875000000000e-01   1.0654487903462657e+00   1.0654487903325458e+00   1.3719914093712759e-11
   1.1328125000000000e-01   1.0426838774478733e+00   1.0426838774336011e+00   1.4272139026161312e-11
   1.2109375000000000e-01   1.0204192499562077e+00   1.0204192499414613e+00   1.4746426302281179e-11
   1.2890625000000000e-01   9.9878606155072669e-01   9.9878606153570015e-01   1.5026535571394106e-11
   1.3671875000000000e-01   9.7794842547736260e-01   9.7794842546237670e-01   1.4985901408692825e-11
   1.4453125000000000e-01   9.5809903372173311e-01   9.5809903370713578e-01   1.4597323350074021e-11
   1.5234375000000000e-01   9.3944993677977473e-01   9.3944993676593458e-01   1.3840151247279664e-11
   1.6015625000000000e-01   9.2221889366375343e-01   9.2221889365107956e-01   1.2673861959910937e-11
   1.6796875000000000e-01   9.0661211153741750e-01   9.0661211152631072e-01   1.1106782160652529e-11
   1.7578125000000000e-01   8.9280456030832478e-01   8.9280456029910726e-01   9.2175156396478997e-12
   1.8359375000000000e-01   8.8091933727404248e-01   8.8091933726697869e-01   7.0637939941775585e-12
   1.9140625000000000e-01   8.7100774345682375e-01   8.7100774345207277e-01   4.7509773892784324e-12
   1.9921875000000000e-01   8.6303179717869904e-01   8.6303179717631673e-01   2.3823165662406609e-12
   2.0703125000000000e-01   8.5685084176843695e-01   8.5685084176831727e-01   1.1968204205459188e-13
   2.1484375000000000e-01   8.5221370349776449e-01   8.5221370349966685e-01   1.9023671526952057e-12
   2.2265625000000000e-01   8.4875753386278496e-01   8.4875753386638764e-01   3.6026737149086330e-12
   2.3046875000000000e-01   8.4601404783644407e-01   8.4601404784132961e-01   4.8855364198630014e-12
   2.3828125000000000e-01   8.4342337556738478e-01   8.4342337557305469e-01   5.6699089867606745e-12
   2.4609375000000000e-01   8.4035521398893587e-01   8.4035521399482638e-01   5.8905103017536931e-12
   2.5390625000000000e-01   8.3613643499859336e-01   8.3613643500415491e-01   5.5615512195572592e-12
   2.6171875000000000e-01   8.3008381669694442e-01   8.3008381670160325e-01   4.6588288782345444e-12
   2.6953125000000000e-01   8.2154014950419529e-01   8.2154014950740650e-01   3.2112090764258028e-12
   2.7734375000000000e-01   8.0991166044037488e-01   8.0991166044170460e-01   1.3297141165935500e-12
   2.8515625000000000e-01   7.9470451963343980e-01   7.9470451963259126e-01   8.4854345772100714e-13
   2.9296875000000000e-01   7.7555815728732269e-01   7.7555815728411026e-01   3.2124303217528904e-12
   3.0078125000000000e-01   7.5227323096490895e-01   7.5227323095924925e-01   5.6596949349341230e-12
   3.0859375000000000e-01   7.2483233601315611e-01   7.2483233600512709e-01   8.0290218917866696e-12
   3.1640625000000000e-01   6.9341193058748574e-01   6.9341193057734063e-01   1.0145106976722218e-11
   3.2421875000000000e-01   6.5838442700475153e-01   6.5838442699297539e-01   1.1776135622199035e-11
   3.3203125000000000e-01   6.2030995254667631e-01   6.2030995253387566e-01   1.2800649429323130e-11
   3.3984375000000000e-01   5.7991787053755950e-01   5.7991787052441512e-01   1.3144374477747078e-11
   3.4765625000000000e-01   5.3807873987087851e-01   5.3807873985816701e-01   1.2711498520445730e-11
   3.5546875000000000e-01   4.9576794213020486e-01   4.9576794211884834e-01   1.1356526830041958e-11
   3.6328125000000000e-01   4.5402268698096671e-01   4.5402268697195569e-01   9.0110141570676205e-12
   3.7109375000000000e-01   4.1389449055938121e-01   4.1389449055363753e-01   5.7436833067470161e-12
   3.7890625000000000e-01   3.7639948675452567e-01   3.7639948675288792e-01   1.6377454947757997e-12
   3.8671875000000000e-01   3.4246906392687598e-01   3.4246906393006266e-01   3.1866731475815868e-12
   3.9453125000000000e-01   3.1290331440958030e-01   3.1290331441819363e-01   8.6133322696468895e-12
   4.0234375000000000e-01   2.8832964409657397e-01   2.8832964411106149e-01   1.4487522292938593e-11
   4.1015625000000000e-01   2.6916862532481178e-01   2.6916862534536051e-01   2.0548729384728404e-11
   4.1796875000000000e-01   2.5560880570485389e-01   2.5560880573137379e-01   2.6519897389221114e-11
   4.2578125000000000e-01   2.4759173159246892e-01   2.4759173162462367e-01   3.2154751083979249e-11
   4.3359375000000000e-01   2.4480793440610932e-01   2.4480793444332996e-01   3.7220643234192607e-11
   4.4140625000000000e-01   2.4670408994427998e-01   2.4670408998579413e-01   4.1514153226174244e-11
   4.4921875000000000e-01   2.5250102450766193e-01   2.5250102455248347e-01   4.4821535372108201e-11
   4.5703125000000000e-01   2.6122173486001699e-01   2.6122173490697276e-01   4.6955772603496371e-11
   4.6484375000000000e-01   2.7172813685465536e-01   2.7172813690241837e-01   4.7763015764701322e-11
   4.7265625000000000e-01   2.8276488076461753e-01   2.8276488081176171e-01   4.7144177450775260e-11
   4.8046875000000000e-01   2.9300828578860566e-01   2.9300828583372246e-01   4.5116799185507261e-11
   4.8828125000000000e-01   3.0111826205241932e-01   3.0111826209415338e-01   4.1734060651776872e-11
   4.9609375000000000e-01   3.0579101005869047e-01   3.0579101009576160e-01   3.7071123948351214e-11
   5.0390625000000000e-01   3.0581031365526118e-01   3.0581031368648492e-01   3.1223745811104209e-11
   5.1171875000000000e-01   3.0009536667684639e-01   3.0009536670119680e-01   2.4350410576801096e-11
   5.1953125000000000e-01   2.8774328444638625e-01   2.8774328446305458e-01   1.6668333380209788e-11
   5.2734375000000000e-01   2.6806473469339143e-01   2.6806473470176745e-01   8.3760220981332623e-12
   5.3515625000000000e-01   2.4061146099332562e-01   2.4061146099303873e-01   2.8688162956314045e-13
   5.4296875000000000e-01   2.0519484691769060e-01   2.0519484690861187e-01   9.0787377615697551e-12
   5.5078125000000000e-01   1.6189506165941273e-01   1.6189506164167919e-01   1.7733536861186394e-11
   5.5859375000000000e-01   1.1106071948059790e-01   1.1106071945459171e-01   2.6006183317939247e-11
   5.6640625000000000e-01   5.3299358849126115e-02   5.3299358815390885e-02   3.3735229887366103e-11
   5.7421875000000000e-01  -1.0540612385893782e-02  -1.0540612426618955e-02   4.0725173233724377e-11
   5.8203125000000000e-01  -7.9395564355430548e-02  -7.9395564402175683e-02   4.6745135540149363e-11
   5.8984375000000000e-01  -1.5201870343589793e-01  -1.5201870348755983e-01   5.1661896982579947e-11
   5.9765625000000000e-01  -2.2701718082540312e-01  -2.2701718088071754e-01   5.5314419711294249e-11
   6.0546875000000000e-01  -3.0289277643653145e-01  -3.0289277649418545e-01   5.7653992691086842e-11
   6.1328125000000000e-01  -3.7808463362863115e-01  -3.7808463368726530e-01   5.8634153088377161e-11
   6.2109375000000000e-01  -4.5101253336266789e-01  -4.5101253342089498e-01   5.8227089816398347e-11
   6.2890625000000000e-01  -5.2011926715052803e-01  -5.2011926720701906e-01   5.6491034072791990e-11
   6.3671875000000000e-01  -5.8391078978177280e-01  -5.8391078983525879e-01   5.3485993412039079e-11
   6.4453125000000000e-01  -6.4099299664691489e-01  -6.4099299669623633e-01   4.9321435824367654e-11
   6.5234375000000000e-01  -6.9010416668250263e-01  -6.9010416672662067e-01   4.4118042552554471e-11
   6.6015625000000000e-01  -7.3014232990212125e-01  -7.3014232994014650e-01   3.8025249615714074e-11
   6.6796875000000000e-01  -7.6018704722807728e-01  -7.6018704725933306e-01   3.1255775745364645e-11
   6.7578125000000000e-01  -7.7951531921822403e-01  -7.7951531924221851e-01   2.3994473075106271e-11
   6.8359375000000000e-01  -7.8761155936611249e-01  -7.8761155938249616e-01   1.6383672196695898e-11
   6.9140625000000000e-01  -7.8417176826461032e-01  -7.8417176827323798e-01   8.6276541466645540e-12
   6.9921875000000000e-01  -7.6910222006726747e-01  -7.6910222006819851e-01   9.3103302845065627e-13
   7.0703125000000000e-01  -7.4251311737035075e-01  -7.4251311736377978e-01   6.5709659935464515e-12
   7.1484375000000000e-01  -7.0470778208615925e-01  -7.0470778207238860e-01   1.3770651285938129e-11
   7.2265625000000000e-01  -6.5616802752643899e-01  -6.5616802750593362e-01   2.0505375175616791e-11
   7.3046875000000000e-01  -5.9753640227496130e-01  -5.9753640224828330e-01   2.6677993147927737e-11
   7.3828125000000000e-01  -5.2959601275222257e-01  -5.2959601272003354e-01   3.2189029219864551e-11
   7.4609375000000000e-01  -4.5324862317314446e-01  -4.5324862313621112e-01   3.6933345270995233e-11
   8.7890625000000000e-01   1.1172529200127026e+00   1.1172529200255168e+00   1.2814194150223557e-11
   8.8671875000000000e-01   1.1771815555793828e+00   1.1771815555885810e+00   9.1981977590194219e-12
   8.9453125000000000e-01   1.2305221554868155e+00   1.2305221554925923e+00   5.7767124417296145e-12
   9.0234375000000000e-01   1.2772207842866559e+00   1.2772207842891377e+00   2.4817925492470749e-12
   9.1015625000000000e-01   1.3172953449786811e+00   1.3172953449779694e+00   7.1165295878472534e-13
   9.1796875000000000e-01   1.3508315638125388e+00   1.3508315638087842e+00   3.7545522246773544e-12
   9.2578125000000000e-01   1.3779791470339795e+00   1.3779791470273872e+00   6.5922822756192545e-12
   9.3359375000000000e-01   1.3989480009431736e+00   1.3989480009339630e+00   9.2106322568952237e-12
   9.4140625000000000e-01   1.4140043144665682e+00   1.4140043144548946e+00   1.1673551014723671e-11
   9.4921875000000000e-01   1.4234662387808510e+00   1.4234662387669557e+00   1.3895329331603534e-11
   9.5703125000000000e-01   1.4276988716086807e+00   1.4276988715928884e+00   1.5792256391478077e-11
   9.6484375000000000e-01   1.4271082713849175e+00   1.4271082713675545e+00   1.7362999926717748e-11
   9.7265625000000000e-01   1.4221342907089265e+00   1.4221342906903620e+00   1.8564483283967093e-11
   9.8046875000000000e-01   1.4132421261964458e+00   1.4132421261770927e+00   1.9353185720660804e-11
   9.8828125000000000e-01   1.4009126244698111e+00   1.4009126244500394e+00   1.9771739800944488e-11
   9.9609375000000000e-01   1.3856315481558832e+00   1.3856315481360948e+00   1.9788393146313865e-11
   7.5390625000000000e-01  -3.6949170405438836e-01  -3.6949170401352954e-01   4.0858816330313630e-11
   7.6171875000000000e-01  -2.7939505878200471e-01  -2.7939505873806658e-01   4.3938130911413964e-11
   7.6953125000000000e-01  -1.8407760672190848e-01  -1.8407760667577816e-01   4.6130321784687567e-11
   7.7734375000000000e-01  -8.4684844675346621e-02  -8.4684844627912814e-02   4.7433806882324347e-11
   7.8515625000000000e-01   1.7632551392831309e-02   1.7632551440693232e-02   4.7861922758407616e-11
   7.9296875000000000e-01   1.2173858437538849e-01   1.2173858442289483e-01   4.7506332201407986e-11
   8.0078125000000000e-01   2.2652991789825477e-01   2.2652991794459237e-01   4.6337600423385084e-11
   8.0859375000000000e-01   3.3095171322748579e-01   3.3095171327193568e-01   4.4449888214614930e-11
   8.1640625000000000e-01   4.3401112357462412e-01   4.3401112361657684e-01   4.1952719076476797e-11
   8.2421875000000000e-01   5.3478832427186385e-01   5.3478832431083467e-01   3.8970826565787320e-11
   8.3203125000000000e-01   6.3244503820332321e-01   6.3244503823894527e-01   3.5622060856610460e-11
   8.3984375000000000e-01   7.2623060014815577e-01   7.2623060018014274e-01   3.1986968629382773e-11
   8.4765625000000000e-01   8.1548568828274903e-01   8.1548568831091950e-01   2.8170465959931335e-11
   8.5546875000000000e-01   8.9964393144009225e-01   8.9964393146437438e-01   2.4282131860786649e-11
   8.6328125000000000e-01   9.7823167109026088e-01   9.7823167111065035e-01   2.0389467891845925e-11
   8.7109375000000000e-01   1.0508662110883795e+00   1.0508662111049447e+00   1.6565193661222111e-11
