#                  Coord.                Numerical               Analytical                    Error
   3.9062500000000000e-03  -9.0171427156542971e-01  -9.0171427156544548e-01   1.5765166949677223e-14
   1.1718750000000000e-02  -8.5832309371104243e-01  -8.5832309371109161e-01   4.9182879990894435e-14
   1.9531250000000000e-02  -8.1252259700761409e-01  -8.1252259700767548e-01   6.1395333261771157e-14
   2.7343750000000000e-02  -7.6489338778313987e-01  -7.6489338778319826e-01   5.8397731095283234e-14
   3.5156250000000000e-02  -7.1593426900581736e-01  -7.1593426900588408e-01   6.6724403779971908e-14
   4.2968750000000000e-02  -6.6606976211295721e-01  -6.6606976211303293e-01   7.5717210279435676e-14
   5.0781250000000000e-02  -6.1566335230503277e-01  -6.1566335230511970e-01   8.6930462828149757e-14
   5.8593750000000000e-02  -5.6503528492694222e-01  -5.6503528492704402e-01   1.0180745135812685e-13
   6.6406250000000000e-02  -5.1448342560637839e-01  -5.1448342560648752e-01   1.0913492332065289e-13
   7.4218750000000000e-02  -4.6430547483004142e-01  -4.6430547483016266e-01   1.2123635428906709e-13
   8.2031250000000000e-02  -4.1482071612364624e-01  -4.1482071612376992e-01   1.2367884494324244e-13
   8.9843750000000000e-02  -3.6638948582606790e-01  -3.6638948582620567e-01   1.3777867735598193e-13
   9.7656250000000000e-02  -3.1942868295421384e-01  -3.1942868295437166e-01   1.5781820295046600e-13
   1.0546875000000000e-01  -2.7442188247627586e-01  -2.7442188247644694e-01   1.7108536809473662e-13
   1.1328125000000000e-01  -2.3192295890109588e-01  -2.3192295890128431e-01   1.8843260285450469e-13
   1.2109375000000000e-01  -1.9255254689861154e-01  -1.9255254689881490e-01   2.0336510253571305e-13
   1.2890625000000000e-01  -1.5698713385793542e-01  -1.5698713385815932e-01   2.2390422849127845e-13
   1.3671875000000000e-01  -1.2594106485691775e-01  -1.2594106485715403e-01   2.3628321521584894e-13
   1.4453125000000000e-01  -1.0014221157737428e-01  -1.0014221157760674e-01   2.3245294578089215e-13
   1.5234375000000000e-01  -8.0302482804961633e-02  -8.0302482805187272e-02   2.2563895196725525e-13
   1.6015625000000000e-01  -6.7084708399872434e-02  -6.7084708400103499e-02   2.3106516700011070e-13
   1.6796875000000000e-01  -6.1067689427500495e-02  -6.1067689427726432e-02   2.2593732440512326e-13
   1.7578125000000000e-01  -6.2711359517281212e-02  -6.2711359517493209e-02   2.1199708655217364e-13
   1.8359375000000000e-01  -7.2324038848120470e-02  -7.2324038848318548e-02   1.9807766538093574e-13
   1.9140625000000000e-01  -9.0033682347693975e-02  -9.0033682347879784e-02   1.8580970095882776e-13
   1.9921875000000000e-01  -1.1576483482580328e-01  -1.1576483482597243e-01   1.6914247780164260e-13
   2.0703125000000000e-01  -1.4922272127559016e-01  -1.4922272127572073e-01   1.3056222769591841e-13
   2.1484375000000000e-01  -1.8988553907494091e-01  -1.8988553907502800e-01   8.7096996281843531e-14
   2.2265625000000000e-01  -2.3700560265089982e-01  -2.3700560265094997e-01   5.0154325137441447e-14
   2.3046875000000000e-01  -2.8961954488121766e-01  -2.8961954488123498e-01   1.7319479184152442e-14
   2.3828125000000000e-01  -3.4656732831593046e-01  -3.4656732831591802e-01   1.2434497875801753e-14
   2.4609375000000000e-01  -4.0651938765326567e-01  -4.0651938765322781e-01   3.7858605139717838e-14
   2.5390625000000000e-01  -4.6801083520955755e-01  -4.6801083520948261e-01   7.4940054162198066e-14
   2.6171875000000000e-01  -5.2948133271372622e-01  -5.2948133271362463e-01   1.0158540675320182e-13
   2.6953125000000000e-01  -5.8931898107647096e-01  -5.8931898107635394e-01   1.1701750679549150e-13
   2.7734375000000000e-01  -6.4590641581542196e-01  -6.4590641581527908e-01   1.4288570326925765e-13
   2.8515625000000000e-01  -6.9766722574047280e-01  -6.9766722574030882e-01   1.6397994073713562e-13
   2.9296875000000000e-01  -7.4311083755384411e-01  -7.4311083755365648e-01   1.8762769116165146e-13
   3.0078125000000000e-01  -7.8087412554336233e-01  -7.8087412554315760e-01   2.0472512574087887e-13
   3.0859375000000000e-01  -8.0975820523876851e-01  -8.0975820523856190e-01   2.0661250488274163e-13
   3.1640625000000000e-01  -8.2875914021210484e-01  -8.2875914021190444e-01   2.0039525594484076e-13
   3.2421875000000000e-01  -8.3709161594804826e-01  -8.3709161594786496e-01   1.8329782136561334e-13
   3.3203125000000000e-01  -8.3420499484461330e-01  -8.3420499484443467e-01   1.7863488466218769e-13
   3.3984375000000000e-01  -8.1979154099511764e-01  -8.1979154099495655e-01   1.6109336087311021e-13
   3.4765625000000000e-01  -7.9378697076009086e-01  -7.9378697075996540e-01   1.2545520178264269e-13
   3.5546875000000000e-01  -7.5636382407709823e-01  -7.5636382407700031e-01   9.7921670771938807e-14
   3.6328125000000000e-01  -7.0791844263055737e-01  -7.0791844263048709e-01   7.0277117458772409e-14
   3.7109375000000000e-01  -6.4905256821529633e-01  -6.4905256821526569e-01   3.0642155479654321e-14
   3.7890625000000000e-01  -5.8055072602980218e-01  -5.8055072602982360e-01   2.1427304375265521e-14
   3.8671875000000000e-01  -5.0335462670285858e-01  -5.0335462670292253e-01   6.3948846218409017e-14
   3.9453125000000000e-01  -4.1853580701836635e-01  -4.1853580701847448e-01   1.0813572259849025e-13
   4.0234375000000000e-01  -3.2726763814579546e-01  -3.2726763814593535e-01   1.3988810110276972e-13
   4.1015625000000000e-01  -2.3079767316919536e-01  -2.3079767316935876e-01   1.6339707364920741e-13
   4.1796875000000000e-01  -1.3042109938071994e-01  -1.3042109938090171e-01   1.8177126470675375e-13
   4.2578125000000000e-01  -2.7455825517147401e-02  -2.7455825517330883e-02   1.8348170205406689e-13
   4.3359375000000000e-01   7.6780507631350997e-02   7.6780507631141373e-02   2.0962398483703737e-13
   4.4140625000000000e-01   1.8099153030892920e-01   1.8099153030870307e-01   2.2612467454052876e-13
   4.4921875000000000e-01   2.8392128599242539e-01   2.8392128599219385e-01   2.3153701178557640e-13
   4.5703125000000000e-01   3.8437177214518803e-01   3.8437177214494456e-01   2.4347190930029683e-13
   4.6484375000000000e-01   4.8121920692107883e-01   4.8121920692082648e-01   2.5235369349729808e-13
   4.7265625000000000e-01   5.7342934589604977e-01   5.7342934589579164e-01   2.5812685322534890e-13
   4.8046875000000000e-01   6.6007210032212937e-01   6.6007210032186858e-01   2.6079138848444927e-13
   4.8828125000000000e-01   7.4033557567513730e-01   7.4033557567487029e-01   2.6700863742235015e-13
   4.9609375000000000e-01   8.1353947190066378e-01   8.1353947190040077e-01   2.6301183453369958e-13
   5.0390625000000000e-01   8.7914758525289027e-01   8.7914758525263148e-01   2.5879298704012399e-13
   5.1171875000000000e-01   9.3677894958623564e-01   9.3677894958596353e-01   2.7211566333562587e-13
   5.1953125000000000e-01   9.8621697692395194e-01   9.8621697692368282e-01   2.6911806116913795e-13
   5.2734375000000000e-01   1.0274158261728501e+00   1.0274158261725954e+00   2.5468516184901091e-13
   5.3515625000000000e-01   1.0605031643746754e+00   1.0605031643744240e+00   2.5135449277513544e-13
   5.4296875000000000e-01   1.0857785006579741e+00   1.0857785006577423e+00   2.3181456754173269e-13
   5.5078125000000000e-01   1.1037063757930687e+00   1.1037063757928689e+00   1.9984014443252818e-13
   5.5859375000000000e-01   1.1149038788072858e+00   1.1149038788071157e+00   1.7008616737257398e-13
   5.6640625000000000e-01   1.1201222273822218e+00   1.1201222273820839e+00   1.3788969965844444e-13
   5.7421875000000000e-01   1.1202224742871814e+00   1.1202224742870766e+00   1.0480505352461478e-13
   5.8203125000000000e-01   1.1161457654106959e+00   1.1161457654106335e+00   6.2394533983933798e-14
   5.8984375000000000e-01   1.1088789493124160e+00   1.1088789493123854e+00   3.0642155479654321e-14
   5.9765625000000000e-01   1.0994166948703525e+00   1.0994166948703596e+00   7.1054273576010019e-15
   6.0546875000000000e-01   1.0887215841180851e+00   1.0887215841181290e+00   4.3964831775156199e-14
   6.1328125000000000e-01   1.0776838859969216e+00   1.0776838859969882e+00   6.6613381477509392e-14
   6.2109375000000000e-01   1.0670828625154425e+00   1.0670828625155269e+00   8.4376949871511897e-14
   6.2890625000000000e-01   1.0575514972207027e+00   1.0575514972208004e+00   9.7699626167013776e-14
   6.3671875000000000e-01   1.0495464601006175e+00   1.0495464601007352e+00   1.1768364061026659e-13
   6.4453125000000000e-01   1.0433249344107711e+00   1.0433249344109012e+00   1.3011813848606835e-13
   6.5234375000000000e-01   1.0389296388946700e+00   1.0389296388947920e+00   1.2190248810384219e-13
   6.6015625000000000e-01   1.0361830002457846e+00   1.0361830002458969e+00   1.1235457009206584e-13
   6.6796875000000000e-01   1.0346909883120681e+00   1.0346909883121764e+00   1.0835776720341528e-13
   6.7578125000000000e-01   1.0338566476813291e+00   1.0338566476814173e+00   8.8151708155237429e-14
   6.8359375000000000e-01   1.0329028734442629e+00   1.0329028734443224e+00   5.9507954119908391e-14
   6.9140625000000000e-01   1.0309035158166862e+00   1.0309035158167235e+00   3.7303493627405260e-14
   6.9921875000000000e-01   1.0268214856759219e+00   1.0268214856759197e+00   2.2204460492503131e-15
   7.0703125000000000e-01   1.0195521948331152e+00   1.0195521948330692e+00   4.5963233219481481e-14
   7.1484375000000000e-01   1.0079704194931125e+00   1.0079704194930441e+00   6.8389738316909643e-14
   7.2265625000000000e-01   9.9097853475461384e-01   9.9097853475454212e-01   7.1720407390785113e-14
   7.3046875000000000e-01   9.6755403692700093e-01   9.6755403692693898e-01   6.1950444774083735e-14
   7.3828125000000000e-01   9.3679434643808301e-01   9.3679434643803627e-01   4.6740389336719090e-14
   7.4609375000000000e-01   8.9795705803719028e-01   8.9795705803714809e-01   4.2188474935755949e-14
   8.7890625000000000e-01  -6.7985190495012071e-01  -6.7985190494985803e-01   2.6267876762631204e-13
   8.8671875000000000e-01  -7.6315928022969515e-01  -7.6315928022940505e-01   2.9010127633455340e-13
   8.9453125000000000e-01  -8.3745610085521094e-01  -8.3745610085490130e-01   3.0964120156795616e-13
   9.0234375000000000e-01  -9.0205901271050404e-01  -9.0205901271018363e-01   3.2041036490682018e-13
   9.1015625000000000e-01  -9.5649918647005527e-01  -9.5649918646973497e-01   3.2029934260435766e-13
   9.1796875000000000e-01  -1.0005252950055576e+00  -1.0005252950052295e+00   3.2818192607919627e-13
   9.2578125000000000e-01  -1.0340994315202945e+00  -1.0340994315199712e+00   3.2329694477084558e-13
   9.3359375000000000e-01  -1.0573861988459987e+00  -1.0573861988456914e+00   3.0730973321624333e-13
   9.4140625000000000e-01  -1.0707354681071164e+00  -1.0707354681068151e+00   3.0131452888326749e-13
   9.4921875000000000e-01  -1.0746595741932066e+00  -1.0746595741929408e+00   2.6578739209526248e-13
   9.5703125000000000e-01  -1.0698059721775641e+00  -1.0698059721773376e+00   2.2648549702353193e-13
   9.6484375000000000e-01  -1.0569266066686400e+00  -1.0569266066684528e+00   1.8718360195180139e-13
   9.7265625000000000e-01  -1.0368454277682193e+00  -1.0368454277680865e+00   1.3278267374516872e-13
   9.8046875000000000e-01  -1.0104256061246488e+00  -1.0104256061245762e+00   7.2608585810485238e-14
   9.8828125000000000e-01  -9.7853804116116250e-01  -9.7853804116112209e-01   4.0412118096355698e-14
   9.9609375000000000e-01  -9.4203271064300154e-01  -9.4203271064297811e-01   2.3425705819590803e-14
   7.5390625000000000e-01   8.5049406202303124e-01   8.5049406202300404e-01   2.7200464103316335e-14
   7.6171875000000000e-01   7.9407828120165513e-01   7.9407828120166490e-01   9.7699626167013776e-15
   7.6953125000000000e-01   7.2862213141342569e-01   7.2862213141346321e-01   3.7525538232330291e-14
   7.7734375000000000e-01   6.5428719609289432e-01   6.5428719609297259e-01   7.8270723236073536e-14
   7.8515625000000000e-01   5.7148498563596162e-01   5.7148498563608585e-01   1.2423395645555502e-13
   7.9296875000000000e-01   4.8086901093947498e-01   4.8086901093963752e-01   1.6253665080512292e-13
   8.0078125000000000e-01   3.8331872156798447e-01   3.8331872156817226e-01   1.8779422461534523e-13
   8.0859375000000000e-01   2.7991613122064907e-01   2.7991613122085601e-01   2.0694557179012918e-13
   8.1640625000000000e-01   1.7191616988168101e-01   1.7191616988190839e-01   2.2737367544323206e-13
   8.2421875000000000e-01   6.0711961167357401e-02   6.0711961167584420e-02   2.2701979185413279e-13
   8.3203125000000000e-01  -5.2203673180659077e-02  -5.2203673180420899e-02   2.3817753325161561e-13
   8.3984375000000000e-01  -1.6527912706243775e-01  -1.6527912706218995e-01   2.4780177909633494e-13
   8.4765625000000000e-01  -2.7694597885857741e-01  -2.7694597885833727e-01   2.4014124022642136e-13
   8.5546875000000000e-01  -3.8566068023693528e-01  -3.8566068023668859e-01   2.4669155607170978e-13
   8.6328125000000000e-01  -4.8994468774072270e-01  -4.8994468774046951e-01   2.5318636076576695e-13
   8.7109375000000000e-01  -5.8842184228686334e-01  -5.8842184228661265e-01   2.5068835896036035e-13
