#                  Coord.                Numerical               Analytical                    Error
   3.9062500000000000e-03  -4.7412442898811646e-01  -4.7412442899091900e-01   2.8025359810612827e-12
   1.1718750000000000e-02  -5.4753083578160888e-01  -5.4753083578390394e-01   2.2950530365051236e-12
   1.9531250000000000e-02  -6.1210282772805968e-01  -6.1210282772976354e-01   1.7038592758922277e-12
   2.7343750000000000e-02  -6.6698802020554770e-01  -6.6698802020659809e-01   1.0503820035978606e-12
   3.5156250000000000e-02  -7.1146465761538169e-01  -7.1146465761572275e-01   3.4106051316484809e-13
   4.2968750000000000e-02  -7.4496275302075066e-01  -7.4496275302036308e-01   3.8757885789664215e-13
   5.0781250000000000e-02  -7.6708315203086541e-01  -7.6708315202974264e-01   1.1227685448034208e-12
   5.8593750000000000e-02  -7.7761381143732489e-01  -7.7761381143544905e-01   1.8758328224066645e-12
   6.6406250000000000e-02  -7.7654258515487407e-01  -7.7654258515227770e-01   2.5963675653883911e-12
   7.4218750000000000e-02  -7.6406584006106071e-01  -7.6406584005778999e-01   3.2707170305457112e-12
   8.2031250000000000e-02  -7.4059228620136985e-01  -7.4059228619746775e-01   3.9021008646500377e-12
   8.9843750000000000e-02  -7.0674150174300143e-01  -7.0674150173855743e-01   4.4440007229695766e-12
   9.7656250000000000e-02  -6.6333676325542057e-01  -6.6333676325051372e-01   4.9068527019358044e-12
   1.0546875000000000e-01  -6.1139195443578620e-01  -6.1139195443048933e-01   5.2968740504866219e-12
   1.1328125000000000e-01  -5.5209251716075147e-01  -5.5209251715519836e-01   5.5531135245701080e-12
   1.2109375000000000e-01  -4.8677062155543077e-01  -4.8677062154976064e-01   5.6701310313655995e-12
   1.2890625000000000e-01  -4.1687495866644775e-01  -4.1687495866075525e-01   5.6925020253117964e-12
   1.3671875000000000e-01  -3.4393579093957960e-01  -3.4393579093395488e-01   5.6247229096584306e-12
   1.4453125000000000e-01  -2.6952612169020868e-01  -2.6952612168478640e-01   5.4222737411180333e-12
   1.5234375000000000e-01  -1.9522005427841815e-01  -1.9522005427334016e-01   5.0779935811817722e-12
   1.6015625000000000e-01  -1.2254959391967697e-01  -1.2254959391506727e-01   4.6097015093948812e-12
   1.6796875000000000e-01  -5.2961289622689207e-02  -5.2961289618638281e-02   4.0509262611010399e-12
   1.7578125000000000e-01   1.2225788740127402e-02   1.2225788743521761e-02   3.3943594462959581e-12
   1.8359375000000000e-01   7.1859200715373148e-02   7.1859200717988680e-02   2.6155327903509829e-12
   1.9140625000000000e-01   1.2498789397810676e-01   1.2498789397988272e-01   1.7759543835538238e-12
   1.9921875000000000e-01   1.7089113603945266e-01   1.7089113604037709e-01   9.2442720145413659e-13
   2.0703125000000000e-01   2.0910033310620393e-01   2.0910033310622619e-01   2.2259971643734389e-14
   2.1484375000000000e-01   2.3941266415527593e-01   2.3941266415439566e-01   8.8026808064967099e-13
   2.2265625000000000e-01   2.6189573162524704e-01   2.6189573162351032e-01   1.7367218774211324e-12
   2.3046875000000000e-01   2.7688275478203950e-01   2.7688275477949426e-01   2.5452417951044026e-12
   2.3828125000000000e-01   2.8495819653247506e-01   2.8495819652922860e-01   3.2464586574576515e-12
   2.4609375000000000e-01   2.8693410508781036e-01   2.8693410508396799e-01   3.8423708659252043e-12
   2.5390625000000000e-01   2.8381785181899477e-01   2.8381785181466984e-01   4.3249293035785286e-12
   2.6171875000000000e-01   2.7677233748699825e-01   2.7677233748233848e-01   4.6597725678054758e-12
   2.6953125000000000e-01   2.6707010136889514e-01   2.6707010136405840e-01   4.8367421179307257e-12
   2.7734375000000000e-01   2.5604308220776134e-01   2.5604308220289895e-01   4.8623882697995668e-12
   2.8515625000000000e-01   2.4503002801962565e-01   2.4503002801486332e-01   4.7623294197052246e-12
   2.9296875000000000e-01   2.3532371739445981e-01   2.3532371738991928e-01   4.5405346149607340e-12
   3.0078125000000000e-01   2.2812022510350757e-01   2.2812022509932911e-01   4.1784631310548548e-12
   3.0859375000000000e-01   2.2447243090919536e-01   2.2447243090547350e-01   3.7218561566021435e-12
   3.1640625000000000e-01   2.2524982889098624e-01   2.2524982888777423e-01   3.2120139881186560e-12
   3.2421875000000000e-01   2.3110644743819139e-01   2.3110644743553627e-01   2.6551261189666775e-12
   3.3203125000000000e-01   2.4245834533979702e-01   2.4245834533773475e-01   2.0622670238168439e-12
   3.3984375000000000e-01   2.5947172100731686e-01   2.5947172100585619e-01   1.4606649223480872e-12
   3.4765625000000000e-01   2.8206217910796078e-01   2.8206217910706222e-01   8.9855900498037045e-13
   3.5546875000000000e-01   3.0990516568368226e-01   3.0990516568330018e-01   3.8208325392474762e-13
   3.6328125000000000e-01   3.4245703657191673e-01   3.4245703657200594e-01   8.9206420028631328e-14
   3.7109375000000000e-01   3.7898569402557419e-01   3.7898569402604210e-01   4.6790349372827222e-13
   3.7890625000000000e-01   4.1860924260020838e-01   4.1860924260095894e-01   7.5056627579783708e-13
   3.8671875000000000e-01   4.6034070593299464e-01   4.6034070593393017e-01   9.3552943170038816e-13
   3.9453125000000000e-01   5.0313653601128483e-01   5.0313653601230002e-01   1.0151879337172431e-12
   4.0234375000000000e-01   5.4594645597185698e-01   5.4594645597288582e-01   1.0288436769201326e-12
   4.1015625000000000e-01   5.8776211996809757e-01   5.8776211996907823e-01   9.8065999765140077e-13
   4.1796875000000000e-01   6.2766215515538015e-01   6.2766215515621293e-01   8.3277829077132992e-13
   4.2578125000000000e-01   6.6485136901548048e-01   6.6485136901609365e-01   6.1317617650047396e-13
   4.3359375000000000e-01   6.9869224919717154e-01   6.9869224919754358e-01   3.7203573555188996e-13
   4.4140625000000000e-01   7.2872733378824905e-01   7.2872733378838517e-01   1.3611334281904419e-13
   4.4921875000000000e-01   7.5469156127443837e-01   7.5469156127432080e-01   1.1757261830780408e-13
   4.5703125000000000e-01   7.7651428951600399e-01   7.7651428951563406e-01   3.6992631180510216e-13
   4.6484375000000000e-01   7.9431126628602855e-01   7.9431126628545434e-01   5.7420734833613096e-13
   4.7265625000000000e-01   8.0836740323295286e-01   8.0836740323223588e-01   7.1698202930292609e-13
   4.8046875000000000e-01   8.1911171457863619e-01   8.1911171457784482e-01   7.9136697195281158e-13
   4.8828125000000000e-01   8.2708619902887626e-01   8.2708619902806213e-01   8.1412654395762729e-13
   4.9609375000000000e-01   8.3291074173819590e-01   8.3291074173740187e-01   7.9403150721191196e-13
   5.0390625000000000e-01   8.3724627409661423e-01   8.3724627409591124e-01   7.0299321919264912e-13
   5.1171875000000000e-01   8.4075844328986227e-01   8.4075844328930061e-01   5.6166182815786669e-13
   5.1953125000000000e-01   8.4408391186400089e-01   8.4408391186362064e-01   3.8025138593411612e-13
   5.2734375000000000e-01   8.4780114094697168e-01   8.4780114094680226e-01   1.6942003355779889e-13
   5.3515625000000000e-01   8.5240712988688172e-01   8.5240712988694511e-01   6.3393734706096438e-14
   5.4296875000000000e-01   8.5830111846092094e-01   8.5830111846119939e-01   2.7844393457598926e-13
   5.5078125000000000e-01   8.6577574005367053e-01   8.6577574005412261e-01   4.5208281562736374e-13
   5.5859375000000000e-01   8.7501558324173900e-01   8.7501558324236817e-01   6.2916338805507621e-13
   5.6640625000000000e-01   8.8610261348849695e-01   8.8610261348927866e-01   7.8170803163857272e-13
   5.7421875000000000e-01   8.9902746212602402e-01   8.9902746212690843e-01   8.8440366141639970e-13
   5.8203125000000000e-01   9.1370523722487207e-01   9.1370523722583341e-01   9.6134211702292305e-13
   5.8984375000000000e-01   9.2999427345957419e-01   9.2999427346059593e-01   1.0217382495625316e-12
   5.9765625000000000e-01   9.4771612944236650e-01   9.4771612944344308e-01   1.0765832669790143e-12
   6.0546875000000000e-01   9.6667516464054759e-01   9.6667516464166947e-01   1.1218803663837207e-12
   6.1328125000000000e-01   9.8667617685614606e-01   9.8667617685731279e-01   1.1667333765785770e-12
   6.2109375000000000e-01   1.0075388385457824e+00   1.0075388385469961e+00   1.2136958105202211e-12
   6.2890625000000000e-01   1.0291080110494317e+00   1.0291080110506947e+00   1.2629897128135781e-12
   6.3671875000000000e-01   1.0512594092258656e+00   1.0512594092271939e+00   1.3282708266615373e-12
   6.4453125000000000e-01   1.0739005010275340e+00   1.0739005010289566e+00   1.4226397837546756e-12
   6.5234375000000000e-01   1.0969669229450345e+00   1.0969669229465318e+00   1.4972467710094861e-12
   6.6015625000000000e-01   1.1204150414927834e+00   1.1204150414943566e+00   1.5731860258938468e-12
   6.6796875000000000e-01   1.1442115668355086e+00   1.1442115668371957e+00   1.6870949082203879e-12
   6.7578125000000000e-01   1.1683213085684223e+00   1.1683213085702024e+00   1.7801315976839760e-12
   6.8359375000000000e-01   1.1926942456941274e+00   1.1926942456959486e+00   1.8212098495951068e-12
   6.9140625000000000e-01   1.2172530624767015e+00   1.2172530624785656e+00   1.8640644583456378e-12
   6.9921875000000000e-01   1.2418821875962274e+00   1.2418821875981298e+00   1.9024781749976682e-12
   7.0703125000000000e-01   1.2664191822093545e+00   1.2664191822112441e+00   1.8895995879120164e-12
   7.1484375000000000e-01   1.2906490754407254e+00   1.2906490754425830e+00   1.8576251648028119e-12
   7.2265625000000000e-01   1.3143019693771651e+00   1.3143019693789981e+00   1.8329782136561334e-12
   7.3046875000000000e-01   1.3370539566811788e+00   1.3370539566829684e+00   1.7896795156957523e-12
   7.3828125000000000e-01   1.3585311377315106e+00   1.3585311377332256e+00   1.7150725284409418e-12
   7.4609375000000000e-01   1.3783163120351274e+00   1.3783163120367821e+00   1.6546763959013333e-12
   8.7890625000000000e-01   1.0389725694998064e+00   1.0389725694976946e+00   2.1118662374419728e-12
   8.8671875000000000e-01   9.6405280283854333e-01   9.6405280283606298e-01   2.4803492593150622e-12
   8.9453125000000000e-01   8.8319766023480861e-01   8.8319766023199475e-01   2.8138602559124593e-12
   9.0234375000000000e-01   7.9683141646469269e-01   7.9683141646157174e-01   3.1209479445237776e-12
   9.1015625000000000e-01   7.0547372624531135e-01   7.0547372624190485e-01   3.4064973064573678e-12
   9.1796875000000000e-01   6.0974036380962138e-01   6.0974036380598862e-01   3.6327607588759747e-12
   9.2578125000000000e-01   5.1034216920597963e-01   5.1034216920215048e-01   3.8291592119321649e-12
   9.3359375000000000e-01   4.0808193269484228e-01   4.0808193269086607e-01   3.9762082515437669e-12
   9.4140625000000000e-01   3.0384901176691503e-01   3.0384901176282930e-01   4.0857317529230386e-12
   9.4921875000000000e-01   1.9861154772488532e-01   1.9861154772070480e-01   4.1805170436504113e-12
   9.5703125000000000e-01   9.3406225205789895e-02   9.3406225201581705e-02   4.2081893525391934e-12
   9.6484375000000000e-01  -1.0674405627261152e-02  -1.0674405631417585e-02   4.1564321429099493e-12
   9.7265625000000000e-01  -1.1249695084396641e-01  -1.1249695084801282e-01   4.0464159800635002e-12
   9.8046875000000000e-01  -2.1090437521762481e-01  -2.1090437522149078e-01   3.8659631051984888e-12
   9.8828125000000000e-01  -3.0473515590433831e-01  -3.0473515590793793e-01   3.5996206015909138e-12
   9.9609375000000000e-01  -3.9284409410675658e-01  -3.9284409411000520e-01   3.2486235923556706e-12
   7.5390625000000000e-01   1.3959577660614331e+00   1.3959577660630558e+00   1.6227019727921288e-12
   7.6171875000000000e-01   1.4109794952171244e+00   1.4109794952186947e+00   1.5702994460298214e-12
   7.6953125000000000e-01   1.4228921826666969e+00   1.4228921826682004e+00   1.5034640199473870e-12
   7.7734375000000000e-01   1.4312043063995237e+00   1.4312043064009707e+00   1.4470646902964290e-12
   7.8515625000000000e-01   1.4354328467341271e+00   1.4354328467355104e+00   1.3833378886829450e-12
   7.9296875000000000e-01   1.4351132034273093e+00   1.4351132034285787e+00   1.2694290063564040e-12
   8.0078125000000000e-01   1.4298080864795701e+00   1.4298080864806895e+00   1.1193268534270828e-12
   8.0859375000000000e-01   1.4191152991087150e+00   1.4191152991096871e+00   9.7211128036178707e-13
   8.1640625000000000e-01   1.4026744684295913e+00   1.4026744684303745e+00   7.8315132157058542e-13
   8.2421875000000000e-01   1.3801728857277604e+00   1.3801728857282713e+00   5.1092463593249704e-13
   8.3203125000000000e-01   1.3513506849805685e+00   1.3513506849807613e+00   1.9273471707492718e-13
   8.3984375000000000e-01   1.3160056117056425e+00   1.3160056117054917e+00   1.5076828674409626e-13
   8.4765625000000000e-01   1.2739976156380521e+00   1.2739976156375294e+00   5.2269299999352370e-13
   8.5546875000000000e-01   1.2252534459836448e+00   1.2252534459827347e+00   9.1016083558770333e-13
   8.6328125000000000e-01   1.1697713463443777e+00   1.1697713463430570e+00   1.3207213100940862e-12
   8.7109375000000000e-01   1.1076258492419946e+00   1.1076258492402671e+00   1.7275070263167436e-12
