#                  Coord.                Numerical               Analytical                    Error
   3.9062500000000000e-03   4.1418620693807284e-01   4.1418620694094477e-01   2.8719249201003549e-12
   1.1718750000000000e-02   3.6322154900847348e-01   3.6322154900367909e-01   4.7943871095412760e-12
   1.9531250000000000e-02   3.0340033801652017e-01   3.0340033800421190e-01   1.2308265517901873e-11
   2.7343750000000000e-02   2.3535150668377738e-01   2.3535150666434410e-01   1.9433288311887509e-11
   3.5156250000000000e-02   1.5995123767249445e-01   1.5995123764647373e-01   2.6020713361774028e-11
   4.2968750000000000e-02   7.8298660495785072e-02   7.8298660463791733e-02   3.1993338533986559e-11
   5.0781250000000000e-02  -8.3145933681306287e-03  -8.3145934053277144e-03   3.7197085689388842e-11
   5.8593750000000000e-02  -9.8439766206770168e-02  -9.8439766248221983e-02   4.1451814203341542e-11
   6.6406250000000000e-02  -1.9050996859810612e-01  -1.9050996864280284e-01   4.4696718548564718e-11
   7.4218750000000000e-02  -2.8288143613230210e-01  -2.8288143617928613e-01   4.6984027779473081e-11
   8.2031250000000000e-02  -3.7387570088495858e-01  -3.7387570093319633e-01   4.8237747130031039e-11
   8.9843750000000000e-02  -4.6182138764312780e-01  -4.6182138769153558e-01   4.8407777786252382e-11
   9.7656250000000000e-02  -5.4509444319149047e-01  -5.4509444323901324e-01   4.7522763502172438e-11
   1.0546875000000000e-01  -6.2215573732251106e-01  -6.2215573736818985e-01   4.5678794080572516e-11
   1.1328125000000000e-01  -6.9158512722173038e-01  -6.9158512726468735e-01   4.2956971313401482e-11
   1.2109375000000000e-01  -7.5211124324921985e-01  -7.5211124328858092e-01   3.9361069958943062e-11
   1.2890625000000000e-01  -8.0263642553174619e-01  -8.0263642556673587e-01   3.4989677821783971e-11
   1.3671875000000000e-01  -8.4225641030628251e-01  -8.4225641033632093e-01   3.0038416198863160e-11
   1.4453125000000000e-01  -8.7027452755755930e-01  -8.7027452758216284e-01   2.4603541426415632e-11
   1.5234375000000000e-01  -8.8621032405822575e-01  -8.8621032407699230e-01   1.8766543874448871e-11
   1.6015625000000000e-01  -8.8980266712940348e-01  -8.8980266714215006e-01   1.2746581568023885e-11
   1.6796875000000000e-01  -8.8100751435739422e-01  -8.8100751436406510e-01   6.6708860657627156e-12
   1.7578125000000000e-01  -8.5999065400649644e-01  -8.5999065400713037e-01   6.3393734706096438e-13
   1.8359375000000000e-01  -8.2711583096988950e-01  -8.2711583096467334e-01   5.2161608365963730e-12
   1.9140625000000000e-01  -7.8292877428042662e-01  -7.8292877426968865e-01   1.0737966071872052e-11
   1.9921875000000000e-01  -7.2813773386744418e-01  -7.2813773385157277e-01   1.5871415293133850e-11
   2.0703125000000000e-01  -6.6359121440370372e-01  -6.6359121438315505e-01   2.0548673873577172e-11
   2.1484375000000000e-01  -5.9025365930562390e-01  -5.9025365928096440e-01   2.4659496666856739e-11
   2.2265625000000000e-01  -5.0917988362373534e-01  -5.0917988359555466e-01   2.8180680011757886e-11
   2.3046875000000000e-01  -4.2148907547987363e-01  -4.2148907544874231e-01   3.1131319744304164e-11
   2.3828125000000000e-01  -3.2833917685110953e-01  -3.2833917681761099e-01   3.3498537277409923e-11
   2.4609375000000000e-01  -2.3090241195228683e-01  -2.3090241191698646e-01   3.5300373735225321e-11
   2.5390625000000000e-01  -1.3034265333604136e-01  -1.3034265329947672e-01   3.6564640204517218e-11
   2.6171875000000000e-01  -2.7795203005296174e-02  -2.7795202967965615e-02   3.7330558783077450e-11
   2.6953125000000000e-01   7.5650577515818426e-02   7.5650577553418141e-02   3.7599715008163059e-11
   2.7734375000000000e-01   1.7896552053582399e-01   1.7896552057322707e-01   3.7403080632714136e-11
   2.8515625000000000e-01   2.8119170007484079e-01   2.8119170011163069e-01   3.6789904456213662e-11
   2.9296875000000000e-01   3.8145036360494988e-01   3.8145036364074569e-01   3.5795810759964297e-11
   3.0078125000000000e-01   4.7894700074666374e-01   4.7894700078112656e-01   3.4462821485448103e-11
   3.0859375000000000e-01   5.7297393758561777e-01   5.7297393761836490e-01   3.2747138334343617e-11
   3.1640625000000000e-01   6.6291094074898271e-01   6.6291094077966062e-01   3.0677904661047251e-11
   3.2421875000000000e-01   7.4822436210782617e-01   7.4822436213613164e-01   2.8305469079725754e-11
   3.3203125000000000e-01   8.2846534873312172e-01   8.2846534875876210e-01   2.5640378709113065e-11
   3.3984375000000000e-01   9.0326758451013123e-01   9.0326758453280398e-01   2.2672752564290022e-11
   3.4765625000000000e-01   9.7234492600962041e-01   9.7234492602908651e-01   1.9466095402265182e-11
   3.5546875000000000e-01   1.0354891572560221e+00   1.0354891572721319e+00   1.6109780176520871e-11
   3.6328125000000000e-01   1.0925679314054906e+00   1.0925679314181154e+00   1.2624790102222505e-11
   3.7109375000000000e-01   1.1435228100967081e+00   1.1435228101057731e+00   9.0649709960644032e-12
   3.7890625000000000e-01   1.1883671721049269e+00   1.1883671721104341e+00   5.5071502913506265e-12
   3.8671875000000000e-01   1.2271836593237020e+00   1.2271836593257694e+00   2.0674573164569665e-12
   3.9453125000000000e-01   1.2601207741122209e+00   1.2601207741110381e+00   1.1828316104356418e-12
   4.0234375000000000e-01   1.2873882467509965e+00   1.2873882467468403e+00   4.1562309149867360e-12
   4.1015625000000000e-01   1.3092508579699389e+00   1.3092508579631128e+00   6.8260952446053125e-12
   4.1796875000000000e-01   1.3260205252338952e+00   1.3260205252247816e+00   9.1135987645429850e-12
   4.2578125000000000e-01   1.3380466319615074e+00   1.3380466319505255e+00   1.0981882070382198e-11
   4.3359375000000000e-01   1.3457047795270674e+00   1.3457047795146535e+00   1.2413847727543725e-11
   4.4140625000000000e-01   1.3493843518336726e+00   1.3493843518202406e+00   1.3431922241124994e-11
   4.4921875000000000e-01   1.3494754782366902e+00   1.3494754782226590e+00   1.4031220629817653e-11
   4.5703125000000000e-01   1.3463561394922559e+00   1.3463561394779984e+00   1.4257484082236260e-11
   4.6484375000000000e-01   1.3403802625595065e+00   1.3403802625453278e+00   1.4178658247487874e-11
   4.7265625000000000e-01   1.3318676776120391e+00   1.3318676775981804e+00   1.3858691971790904e-11
   4.8046875000000000e-01   1.3210967552337820e+00   1.3210967552203707e+00   1.3411272092866966e-11
   4.8828125000000000e-01   1.3083004020494906e+00   1.3083004020365245e+00   1.2966072659992278e-11
   4.9609375000000000e-01   1.2936658758609738e+00   1.2936658758483799e+00   1.2593925902137926e-11
   5.0390625000000000e-01   1.2773386016130639e+00   1.2773386016007553e+00   1.2308598584809261e-11
   5.1171875000000000e-01   1.2594298489635229e+00   1.2594298489513505e+00   1.2172485241990216e-11
   5.1953125000000000e-01   1.2400277976975804e+00   1.2400277976853067e+00   1.2273737581836031e-11
   5.2734375000000000e-01   1.2192111982376026e+00   1.2192111982250076e+00   1.2595036125162551e-11
   5.3515625000000000e-01   1.1970645606226089e+00   1.1970645606095125e+00   1.3096412843083272e-11
   5.4296875000000000e-01   1.1736936034640568e+00   1.1736936034502650e+00   1.3791856545708470e-11
   5.5078125000000000e-01   1.1492395862128355e+00   1.1492395861982536e+00   1.4581891250031731e-11
   5.5859375000000000e-01   1.1238911479801994e+00   1.1238911479648175e+00   1.5381917961576619e-11
   5.6640625000000000e-01   1.0978923897457604e+00   1.0978923897296700e+00   1.6090462295892394e-11
   5.7421875000000000e-01   1.0715461601726828e+00   1.0715461601560656e+00   1.6617152098774568e-11
   5.8203125000000000e-01   1.0452118251676537e+00   1.0452118251507789e+00   1.6874723840487604e-11
   5.8984375000000000e-01   1.0192971960564476e+00   1.0192971960396691e+00   1.6778578526555066e-11
   5.9765625000000000e-01   9.9424473229451404e-01   9.9424473227826904e-01   1.6245005340920216e-11
   6.0546875000000000e-01   9.7051258895312364e-01   9.7051258893781445e-01   1.5309198353463671e-11
   6.1328125000000000e-01   9.4855151187104414e-01   9.4855151185710551e-01   1.3938628029563915e-11
   6.2109375000000000e-01   9.2877896028909757e-01   9.2877896027699147e-01   1.2106093905117632e-11
   6.2890625000000000e-01   9.1155212755679960e-01   9.1155212754688142e-01   9.9181773904888360e-12
   6.3671875000000000e-01   8.9714171072979276e-01   8.9714171072225346e-01   7.5393025156245130e-12
   6.4453125000000000e-01   8.8570833315072584e-01   8.8570833314569053e-01   5.0353055058849350e-12
   6.5234375000000000e-01   8.7728344327381225e-01   8.7728344327132946e-01   2.4827917499692376e-12
   6.6015625000000000e-01   8.7175630072045751e-01   8.7175630072043941e-01   1.8096635301390052e-14
   6.6796875000000000e-01   8.6886832911648715e-01   8.6886832911866396e-01   2.1768142843825444e-12
   6.7578125000000000e-01   8.6821568560318474e-01   8.6821568560714735e-01   3.9626080194921087e-12
   6.8359375000000000e-01   8.6926039707040903e-01   8.6926039707566116e-01   5.2521320625942280e-12
   6.9140625000000000e-01   8.7134987618107840e-01   8.7134987618705617e-01   5.9777738314892304e-12
   6.9921875000000000e-01   8.7374409180102974e-01   8.7374409180709511e-01   6.0653704281321552e-12
   7.0703125000000000e-01   8.7564916424478834e-01   8.7564916425025074e-01   5.4624083034582327e-12
   7.1484375000000000e-01   8.7625571910302413e-01   8.7625571910722244e-01   4.1983083676200295e-12
   7.2265625000000000e-01   8.7477999297075537e-01   8.7477999297305242e-01   2.2970514379494489e-12
   7.3046875000000000e-01   8.7050546225547121e-01   8.7050546225531300e-01   1.5820678100908481e-13
   7.3828125000000000e-01   8.6282267663983336e-01   8.6282267663683998e-01   2.9933833189943471e-12
   7.4609375000000000e-01   8.5126502727722286e-01   8.5126502727114040e-01   6.0824678627113826e-12
   8.7890625000000000e-01   4.1850324830011948e-01   4.1850324832165076e-01   2.1531276761521667e-11
   8.8671875000000000e-01   4.2011679773018934e-01   4.2011679775784666e-01   2.7657320877949587e-11
   8.9453125000000000e-01   4.2663301838574247e-01   4.2663301841901030e-01   3.3267832932892816e-11
   9.0234375000000000e-01   4.3732644236036661e-01   4.3732644239850477e-01   3.8138159297318452e-11
   9.1015625000000000e-01   4.5125672890262736e-01   4.5125672894473651e-01   4.2109149500646481e-11
   9.1796875000000000e-01   4.6730056044525842e-01   4.6730056049026331e-01   4.5004888704625046e-11
   9.2578125000000000e-01   4.8419104581994199e-01   4.8419104586664746e-01   4.6705472822594629e-11
   9.3359375000000000e-01   5.0056297465190702e-01   5.0056297469905919e-01   4.7152171056552561e-11
   9.4140625000000000e-01   5.1500206526373904e-01   5.1500206531005310e-01   4.6314063695263030e-11
   9.4921875000000000e-01   5.2609623299715347e-01   5.2609623304135766e-01   4.4204195859265383e-11
   9.5703125000000000e-01   5.3248687747567292e-01   5.3248687751657775e-01   4.0904835074684343e-11
   9.6484375000000000e-01   5.3291824291536405e-01   5.3291824295184509e-01   3.6481040410762944e-11
   9.7265625000000000e-01   5.2628303865915904e-01   5.2628303869019510e-01   3.1036062608791326e-11
   9.8046875000000000e-01   5.1166270827875926e-01   5.1166270830349503e-01   2.4735768988648488e-11
   9.8828125000000000e-01   4.8836099315570536e-01   4.8836099317350845e-01   1.7803092333679160e-11
   9.9609375000000000e-01   4.5592973701408557e-01   4.5592973702454892e-01   1.0463352406731019e-11
   7.5390625000000000e-01   8.3553836316691910e-01   8.3553836315757191e-01   9.3471896889241179e-12
   7.6171875000000000e-01   8.1554267576354200e-01   8.1554267575095973e-01   1.2582268560379362e-11
   7.6953125000000000e-01   7.9138448267619865e-01   7.9138448266064132e-01   1.5557333199467394e-11
   7.7734375000000000e-01   7.6337903125496864e-01   7.6337903123686091e-01   1.8107737531636303e-11
   7.8515625000000000e-01   7.3204198263495479e-01   7.3204198261489895e-01   2.0055845872946065e-11
   7.9296875000000000e-01   6.9807079477790013e-01   6.9807079475660083e-01   2.1299295660526241e-11
   8.0078125000000000e-01   6.6231656727261057e-01   6.6231656725089583e-01   2.1714741116340974e-11
   8.0859375000000000e-01   6.2574761081310248e-01   6.2574761079194074e-01   2.1161739027775184e-11
   8.1640625000000000e-01   5.8940643342948940e-01   5.8940643340994026e-01   1.9549140084507144e-11
   8.2421875000000000e-01   5.5436217161298984e-01   5.5436217159610313e-01   1.6886714249153556e-11
   8.3203125000000000e-01   5.2166072131421903e-01   5.2166072130094754e-01   1.3271495014066659e-11
   8.3984375000000000e-01   4.9227493190141280e-01   4.9227493189263843e-01   8.7743701193687684e-12
   8.4765625000000000e-01   4.6705721293677271e-01   4.6705721293326563e-01   3.5070835124884070e-12
   8.5546875000000000e-01   4.4669677318052792e-01   4.4669677318289175e-01   2.3638313528806520e-12
   8.6328125000000000e-01   4.3168347384555428e-01   4.3168347385418937e-01   8.6350926409295425e-12
   8.7109375000000000e-01   4.2227994934816010e-01   4.2227994936325852e-01   1.5098422512238585e-11
