#                  Coord.                Numerical               Analytical                    Error
   3.9062500000000000e-03  -1.5035278251961737e-01  -1.5035278252016521e-01   5.4783955150128349e-13
   1.1718750000000000e-02  -1.8728578814270633e-01  -1.8728578814254693e-01   1.5940027076055685e-13
   1.9531250000000000e-02  -2.1364752201061454e-01  -2.1364752200981071e-01   8.0382922540422896e-13
   2.7343750000000000e-02  -2.2977329217315001e-01  -2.2977329217173018e-01   1.4198364706174971e-12
   3.5156250000000000e-02  -2.3630084865436840e-01  -2.3630084865242287e-01   1.9455270727775087e-12
   4.2968750000000000e-02  -2.3413330416703007e-01  -2.3413330416469963e-01   2.3304413954150505e-12
   5.0781250000000000e-02  -2.2439211746076557e-01  -2.2439211745815524e-01   2.6103286199230524e-12
   5.8593750000000000e-02  -2.0836237866748061e-01  -2.0836237866469351e-01   2.7871038810189930e-12
   6.6406250000000000e-02  -1.8743303056314686e-01  -1.8743303056034716e-01   2.7997049123484885e-12
   7.4218750000000000e-02  -1.6303491470065626e-01  -1.6303491469794798e-01   2.7082780462706069e-12
   8.2031250000000000e-02  -1.3657962817781821e-01  -1.3657962817527491e-01   2.5432989048113086e-12
   8.9843750000000000e-02  -1.0940210636437955e-01  -1.0940210636208236e-01   2.2971902158275270e-12
   9.7656250000000000e-02  -8.2709610915060364e-02  -8.2709610913078505e-02   1.9818591212583669e-12
   1.0546875000000000e-01  -5.7539413548132093e-02  -5.7539413546501536e-02   1.6305568006913518e-12
   1.1328125000000000e-01  -3.4726947546681250e-02  -3.4726947545396659e-02   1.2845904895364413e-12
   1.2109375000000000e-01  -1.4885583029360631e-02  -1.4885583028430660e-02   9.2997137768335847e-13
   1.2890625000000000e-01   1.6014919743703648e-03   1.6014919749606023e-03   5.9023749429676364e-13
   1.3671875000000000e-01   1.4577491167353530e-02   1.4577491167649755e-02   2.9622485020475153e-13
   1.4453125000000000e-01   2.4097215285674860e-02   2.4097215285732856e-02   5.7995275248856615e-14
   1.5234375000000000e-01   3.0402653767895516e-02   3.0402653767761991e-02   1.3352513539288680e-13
   1.6015625000000000e-01   3.3890929505140832e-02   3.3890929504857538e-02   2.8329422141482041e-13
   1.6796875000000000e-01   3.5076850701714124e-02   3.5076850701323707e-02   3.9041686550334020e-13
   1.7578125000000000e-01   3.4552513993486501e-02   3.4552513993005733e-02   4.8076820302611623e-13
   1.8359375000000000e-01   3.2946419137984927e-02   3.2946419137424493e-02   5.6043364393687511e-13
   1.9140625000000000e-01   3.0884413219676811e-02   3.0884413219059666e-02   6.1714522381350889e-13
   1.9921875000000000e-01   2.8954498374901192e-02   2.8954498374258446e-02   6.4274627287197461e-13
   2.0703125000000000e-01   2.7677138488922955e-02   2.7677138488261182e-02   6.6177271995648823e-13
   2.1484375000000000e-01   2.7482221695950847e-02   2.7482221695256541e-02   6.9430572402495727e-13
   2.2265625000000000e-01   2.8693315948934428e-02   2.8693315948205435e-02   7.2899325465058951e-13
   2.3046875000000000e-01   3.1519334785217970e-02   3.1519334784470464e-02   7.4750622358621399e-13
   2.3828125000000000e-01   3.6053247933612316e-02   3.6053247932858516e-02   7.5379980035705785e-13
   2.4609375000000000e-01   4.2277059605345259e-02   4.2277059604585061e-02   7.6019746053646031e-13
   2.5390625000000000e-01   5.0071961457804459e-02   5.0071961457060880e-02   7.4357880963660250e-13
   2.6171875000000000e-01   5.9232363099997860e-02   5.9232363099261012e-02   7.3684808254981249e-13
   2.6953125000000000e-01   6.9482416104151845e-02   6.9482416103446340e-02   7.0550509878586354e-13
   2.7734375000000000e-01   8.0493673141087005e-02   8.0493673140445990e-02   6.4101501884294976e-13
   2.8515625000000000e-01   9.1902648349051277e-02   9.1902648348448315e-02   6.0296212467392252e-13
   2.9296875000000000e-01   1.0332724746976564e-01   1.0332724746919383e-01   5.7180649104537906e-13
   3.0078125000000000e-01   1.1438129097007985e-01   1.1438129096955947e-01   5.2037540942961868e-13
   3.0859375000000000e-01   1.2468663260166885e-01   1.2468663260119255e-01   4.7629955535199997e-13
   3.1640625000000000e-01   1.3388265262174570e-01   1.3388265262127116e-01   4.7453707630040753e-13
   3.2421875000000000e-01   1.4163315535078805e-01   1.4163315535029358e-01   4.9446557959242909e-13
   3.3203125000000000e-01   1.4763090615048485e-01   1.4763090614996599e-01   5.1886273055856691e-13
   3.3984375000000000e-01   1.5160019095978514e-01   1.5160019095924693e-01   5.3820836676266026e-13
   3.4765625000000000e-01   1.5329786688446023e-01   1.5329786688390018e-01   5.6005200477216022e-13
   3.5546875000000000e-01   1.5251339639440842e-01   1.5251339639381628e-01   5.9213745018382724e-13
   3.6328125000000000e-01   1.4906832769934752e-01   1.4906832769874290e-01   6.0462745921086025e-13
   3.7109375000000000e-01   1.4281561154939063e-01   1.4281561154880187e-01   5.8875126995872051e-13
   3.7890625000000000e-01   1.3363904445643401e-01   1.3363904445587488e-01   5.5913607077684446e-13
   3.8671875000000000e-01   1.2145301544523715e-01   1.2145301544471061e-01   5.2653714721628830e-13
   3.9453125000000000e-01   1.0620262235135683e-01   1.0620262235089917e-01   4.5766168632610515e-13
   4.0234375000000000e-01   8.7864126522361641e-02   8.7864126522009284e-02   3.5235703244040906e-13
   4.1015625000000000e-01   6.6445640366444875e-02   6.6445640366169817e-02   2.7505775435088253e-13
   4.1796875000000000e-01   4.1987895501976055e-02   4.1987895501781419e-02   1.9463597400459776e-13
   4.2578125000000000e-01   1.4564921388960778e-02   1.4564921388889894e-02   7.0884270675364291e-14
   4.3359375000000000e-01  -1.5715527100959387e-02  -1.5715527100921247e-02   3.8139630342826081e-14
   4.4140625000000000e-01  -4.8711924771192822e-02  -4.8711924771083784e-02   1.0903777880599819e-13
   4.4921875000000000e-01  -8.4249400939185787e-02  -8.4249400939025762e-02   1.6002477121190850e-13
   4.5703125000000000e-01  -1.2212066960246107e-01  -1.2212066960227179e-01   1.8927914791078138e-13
   4.6484375000000000e-01  -1.6208744922612722e-01  -1.6208744922591614e-01   2.1108115255685789e-13
   4.7265625000000000e-01  -2.0388231160278009e-01  -2.0388231160255943e-01   2.2065682614424986e-13
   4.8046875000000000e-01  -2.4721086540336085e-01  -2.4721086540314907e-01   2.1177504194724861e-13
   4.8828125000000000e-01  -2.9175415988626197e-01  -2.9175415988608810e-01   1.7386092565629951e-13
   4.9609375000000000e-01  -3.3717118852273070e-01  -3.3717118852258327e-01   1.4743761767022079e-13
   5.0390625000000000e-01  -3.8310138009879890e-01  -3.8310138009865546e-01   1.4344081478157023e-13
   5.1171875000000000e-01  -4.2916698393462616e-01  -4.2916698393451042e-01   1.1574075031717257e-13
   5.1953125000000000e-01  -4.7497528315815440e-01  -4.7497528315806831e-01   8.6097795559680890e-14
   5.2734375000000000e-01  -5.2012060207812549e-01  -5.2012060207807642e-01   4.9071857688431919e-14
   5.3515625000000000e-01  -5.6418610731744767e-01  -5.6418610731744090e-01   6.7723604502134549e-15
   5.4296875000000000e-01  -6.0674543461450159e-01  -6.0674543461451302e-01   1.1435297153639112e-14
   5.5078125000000000e-01  -6.4736420184877130e-01  -6.4736420184881638e-01   4.5075054799781356e-14
   5.5859375000000000e-01  -6.8560149239253365e-01  -6.8560149239259272e-01   5.9063864910058328e-14
   5.6640625000000000e-01  -7.2101141051779560e-01  -7.2101141051786588e-01   7.0277117458772409e-14
   5.7421875000000000e-01  -7.5314482206081290e-01  -7.5314482206094091e-01   1.2800871473928055e-13
   5.8203125000000000e-01  -7.8155139902748993e-01  -7.8155139902766513e-01   1.7519319328584970e-13
   5.8984375000000000e-01  -8.0578208669874729e-01  -8.0578208669891416e-01   1.6686652060116103e-13
   5.9765625000000000e-01  -8.2539210650678696e-01  -8.2539210650694506e-01   1.5809575870662229e-13
   6.0546875000000000e-01  -8.3994459786869646e-01  -8.3994459786885756e-01   1.6109336087311021e-13
   6.1328125000000000e-01  -8.4901498750866999e-01  -8.4901498750878490e-01   1.1490808304870370e-13
   6.2109375000000000e-01  -8.5219615564181572e-01  -8.5219615564183693e-01   2.1205259770340490e-14
   6.2890625000000000e-01  -8.4910444466909074e-01  -8.4910444466901780e-01   7.2941652717872785e-14
   6.3671875000000000e-01  -8.3938652762818500e-01  -8.3938652762801036e-01   1.7463808177353712e-13
   6.4453125000000000e-01  -8.2272712048258889e-01  -8.2272712048225660e-01   3.3228975127030935e-13
   6.5234375000000000e-01  -7.9885748447307203e-01  -7.9885748447254767e-01   5.2435833453046143e-13
   6.6015625000000000e-01  -7.6756462249853363e-01  -7.6756462249780566e-01   7.2797323724671514e-13
   6.6796875000000000e-01  -7.2870102744326959e-01  -7.2870102744231569e-01   9.5390362275793450e-13
   6.7578125000000000e-01  -6.8219479149995921e-01  -6.8219479149875584e-01   1.2033707363912072e-12
   6.8359375000000000e-01  -6.2805983521707642e-01  -6.2805983521561470e-01   1.4617196342214811e-12
   6.9140625000000000e-01  -5.6640596498440321e-01  -5.6640596498269802e-01   1.7051915435217779e-12
   6.9921875000000000e-01  -4.9744842008713541e-01  -4.9744842008519485e-01   1.9405588247423111e-12
   7.0703125000000000e-01  -4.2151652774972109e-01  -4.2151652774751736e-01   2.2037371927297045e-12
   7.1484375000000000e-01  -3.3906104944277121e-01  -3.3906104944031212e-01   2.4590884883934905e-12
   7.2265625000000000e-01  -2.5065977697761455e-01  -2.5065977697495323e-01   2.6613156123289627e-12
   7.3046875000000000e-01  -1.5702092543746970e-01  -1.5702092543462054e-01   2.8491653480955392e-12
   7.3828125000000000e-01  -5.8983874569853274e-02  -5.8983874566827459e-02   3.0258157091012094e-12
   7.4609375000000000e-01   4.2483166578511485e-02   4.2483166581692794e-02   3.1813093825938665e-12
   8.7890625000000000e-01   1.0511584947090220e+00   1.0511584947062464e+00   2.7755575615628914e-12
   8.8671875000000000e-01   1.0095487542359487e+00   1.0095487542325823e+00   3.3664182552683997e-12
   8.9453125000000000e-01   9.5573990430803935e-01   9.5573990430415023e-01   3.8891112552619234e-12
   9.0234375000000000e-01   8.9089457000641614e-01   8.9089457000208849e-01   4.3276493499888602e-12
   9.1015625000000000e-01   8.1643484649456655e-01   8.1643484648989184e-01   4.6747050674866841e-12
   9.1796875000000000e-01   7.3400982683098903e-01   7.3400982682606419e-01   4.9248383149347319e-12
   9.2578125000000000e-01   6.4545439661259651e-01   6.4545439660753390e-01   5.0626169922907138e-12
   9.3359375000000000e-01   5.5274035141430933e-01   5.5274035140923616e-01   5.0731641110246528e-12
   9.4140625000000000e-01   4.5792129136226900e-01   4.5792129135730963e-01   4.9593662510005743e-12
   9.4921875000000000e-01   3.6307310782210972e-01   3.6307310781737040e-01   4.7393200475198682e-12
   9.5703125000000000e-01   2.7023217787211262e-01   2.7023217786771658e-01   4.3960390883057698e-12
   9.6484375000000000e-01   1.8133360200917872e-01   1.8133360200525045e-01   3.9282743724555758e-12
   9.7265625000000000e-01   9.8151941161779235e-02   9.8151941158408557e-02   3.3706787361253987e-12
   9.8046875000000000e-01   2.2246916451461346e-02   2.2246916448740304e-02   2.7210421416068442e-12
   9.8828125000000000e-01  -4.5083579422786159e-02  -4.5083579424817069e-02   2.0309101622650871e-12
   9.9609375000000000e-01  -1.0284104898475177e-01  -1.0284104898606189e-01   1.3101186802089160e-12
   7.5390625000000000e-01   1.4628895315495191e-01   1.4628895315826210e-01   3.3101854590711355e-12
   7.6171875000000000e-01   2.5122877143438260e-01   2.5122877143774741e-01   3.3648084318826932e-12
   7.6953125000000000e-01   3.5599800549787847e-01   3.5599800550124594e-01   3.3674729671417936e-12
   7.7734375000000000e-01   4.5920981822414780e-01   4.5920981822748502e-01   3.3372193897207580e-12
   7.8515625000000000e-01   5.5941692803089516e-01   5.5941692803415133e-01   3.2561731089231216e-12
   7.9296875000000000e-01   6.5513731086813254e-01   6.5513731087122196e-01   3.0894176106244231e-12
   8.0078125000000000e-01   7.4488349015203759e-01   7.4488349015485611e-01   2.8185231926158849e-12
   8.0859375000000000e-01   8.2719490092732162e-01   8.2719490092980652e-01   2.4849011737160254e-12
   8.1640625000000000e-01   9.0067263516770590e-01   9.0067263516978202e-01   2.0761170560490427e-12
   8.2421875000000000e-01   9.6401570056269315e-01   9.6401570056429331e-01   1.6001644453922381e-12
   8.3203125000000000e-01   1.0160577641503608e+00   1.0160577641514437e+00   1.0829115382193777e-12
   8.3984375000000000e-01   1.0558032141295373e+00   1.0558032141300302e+00   4.9293902293356950e-13
   8.4765625000000000e-01   1.0824612677313170e+00   1.0824612677311709e+00   1.4610535004067060e-13
   8.5546875000000000e-01   1.0954767894788420e+00   1.0954767894780431e+00   7.9891648852026265e-13
   8.6328125000000000e-01   1.0945564709936628e+00   1.0945564709921911e+00   1.4717116414431075e-12
   8.7109375000000000e-01   1.0796890677421291e+00   1.0796890677399877e+00   2.1413981698970019e-12
