#                  Coord.                Numerical               Analytical                    Error
   3.9062500000000000e-03   4.6255833857474565e-01   4.6255833857535938e-01   6.1373128801278654e-13
   1.1718750000000000e-02   5.0558995031642462e-01   5.0558995031692278e-01   4.9815707114930774e-13
   1.9531250000000000e-02   5.4528261273084100e-01   5.4528261273126655e-01   4.2554848533882250e-13
   2.7343750000000000e-02   5.8172908997518102e-01   5.8172908997556227e-01   3.8125058665627876e-13
   3.5156250000000000e-02   6.1500230887746754e-01   6.1500230887784557e-01   3.7803093988486580e-13
   4.2968750000000000e-02   6.4514417038414829e-01   6.4514417038455252e-01   4.0423220326601950e-13
   5.0781250000000000e-02   6.7215819658893050e-01   6.7215819658934772e-01   4.1722181265413383e-13
   5.8593750000000000e-02   6.9600672880913972e-01   6.9600672880950942e-01   3.6970426720017713e-13
   6.6406250000000000e-02   7.1661306825807158e-01   7.1661306825833671e-01   2.6512125828048738e-13
   7.4218750000000000e-02   7.3386857387759863e-01   7.3386857387769600e-01   9.7366559259626229e-14
   8.2031250000000000e-02   7.4764433091638927e-01   7.4764433091623628e-01   1.5298873279334657e-13
   8.9843750000000000e-02   7.5780661139165861e-01   7.5780661139120320e-01   4.5541348470123921e-13
   9.7656250000000000e-02   7.6423499685920215e-01   7.6423499685837082e-01   8.3133500083931722e-13
   1.0546875000000000e-01   7.6684175592844772e-01   7.6684175592719739e-01   1.2503331703328513e-12
   1.1328125000000000e-01   7.6559088973400824e-01   7.6559088973232503e-01   1.6832091276341998e-12
   1.2109375000000000e-01   7.6051519683680668e-01   7.6051519683467861e-01   2.1280754936015001e-12
   1.2890625000000000e-01   7.5172977445030753e-01   7.5172977444778433e-01   2.5232038680655933e-12
   1.3671875000000000e-01   7.3944056509848843e-01   7.3944056509563361e-01   2.8548274855211275e-12
   1.4453125000000000e-01   7.2394686625028803e-01   7.2394686624719662e-01   3.0914160120687484e-12
   1.5234375000000000e-01   7.0563712510118848e-01   7.0563712509799048e-01   3.1979974224327634e-12
   1.6015625000000000e-01   6.8497781345744979e-01   6.8497781345428688e-01   3.1629143748546085e-12
   1.6796875000000000e-01   6.6249568476108089e-01   6.6249568475811549e-01   2.9654056987737931e-12
   1.7578125000000000e-01   6.3875421959495760e-01   6.3875421959235468e-01   2.6029178812336795e-12
   1.8359375000000000e-01   6.1432553009883550e-01   6.1432553009673430e-01   2.1012080964055713e-12
   1.9140625000000000e-01   5.8975938270706108e-01   5.8975938270558348e-01   1.4775958234736208e-12
   1.9921875000000000e-01   5.6555128276697253e-01   5.6555128276624222e-01   7.3030470559842797e-13
   2.0703125000000000e-01   5.4211172159918575e-01   5.4211172159929055e-01   1.0480505352461478e-13
   2.1484375000000000e-01   5.1973870313884352e-01   5.1973870313981385e-01   9.7033492352238682e-13
   2.2265625000000000e-01   4.9859554012999702e-01   4.9859554013183005e-01   1.8330337248073647e-12
   2.3046875000000000e-01   4.7869564572874951e-01   4.7869564573143547e-01   2.6859625634756412e-12
   2.3828125000000000e-01   4.5989566162616541e-01   4.5989566162961232e-01   3.4469094245537235e-12
   2.4609375000000000e-01   4.4189778300105520e-01   4.4189778300510851e-01   4.0533132406039840e-12
   2.5390625000000000e-01   4.2426159473926794e-01   4.2426159474378444e-01   4.5164982864775993e-12
   2.6171875000000000e-01   4.0642515755167108e-01   4.0642515755646863e-01   4.7975512451614577e-12
   2.6953125000000000e-01   3.8773451371310164e-01   3.8773451371799622e-01   4.8945847375136964e-12
   2.7734375000000000e-01   3.6748025611799856e-01   3.6748025612278390e-01   4.7853387918905810e-12
   2.8515625000000000e-01   3.4493935397394587e-01   3.4493935397837838e-01   4.4325099146647062e-12
   2.9296875000000000e-01   3.1942008121175985e-01   3.1942008121563886e-01   3.8790082257378344e-12
   3.0078125000000000e-01   2.9030767012250236e-01   2.9030767012567116e-01   3.1687985568851218e-12
   3.0859375000000000e-01   2.5710822532676958e-01   2.5710822532905431e-01   2.2847279623761096e-12
   3.1640625000000000e-01   2.1948848583599051e-01   2.1948848583726163e-01   1.2711220964689574e-12
   3.2421875000000000e-01   1.7730921101720776e-01   1.7730921101738606e-01   1.7830181775480014e-13
   3.3203125000000000e-01   1.3065027708975474e-01   1.3065027708882632e-01   9.2842400434278716e-13
   3.3984375000000000e-01   7.9825984830497548e-02   7.9825984828483673e-02   2.0138751777309949e-12
   3.4765625000000000e-01   2.5389571451401270e-02   2.5389571448326115e-02   3.0751547142049418e-12
   3.5546875000000000e-01  -3.1873538590760163e-02  -3.1873538594779142e-02   4.0189795935674510e-12
   3.6328125000000000e-01  -9.0963648396824665e-02  -9.0963648401572117e-02   4.7474524311752475e-12
   3.7109375000000000e-01  -1.5069522460023632e-01  -1.5069522460549928e-01   5.2629567370843233e-12
   3.7890625000000000e-01  -2.0973470163335362e-01  -2.0973470163893118e-01   5.5775661866874771e-12
   3.8671875000000000e-01  -2.6664605898370497e-01  -2.6664605898931648e-01   5.6115112556653912e-12
   3.9453125000000000e-01  -3.1994222058175376e-01  -3.1994222058708016e-01   5.3264059829416510e-12
   4.0234375000000000e-01  -3.6814007203259302e-01  -3.6814007203736931e-01   4.7762904742398860e-12
   4.1015625000000000e-01  -4.0981674924094236e-01  -4.0981674924494310e-01   4.0007441803879829e-12
   4.1796875000000000e-01  -4.4366482393625728e-01  -4.4366482393922990e-01   2.9726221484338566e-12
   4.2578125000000000e-01  -4.6854409447258388e-01  -4.6854409447432233e-01   1.7384427231093014e-12
   4.3359375000000000e-01  -4.8352787533452662e-01  -4.8352787533487213e-01   3.4550140526334872e-13
   4.4140625000000000e-01  -4.8794195262632456e-01  -4.8794195262517198e-01   1.1525780330146063e-12
   4.4921875000000000e-01  -4.8139471841773529e-01  -4.8139471841504861e-01   2.6866842084416476e-12
   4.5703125000000000e-01  -4.6379739464482123e-01  -4.6379739464063013e-01   4.1910919179599659e-12
   4.6484375000000000e-01  -4.3537368650940644e-01  -4.3537368650377367e-01   5.6327720265869630e-12
   4.7265625000000000e-01  -3.9665864505688680e-01  -3.9665864504992659e-01   6.9602101859800314e-12
   4.8046875000000000e-01  -3.4848694883576420e-01  -3.4848694882764997e-01   8.1142315089266503e-12
   4.8828125000000000e-01  -2.9197121707707002e-01  -2.9197121706806245e-01   9.0075724656912826e-12
   4.9609375000000000e-01  -2.2847132603167927e-01  -2.2847132602206599e-01   9.6132823923511523e-12
   5.0390625000000000e-01  -1.5955600335314590e-01  -1.5955600334318379e-01   9.9621144666883765e-12
   5.1171875000000000e-01  -8.6958213424329217e-02  -8.6958213414310467e-02   1.0018749718732067e-11
   5.1953125000000000e-01  -1.2526013445703024e-02  -1.2526013435947309e-02   9.7557153327931800e-12
   5.2734375000000000e-01   6.1829346534897044e-02   6.1829346544074633e-02   9.1775892441248175e-12
   5.3515625000000000e-01   1.3418628592359258e-01   1.3418628593190265e-01   8.3100748504705280e-12
   5.4296875000000000e-01   2.0266497308105172e-01   2.0266497308825951e-01   7.2077899204714413e-12
   5.5078125000000000e-01   2.6547698838006412e-01   2.6547698838593276e-01   5.8686389081685775e-12
   5.5859375000000000e-01   3.2097110313961863e-01   3.2097110314393323e-01   4.3146042294495146e-12
   5.6640625000000000e-01   3.6767391704739411e-01   3.6767391705000690e-01   2.6127988661528434e-12
   5.7421875000000000e-01   4.0432433992828187e-01   4.0432433992910910e-01   8.2722717564820414e-13
   5.8203125000000000e-01   4.2990116782668969e-01   4.2990116782569621e-01   9.9348307358582133e-13
   5.8984375000000000e-01   4.4364327609258958e-01   4.4364327608973214e-01   2.8574365096289966e-12
   5.9765625000000000e-01   4.4506222164321141e-01   4.4506222163848524e-01   4.7261639046780601e-12
   6.0546875000000000e-01   4.3394730192554909e-01   4.3394730191907854e-01   6.4705463209691061e-12
   6.1328125000000000e-01   4.1036334992693213e-01   4.1036334991886619e-01   8.0659368073554560e-12
   6.2109375000000000e-01   3.7464174541231599e-01   3.7464174540278078e-01   9.5352059581443882e-12
   6.2890625000000000e-01   3.2736528723167185e-01   3.2736528722082570e-01   1.0846157305621773e-11
   6.3671875000000000e-01   2.6934769732567954e-01   2.6934769731374014e-01   1.1939393917970165e-11
   6.4453125000000000e-01   2.0160861371973740e-01   2.0160861370695196e-01   1.2785439373885765e-11
   6.5234375000000000e-01   1.2534497936073685e-01   1.2534497934733504e-01   1.3401807441582037e-11
   6.6015625000000000e-01   4.1899750021909758e-02   4.1899750008140710e-02   1.3769048401446327e-11
   6.6796875000000000e-01  -4.7271167090633302e-02  -4.7271167104498253e-02   1.3864950854092228e-11
   6.7578125000000000e-01  -1.4063286605002079e-01  -1.4063286606374384e-01   1.3723050473757326e-11
   6.8359375000000000e-01  -2.3660545809574904e-01  -2.3660545810906078e-01   1.3311740598709321e-11
   6.9140625000000000e-01  -3.3359738335310751e-01  -3.3359738336577799e-01   1.2670475779685830e-11
   6.9921875000000000e-01  -4.3003731876641643e-01  -4.3003731877827456e-01   1.1858125592567603e-11
   7.0703125000000000e-01  -5.2440405471250795e-01  -5.2440405472335516e-01   1.0847212017495167e-11
   7.1484375000000000e-01  -6.1525378819631138e-01  -6.1525378820601118e-01   9.6997965215450677e-12
   7.2265625000000000e-01  -7.0124435966049548e-01  -7.0124435966895748e-01   8.4620088713904806e-12
   7.3046875000000000e-01  -7.8115604453575038e-01  -7.8115604454287735e-01   7.1269656842787299e-12
   7.3828125000000000e-01  -8.5390860132101976e-01  -8.5390860132674029e-01   5.7205351566835816e-12
   7.4609375000000000e-01  -9.1857437645695850e-01  -9.1857437646128848e-01   4.3299808183405730e-12
   8.7890625000000000e-01  -6.2223658048784847e-01  -6.2223658048100661e-01   6.8418604115549897e-12
   8.8671875000000000e-01  -5.4652844707404136e-01  -5.4652844706725323e-01   6.7881256171631321e-12
   8.9453125000000000e-01  -4.6902243440983393e-01  -4.6902243440317826e-01   6.6556760103253509e-12
   9.0234375000000000e-01  -3.9051506365626010e-01  -3.9051506364985361e-01   6.4064864524482346e-12
   9.1015625000000000e-01  -3.1176648324871509e-01  -3.1176648324266110e-01   6.0539906421297474e-12
   9.1796875000000000e-01  -2.3348986562148691e-01  -2.3348986561582041e-01   5.6664950509599521e-12
   9.2578125000000000e-01  -1.5634127412169671e-01  -1.5634127411649057e-01   5.2061410737991309e-12
   9.3359375000000000e-01  -8.0910373780638992e-02  -8.0910373775964245e-02   4.6747467008501076e-12
   9.4140625000000000e-01  -7.7124568926087607e-03  -7.7124568885006831e-03   4.1080775933788338e-12
   9.4921875000000000e-01   6.2817689366563248e-02   6.2817689370105442e-02   3.5421943156421776e-12
   9.5703125000000000e-01   1.3032954388489454e-01   1.3032954388787579e-01   2.9812541324503172e-12
   9.6484375000000000e-01   1.9455777165943389e-01   1.9455777166185673e-01   2.4228397066394791e-12
   9.7265625000000000e-01   2.5531995708628369e-01   2.5531995708819050e-01   1.9068080447937064e-12
   9.8046875000000000e-01   3.1251098648741082e-01   3.1251098648889525e-01   1.4844236950750656e-12
   9.8828125000000000e-01   3.6609414360608833e-01   3.6609414360722481e-01   1.1364797991575415e-12
   9.9609375000000000e-01   4.1608923705258982e-01   4.1608923705342282e-01   8.3300033537625495e-13
   7.5390625000000000e-01  -9.7438737276550758e-01  -9.7438737276849241e-01   2.9848346017047334e-12
   7.6171875000000000e-01  -1.0207483014496006e+00  -1.0207483014513068e+00   1.7061907442439406e-12
   7.6953125000000000e-01  -1.0572257544057559e+00  -1.0572257544062402e+00   4.8427928334149328e-13
   7.7734375000000000e-01  -1.0835537488721985e+00  -1.0835537488715530e+00   6.4548366651706601e-13
   7.8515625000000000e-01  -1.0996260036651981e+00  -1.0996260036635341e+00   1.6640022693081846e-12
   7.9296875000000000e-01  -1.1054873980026292e+00  -1.1054873980000481e+00   2.5810464876485639e-12
   8.0078125000000000e-01  -1.1013231327162973e+00  -1.1013231327128967e+00   3.4006131244268545e-12
   8.0859375000000000e-01  -1.0874461530470576e+00  -1.0874461530429733e+00   4.0842884629910259e-12
   8.1640625000000000e-01  -1.0642833977325623e+00  -1.0642833977278834e+00   4.6789239149802597e-12
   8.2421875000000000e-01  -1.0323614091330395e+00  -1.0323614091278019e+00   5.2375881409716385e-12
   8.3203125000000000e-01  -9.9229177553061299e-01  -9.9229177552490977e-01   5.7032156774994291e-12
   8.3984375000000000e-01  -9.4475678493634385e-01  -9.4475678493027859e-01   6.0652594058296927e-12
   8.4765625000000000e-01  -8.9049555855211238e-01  -8.9049555854575024e-01   6.3621330426144596e-12
   8.5546875000000000e-01  -8.3029081289488615e-01  -8.3029081288827922e-01   6.6069372195443066e-12
   8.6328125000000000e-01  -7.6495628542429406e-01  -7.6495628541751393e-01   6.7801320113858310e-12
   8.7109375000000000e-01  -6.9532476233035523e-01  -6.9532476232350704e-01   6.8481886827953531e-12
