#                  Coord.                Numerical               Analytical                    Error
   3.9062500000000000e-03  -9.1145417773380213e-02  -9.1145417700778067e-02   7.2602146516942412e-11
   1.1718750000000000e-02  -1.4476533950548096e-01  -1.4476533941763281e-01   8.7848145424729296e-11
   1.9531250000000000e-02  -2.0437224861620557e-01  -2.0437224851574048e-01   1.0046508069905258e-10
   2.7343750000000000e-02  -2.6868983018221571e-01  -2.6868983007200070e-01   1.1021500379015947e-10
   3.5156250000000000e-02  -3.3630575468066298e-01  -3.3630575456382727e-01   1.1683570777520913e-10
   4.2968750000000000e-02  -4.0571100747167899e-01  -4.0571100735148630e-01   1.2019268913476822e-10
   5.0781250000000000e-02  -4.7534234853399504e-01  -4.7534234841374801e-01   1.2024703455182362e-10
   5.8593750000000000e-02  -5.4362654701436341e-01  -5.4362654689726142e-01   1.1710199476766547e-10
   6.6406250000000000e-02  -6.0902500743484456e-01  -6.0902500732397369e-01   1.1087086804195678e-10
   7.4218750000000000e-02  -6.7007741963738710e-01  -6.7007741953546951e-01   1.0191758548216967e-10
   8.2031250000000000e-02  -7.2544311562246355e-01  -7.2544311553193219e-01   9.0531360186218990e-11
   8.9843750000000000e-02  -7.7393889661968296e-01  -7.7393889654256454e-01   7.7118422758815086e-11
   9.7656250000000000e-02  -8.1457219757408061e-01  -8.1457219751201437e-01   6.2066241035552139e-11
   1.0546875000000000e-01  -8.4656858018173153e-01  -8.4656858013585601e-01   4.5875525600536093e-11
   1.1328125000000000e-01  -8.6939268813442627e-01  -8.6939268810530024e-01   2.9126034917226207e-11
   1.2109375000000000e-01  -8.8276195957735626e-01  -8.8276195956505676e-01   1.2299494756007334e-11
   1.2890625000000000e-01  -8.8665257332060754e-01  -8.8665257332465741e-01   4.0498715492276460e-12
   1.3671875000000000e-01  -8.8129730867216516e-01  -8.8129730869159295e-01   1.9427792707915614e-11
   1.4453125000000000e-01  -8.6717522466463903e-01  -8.6717522469801966e-01   3.3380631592194732e-11
   1.5234375000000000e-01  -8.4499331189528071e-01  -8.4499331194081417e-01   4.5533465886649083e-11
   1.6015625000000000e-01  -8.1566053550737505e-01  -8.1566053556286688e-01   5.5491833350629349e-11
   1.6796875000000000e-01  -7.8025496417576745e-01  -7.8025496423867824e-01   6.2910787690384495e-11
   1.7578125000000000e-01  -7.3998495723578306e-01  -7.3998495730339531e-01   6.7612249132764646e-11
   1.8359375000000000e-01  -6.9614564732762529e-01  -6.9614564739713136e-01   6.9506067568170238e-11
   1.9140625000000000e-01  -6.5007219402774796e-01  -6.5007219409635975e-01   6.8611782921834674e-11
   1.9921875000000000e-01  -6.0309147886066305e-01  -6.0309147892570036e-01   6.5037308871751520e-11
   2.0703125000000000e-01  -5.5647404822613611e-01  -5.5647404828511005e-01   5.8973936845063690e-11
   2.1484375000000000e-01  -5.1138817447692031e-01  -5.1138817452773000e-01   5.0809689788877677e-11
   2.2265625000000000e-01  -4.6885788633975473e-01  -4.6885788638064296e-01   4.0888237240466196e-11
   2.3046875000000000e-01  -4.2972671235175630e-01  -4.2972671238147997e-01   2.9723667971381929e-11
   2.3828125000000000e-01  -3.9462868465521944e-01  -3.9462868467306500e-01   1.7845558364371072e-11
   2.4609375000000000e-01  -3.6396787082132886e-01  -3.6396787082726834e-01   5.9394711371396625e-12
   2.5390625000000000e-01  -3.3790734951790552e-01  -3.3790734951249274e-01   5.4127813342574882e-12
   2.6171875000000000e-01  -3.1636813806292385e-01  -3.1636813804717234e-01   1.5751511206474333e-11
   2.6953125000000000e-01  -2.9903813657655237e-01  -2.9903813655205397e-01   2.4498403305983629e-11
   2.7734375000000000e-01  -2.8539069767524378e-01  -2.8539069764411024e-01   3.1133540190353415e-11
   2.8515625000000000e-01  -2.7471198677262387e-01  -2.7471198673731506e-01   3.5308811430212472e-11
   2.9296875000000000e-01  -2.6613589001999194e-01  -2.6613588998321153e-01   3.6780412049353117e-11
   3.0078125000000000e-01  -2.5868487677936147e-01  -2.5868487674393714e-01   3.5424330135924720e-11
   3.0859375000000000e-01  -2.5131495007695842e-01  -2.5131495004579257e-01   3.1165847680370007e-11
   3.1640625000000000e-01  -2.4296263623484513e-01  -2.4296263621055483e-01   2.4290292000017644e-11
   3.2421875000000000e-01  -2.3259188327979594e-01  -2.3259188326469621e-01   1.5099727024292520e-11
   3.3203125000000000e-01  -2.1923876081293139e-01  -2.1923876080907498e-01   3.8564151871867125e-12
   3.3984375000000000e-01  -2.0205198032637356e-01  -2.0205198033540520e-01   9.0316365497500328e-12
   3.4765625000000000e-01  -1.8032747775661651e-01  -1.8032747777962010e-01   2.3003599025628318e-11
   3.5546875000000000e-01  -1.5353560787231094e-01  -1.5353560790972440e-01   3.7413461217994382e-11
   3.6328125000000000e-01  -1.2133987728820511e-01  -1.2133987733990841e-01   5.1703294423610657e-11
   3.7109375000000000e-01  -8.3606570542465883e-02  -8.3606570607744679e-02   6.5278796257395300e-11
   3.7890625000000000e-01  -4.0405080409007199e-02  -4.0405080486590521e-02   7.7583321711482967e-11
   3.8671875000000000e-01   8.0007833933044663e-03   8.0007833052027303e-03   8.8101735976064965e-11
   3.9453125000000000e-01   6.1169786990105376e-02   6.1169786893651559e-02   9.6453817155506272e-11
   4.0234375000000000e-01   1.1850744038642698e-01   1.1850744028406118e-01   1.0236579639499865e-10
   4.1015625000000000e-01   1.7929586927678293e-01   1.7929586917106041e-01   1.0572251407658939e-10
   4.1796875000000000e-01   2.4272765336732419e-01   2.4272765326101042e-01   1.0631376334835352e-10
   4.2578125000000000e-01   3.0794172241654949e-01   3.0794172231238309e-01   1.0416639772969916e-10
   4.3359375000000000e-01   3.7405933419683790e-01   3.7405933409737541e-01   9.9462493796664830e-11
   4.4140625000000000e-01   4.4021820101373288e-01   4.4021820092121300e-01   9.2519880645625108e-11
   4.4921875000000000e-01   5.0560298228909217e-01   5.0560298220542166e-01   8.3670514960942910e-11
   4.5703125000000000e-01   5.6947061281914468e-01   5.6947061274587296e-01   7.3271722023093844e-11
   4.6484375000000000e-01   6.3116927633928188e-01   6.3116927627739428e-01   6.1887606150889951e-11
   4.7265625000000000e-01   6.9015024299338135e-01   6.9015024294342564e-01   4.9955706238336006e-11
   4.8046875000000000e-01   7.4597224347066349e-01   7.4597224343273694e-01   3.7926550788824898e-11
   4.8828125000000000e-01   7.9829852469390228e-01   7.9829852466774065e-01   2.6161628419174576e-11
   4.9609375000000000e-01   8.4688719289365411e-01   8.4688719287857450e-01   1.5079604231971189e-11
   5.0390625000000000e-01   8.9157587052194243e-01   8.9157587051690479e-01   5.0376369742366478e-12
   5.1171875000000000e-01   9.3226204652216349e-01   9.3226204652597333e-01   3.8098413313036872e-12
   5.1953125000000000e-01   9.6888076162120584e-01   9.6888076163262427e-01   1.1418421763664810e-11
   5.2734375000000000e-01   1.0013814237941743e+00   1.0013814238119221e+00   1.7747803227052827e-11
   5.3515625000000000e-01   1.0297055831310682e+00   1.0297055831539841e+00   2.2915891406682931e-11
   5.4296875000000000e-01   1.0537674072014531e+00   1.0537674072285061e+00   2.7053026485646114e-11
   5.5078125000000000e-01   1.0734383931669995e+00   1.0734383931974558e+00   3.0456304145332069e-11
   5.5859375000000000e-01   1.0885375448968937e+00   1.0885375449303298e+00   3.3436142743425989e-11
   5.6640625000000000e-01   1.0988278529791771e+00   1.0988278530155036e+00   3.6326497365735122e-11
   5.7421875000000000e-01   1.1040194693918048e+00   1.1040194694311996e+00   3.9394709716589205e-11
   5.8203125000000000e-01   1.1037794972674657e+00   1.1037794973103681e+00   4.2902348340589924e-11
   5.8984375000000000e-01   1.0977478520227089e+00   1.0977478520698318e+00   4.7122972191004919e-11
   5.9765625000000000e-01   1.0855582249769009e+00   1.0855582250291704e+00   5.2269522043957295e-11
   6.0546875000000000e-01   1.0668628234987976e+00   1.0668628235571644e+00   5.8366866895198655e-11
   6.1328125000000000e-01   1.0413592968301284e+00   1.0413592968955909e+00   6.5462524290182955e-11
   6.2109375000000000e-01   1.0088181015436777e+00   1.0088181016171400e+00   7.3462347316421983e-11
   6.2890625000000000e-01   9.6910852470688924e-01   9.6910852478906317e-01   8.2173934323748199e-11
   6.3671875000000000e-01   9.2222166729416022e-01   9.2222166738541822e-01   9.1258001155836155e-11
   6.4453125000000000e-01   8.6828888767759360e-01   8.6828888777811142e-01   1.0051781629272227e-10
   6.5234375000000000e-01   8.0759449958990981e-01   8.0759449969950936e-01   1.0959955165645852e-10
   6.6015625000000000e-01   7.4058188845050665e-01   7.4058188856861817e-01   1.1811152056395713e-10
   6.6796875000000000e-01   6.6785262693275693e-01   6.6785262705826365e-01   1.2550671613098530e-10
   6.7578125000000000e-01   5.9015860465483994e-01   5.9015860478630799e-01   1.3146805866171007e-10
   6.8359375000000000e-01   5.0838760671413374e-01   5.0838760684986517e-01   1.3573142609857314e-10
   6.9140625000000000e-01   4.2354315191787806e-01   4.2354315205586585e-01   1.3798778786267007e-10
   6.9921875000000000e-01   3.3671970834222692e-01   3.3671970848013344e-01   1.3790651953726751e-10
   7.0703125000000000e-01   2.4907462145601447e-01   2.4907462159140878e-01   1.3539430687714571e-10
   7.1484375000000000e-01   1.6179820595224761e-01   1.6179820608265796e-01   1.3041034918614969e-10
   7.2265625000000000e-01   7.6083462334216270e-02   7.6083462457248785e-02   1.2303251473166910e-10
   7.3046875000000000e-01  -6.9032126539473517e-03  -6.9032125406384669e-03   1.1330888484428758e-10
   7.3828125000000000e-01  -8.6049134332150889e-02  -8.6049134230770319e-02   1.0138057060515848e-10
   7.4609375000000000e-01  -1.6031932203554403e-01  -1.6031932194796553e-01   8.7578500007623461e-11
   8.7890625000000000e-01  -2.7583696735103691e-01  -2.7583696749522663e-01   1.4418971572283112e-10
   8.8671875000000000e-01  -2.2956839964589479e-01  -2.2956839979140517e-01   1.4551038152177398e-10
   8.9453125000000000e-01  -1.8283541116542854e-01  -1.8283541130986039e-01   1.4443185536450187e-10
   9.0234375000000000e-01  -1.3692691241599123e-01  -1.3692691255679482e-01   1.4080359100887563e-10
   9.1015625000000000e-01  -9.3145397814511213e-02  -9.3145397949085759e-02   1.3457454595133811e-10
   9.1796875000000000e-01  -5.2777500432212202e-02  -5.2777500557900883e-02   1.2568868168472136e-10
   9.2578125000000000e-01  -1.7062045826665564e-02  -1.7062045940872971e-02   1.1420740742007496e-10
   9.3359375000000000e-01   1.2843377244381234e-02   1.2843377144111252e-02   1.0026998155387989e-10
   9.4140625000000000e-01   3.5896101682483271e-02   3.5896101598337955e-02   8.4145315715211666e-11
   9.4921875000000000e-01   5.1200956043242908e-02   5.1200955977064359e-02   6.6178548752127142e-11
   9.5703125000000000e-01   5.8040305034180166e-02   5.8040304987420722e-02   4.6759443539379220e-11
   9.6484375000000000e-01   5.5900165360480501e-02   5.5900165334191919e-02   2.6288582422040463e-11
   9.7265625000000000e-01   4.4491122825468250e-02   4.4491122820205800e-02   5.2624501978293381e-12
   9.8046875000000000e-01   2.3762970564159880e-02   2.3762970579859141e-02   1.5699261335377912e-11
   9.8828125000000000e-01  -6.0877550326043127e-03  -6.0877549965638244e-03   3.6040488302080398e-11
   9.9609375000000000e-01  -4.4617862960938788e-02  -4.4617862905751475e-02   5.5187313052762477e-11
   7.5390625000000000e-01  -2.2877673835126972e-01  -2.2877673827905515e-01   7.2214567659045770e-11
   7.6171875000000000e-01  -2.9059845704410697e-01  -2.9059845698847070e-01   5.5636273366133082e-11
   7.6953125000000000e-01  -3.4508774980334284e-01  -3.4508774976514250e-01   3.8200331786697461e-11
   7.7734375000000000e-01  -3.9168235530707801e-01  -3.9168235528675566e-01   2.0322354910007334e-11
   7.8515625000000000e-01  -4.2995940978800351e-01  -4.2995940978572522e-01   2.2782886688332837e-12
   7.9296875000000000e-01  -4.5963765993772349e-01  -4.5963765995340627e-01   1.5682788401250036e-11
   8.0078125000000000e-01  -4.8057763758143335e-01  -4.8057763761461469e-01   3.3181346559274516e-11
   8.0859375000000000e-01  -4.9278045012521943e-01  -4.9278045017519334e-01   4.9973913895939859e-11
   8.1640625000000000e-01  -4.9638573840128447e-01  -4.9638573846722289e-01   6.5938421389688529e-11
   8.2421875000000000e-01  -4.9166918856743169e-01  -4.9166918864828502e-01   8.0853324035956575e-11
   8.3203125000000000e-01  -4.7903977737793341e-01  -4.7903977747253568e-01   9.4602270461763283e-11
   8.3984375000000000e-01  -4.5903670454640588e-01  -4.5903670465340224e-01   1.0699635621946868e-10
   8.4765625000000000e-01  -4.3232574775468402e-01  -4.3232574787259975e-01   1.1791573273356448e-10
   8.5546875000000000e-01  -3.9969458993786489e-01  -3.9969459006515962e-01   1.2729473031214411e-10
   8.6328125000000000e-01  -3.6204653636237111e-01  -3.6204653649729496e-01   1.3492384987046080e-10
   8.7109375000000000e-01  -3.2039197700766331e-01  -3.2039197714826018e-01   1.4059686748169042e-10
