#                  Coord.                Numerical               Analytical                    Error
   3.9062500000000000e-03  -4.2407105339568330e-01  -4.2407105339400697e-01   1.6763257448815239e-12
   1.1718750000000000e-02  -4.6748434990151500e-01  -4.6748434989590454e-01   5.6104565437919973e-12
   1.9531250000000000e-02  -5.0400108911181429e-01  -5.0400108910275132e-01   9.0629725946200779e-12
   2.7343750000000000e-02  -5.3381321353952427e-01  -5.3381321352754052e-01   1.1983747327803940e-11
   3.5156250000000000e-02  -5.5717555474919145e-01  -5.5717555473485780e-01   1.4333645381725546e-11
   4.2968750000000000e-02  -5.7437794054724911e-01  -5.7437794053103153e-01   1.6217582832211974e-11
   5.0781250000000000e-02  -5.8571826757268386e-01  -5.8571826755499190e-01   1.7691959008914182e-11
   5.8593750000000000e-02  -5.9147824462598886e-01  -5.9147824460716869e-01   1.8820167646538266e-11
   6.6406250000000000e-02  -5.9190332872818285e-01  -5.9190332870853180e-01   1.9651058558167733e-11
   7.4218750000000000e-02  -5.8718809198127886e-01  -5.8718809196102784e-01   2.0251023080675168e-11
   8.2031250000000000e-02  -5.7746789201000337e-01  -5.7746789198927584e-01   2.0727530802844285e-11
   8.9843750000000000e-02  -5.6281729684557691e-01  -5.6281729682439274e-01   2.1184165532872612e-11
   9.7656250000000000e-02  -5.4325526496916465e-01  -5.4325526494742682e-01   2.1737833755253178e-11
   1.0546875000000000e-01  -5.1875663281539919e-01  -5.1875663279298412e-01   2.2415069800274523e-11
   1.1328125000000000e-01  -4.8926904468770699e-01  -4.8926904466452625e-01   2.3180735109207262e-11
   1.2109375000000000e-01  -4.5473410045065016e-01  -4.5473410042658835e-01   2.4061808101549786e-11
   1.2890625000000000e-01  -4.1511121683897051e-01  -4.1511121681387736e-01   2.5093149780275326e-11
   1.3671875000000000e-01  -3.7040251531256280e-01  -3.7040251528636148e-01   2.6201318892304926e-11
   1.4453125000000000e-01  -3.2067697303300985e-01  -3.2067697300565629e-01   2.7353563858412144e-11
   1.5234375000000000e-01  -2.6609210672368011e-01  -2.6609210669512856e-01   2.8551550013133919e-11
   1.6015625000000000e-01  -2.0691159807274875e-01  -2.0691159804307016e-01   2.9678592916582147e-11
   1.6796875000000000e-01  -1.4351750388882992e-01  -1.4351750385827217e-01   3.0557750774207193e-11
   1.7578125000000000e-01  -7.6416009072658567e-02  -7.6416009041481506e-02   3.1177060932918721e-11
   1.8359375000000000e-01  -6.2360561733422158e-03  -6.2360561418559292e-03   3.1486286668214181e-11
   1.9140625000000000e-01   6.6279400387112733e-02   6.6279400418431833e-02   3.1319100091131702e-11
   1.9921875000000000e-01   1.4028933809025768e-01   1.4028933812085725e-01   3.0599578426659946e-11
   2.0703125000000000e-01   2.1487721039554417e-01   2.1487721042480493e-01   2.9260760481264469e-11
   2.1484375000000000e-01   2.8907910465812597e-01   2.8907910468534542e-01   2.7219448917037425e-11
   2.2265625000000000e-01   3.6191619095139543e-01   3.6191619097581723e-01   2.4421797917284493e-11
   2.3046875000000000e-01   4.3242987230180580e-01   4.3242987232269819e-01   2.0892398922001121e-11
   2.3828125000000000e-01   4.9971786419161113e-01   4.9971786420838488e-01   1.6773749056397946e-11
   2.4609375000000000e-01   5.6296934216223804e-01   5.6296934217435768e-01   1.2119638626018059e-11
   2.5390625000000000e-01   6.2149730604260711e-01   6.2149730604959808e-01   6.9909633637621482e-12
   2.6171875000000000e-01   6.7476641793395797e-01   6.7476641793552294e-01   1.5649703755116207e-12
   2.6953125000000000e-01   7.2241477384031694e-01   7.2241477383639363e-01   3.9233061244203782e-12
   2.7734375000000000e-01   7.6426835611698229e-01   7.6426835610771804e-01   9.2642560289846188e-12
   2.8515625000000000e-01   8.0034727154701735e-01   8.0034727153273477e-01   1.4282575122592789e-11
   2.9296875000000000e-01   8.3086328967601231e-01   8.3086328965723977e-01   1.8772539078781847e-11
   3.0078125000000000e-01   8.5620863665486213e-01   8.5620863663228297e-01   2.2579160763314121e-11
   3.0859375000000000e-01   8.7693644770882240e-01   8.7693644768329626e-01   2.5526136759879137e-11
   3.1640625000000000e-01   8.9373371199810303e-01   8.9373371197059670e-01   2.7506330546600566e-11
   3.2421875000000000e-01   9.0738793308755816e-01   9.0738793305908449e-01   2.8473667867956465e-11
   3.3203125000000000e-01   9.1874905451174615e-01   9.1874905448331246e-01   2.8433699839069959e-11
   3.3984375000000000e-01   9.2868844445693166e-01   9.2868844442953657e-01   2.7395086199533125e-11
   3.4765625000000000e-01   9.3805688257514064e-01   9.3805688254974828e-01   2.5392354885411805e-11
   3.5546875000000000e-01   9.4764353735111340e-01   9.4764353732850404e-01   2.2609358829583925e-11
   3.6328125000000000e-01   9.5813786261636746e-01   9.5813786259717093e-01   1.9196533251886194e-11
   3.7109375000000000e-01   9.7009618167190870e-01   9.7009618165666511e-01   1.5243584172708324e-11
   3.7890625000000000e-01   9.8391447819839373e-01   9.8391447818748545e-01   1.0908274283849551e-11
   3.8671875000000000e-01   9.9980859125429866e-01   9.9980859124790422e-01   6.3944405326310516e-12
   3.9453125000000000e-01   1.0178026378662628e+00   1.0178026378643545e+00   1.9082513347257191e-12
   4.0234375000000000e-01   1.0377260841896128e+00   1.0377260841920091e+00   2.3963053763509379e-12
   4.1015625000000000e-01   1.0592194788776765e+00   1.0592194788840688e+00   6.3922200865818013e-12
   4.1796875000000000e-01   1.0817484729740030e+00   1.0817484729839553e+00   9.9522612373448283e-12
   4.2578125000000000e-01   1.1046253994223931e+00   1.1046253994353550e+00   1.2961853812498703e-11
   4.3359375000000000e-01   1.1270373881878026e+00   1.1270373882031126e+00   1.5309975509580909e-11
   4.4140625000000000e-01   1.1480797610227196e+00   1.1480797610396454e+00   1.6925794099620362e-11
   4.4921875000000000e-01   1.1667932887568873e+00   1.1667932887745978e+00   1.7710499733425422e-11
   4.5703125000000000e-01   1.1822038040565179e+00   1.1822038040741374e+00   1.7619461445406159e-11
   4.6484375000000000e-01   1.1933626397216182e+00   1.1933626397382926e+00   1.6674439606845226e-11
   4.7265625000000000e-01   1.1993863990244256e+00   1.1993863990393501e+00   1.4924506075431054e-11
   4.8046875000000000e-01   1.1994946503111794e+00   1.1994946503235349e+00   1.2355449996448442e-11
   4.8828125000000000e-01   1.1930442621610899e+00   1.1930442621700721e+00   8.9821483584273665e-12
   4.9609375000000000e-01   1.1795592472799683e+00   1.1795592472849121e+00   4.9438231286558221e-12
   5.0390625000000000e-01   1.1587551539223717e+00   1.1587551539227949e+00   4.2321701698710967e-13
   5.1171875000000000e-01   1.1305572260817343e+00   1.1305572260772583e+00   4.4759751460787811e-12
   5.1953125000000000e-01   1.0951117435287794e+00   1.0951117435191735e+00   9.6058716536617794e-12
   5.2734375000000000e-01   1.0527901478954806e+00   1.0527901478807267e+00   1.4753975818848630e-11
   5.3515625000000000e-01   1.0041857610464426e+00   1.0041857610267637e+00   1.9678925156085825e-11
   5.4296875000000000e-01   9.5010310752829219e-01   9.5010310750406024e-01   2.4231949780073592e-11
   5.5078125000000000e-01   8.9154006442671152e-01   8.9154006439848432e-01   2.8227198356489680e-11
   5.5859375000000000e-01   8.2966327886244673e-01   8.2966327883093727e-01   3.1509461706491493e-11
   5.6640625000000000e-01   7.6577751300969665e-01   7.6577751297577989e-01   3.3916758290786220e-11
   5.7421875000000000e-01   7.0128979374479428e-01   7.0128979370943023e-01   3.5364045025687574e-11
   5.8203125000000000e-01   6.3766945090123128e-01   6.3766945086542759e-01   3.5803693343439136e-11
   5.8984375000000000e-01   5.7640531420322028e-01   5.7640531416801211e-01   3.5208169713030202e-11
   5.9765625000000000e-01   5.1896149208351205e-01   5.1896149204993036e-01   3.3581692981954347e-11
   6.0546875000000000e-01   4.6673326289197825e-01   4.6673326286096867e-01   3.1009583789654016e-11
   6.1328125000000000e-01   4.2100465828588046e-01   4.2100465825827782e-01   2.7602642393986798e-11
   6.2109375000000000e-01   3.8290929984684630e-01   3.8290929982340338e-01   2.3442914276472493e-11
   6.2890625000000000e-01   3.5339595677380131e-01   3.5339595675514435e-01   1.8656964861918368e-11
   6.3671875000000000e-01   3.3320012321971920e-01   3.3320012320624037e-01   1.3478829163915407e-11
   6.4453125000000000e-01   3.2282267242047391e-01   3.2282267241241508e-01   8.0588313799978550e-12
   6.5234375000000000e-01   3.2251634101714527e-01   3.2251634101466170e-01   2.4835689060864752e-12
   6.6015625000000000e-01   3.3228044627398723e-01   3.3228044627703596e-01   3.0487279367719111e-12
   6.6796875000000000e-01   3.5186386130475439e-01   3.5186386131310698e-01   8.3525963923136715e-12
   6.7578125000000000e-01   3.8077589226777570e-01   3.8077589228108955e-01   1.3313850022456108e-11
   6.8359375000000000e-01   4.1830434154832236e-01   4.1830434156619362e-01   1.7871260027391145e-11
   6.9140625000000000e-01   4.6353972636684149e-01   4.6353972638877450e-01   2.1933010962982280e-11
   6.9921875000000000e-01   5.1540437445149800e-01   5.1540437447688969e-01   2.5391688751597030e-11
   7.0703125000000000e-01   5.7268495412701748e-01   5.7268495415521825e-01   2.8200775048503601e-11
   7.1484375000000000e-01   6.3406692586436553e-01   6.3406692589473246e-01   3.0366931191849744e-11
   7.2265625000000000e-01   6.9816942915175317e-01   6.9816942918358860e-01   3.1835423186521439e-11
   7.3046875000000000e-01   7.6357923790143434e-01   7.6357923793402671e-01   3.2592373244710870e-11
   7.3828125000000000e-01   8.2888261748565961e-01   8.2888261751833281e-01   3.2673197480903582e-11
   7.4609375000000000e-01   8.9269417843642240e-01   8.9269417846852672e-01   3.2104319203085652e-11
   8.7890625000000000e-01   8.8024289186624016e-01   8.8024289183305815e-01   3.3182012693089291e-11
   8.8671875000000000e-01   8.0127079830250481e-01   8.0127079826635095e-01   3.6153857685405910e-11
   8.9453125000000000e-01   7.1661085578128192e-01   7.1661085574287031e-01   3.8411607228283629e-11
   9.0234375000000000e-01   6.2738643015296103e-01   6.2738643011308659e-01   3.9874437085529735e-11
   9.1015625000000000e-01   5.3479541047932455e-01   5.3479541043881507e-01   4.0509484655615324e-11
   9.1796875000000000e-01   4.4008385461950772e-01   4.4008385457923133e-01   4.0276393331595273e-11
   9.2578125000000000e-01   3.4451690933058782e-01   3.4451690929144241e-01   3.9145409136409626e-11
   9.3359375000000000e-01   2.4934807229033831e-01   2.4934807225320352e-01   3.7134795238813467e-11
   9.4140625000000000e-01   1.5578807904361200e-01   1.5578807900929553e-01   3.4316466335226892e-11
   9.4921875000000000e-01   6.4974835778894971e-02   6.4974835748108695e-02   3.0786276306038474e-11
   9.5703125000000000e-01  -2.2054136240313486e-02  -2.2054136266995848e-02   2.6682361181640246e-11
   9.6484375000000000e-01  -1.0438533517587517e-01  -1.0438533519799426e-01   2.2119084341909456e-11
   9.7265625000000000e-01  -1.8124774095805463e-01  -1.8124774097533597e-01   1.7281343023256568e-11
   9.8046875000000000e-01  -2.5202510724335886e-01  -2.5202510725569172e-01   1.2332856957897320e-11
   9.8828125000000000e-01  -3.1626141724730611e-01  -3.1626141725473322e-01   7.4271144789861410e-12
   9.9609375000000000e-01  -3.7365922841094168e-01  -3.7365922841364935e-01   2.7076674236070630e-12
   7.5390625000000000e-01   9.5368212253232343e-01   9.5368212256327001e-01   3.0946578633006538e-11
   7.6171875000000000e-01   1.0105895903110120e+00   1.0105895903401823e+00   2.9170221793606288e-11
   7.6953125000000000e-01   1.0622521183791620e+00   1.0622521184059825e+00   2.6820545784289607e-11
   7.7734375000000000e-01   1.1076114755212618e+00   1.1076114755452093e+00   2.3947510641164627e-11
   7.8515625000000000e-01   1.1457263478902364e+00   1.1457263479108328e+00   2.0596413463636054e-11
   7.9296875000000000e-01   1.1757804707549890e+00   1.1757804707718367e+00   1.6847634398686751e-11
   8.0078125000000000e-01   1.1970888498051471e+00   1.1970888498178518e+00   1.2704726159995516e-11
   8.0859375000000000e-01   1.2091026790683208e+00   1.2091026790765580e+00   8.2371887089038864e-12
   8.1640625000000000e-01   1.2114134529351566e+00   1.2114134529386658e+00   3.5091929362351948e-12
   8.2421875000000000e-01   1.2037566013183527e+00   1.2037566013169905e+00   1.3622436512150671e-12
   8.3203125000000000e-01   1.1860147697230345e+00   1.1860147697166989e+00   6.3355987123259183e-12
   8.3984375000000000e-01   1.1582206436232207e+00   1.1582206436118627e+00   1.1358025631125201e-11
   8.4765625000000000e-01   1.1205590039844406e+00   1.1205590039681215e+00   1.6319168238965176e-11
   8.5546875000000000e-01   1.0733675220160057e+00   1.0733675219949317e+00   2.1074031408829796e-11
   8.6328125000000000e-01   1.0171356770686499e+00   1.0171356770431155e+00   2.5534463432563825e-11
   8.7109375000000000e-01   9.5250112773381701e-01   9.5250112770421125e-01   2.9605762286166737e-11
