#                  Coord.                Numerical               Analytical                    Error
   3.9062500000000000e-03  -7.7605421471161018e-01  -7.7605421461832513e-01   9.3285046354196766e-11
   1.1718750000000000e-02  -8.4703380649069715e-01  -8.4703380639565495e-01   9.5042196335271001e-11
   1.9531250000000000e-02  -9.1742886117121669e-01  -9.1742886107681709e-01   9.4399599248617960e-11
   2.7343750000000000e-02  -9.8603386808166793e-01  -9.8603386799060044e-01   9.1067486884810478e-11
   3.5156250000000000e-02  -1.0515672166623646e+00  -1.0515672165774992e+00   8.4865448002346966e-11
   4.2968750000000000e-02  -1.1127059905307179e+00  -1.1127059904550300e+00   7.5687900391585572e-11
   5.0781250000000000e-02  -1.1681251846918144e+00  -1.1681251846281910e+00   6.3623328827588921e-11
   5.8593750000000000e-02  -1.2165400236596637e+00  -1.2165400236108275e+00   4.8836268362606461e-11
   6.6406250000000000e-02  -1.2567497666888257e+00  -1.2567497666573366e+00   3.1489033602838390e-11
   7.4218750000000000e-02  -1.2876811670040516e+00  -1.2876811669921244e+00   1.1927125953548057e-11
   8.2031250000000000e-02  -1.3084296257817729e+00  -1.3084296257911012e+00   9.3283158975054903e-12
   8.9843750000000000e-02  -1.3182960642679813e+00  -1.3182960642996449e+00   3.1663560662309465e-11
   9.7656250000000000e-02  -1.3168176374514655e+00  -1.3168176375059206e+00   5.4455107090234378e-11
   1.0546875000000000e-01  -1.3037906307069631e+00  -1.3037906307840481e+00   7.7085005045773869e-11
   1.1328125000000000e-01  -1.2792842087362648e+00  -1.2792842088351262e+00   9.8861363539981539e-11
   1.2109375000000000e-01  -1.2436441075092335e+00  -1.2436441076282463e+00   1.1901279961534783e-10
   1.2890625000000000e-01  -1.1974858507745871e+00  -1.1974858509114292e+00   1.3684209321240814e-10
   1.3671875000000000e-01  -1.1416776031843254e+00  -1.1416776033361036e+00   1.5177814560729530e-10
   1.4453125000000000e-01  -1.0773133084955353e+00  -1.0773133086588842e+00   1.6334888996993868e-10
   1.5234375000000000e-01  -1.0056772687822619e+00  -1.0056772689533551e+00   1.7109313965590900e-10
   1.6015625000000000e-01  -9.2820176567794810e-01  -9.2820176585267322e-01   1.7472512325866774e-10
   1.6796875000000000e-01  -8.4641967804015783e-01  -8.4641967821425934e-01   1.7410151098573579e-10
   1.7578125000000000e-01  -7.6191428915807491e-01  -7.6191428932741279e-01   1.6933787705397663e-10
   1.8359375000000000e-01  -6.7626858598030604e-01  -6.7626858614094010e-01   1.6063406160782279e-10
   1.9140625000000000e-01  -5.9101632739142063e-01  -5.9101632753975109e-01   1.4833045902662434e-10
   1.9921875000000000e-01  -5.0759700247944428e-01  -5.0759700261237350e-01   1.3292922318441924e-10
   2.0703125000000000e-01  -4.2731652628762623e-01  -4.2731652640268064e-01   1.1505441044334930e-10
   2.1484375000000000e-01  -3.5131515086693760e-01  -3.5131515096229454e-01   9.5356944562752233e-11
   2.2265625000000000e-01  -2.8054363066898325e-01  -2.8054363074351146e-01   7.4528216931213365e-11
   2.3046875000000000e-01  -2.1574820426053948e-01  -2.1574820431379979e-01   5.3260312826708400e-11
   2.3828125000000000e-01  -1.5746447099621677e-01  -1.5746447102853176e-01   3.2314984022008275e-11
   2.4609375000000000e-01  -1.0601978233404674e-01  -1.0601978234633402e-01   1.2287282302736457e-11
   2.5390625000000000e-01  -6.1543360031850902e-02  -6.1543360025510828e-02   6.3400742988939385e-12
   2.6171875000000000e-01  -2.3983019247902172e-02  -2.3983019224777941e-02   2.3124231696147746e-11
   2.6953125000000000e-01   6.8728713237824948e-03   6.8728713615458896e-03   3.7763394841738851e-11
   2.7734375000000000e-01   3.1369709884105430e-02   3.1369709934223083e-02   5.0117653083159297e-11
   2.8515625000000000e-01   4.9958833058853180e-02   4.9958833118986717e-02   6.0133537038709051e-11
   2.9296875000000000e-01   6.3169071135803015e-02   6.3169071203668617e-02   6.7865602026984106e-11
   3.0078125000000000e-01   7.1579102226864574e-02   7.1579102300347808e-02   7.3483233387072744e-11
   3.0859375000000000e-01   7.5791839099206268e-02   7.5791839176471934e-02   7.7265666087455998e-11
   3.1640625000000000e-01   7.6411854596476980e-02   7.6411854675958166e-02   7.9481185522034536e-11
   3.2421875000000000e-01   7.4026595840865878e-02   7.4026595921347665e-02   8.0481787900765767e-11
   3.3203125000000000e-01   6.9191871415851341e-02   6.9191871496404725e-02   8.0553383408066281e-11
   3.3984375000000000e-01   6.2421835100143479e-02   6.2421835180158494e-02   8.0015015446743831e-11
   3.4765625000000000e-01   5.4183447177614898e-02   5.4183447256817667e-02   7.9202769343034163e-11
   3.5546875000000000e-01   4.4895179226364199e-02   4.4895179304723150e-02   7.8358951272061717e-11
   3.6328125000000000e-01   3.4929546466677446e-02   3.4929546544330732e-02   7.7653286578716063e-11
   3.7109375000000000e-01   2.4618905900366164e-02   2.4618905977593957e-02   7.7227793604528472e-11
   3.7890625000000000e-01   1.4263848629116321e-02   1.4263848706294416e-02   7.7178095511665212e-11
   3.8671875000000000e-01   4.1434390095077102e-03   4.1434390869938085e-03   7.7486098266910108e-11
   3.9453125000000000e-01  -5.4734913000043595e-03  -5.4734912218831174e-03   7.8121242114148615e-11
   4.0234375000000000e-01  -1.4316803116151685e-02  -1.4316803037140263e-02   7.9011422404740017e-11
   4.1015625000000000e-01  -2.2104063920628674e-02  -2.2104063840657603e-02   7.9971071431650387e-11
   4.1796875000000000e-01  -2.8530886112720467e-02  -2.8530886031981399e-02   8.0739068208934839e-11
   4.2578125000000000e-01  -3.3263306226630686e-02  -3.3263306145525452e-02   8.1105233640244023e-11
   4.3359375000000000e-01  -3.5932847403887455e-02  -3.5932847323087436e-02   8.0800019452986760e-11
   4.4140625000000000e-01  -3.6134810098532456e-02  -3.6134810018948547e-02   7.9583908907387979e-11
   4.4921875000000000e-01  -3.3430214851137653e-02  -3.3430214773976855e-02   7.7160798583886248e-11
   4.5703125000000000e-01  -2.7351675225908621e-02  -2.7351675152567652e-02   7.3340968714807886e-11
   4.6484375000000000e-01  -1.7413308958343768e-02  -1.7413308890542642e-02   6.7801125824829001e-11
   4.7265625000000000e-01  -3.1246030608655922e-03  -3.1246030005559347e-03   6.0309657441692810e-11
   4.8046875000000000e-01   1.5992061545812380e-02   1.5992061596558964e-02   5.0746584018268592e-11
   4.8828125000000000e-01   4.0380741312402137e-02   4.0380741351501048e-02   3.9098911608359543e-11
   4.9609375000000000e-01   7.0428854715850045e-02   7.0428854741250060e-02   2.5400015424281719e-11
   5.0390625000000000e-01   1.0644264851191085e-01   1.0644264852154461e-01   9.6337660071554865e-12
   5.1171875000000000e-01   1.4862233913053241e-01   1.4862233912257697e-01   7.9554418608296373e-12
   5.1953125000000000e-01   1.9703820754020074e-01   1.9703820751319398e-01   2.7006757941094861e-11
   5.2734375000000000e-01   2.5160901530922231e-01   2.5160901526215573e-01   4.7066572861353961e-11
   5.3515625000000000e-01   3.1208413043110989e-01   3.1208413036333948e-01   6.7770400402622499e-11
   5.4296875000000000e-01   3.7803069365635056e-01   3.7803069356783620e-01   8.8514362506231237e-11
   5.5078125000000000e-01   4.4882701390057189e-01   4.4882701379194595e-01   1.0862594157501348e-10
   5.5859375000000000e-01   5.2366315461115720e-01   5.2366315448369183e-01   1.2746537159102900e-10
   5.6640625000000000e-01   6.0154936783373758e-01   6.0154936768931855e-01   1.4441903228856745e-10
   5.7421875000000000e-01   6.8133266163753103e-01   6.8133266147867855e-01   1.5885248672020680e-10
   5.8203125000000000e-01   7.6172136814723224e-01   7.6172136797706147e-01   1.7017076636705042e-10
   5.8984375000000000e-01   8.4131713747549097e-01   8.4131713729759161e-01   1.7789936190837352e-10
   5.9765625000000000e-01   9.1865334482996264e-01   9.1865334464828163e-01   1.8168100357485173e-10
   6.0546875000000000e-01   9.9223849321991275e-01   9.9223849303865808e-01   1.8125467793339567e-10
   6.1328125000000000e-01   1.0606028512738204e+00   1.0606028510973562e+00   1.7646417660444058e-10
   6.2109375000000000e-01   1.1223463106539309e+00   1.1223463104865623e+00   1.6736856345289652e-10
   6.2890625000000000e-01   1.1761853013218517e+00   1.1761853011675465e+00   1.5430523525594708e-10
   6.3671875000000000e-01   1.2209965794130917e+00   1.2209965792755109e+00   1.3758083561299372e-10
   6.4453125000000000e-01   1.2558558072949184e+00   1.2558558071772212e+00   1.1769718533116702e-10
   6.5234375000000000e-01   1.2800690749888339e+00   1.2800690748934300e+00   9.5403906996693877e-11
   6.6015625000000000e-01   1.2931958539414923e+00   1.2931958538700605e+00   7.1431749404382572e-11
   6.6796875000000000e-01   1.2950623072498537e+00   1.2950623072033902e+00   4.6463499714377576e-11
   6.7578125000000000e-01   1.2857643772515650e+00   1.2857643772302358e+00   2.1329160659888657e-11
   6.8359375000000000e-01   1.2656605995957328e+00   1.2656605995988508e+00   3.1179503423572896e-12
   6.9140625000000000e-01   1.2353551180874029e+00   1.2353551181135036e+00   2.6100677175122655e-11
   6.9921875000000000e-01   1.1956718628774274e+00   1.1956718629245411e+00   4.7113646317598068e-11
   7.0703125000000000e-01   1.1476212752427202e+00   1.1476212753082553e+00   6.5535132875993440e-11
   7.1484375000000000e-01   1.0923612900575954e+00   1.0923612901384612e+00   8.0865758533832377e-11
   7.2265625000000000e-01   1.0311545041840535e+00   1.0311545042769383e+00   9.2884810953819397e-11
   7.3046875000000000e-01   9.6532355595192543e-01   9.6532355605344333e-01   1.0151790519330461e-10
   7.3828125000000000e-01   8.9620671708311850e-01   8.9620671718994205e-01   1.0682355000568577e-10
   7.4609375000000000e-01   8.2511556181125656e-01   8.2511556192009583e-01   1.0883927092919521e-10
   8.7890625000000000e-01  -1.5183612134883936e-02  -1.5183612137272788e-02   2.3888512695746655e-12
   8.8671875000000000e-01  -4.2965145462261836e-02  -4.2965145464399328e-02   2.1374915726291022e-12
   8.9453125000000000e-01  -7.1410396083623789e-02  -7.1410396084174654e-02   5.5086490924338705e-13
   9.0234375000000000e-01  -1.0116613756391583e-01  -1.0116613756156737e-01   2.3484686417774014e-12
   9.1015625000000000e-01  -1.3284586728323899e-01  -1.3284586727678810e-01   6.4508953734332408e-12
   9.1796875000000000e-01  -1.6701489160706684e-01  -1.6701489159538702e-01   1.1679823774812803e-11
   9.2578125000000000e-01  -2.0417522618878928e-01  -2.0417522617078895e-01   1.8000323454003819e-11
   9.3359375000000000e-01  -2.4475029515293636e-01  -2.4475029512764260e-01   2.5293767080825091e-11
   9.4140625000000000e-01  -2.8906955235725568e-01  -2.8906955232395354e-01   3.3302138824353733e-11
   9.4921875000000000e-01  -3.3735330680756731e-01  -3.3735330676569442e-01   4.1872894041006248e-11
   9.5703125000000000e-01  -3.8969819894918989e-01  -3.8969819889837976e-01   5.0810133878087527e-11
   9.6484375000000000e-01  -4.4606393006503492e-01  -4.4606393000522437e-01   5.9810545405269977e-11
   9.7265625000000000e-01  -5.0626197807688578e-01  -5.0626197800835249e-01   6.8533290153993676e-11
   9.8046875000000000e-01  -5.6994712499652644e-01  -5.6994712491992328e-01   7.6603168253086551e-11
   9.8828125000000000e-01  -6.3661266111079029e-01  -6.3661266102712288e-01   8.3667406336473960e-11
   9.9609375000000000e-01  -7.0559010845400949e-01  -7.0559010836465030e-01   8.9359186716819750e-11
   7.5390625000000000e-01   7.5329634406086166e-01   7.5329634416875468e-01   1.0789302784530719e-10
   7.6171875000000000e-01   6.8189640382968975e-01   6.8189640393404560e-01   1.0435585728885144e-10
   7.6953125000000000e-01   6.1193656378815509e-01   6.1193656388673323e-01   9.8578145646399662e-11
   7.7734375000000000e-01   5.4429009379055726e-01   5.4429009388153482e-01   9.0977558819815840e-11
   7.8515625000000000e-01   4.7966844132602232e-01   4.7966844140807102e-01   8.2048701166570481e-11
   7.9296875000000000e-01   4.1861357439521646e-01   4.1861357446750835e-01   7.2291894692710912e-11
   8.0078125000000000e-01   3.6149648034482085e-01   3.6149648040690952e-01   6.2088667540649567e-11
   8.0859375000000000e-01   3.0852112507861423e-01   3.0852112513038998e-01   5.1775750353755257e-11
   8.1640625000000000e-01   2.5973301114782033e-01   2.5973301118961867e-01   4.1798342564902669e-11
   8.2421875000000000e-01   2.1503138378900394e-01   2.1503138382143938e-01   3.2435443220180105e-11
   8.3203125000000000e-01   1.7418411854222363e-01   1.7418411856612165e-01   2.3898022449841960e-11
   8.3984375000000000e-01   1.3684437509648406e-01   1.3684437511283132e-01   1.6347256881488192e-11
   8.4765625000000000e-01   1.0256820785349600e-01   1.0256820786346151e-01   9.9655006469134833e-12
   8.5546875000000000e-01   7.0832469873772383e-02   7.0832469878656823e-02   4.8844400746261840e-12
   8.6328125000000000e-01   4.1052517249001719e-02   4.1052517250143930e-02   1.1422113255221689e-12
   8.7109375000000000e-01   1.2599399028147593e-02   1.2599399026871240e-02   1.2763522877490274e-12
