#                  Coord.                Numerical               Analytical                    Error
   3.9062500000000000e-03   6.8059113180016428e-01   6.8059113198343757e-01   1.8327328543676913e-10
   1.1718750000000000e-02   6.3695733776303531e-01   6.3695733794465537e-01   1.8162005233079981e-10
   1.9531250000000000e-02   5.9435609750724094e-01   5.9435609768274245e-01   1.7550150221978811e-10
   2.7343750000000000e-02   5.5364977052411124e-01   5.5364977068922627e-01   1.6511503275751238e-10
   3.5156250000000000e-02   5.1562356343070470e-01   5.1562356358153261e-01   1.5082790572051863e-10
   4.2968750000000000e-02   4.8095577006774243e-01   4.8095577020092367e-01   1.3318124381100915e-10
   5.0781250000000000e-02   4.5019028062586519e-01   4.5019028073866635e-01   1.1280115730372131e-10
   5.8593750000000000e-02   4.2371290274556245e-01   4.2371290283607804e-01   9.0515595019269313e-11
   6.6406250000000000e-02   4.0173294700902679e-01   4.0173294707626128e-01   6.7234495748635936e-11
   7.4218750000000000e-02   3.8427133591691676e-01   3.8427133596087987e-01   4.3963110929468030e-11
   8.2031250000000000e-02   3.7115620929133442e-01   3.7115620931300181e-01   2.1667390104340711e-11
   8.9843750000000000e-02   3.6202663711142841e-01   3.6202663711274558e-01   1.3171685964152857e-12
   9.7656250000000000e-02   3.5634463586529697e-01   3.5634463584915776e-01   1.6139201086673438e-11
   1.0546875000000000e-01   3.5341524339540031e-01   3.5341524336543562e-01   2.9964697390028050e-11
   1.1328125000000000e-01   3.5241396871041381e-01   3.5241396867099067e-01   3.9423131426019609e-11
   1.2109375000000000e-01   3.5242052594786782e-01   3.5242052590376916e-01   4.4098669160774762e-11
   1.2890625000000000e-01   3.5245741194119151e-01   3.5245741189748375e-01   4.3707759633804244e-11
   1.3671875000000000e-01   3.5153161685358830e-01   3.5153161681535516e-01   3.8233138877075135e-11
   1.4453125000000000e-01   3.4867758356312389e-01   3.4867758353544065e-01   2.7683244585574585e-11
   1.5234375000000000e-01   3.4299946361323352e-01   3.4299946360071559e-01   1.2517931136102334e-11
   1.6015625000000000e-01   3.3371075795557098e-01   3.3371075796215455e-01   6.5835670248759470e-12
   1.6796875000000000e-01   3.2016957449551497e-01   3.2016957452441808e-01   2.8903102133881475e-11
   1.7578125000000000e-01   3.0190796999543301e-01   3.0190797004902359e-01   5.3590576420958769e-11
   1.8359375000000000e-01   2.7865415397603249e-01   2.7865415405571897e-01   7.9686479637075536e-11
   1.9140625000000000e-01   2.5034669554504108e-01   2.5034669565107048e-01   1.0602940747617140e-10
   1.9921875000000000e-01   2.1714026687190116e-01   2.1714026700335703e-01   1.3145587396401481e-10
   2.0703125000000000e-01   1.7940285512229048e-01   1.7940285527724800e-01   1.5495751903848998e-10
   2.1484375000000000e-01   1.3770475519978226e-01   1.3770475537536656e-01   1.7558429710184953e-10
   2.2265625000000000e-01   9.2799998690171248e-02   9.2799998882550652e-02   1.9237940407368370e-10
   2.3046875000000000e-01   4.5601164258697209e-02   4.5601164463245053e-02   2.0454784394052794e-10
   2.3828125000000000e-01  -2.8512592644445137e-03  -2.8512590528159366e-03   2.1162857707576754e-10
   2.4609375000000000e-01  -5.1423629078550769e-02  -5.1423628865281325e-02   2.1326944377175749e-10
   2.5390625000000000e-01  -9.8926608408732936e-02  -9.8926608199417412e-02   2.0931552324743308e-10
   2.6171875000000000e-01  -1.4415389238990065e-01  -1.4415389219014416e-01   1.9975648912762267e-10
   2.6953125000000000e-01  -1.8592079669298894e-01  -1.8592079650807772e-01   1.8491122522057424e-10
   2.7734375000000000e-01  -2.2310138772128144e-01  -2.2310138755608427e-01   1.6519716150575903e-10
   2.8515625000000000e-01  -2.5466295154006374e-01  -2.5466295139887823e-01   1.4118550772934668e-10
   2.9296875000000000e-01  -2.7969674299526365e-01  -2.7969674288178054e-01   1.1348311179659731e-10
   3.0078125000000000e-01  -2.9744411780322577e-01  -2.9744411772031848e-01   8.2907292142664346e-11
   3.0859375000000000e-01  -3.0731732202319312e-01  -3.0731732197282069e-01   5.0372428450629059e-11
   3.1640625000000000e-01  -3.0891439099870188e-01  -3.0891439098198120e-01   1.6720680395820864e-11
   3.2421875000000000e-01  -3.0202779163824228e-01  -3.0202779165545801e-01   1.7215728842501221e-11
   3.3203125000000000e-01  -2.8664662764569337e-01  -2.8664662769634036e-01   5.0646986604618860e-11
   3.3984375000000000e-01  -2.6295241777501627e-01  -2.6295241785767159e-01   8.2655327027225667e-11
   3.4765625000000000e-01  -2.3130865304032044e-01  -2.3130865315287613e-01   1.1255568699297669e-10
   3.5546875000000000e-01  -1.9224453958370954e-01  -1.9224453972341238e-01   1.3970283263553540e-10
   3.6328125000000000e-01  -1.4643353706925830e-01  -1.4643353723272282e-01   1.6346451969795339e-10
   3.7109375000000000e-01  -9.4667502865531786e-02  -9.4667503048900120e-02   1.8336833440546485e-10
   3.7890625000000000e-01  -3.7827441882609017e-02  -3.7827442081769566e-02   1.9916054916357950e-10
   3.8671875000000000e-01   2.3147969867959115e-02   2.3147969657322024e-02   2.1063709110258344e-10
   3.9453125000000000e-01   8.7294785596243790e-02   8.7294785378500508e-02   2.1774328173851387e-10
   4.0234375000000000e-01   1.5365572230607155e-01   1.5365572208558101e-01   2.2049054249073663e-10
   4.1015625000000000e-01   2.2131021234975842e-01   2.2131021213066188e-01   2.1909654646101728e-10
   4.1796875000000000e-01   2.8940119694780031e-01   2.8940119673382142e-01   2.1397889016228078e-10
   4.2578125000000000e-01   3.5715740530240525e-01   3.5715740509676658e-01   2.0563867275669168e-10
   4.3359375000000000e-01   4.2391005945687921e-01   4.2391005926222725e-01   1.9465196121615236e-10
   4.4140625000000000e-01   4.8910321501735526e-01   4.8910321483574576e-01   1.8160950521206587e-10
   4.4921875000000000e-01   5.5229728055876448e-01   5.5229728039158255e-01   1.6718193496245703e-10
   4.5703125000000000e-01   6.1316563727443518e-01   6.1316563712240713e-01   1.5202805681013842e-10
   4.6484375000000000e-01   6.7148468335530564e-01   6.7148468321855326e-01   1.3675238719201843e-10
   4.7265625000000000e-01   7.2711802915563983e-01   7.2711802903367706e-01   1.2196277321407933e-10
   4.8046875000000000e-01   7.7999594206285450e-01   7.7999594195477462e-01   1.0807987838035160e-10
   4.8828125000000000e-01   8.3009145713425825e-01   8.3009145703890297e-01   9.5355279228215295e-11
   4.9609375000000000e-01   8.7739480659228686e-01   8.7739480650837909e-01   8.3907769621305306e-11
   5.0390625000000000e-01   9.2188795850613825e-01   9.2188795843235249e-01   7.3785755283495291e-11
   5.1171875000000000e-01   9.6352107927028352e-01   9.6352107920554597e-01   6.4737548655102728e-11
   5.1953125000000000e-01   1.0021926404575969e+00   1.0021926404010966e+00   5.6500359946198841e-11
   5.2734375000000000e-01   1.0377346813692845e+00   1.0377346813205619e+00   4.8722581524884845e-11
   5.3515625000000000e-01   1.0699044256334351e+00   1.0699044255925505e+00   4.0884629015636165e-11
   5.4296875000000000e-01   1.0983830526916889e+00   1.0983830526592113e+00   3.2477576183964629e-11
   5.5078125000000000e-01   1.1227819684317613e+00   1.1227819684087590e+00   2.3002266757998768e-11
   5.5859375000000000e-01   1.1426564334525313e+00   1.1426564334403753e+00   1.2156053941225764e-11
   5.6640625000000000e-01   1.1575259245470038e+00   1.1575259245473675e+00   3.6370906286720128e-13
   5.7421875000000000e-01   1.1669001568196631e+00   1.1669001568344866e+00   1.4823475780190165e-11
   5.8203125000000000e-01   1.1703093097561386e+00   1.1703093097873749e+00   3.1236346842433704e-11
   5.8984375000000000e-01   1.1673367052821879e+00   1.1673367053315546e+00   4.9366732923772361e-11
   5.9765625000000000e-01   1.1576519978711293e+00   1.1576519979400171e+00   6.8887784365756488e-11
   6.0546875000000000e-01   1.1410428671742916e+00   1.1410428672637205e+00   8.9428908722766209e-11
   6.1328125000000000e-01   1.1174432556108944e+00   1.1174432557212552e+00   1.1036083158444399e-10
   6.2109375000000000e-01   1.0869563621438407e+00   1.0869563622747294e+00   1.3088863326515821e-10
   6.2890625000000000e-01   1.0498708771192322e+00   1.0498708772694136e+00   1.5018142285327940e-10
   6.3671875000000000e-01   1.0066693034395162e+00   1.0066693036070511e+00   1.6753487486198537e-10
   6.4453125000000000e-01   9.5802763365101451e-01   9.5802763383316136e-01   1.8214685315598445e-10
   6.5234375000000000e-01   9.0480611489298746e-01   9.0480611508623843e-01   1.9325097078137787e-10
   6.6015625000000000e-01   8.4803130691232231e-01   8.4803130711253139e-01   2.0020907154361112e-10
   6.6796875000000000e-01   7.8887009570056521e-01   7.8887009590298784e-01   2.0242263421010875e-10
   6.7578125000000000e-01   7.2859674185761547e-01   7.2859674205723390e-01   1.9961843289451053e-10
   6.8359375000000000e-01   6.6855439679804052e-01   6.6855439698962260e-01   1.9158208353076134e-10
   6.9140625000000000e-01   6.1011279382205497e-01   6.1011279400037521e-01   1.7832024745700892e-10
   6.9921875000000000e-01   5.5462400216369878e-01   5.5462400232369347e-01   1.5999468416794116e-10
   7.0703125000000000e-01   5.0337821295283192e-01   5.0337821308979769e-01   1.3696577205735139e-10
   7.1484375000000000e-01   4.5756150453207933e-01   4.5756150464181838e-01   1.0973905117950267e-10
   7.2265625000000000e-01   4.1821741400139512e-01   4.1821741408045821e-01   7.9063089408748510e-11
   7.3046875000000000e-01   3.8621393046279856e-01   3.8621393050854541e-01   4.5746850751982038e-11
   7.3828125000000000e-01   3.6221723595952826e-01   3.6221723597006411e-01   1.0535849970239042e-11
   7.4609375000000000e-01   3.4667316917348845e-01   3.4667316914792590e-01   2.5562552075086842e-11
   8.7890625000000000e-01   9.0451168804716209e-01   9.0451168788680270e-01   1.6035939243153052e-10
   8.8671875000000000e-01   9.3307295076937247e-01   9.3307295063391871e-01   1.3545375932011439e-10
   8.9453125000000000e-01   9.5592063217807055e-01   9.5592063206905986e-01   1.0901068936419733e-10
   9.0234375000000000e-01   9.7268428465720003e-01   9.7268428457573730e-01   8.1462725454173324e-11
   9.1015625000000000e-01   9.8311256164866212e-01   9.8311256159543192e-01   5.3230198027165443e-11
   9.1796875000000000e-01   9.8707310091792677e-01   9.8707310089322375e-01   2.4703017409422046e-11
   9.2578125000000000e-01   9.8455208861913923e-01   9.8455208862282795e-01   3.6887159993170826e-12
   9.3359375000000000e-01   9.7565359381951133e-01   9.7565359385106598e-01   3.1554647783593737e-11
   9.4140625000000000e-01   9.6059853705007692e-01   9.6059853710852083e-01   5.8443916373107641e-11
   9.4921875000000000e-01   9.3972294728063321e-01   9.3972294736452899e-01   8.3895779212639354e-11
   9.5703125000000000e-01   9.1347499338918270e-01   9.1347499349664174e-01   1.0745904166498121e-10
   9.6484375000000000e-01   8.8241016895883218e-01   8.8241016908749292e-01   1.2866074872164290e-10
   9.7265625000000000e-01   8.4718397773526688e-01   8.4718397788231981e-01   1.4705292539218817e-10
   9.8046875000000000e-01   8.0854151893859427e-01   8.0854151910068972e-01   1.6209544817513688e-10
   9.8828125000000000e-01   7.6730350665360236e-01   7.6730350682692872e-01   1.7332635326994250e-10
   9.9609375000000000e-01   7.2434846764321437e-01   7.2434846782368079e-01   1.8046641958591181e-10
   7.5390625000000000e-01   3.3979699425532611e-01   3.3979699419374254e-01   6.1583571575596352e-11
   7.6171875000000000e-01   3.4157164453387562e-01   3.4157164443732158e-01   9.6554042539054308e-11
   7.6953125000000000e-01   3.5175420116009315e-01   3.5175420103043981e-01   1.2965334361680902e-10
   7.7734375000000000e-01   3.6988998271279594e-01   3.6988998255278194e-01   1.6001400204856964e-10
   7.8515625000000000e-01   3.9533328474952301e-01   3.9533328456259448e-01   1.8692852821189376e-10
   7.9296875000000000e-01   4.2727353684703429e-01   4.2727353663728890e-01   2.0974538772478013e-10
   8.0078125000000000e-01   4.6476545354375604e-01   4.6476545331573887e-01   2.2801716070830480e-10
   8.0859375000000000e-01   5.0676165447453980e-01   5.0676165423308606e-01   2.4145374588613322e-10
   8.1640625000000000e-01   5.5214622176659900e-01   5.5214622151672876e-01   2.4987023561351407e-10
   8.2421875000000000e-01   5.9976774705537972e-01   5.9976774680203893e-01   2.5334079278849231e-10
   8.3203125000000000e-01   6.4847058757554787e-01   6.4847058732363527e-01   2.5191260188961451e-10
   8.3984375000000000e-01   6.9712328611738539e-01   6.9712328587151096e-01   2.4587443192558567e-10
   8.4765625000000000e-01   7.4464339371788746e-01   7.4464339348227748e-01   2.3560997597371625e-10
   8.5546875000000000e-01   7.9001824375454655e-01   7.9001824353307326e-01   2.2147328415655920e-10
   8.6328125000000000e-01   8.3232153682867172e-01   8.3232153662479069e-01   2.0388102317525636e-10
   8.7109375000000000e-01   8.7072588287975194e-01   8.7072588269643159e-01   1.8332035889301324e-10
