#                  Coord.                Numerical               Analytical                    Error
   3.9062500000000000e-03  -6.4684637872835404e-01  -6.4684637871238282e-01   1.5971224343047652e-11
   1.1718750000000000e-02  -7.0432255033203717e-01  -7.0432255030831603e-01   2.3721136166443557e-11
   1.9531250000000000e-02  -7.6380215446091615e-01  -7.6380215442956978e-01   3.1346369944174057e-11
   2.7343750000000000e-02  -8.2470408750583324e-01  -8.2470408746716795e-01   3.8665293189410477e-11
   3.5156250000000000e-02  -8.8634672895480793e-01  -8.8634672890942234e-01   4.5385584179769012e-11
   4.2968750000000000e-02  -9.4795814310238269e-01  -9.4795814305111981e-01   5.1262882827529666e-11
   5.0781250000000000e-02  -1.0086874631551213e+00  -1.0086874630989606e+00   5.6160631700663544e-11
   5.8593750000000000e-02  -1.0676176391202192e+00  -1.0676176390603032e+00   5.9916072103760598e-11
   6.6406250000000000e-02  -1.1237797794598370e+00  -1.1237797793976354e+00   6.2201577222253945e-11
   7.4218750000000000e-02  -1.1761693192523515e+00  -1.1761693191895894e+00   6.2762017805084724e-11
   8.2031250000000000e-02  -1.2237642022851836e+00  -1.2237642022237438e+00   6.1439742182756163e-11
   8.9843750000000000e-02  -1.2655451726631957e+00  -1.2655451726050975e+00   5.8098192923239367e-11
   9.7656250000000000e-02  -1.3005181382941944e+00  -1.3005181382415734e+00   5.2621018653553620e-11
   1.0546875000000000e-01  -1.3277384023826773e+00  -1.3277384023377794e+00   4.4897863205051181e-11
   1.1328125000000000e-01  -1.3463363709288505e+00  -1.3463363708939442e+00   3.4906300072634622e-11
   1.2109375000000000e-01  -1.3555441474082235e+00  -1.3555441473854279e+00   2.2795543230813564e-11
   1.2890625000000000e-01  -1.3547222349115799e+00  -1.3547222349028643e+00   8.7156948325173289e-12
   1.3671875000000000e-01  -1.3433853962697835e+00  -1.3433853962768927e+00   7.1092021158847274e-12
   1.4453125000000000e-01  -1.3212265890163355e+00  -1.3212265890407024e+00   2.4366952899868011e-11
   1.5234375000000000e-01  -1.2881378082134913e+00  -1.2881378082561235e+00   4.2632120056396161e-11
   1.6015625000000000e-01  -1.2442266478253745e+00  -1.2442266478868318e+00   6.1457283706545240e-11
   1.6796875000000000e-01  -1.1898274390728043e+00  -1.1898274391530059e+00   8.0201623120501608e-11
   1.7578125000000000e-01  -1.1255059468004385e+00  -1.1255059468986726e+00   9.8234087531068326e-11
   1.8359375000000000e-01  -1.0520568025341335e+00  -1.0520568026491184e+00   1.1498491048200776e-10
   1.9140625000000000e-01  -9.7049312080491978e-01  -9.7049312093485862e-01   1.2993883746759138e-10
   1.9921875000000000e-01  -8.8202807348433343e-01  -8.8202807362678415e-01   1.4245071788820951e-10
   2.0703125000000000e-01  -7.8804857032472686e-01  -7.8804857047665100e-01   1.5192413993503351e-10
   2.1484375000000000e-01  -6.9008159319103224e-01  -6.9008159334899344e-01   1.5796119967603772e-10
   2.2265625000000000e-01  -5.8975413367748220e-01  -5.8975413383774788e-01   1.6026568960825216e-10
   2.3046875000000000e-01  -4.8874806382863345e-01  -4.8874806398728482e-01   1.5865136981929595e-10
   2.3828125000000000e-01  -3.8875160189917579e-01  -3.8875160205215259e-01   1.5297679789583185e-10
   2.4609375000000000e-01  -2.9140929515455416e-01  -2.9140929529792603e-01   1.4337186993174100e-10
   2.5390625000000000e-01  -1.9827260849125775e-01  -1.9827260862131921e-01   1.3006146160066123e-10
   2.6171875000000000e-01  -1.1075326499611171e-01  -1.1075326510953980e-01   1.1342808636793933e-10
   2.6953125000000000e-01  -3.0081422874443285e-02  -3.0081422968399312e-02   9.3956026986363739e-11
   2.7734375000000000e-01   4.2729409450457306e-02   4.2729409378154941e-02   7.2302365483611908e-11
   2.8515625000000000e-01   1.0690911545949330e-01   1.0690911541038348e-01   4.9109827315874099e-11
   2.9296875000000000e-01   1.6194816242963839e-01   1.6194816240457871e-01   2.5059676556082877e-11
   3.0078125000000000e-01   2.0760451063561966e-01   2.0760451063465230e-01   9.6736507693151452e-13
   3.0859375000000000e-01   2.4390003195941171e-01   2.4390003198184487e-01   2.2433166435575913e-11
   3.1640625000000000e-01   2.7110677163948299e-01   2.7110677168397740e-01   4.4494408157902399e-11
   3.2421875000000000e-01   2.8972391124252228e-01   2.8972391130714858e-01   6.4626304308035287e-11
   3.3203125000000000e-01   3.0044676435345746e-01   3.0044676443575385e-01   8.2296391923364354e-11
   3.3984375000000000e-01   3.0412952857926617e-01   3.0412952867640203e-01   9.7135854915109121e-11
   3.4765625000000000e-01   3.0174380350128183e-01   3.0174380361023173e-01   1.0894990465359911e-10
   3.5546875000000000e-01   2.9433504698141305e-01   2.9433504709900615e-01   1.1759310192260841e-10
   3.6328125000000000e-01   2.8297917335182676e-01   2.8297917347492990e-01   1.2310313879382306e-10
   3.7109375000000000e-01   2.6874139750530091e-01   2.6874139763094324e-01   1.2564232987344326e-10
   3.7890625000000000e-01   2.5263920891975622e-01   2.5263920904527670e-01   1.2552048289649065e-10
   3.8671875000000000e-01   2.3561103752581866e-01   2.3561103764889207e-01   1.2307341257233873e-10
   3.9453125000000000e-01   2.1849177390820471e-01   2.1849177402690007e-01   1.1869535909703188e-10
   4.0234375000000000e-01   2.0199585883390125e-01   2.0199585894674824e-01   1.1284698175906271e-10
   4.1015625000000000e-01   1.8670819266434321e-01   1.8670819277034695e-01   1.0600373356872694e-10
   4.1796875000000000e-01   1.7308266441281225e-01   1.7308266451139945e-01   9.8587193964050357e-11
   4.2578125000000000e-01   1.6144769074476473e-01   1.6144769083570629e-01   9.0941559838242370e-11
   4.3359375000000000e-01   1.5201780995112540e-01   1.5201781003449377e-01   8.3368367764791174e-11
   4.4140625000000000e-01   1.4491011148460345e-01   1.4491011156062450e-01   7.6021050565699966e-11
   4.4921875000000000e-01   1.4016410767106291e-01   1.4016410774011748e-01   6.9054567619630802e-11
   4.5703125000000000e-01   1.3776357322209096e-01   1.3776357328463931e-01   6.2548355383995613e-11
   4.6484375000000000e-01   1.3765888613246249e-01   1.3765888618892322e-01   5.6460724984219723e-11
   4.7265625000000000e-01   1.3978849086437378e-01   1.3978849091498993e-01   5.0616150160109896e-11
   4.8046875000000000e-01   1.4409825770501472e-01   1.4409825774982213e-01   4.4807407784119846e-11
   4.8828125000000000e-01   1.5055771465399514e-01   1.5055771469283993e-01   3.8844788496916749e-11
   4.9609375000000000e-01   1.5917236312746241e-01   1.5917236316005670e-01   3.2594288379428349e-11
   5.0390625000000000e-01   1.6999153978382192e-01   1.6999153980957854e-01   2.5756619059791319e-11
   5.1171875000000000e-01   1.8311153937059224e-01   1.8311153938864921e-01   1.8056972583835318e-11
   5.1953125000000000e-01   1.9867395584594150e-01   1.9867395585535802e-01   9.4165231168119590e-12
   5.2734375000000000e-01   2.1685942242283557e-01   2.1685942242261153e-01   2.2404300636935659e-13
   5.3515625000000000e-01   2.3787712999795368e-01   2.3787712998693814e-01   1.1015549583603956e-11
   5.4296875000000000e-01   2.6195067477952849e-01   2.6195067475655409e-01   2.2974400160080677e-11
   5.5078125000000000e-01   2.8930092903574672e-01   2.8930092899974852e-01   3.5998204417353463e-11
   5.5859375000000000e-01   3.2012674428974797e-01   3.2012674423986676e-01   4.9881210273383658e-11
   5.6640625000000000e-01   3.5458438503420886e-01   3.5458438496979033e-01   6.4418526068976689e-11
   5.7421875000000000e-01   3.9276665394453519e-01   3.9276665386510479e-01   7.9430406696445743e-11
   5.8203125000000000e-01   4.3468270667050374e-01   4.3468270657588154e-01   9.4622198965055304e-11
   5.8984375000000000e-01   4.8023956453186384e-01   4.8023956442233046e-01   1.0953338236419086e-10
   5.9765625000000000e-01   5.2922631467998793e-01   5.2922631455619640e-01   1.2379153258024189e-10
   6.0546875000000000e-01   5.8130193652354512e-01   5.8130193638653960e-01   1.3700551804163297e-10
   6.1328125000000000e-01   6.3598760713544999e-01   6.3598760698676926e-01   1.4868073439089358e-10
   6.2109375000000000e-01   6.9266421401750677e-01   6.9266421385909960e-01   1.5840717626502965e-10
   6.2890625000000000e-01   7.5057563923038539e-01   7.5057563906457958e-01   1.6580581352343415e-10
   6.3671875000000000e-01   8.0883817470702479e-01   8.0883817453656459e-01   1.7046020150957020e-10
   6.4453125000000000e-01   8.6645618743811970e-01   8.6645618726606988e-01   1.7204981883622850e-10
   6.5234375000000000e-01   9.2234388121050970e-01   9.2234388104021114e-01   1.7029855303718477e-10
   6.6015625000000000e-01   9.7535270816781250e-01   9.7535270800275542e-01   1.6505707911562695e-10
   6.6796875000000000e-01   1.0243036814323718e+00   1.0243036812760768e+00   1.5629497696068029e-10
   6.7578125000000000e-01   1.0680235450179674e+00   1.0680235448740267e+00   1.4394063718725647e-10
   6.8359375000000000e-01   1.1053834869566306e+00   1.1053834868284573e+00   1.2817324979153000e-10
   6.9140625000000000e-01   1.1353388545639060e+00   1.1353388544546326e+00   1.0927347915412611e-10
   6.9921875000000000e-01   1.1569681652400587e+00   1.1569681651524570e+00   8.7601703668838127e-11
   7.0703125000000000e-01   1.1695096183742673e+00   1.1695096183106484e+00   6.3618887935490420e-11
   7.1484375000000000e-01   1.1723933165590590e+00   1.1723933165211080e+00   3.7950975695366651e-11
   7.2265625000000000e-01   1.1652675053711821e+00   1.1652675053599484e+00   1.1233680652367184e-11
   7.3046875000000000e-01   1.1480173424043929e+00   1.1480173424201985e+00   1.5805579067773579e-11
   7.3828125000000000e-01   1.1207750033185542e+00   1.1207750033610109e+00   4.2456704818505386e-11
   7.4609375000000000e-01   1.0839203137146025e+00   1.0839203137824707e+00   6.7868155539940744e-11
   8.7890625000000000e-01  -1.1437044884436982e-02  -1.1437044856741140e-02   2.7695842147457128e-11
   8.8671875000000000e-01  -5.3088368603603005e-02  -5.3088368590383163e-02   1.3219841887845973e-11
   8.9453125000000000e-01  -9.1302358577609696e-02  -9.1302358577007456e-02   6.0224047970791617e-13
   9.0234375000000000e-01  -1.2675878206661126e-01  -1.2675878207647057e-01   9.8593078146080870e-12
   9.1015625000000000e-01  -1.6021173368114461e-01  -1.6021173369920244e-01   1.8057833006679402e-11
   9.1796875000000000e-01  -1.9245418030071454e-01  -1.9245418032469006e-01   2.3975516016960796e-11
   9.2578125000000000e-01  -2.2428365161423952e-01  -2.2428365164188743e-01   2.7647911737815889e-11
   9.3359375000000000e-01  -2.5647039004638494e-01  -2.5647039007560690e-01   2.9221958186553820e-11
   9.4140625000000000e-01  -2.8972898862612789e-01  -2.8972898865501800e-01   2.8890112524493361e-11
   9.4921875000000000e-01  -3.2469423055340246e-01  -3.2469423058031371e-01   2.6911251005401482e-11
   9.5703125000000000e-01  -3.6190152576893592e-01  -3.6190152579234053e-01   2.3404611582122925e-11
   9.6484375000000000e-01  -4.0177204170526171e-01  -4.0177204172391850e-01   1.8656798328464674e-11
   9.7265625000000000e-01  -4.4460236778872969e-01  -4.4460236780164403e-01   1.2914336267044746e-11
   9.8046875000000000e-01  -4.9055835123701680e-01  -4.9055835124340191e-01   6.3851146592242003e-12
   9.8828125000000000e-01  -5.3967260438033238e-01  -5.3967260437957010e-01   7.6227912870763248e-13
   9.9609375000000000e-01  -5.9184511406578222e-01  -5.9184511405753271e-01   8.2495121844772257e-12
   7.5390625000000000e-01   1.0380715423259321e+00   1.0380715424172102e+00   9.1278096192581870e-11
   7.6171875000000000e-01   9.8406647923789226e-01   9.8406647934997793e-01   1.1208567407550163e-10
   7.6953125000000000e-01   9.2293442416630767e-01   9.2293442429599659e-01   1.2968892626474826e-10
   7.7734375000000000e-01   8.5586019333932550e-01   8.5586019348289522e-01   1.4356971167472921e-10
   7.8515625000000000e-01   7.8414168807230045e-01   7.8414168822560915e-01   1.5330869906904354e-10
   7.9296875000000000e-01   7.0914292463459139e-01   7.0914292479344931e-01   1.5885792681302746e-10
   8.0078125000000000e-01   6.3224467880971535e-01   6.3224467896992564e-01   1.6021028947932336e-10
   8.0859375000000000e-01   5.5479503142709818e-01   5.5479503158452270e-01   1.5742451786593392e-10
   8.1640625000000000e-01   4.7806210292444645e-01   4.7806210307517982e-01   1.5073337022997180e-10
   8.2421875000000000e-01   4.0319113455230182e-01   4.0319113469292883e-01   1.4062701003680900e-10
   8.3203125000000000e-01   3.3116781932945466e-01   3.3116781945716789e-01   1.2771322888127656e-10
   8.3984375000000000e-01   2.6278942428584379e-01   2.6278942439842828e-01   1.1258449728046571e-10
   8.4765625000000000e-01   1.9864480144316252e-01   1.9864480153907602e-01   9.5913499364996824e-11
   8.5546875000000000e-01   1.3910388862128475e-01   1.3910388869967136e-01   7.8386602764268787e-11
   8.6328125000000000e-01   8.4316786074844038e-02   8.4316786135615718e-02   6.0771679355475783e-11
   8.7109375000000000e-01   3.4221995380481020e-02   3.4221995424177615e-02   4.3696594953512857e-11
