#                  Coord.                Numerical               Analytical                    Error
   3.9062500000000000e-03   1.8383168782735268e-01   1.8383168781638784e-01   1.0964840146954202e-11
   1.1718750000000000e-02   1.9706931858531263e-01   1.9706931857615942e-01   9.1532059709464875e-12
   1.9531250000000000e-02   2.1149099517547940e-01   2.1149099516861208e-01   6.8673122743945214e-12
   2.7343750000000000e-02   2.2760349108105055e-01   2.2760349107688019e-01   4.1703585029750911e-12
   3.5156250000000000e-02   2.4589037277296746e-01   2.4589037277186324e-01   1.1042278202921807e-12
   4.2968750000000000e-02   2.6679967074498229e-01   2.6679967074719829e-01   2.2160051571518125e-12
   5.0781250000000000e-02   2.9073127783878971e-01   2.9073127784455749e-01   5.7677751463813820e-12
   5.8593750000000000e-02   3.1802397800476867e-01   3.1802397801429566e-01   9.5269903077621620e-12
   6.6406250000000000e-02   3.4894215271751816e-01   3.4894215273091211e-01   1.3393952613682814e-11
   7.4218750000000000e-02   3.8366237590424374e-01   3.8366237592148533e-01   1.7241597038974987e-11
   8.2031250000000000e-02   4.2226027615997125e-01   4.2226027618101031e-01   2.1039059383554104e-11
   8.9843750000000000e-02   4.6469820171706766e-01   4.6469820174184173e-01   2.4774071682998056e-11
   9.7656250000000000e-02   5.1081435442715439e-01   5.1081435445552226e-01   2.8367863613709687e-11
   1.0546875000000000e-01   5.6031415093786130e-01   5.6031415096955905e-01   3.1697755531467919e-11
   1.1328125000000000e-01   6.1276461181703246e-01   6.1276461185172781e-01   3.4695357697955842e-11
   1.2109375000000000e-01   6.6759256517476595e-01   6.6759256521204646e-01   3.7280512010795519e-11
   1.2890625000000000e-01   7.2408737644902044e-01   7.2408737648835753e-01   3.9337089141611159e-11
   1.3671875000000000e-01   7.8140878032958538e-01   7.8140878037037731e-01   4.0791925393079964e-11
   1.4453125000000000e-01   8.3860019807165331e-01   8.3860019811318720e-01   4.1533887440436956e-11
   1.5234375000000000e-01   8.9460768131748536e-01   8.9460768135895186e-01   4.1466496902842209e-11
   1.6015625000000000e-01   9.4830434325149837e-01   9.4830434329203261e-01   4.0534242629064465e-11
   1.6796875000000000e-01   9.9851983391727894e-01   9.9851983395598043e-01   3.8701486460013257e-11
   1.7578125000000000e-01   1.0440741058791378e+00   1.0440741059150804e+00   3.5942582243819743e-11
   1.8359375000000000e-01   1.0838144179575206e+00   1.0838144179897944e+00   3.2273739236643451e-11
   1.9140625000000000e-01   1.1166542581295955e+00   1.1166542581573367e+00   2.7741142716308786e-11
   1.9921875000000000e-01   1.1416126511060753e+00   1.1416126511285225e+00   2.2447155245686190e-11
   2.0703125000000000e-01   1.1578521691626300e+00   1.1578521691791444e+00   1.6514345446694279e-11
   2.1484375000000000e-01   1.1647139011440069e+00   1.1647139011541179e+00   1.0111023129866226e-11
   2.2265625000000000e-01   1.1617476645831115e+00   1.1617476645865605e+00   3.4490188483005113e-12
   2.3046875000000000e-01   1.1487358746894514e+00   1.1487358746861811e+00   3.2702729413358611e-12
   2.3828125000000000e-01   1.1257097105408547e+00   1.1257097105310128e+00   9.8419050686970877e-12
   2.4609375000000000e-01   1.0929565355710193e+00   1.0929565355549558e+00   1.6063594898696465e-11
   2.5390625000000000e-01   1.0510179222356630e+00   1.0510179222139047e+00   2.1758372881208743e-11
   2.6171875000000000e-01   1.0006780793770422e+00   1.0006780793503318e+00   2.6710411660246791e-11
   2.6953125000000000e-01   9.4294296010248280e-01   9.4294296007175016e-01   3.0732638656161271e-11
   2.7734375000000000e-01   8.7901080926612407e-01   8.7901080923234454e-01   3.3779534724942550e-11
   2.8515625000000000e-01   8.1023536262710227e-01   8.1023536259131523e-01   3.5787039998069758e-11
   2.9296875000000000e-01   7.3808330475437589e-01   7.3808330471762595e-01   3.6749936427327157e-11
   3.0078125000000000e-01   6.6408790287837027e-01   6.6408790284169872e-01   3.6671554681788621e-11
   3.0859375000000000e-01   5.8980093724161331e-01   5.8980093720601201e-01   3.5601299686049970e-11
   3.1640625000000000e-01   5.1674512997456568e-01   5.1674512994091637e-01   3.3649305564154020e-11
   3.2421875000000000e-01   4.4636922720858863e-01   4.4636922717764288e-01   3.0945745965738070e-11
   3.3203125000000000e-01   3.8000771506478492e-01   3.8000771503713671e-01   2.7648217049147661e-11
   3.3984375000000000e-01   3.1884686033274146e-01   3.1884686030883552e-01   2.3905932788892414e-11
   3.4765625000000000e-01   2.6389838036359536e-01   2.6389838034373975e-01   1.9855617150454918e-11
   3.5546875000000000e-01   2.1598159010424262e-01   2.1598159008855364e-01   1.5688977894612322e-11
   3.6328125000000000e-01   1.7571437833199202e-01   1.7571437832044970e-01   1.1542322653212977e-11
   3.7109375000000000e-01   1.4351286351234377e-01   1.4351286350480111e-01   7.5426609402740041e-12
   3.7890625000000000e-01   1.1959910563604861e-01   1.1959910563224412e-01   3.8044983829976786e-12
   3.8671875000000000e-01   1.0401583448010097e-01   1.0401583447968596e-01   4.1501524439269133e-13
   3.9453125000000000e-01   9.6646822478904854e-02   9.6646822481508257e-02   2.6034036038069530e-12
   4.0234375000000000e-01   9.7241300338710257e-02   9.7241300343910861e-02   5.2006038364638130e-12
   4.1015625000000000e-01   1.0544069606769593e-01   1.0544069607497826e-01   7.2823275187872127e-12
   4.1796875000000000e-01   1.2080597496189348e-01   1.2080597497074015e-01   8.8466733938474817e-12
   4.2578125000000000e-01   1.4284396263843330e-01   1.4284396264839469e-01   9.9613928217223702e-12
   4.3359375000000000e-01   1.7103123139836462e-01   1.7103123140903020e-01   1.0665579530666491e-11
   4.4140625000000000e-01   2.0483440216014009e-01   2.0483440217113558e-01   1.0995482302433857e-11
   4.4921875000000000e-01   2.4372603621130390e-01   2.4372603622232170e-01   1.1017797785228822e-11
   4.5703125000000000e-01   2.8719563770059942e-01   2.8719563771137857e-01   1.0779155346085645e-11
   4.6484375000000000e-01   3.3475563427008048e-01   3.3475563428045596e-01   1.0375478254331938e-11
   4.7265625000000000e-01   3.8594252710755089e-01   3.8594252711745636e-01   9.9054653368568779e-12
   4.8046875000000000e-01   4.4031368460693682e-01   4.4031368461639880e-01   9.4619867496703591e-12
   4.8828125000000000e-01   4.9744048244970435e-01   4.9744048245881595e-01   9.1116003630986597e-12
   4.9609375000000000e-01   5.5689865949427675e-01   5.5689865950313477e-01   8.8580254242742740e-12
   5.0390625000000000e-01   6.1825686105188471e-01   6.1825686106067057e-01   8.7858609276736388e-12
   5.1171875000000000e-01   6.8106438144592152e-01   6.8106438145484249e-01   8.9209750697705203e-12
   5.1953125000000000e-01   7.4483910255325492e-01   7.4483910256252905e-01   9.2741370139037826e-12
   5.2734375000000000e-01   8.0905656328028186e-01   8.0905656329004150e-01   9.7596375425723636e-12
   5.3515625000000000e-01   8.7314099689586766e-01   8.7314099690620961e-01   1.0341949518988258e-11
   5.4296875000000000e-01   9.3645904913763589e-01   9.3645904914865696e-01   1.1021072943151466e-11
   5.5078125000000000e-01   9.9831674933898495e-01   9.9831674935068915e-01   1.1704193170203325e-11
   5.5859375000000000e-01   1.0579601570691786e+00   1.0579601570814710e+00   1.2292389328649733e-11
   5.6640625000000000e-01   1.1145799533988892e+00   1.1145799534115686e+00   1.2679413075034063e-11
   5.7421875000000000e-01   1.1673200922257057e+00   1.1673200922385050e+00   1.2799317161693580e-11
   5.8203125000000000e-01   1.2152904746332709e+00   1.2152904746458424e+00   1.2571499397040498e-11
   5.8984375000000000e-01   1.2575834582919334e+00   1.2575834583038794e+00   1.1945999744966684e-11
   5.9765625000000000e-01   1.2932938642207512e+00   1.2932938642316301e+00   1.0878853373696984e-11
   6.0546875000000000e-01   1.3215419948961580e+00   1.3215419949054643e+00   9.3063334816179122e-12
   6.1328125000000000e-01   1.3414990318145039e+00   1.3414990318217352e+00   7.2313266485934946e-12
   6.2109375000000000e-01   1.3524140398854332e+00   1.3524140398900657e+00   4.6325165925509282e-12
   6.2890625000000000e-01   1.3536416750553615e+00   1.3536416750569253e+00   1.5638601524869955e-12
   6.3671875000000000e-01   1.3446695768801871e+00   1.3446695768782071e+00   1.9799717421165042e-12
   6.4453125000000000e-01   1.3251443375791192e+00   1.3251443375732075e+00   5.9117155615240335e-12
   6.5234375000000000e-01   1.2948948826696973e+00   1.2948948826595712e+00   1.0126122163001128e-11
   6.6015625000000000e-01   1.2539520850939927e+00   1.2539520850794814e+00   1.4511281065665571e-11
   6.6796875000000000e-01   1.2025634734990776e+00   1.2025634734801269e+00   1.8950618851931722e-11
   6.7578125000000000e-01   1.1412019928511647e+00   1.1412019928278607e+00   2.3304025376091886e-11
   6.8359375000000000e-01   1.0705679357187636e+00   1.0705679356913409e+00   2.7422730752846292e-11
   6.9140625000000000e-01   9.9158338537384216e-01   9.9158338534271606e-01   3.1126101696088426e-11
   6.9921875000000000e-01   9.0537879282265477e-01   9.0537879278837186e-01   3.4282909844307596e-11
   7.0703125000000000e-01   8.1327163963218452e-01   8.1327163959546178e-01   3.6722735963223840e-11
   7.1484375000000000e-01   7.1673750284411997e-01   7.1673750280580550e-01   3.8314462713628927e-11
   7.2265625000000000e-01   6.1737421900746703e-01   6.1737421896850186e-01   3.8965164428361732e-11
   7.3046875000000000e-01   5.1686021978050756e-01   5.1686021974189933e-01   3.8608227725944744e-11
   7.3828125000000000e-01   4.1690845809613203e-01   4.1690845805885235e-01   3.7279679343527050e-11
   7.4609375000000000e-01   3.1921763772204864e-01   3.1921763768707928e-01   3.4969360740433331e-11
   8.7890625000000000e-01  -1.6316073889838714e-01  -1.6316073888208937e-01   1.6297768690165526e-11
   8.8671875000000000e-01  -1.3324058979876696e-01  -1.3324058978460218e-01   1.4164780459680060e-11
   8.9453125000000000e-01  -1.0242347064925054e-01  -1.0242347063760189e-01   1.1648654263396452e-11
   9.0234375000000000e-01  -7.1581271892973086e-02  -7.1581271884126441e-02   8.8466456382718661e-12
   9.1015625000000000e-01  -4.1454825857362057e-02  -4.1454825851522888e-02   5.8391694257586835e-12
   9.1796875000000000e-01  -1.2641448679664760e-02  -1.2641448676918333e-02   2.7464263502308128e-12
   9.2578125000000000e-01   1.4410922927326885e-02   1.4410922927023650e-02   3.0323486777117381e-13
   9.3359375000000000e-01   3.9403570456119225e-02   3.9403570452924322e-02   3.1949026757516208e-12
   9.4140625000000000e-01   6.2181628943006238e-02   6.2181628937137509e-02   5.8687291137893283e-12
   9.4921875000000000e-01   8.2724504050971134e-02   8.2724504042730157e-02   8.2409773449754198e-12
   9.5703125000000000e-01   1.0113312978670240e-01   1.0113312977649000e-01   1.0212400369802310e-11
   9.6484375000000000e-01   1.1761511256938378e-01   1.1761511255768148e-01   1.1702305791061463e-11
   9.7265625000000000e-01   1.3246871774966321e-01   1.3246871773700819e-01   1.2655015924067925e-11
   9.8046875000000000e-01   1.4606650452169687e-01   1.4606650450861683e-01   1.3080037053470051e-11
   9.8828125000000000e-01   1.5883922415054463e-01   1.5883922413758889e-01   1.2955747585863264e-11
   9.9609375000000000e-01   1.7126038604642066e-01   1.7126038603416660e-01   1.2254058878724550e-11
   7.5390625000000000e-01   2.2542267791501339e-01   2.2542267788331902e-01   3.1694369351242813e-11
   7.6171875000000000e-01   1.3704646992875921e-01   1.3704646990116368e-01   2.7595536966629197e-11
   7.6953125000000000e-01   5.5454999715027792e-02   5.5454999692138698e-02   2.2889093398426041e-11
   7.7734375000000000e-01  -1.8182185817753171e-02  -1.8182185835448339e-02   1.7695168247344739e-11
   7.8515625000000000e-01  -8.2924402644810769e-02  -8.2924402657029134e-02   1.2218365208482851e-11
   7.9296875000000000e-01  -1.3808369377010254e-01  -1.3808369377680679e-01   6.7042482676527015e-12
   8.0078125000000000e-01  -1.8323908965594346e-01  -1.8323908965733707e-01   1.3936074516607277e-12
   8.0859375000000000e-01  -2.1824069271218832e-01  -2.1824069270857796e-01   3.6103620093541622e-12
   8.1640625000000000e-01  -2.4320352283339119e-01  -2.4320352282530067e-01   8.0905282473509033e-12
   8.2421875000000000e-01  -2.5849157562151215e-01  -2.5849157560961483e-01   1.1897316465336871e-11
   8.3203125000000000e-01  -2.6469303203062572e-01  -2.6469303201567868e-01   1.4947043602830945e-11
   8.3984375000000000e-01  -2.6258798627580116e-01  -2.6258798625863805e-01   1.7163104271133989e-11
   8.4765625000000000e-01  -2.5311040053014894e-01  -2.5311040051162226e-01   1.8526680189978606e-11
   8.5546875000000000e-01  -2.3730622896619993e-01  -2.3730622894714198e-01   1.9057949662837359e-11
   8.6328125000000000e-01  -2.1628976676083672e-01  -2.1628976674201039e-01   1.8826329384324936e-11
   8.7109375000000000e-01  -1.9120026740431001e-01  -1.9120026738641505e-01   1.7894963288966892e-11
