#                  Coord.                Numerical               Analytical                    Error
   3.9062500000000000e-03   7.2193643222148740e-04   7.2193643242281832e-04   2.0133092241969575e-13
   1.1718750000000000e-02   5.6218173722691496e-04   5.6218173738781241e-04   1.6089744554054208e-13
   1.9531250000000000e-02   4.5969836007430466e-04   4.5969836021572837e-04   1.4142371084976957e-13
   2.7343750000000000e-02   3.9516930403317452e-04   3.9516930417096306e-04   1.3778854359575154e-13
   3.5156250000000000e-02   3.5203572404805561e-04   3.5203572419012817e-04   1.4207255163989352e-13
   4.2968750000000000e-02   3.1742026783549787e-04   3.1742026798031053e-04   1.4481265579041613e-13
   5.0781250000000000e-02   2.8296617717254541e-04   2.8296617731223841e-04   1.3969299892183096e-13
   5.8593750000000000e-02   2.4531994476062810e-04   2.4531994488667918e-04   1.2605107929664072e-13
   6.6406250000000000e-02   2.0607776948062208e-04   2.0607776958753141e-04   1.0690932731108327e-13
   7.4218750000000000e-02   1.7114928227233468e-04   1.7114928236149201e-04   8.9157332775272047e-14
   8.2031250000000000e-02   1.4963685932301956e-04   1.4963685940081557e-04   7.7796005314850758e-14
   8.9843750000000000e-02   1.5245286934195877e-04   1.5245286942366948e-04   8.1710706993989857e-14
   9.7656250000000000e-02   1.9097262244542658e-04   1.9097262255337373e-04   1.0794715273564071e-13
   1.0546875000000000e-01   2.7603124023499025e-04   2.7603124039609879e-04   1.6110853970352501e-13
   1.1328125000000000e-01   4.1751715105522899e-04   4.1751715129893503e-04   2.4370604275944507e-13
   1.2109375000000000e-01   6.2470782800057377e-04   6.2470782835681517e-04   3.5624140356377287e-13
   1.2890625000000000e-01   9.0736070428863941e-04   9.0736070478759836e-04   4.9895894707607802e-13
   1.3671875000000000e-01   1.2774448588610836e-03   1.2774448595336881e-03   6.7260455018092191e-13
   1.4453125000000000e-01   1.7513053316374416e-03   1.7513053325205060e-03   8.8306445489294561e-13
   1.5234375000000000e-01   2.3520107327434482e-03   2.3520107338818865e-03   1.1384383019619193e-12
   1.6015625000000000e-01   3.1116517012174348e-03   3.1116517026605604e-03   1.4431255669633547e-12
   1.6796875000000000e-01   4.0734243781372749e-03   4.0734243799490141e-03   1.8117391267780114e-12
   1.7578125000000000e-01   5.2934300030057779e-03   5.2934300052687334e-03   2.2629554480291247e-12
   1.8359375000000000e-01   6.8422239923297155e-03   6.8422239951380446e-03   2.8083290901093072e-12
   1.9140625000000000e-01   8.8062310532390116e-03   8.8062310567041269e-03   3.4651153474341001e-12
   1.9921875000000000e-01   1.1289188922062749e-02   1.1289188926314760e-02   4.2520102022658435e-12
   2.0703125000000000e-01   1.4413783917786400e-02   1.4413783922968194e-02   5.1817942298137964e-12
   2.1484375000000000e-01   1.8323599052587826e-02   1.8323599058854213e-02   6.2663867150813957e-12
   2.2265625000000000e-01   2.3185421229467679e-02   2.3185421237005524e-02   7.5378453479046925e-12
   2.3046875000000000e-01   2.9191864606468752e-02   2.9191864615506859e-02   9.0381070683154263e-12
   2.3828125000000000e-01   3.6564179894686626e-02   3.6564179905460070e-02   1.0773444636402729e-11
   2.4609375000000000e-01   4.5555048454396591e-02   4.5555048467187331e-02   1.2790740688828350e-11
   2.5390625000000000e-01   5.6451114118325686e-02   5.6451114133450331e-02   1.5124644592301451e-11
   2.6171875000000000e-01   6.9574986727639551e-02   6.9574986745432055e-02   1.7792503581581798e-11
   2.6953125000000000e-01   8.5286455797947899e-02   8.5286455818722864e-02   2.0774965081571395e-11
   2.7734375000000000e-01   1.0398267338728356e-01   1.0398267341134103e-01   2.4057464353965941e-11
   2.8515625000000000e-01   1.2609709401976116e-01   1.2609709404740457e-01   2.7643415334566157e-11
   2.9296875000000000e-01   1.5209698974421273e-01   1.5209698977570033e-01   3.1487590312906377e-11
   3.0078125000000000e-01   1.8247938637019304e-01   1.8247938640575320e-01   3.5560165922987608e-11
   3.0859375000000000e-01   2.1776529242131967e-01   2.1776529246114520e-01   3.9825531761294997e-11
   3.1640625000000000e-01   2.5849211820700851e-01   2.5849211825125362e-01   4.4245107577722820e-11
   3.2421875000000000e-01   3.0520421332270936e-01   3.0520421337150383e-01   4.8794468465729324e-11
   3.3203125000000000e-01   3.5844149189549557e-01   3.5844149194895158e-01   5.3456017390374200e-11
   3.3984375000000000e-01   4.1872617000909179e-01   4.1872617006726826e-01   5.8176463646475440e-11
   3.4765625000000000e-01   4.8654771093148913e-01   4.8654771099433464e-01   6.2845506576536536e-11
   3.5546875000000000e-01   5.6234616044329266e-01   5.6234616051065367e-01   6.7361005662291973e-11
   3.6328125000000000e-01   6.4649415362681273e-01   6.4649415369841357e-01   7.1600836371032983e-11
   3.7109375000000000e-01   7.3927798074197093e-01   7.3927798081738560e-01   7.5414674505225321e-11
   3.7890625000000000e-01   8.4087820667998514e-01   8.4087820675849023e-01   7.8505091316571907e-11
   3.8671875000000000e-01   9.5135043864361835e-01   9.5135043872449720e-01   8.0878859165522954e-11
   3.9453125000000000e-01   1.0706069227945416e+00   1.0706069228769668e+00   8.2425177794220872e-11
   4.0234375000000000e-01   1.1983997157327029e+00   1.1983997158155899e+00   8.2887030572464937e-11
   4.1015625000000000e-01   1.3343062147747249e+00   1.3343062148568527e+00   8.2127860068226255e-11
   4.1796875000000000e-01   1.4777178371184008e+00   1.4777178371986490e+00   8.0248252487535865e-11
   4.2578125000000000e-01   1.6278326084640988e+00   1.6278326085412707e+00   7.7171824486299556e-11
   4.3359375000000000e-01   1.7836523543516185e+00   1.7836523544242768e+00   7.2658323801988445e-11
   4.4140625000000000e-01   1.9439850818763376e+00   1.9439850819431093e+00   6.6771699280820940e-11
   4.4921875000000000e-01   2.1074529969303732e+00   2.1074529969900118e+00   5.9638516347604309e-11
   4.5703125000000000e-01   2.2725064260146719e+00   2.2725064260659238e+00   5.1251891619585876e-11
   4.6484375000000000e-01   2.4374437073874407e+00   2.4374437074290611e+00   4.1620484836357718e-11
   4.7265625000000000e-01   2.6004368912360465e+00   2.6004368912668205e+00   3.0774049974979789e-11
   4.8046875000000000e-01   2.7595628518715585e+00   2.7595628518904074e+00   1.8848922422876058e-11
   4.8828125000000000e-01   2.9128391772681890e+00   2.9128391772741540e+00   5.9650062667060411e-12
   4.9609375000000000e-01   3.0582639741719952e+00   3.0582639741644146e+00   7.5806028121405689e-12
   5.0390625000000000e-01   3.1938585223579277e+00   3.1938585223363800e+00   2.1547652551134888e-11
   5.1171875000000000e-01   3.3177115409083657e+00   3.3177115408728395e+00   3.5526248609585309e-11
   5.1953125000000000e-01   3.4280237029887060e+00   3.4280237029393859e+00   4.9320103556738104e-11
   5.2734375000000000e-01   3.5231509620454493e+00   3.5231509619828785e+00   6.2570837400244272e-11
   5.3515625000000000e-01   3.6016452377600854e+00   3.6016452376852426e+00   7.4842798625240903e-11
   5.4296875000000000e-01   3.6622910576264998e+00   3.6622910575405987e+00   8.5901064039717312e-11
   5.5078125000000000e-01   3.7041368596298048e+00   3.7041368595341955e+00   9.5609298256249531e-11
   5.5859375000000000e-01   3.7265198297777165e+00   3.7265198296738844e+00   1.0383205406583329e-10
   5.6640625000000000e-01   3.7290833685179141e+00   3.7290833684076716e+00   1.1024248181001894e-10
   5.7421875000000000e-01   3.7117865427794556e+00   3.7117865426644823e+00   1.1497336416255166e-10
   5.8203125000000000e-01   3.6749051734894089e+00   3.6749051733712763e+00   1.1813261480142501e-10
   5.8984375000000000e-01   3.6190245181788465e+00   3.6190245180592102e+00   1.1963630086597732e-10
   5.9765625000000000e-01   3.5450238199695225e+00   3.5450238198502566e+00   1.1926593046496237e-10
   6.0546875000000000e-01   3.4540532929901988e+00   3.4540532928729304e+00   1.1726841719905678e-10
   6.1328125000000000e-01   3.3475043860241223e+00   3.3475043859100713e+00   1.1405099087369308e-10
   6.2109375000000000e-01   3.2269743984212593e+00   3.2269743983117971e+00   1.0946221706831238e-10
   6.2890625000000000e-01   3.0942267047647807e+00   3.0942267046613154e+00   1.0346523637849714e-10
   6.3671875000000000e-01   2.9511479700257097e+00   2.9511479699293579e+00   9.6351815415118836e-11
   6.4453125000000000e-01   2.7997038007230501e+00   2.7997038006346520e+00   8.8398177666704214e-11
   6.5234375000000000e-01   2.6418942790017810e+00   2.6418942789220070e+00   7.9773965211415998e-11
   6.6015625000000000e-01   2.4797107678833887e+00   2.4797107678126782e+00   7.0710548527586070e-11
   6.6796875000000000e-01   2.3150952625759604e+00   2.3150952625146077e+00   6.1352700697625551e-11
   6.7578125000000000e-01   2.1499034025507462e+00   2.1499034024987642e+00   5.1981974280579379e-11
   6.8359375000000000e-01   1.9858720619820014e+00   1.9858720619391659e+00   4.2835512914507490e-11
   6.9140625000000000e-01   1.8245922133116259e+00   1.8245922132775565e+00   3.4069413956672179e-11
   6.9921875000000000e-01   1.6674875219694998e+00   1.6674875219436647e+00   2.5835111827632318e-11
   7.0703125000000000e-01   1.5157988914258482e+00   1.5157988914075364e+00   1.8311796523562407e-11
   7.1484375000000000e-01   1.3705749478664546e+00   1.3705749478549079e+00   1.1546763545311478e-11
   7.2265625000000000e-01   1.2326682427287692e+00   1.2326682427231965e+00   5.5726534498035107e-12
   7.3046875000000000e-01   1.1027367673327850e+00   1.1027367673323132e+00   4.7184478546569153e-13
   7.3828125000000000e-01   9.8125022312533750e-01   9.8125022312918087e-01   3.8433700666473669e-12
   7.4609375000000000e-01   8.6850037769468102e-01   8.6850037770205768e-01   7.3766548425169276e-12
   8.7890625000000000e-01   4.8180689221854284e-02   4.8180689228010110e-02   6.1558258490634898e-12
   8.8671875000000000e-01   3.8747117634181420e-02   3.8747117639455105e-02   5.2736842670597639e-12
   8.9453125000000000e-01   3.1001965637369046e-02   3.1001965641838360e-02   4.4693138079310302e-12
   9.0234375000000000e-01   2.4680152087057188e-02   2.4680152090812930e-02   3.7557422449818745e-12
   9.1015625000000000e-01   1.9548704404140190e-02   1.9548704407283637e-02   3.1434473080071967e-12
   9.1796875000000000e-01   1.5404831013746218e-02   1.5404831016380937e-02   2.6347188319952863e-12
   9.2578125000000000e-01   1.2073918619293973e-02   1.2073918621497320e-02   2.2033468799476097e-12
   9.3359375000000000e-01   9.4074814691295430e-03   9.4074814709654182e-03   1.8358752018610147e-12
   9.4140625000000000e-01   7.2810318307749448e-03   7.2810318323015119e-03   1.5265670672004461e-12
   9.4921875000000000e-01   5.5918093843146275e-03   5.5918093855790432e-03   1.2644156555108310e-12
   9.5703125000000000e-01   4.2563101337488264e-03   4.2563101347842377e-03   1.0354113400001808e-12
   9.6484375000000000e-01   3.2075931634279239e-03   3.2075931642556194e-03   8.2769555098671788e-13
   9.7265625000000000e-01   2.3924079126017117e-03   2.3924079132482488e-03   6.4653707734785293e-13
   9.8046875000000000e-01   1.7682596828169741e-03   1.7682596833094473e-03   4.9247324968026973e-13
   9.8828125000000000e-01   1.3005963850652505e-03   1.3005963854302942e-03   3.6504371574153094e-13
   9.9609375000000000e-01   9.6033491334596166e-04   9.6033491361423491e-04   2.6827325083633724e-13
   7.5390625000000000e-01   7.6461476249772475e-01   7.6461476250788052e-01   1.0155765117758619e-11
   7.6171875000000000e-01   6.6957293271763196e-01   6.6957293272991003e-01   1.2278067451632069e-11
   7.6953125000000000e-01   5.8322451026663169e-01   5.8322451028039568e-01   1.3763989947790378e-11
   7.7734375000000000e-01   5.0530826325081002e-01   5.0530826326558753e-01   1.4777512546970684e-11
   7.8515625000000000e-01   4.3547153337339306e-01   4.3547153338870809e-01   1.5315027024342953e-11
   7.9296875000000000e-01   3.7328940002678279e-01   3.7328940004220235e-01   1.5419554522111412e-11
   8.0078125000000000e-01   3.1828305923663358e-01   3.1828305925183703e-01   1.5203449610368125e-11
   8.0859375000000000e-01   2.6993699065628501e-01   2.6993699067108906e-01   1.4804046877259225e-11
   8.1640625000000000e-01   2.2771458105761885e-01   2.2771458107180154e-01   1.4182682805952140e-11
   8.2421875000000000e-01   1.9107196439815063e-01   1.9107196441149893e-01   1.3348294691795104e-11
   8.3203125000000000e-01   1.5946992449090017e-01   1.5946992450327133e-01   1.2371159652246888e-11
   8.3984375000000000e-01   1.3238378605454121e-01   1.3238378606588805e-01   1.1346840134152103e-11
   8.4765625000000000e-01   1.0931129396212703e-01   1.0931129397241640e-01   1.0289366580984449e-11
   8.5546875000000000e-01   8.9778549472985261e-02   8.9778549482211686e-02   9.2264251794205165e-12
   8.6328125000000000e-01   7.3344135980718567e-02   7.3344135988888892e-02   8.1703255272458364e-12
   8.7109375000000000e-01   5.9601623690038061e-02   5.9601623697172521e-02   7.1344596896949497e-12
