#                  Coord.                Numerical               Analytical                    Error
   3.9062500000000000e-03   1.5525548751933007e+00   1.5525548751998053e+00   6.5045746566738671e-12
   1.1718750000000000e-02   1.6501199214209896e+00   1.6501199214194981e+00   1.4914736112814353e-12
   1.9531250000000000e-02   1.7414045523636408e+00   1.7414045523536776e+00   9.9631414229861548e-12
   2.7343750000000000e-02   1.8246162830156769e+00   1.8246162829970030e+00   1.8673951274195133e-11
   3.5156250000000000e-02   1.8981275096865404e+00   1.8981275096591270e+00   2.7413404879439440e-11
   4.2968750000000000e-02   1.9605104774010460e+00   1.9605104773650059e+00   3.6040059825381832e-11
   5.0781250000000000e-02   2.0105654298083948e+00   2.0105654297639441e+00   4.4450665370732168e-11
   5.8593750000000000e-02   2.0473429725010677e+00   2.0473429724487540e+00   5.2313708920337376e-11
   6.6406250000000000e-02   2.0701615343637392e+00   2.0701615343043014e+00   5.9437788024752081e-11
   7.4218750000000000e-02   2.0786205038298142e+00   2.0786205037642129e+00   6.5601302168261100e-11
   8.2031250000000000e-02   2.0726092177496471e+00   2.0726092176789659e+00   7.0681238639735966e-11
   8.9843750000000000e-02   2.0523115553998061e+00   2.0523115553252240e+00   7.4582118259058916e-11
   9.7656250000000000e-02   2.0182054960148323e+00   2.0182054959375466e+00   7.7285733368626097e-11
   1.0546875000000000e-01   1.9710566834412087e+00   1.9710566833625895e+00   7.8619111221200910e-11
   1.1328125000000000e-01   1.9119048474880418e+00   1.9119048474093281e+00   7.8713702222898974e-11
   1.2109375000000000e-01   1.8420418945855594e+00   1.8420418945078816e+00   7.7677864140923703e-11
   1.2890625000000000e-01   1.7629806319391479e+00   1.7629806318638341e+00   7.5313755232286894e-11
   1.3671875000000000e-01   1.6764134535853157e+00   1.6764134535137161e+00   7.1599615125705895e-11
   1.4453125000000000e-01   1.5841609048059189e+00   1.5841609047390826e+00   6.6836314260854124e-11
   1.5234375000000000e-01   1.4881108438335500e+00   1.4881108437725388e+00   6.1011196095250853e-11
   1.6015625000000000e-01   1.3901498986265952e+00   1.3901498985725012e+00   5.4094062562626277e-11
   1.6796875000000000e-01   1.2920899990584966e+00   1.2920899990123507e+00   4.6145975929334782e-11
   1.7578125000000000e-01   1.1955938426101005e+00   1.1955938425726695e+00   3.7430947230632228e-11
   1.8359375000000000e-01   1.1021040855097632e+00   1.1021040854815960e+00   2.8167246313159922e-11
   1.9140625000000000e-01   1.0127816847186095e+00   1.0127816846999986e+00   1.8610890606396424e-11
   1.9921875000000000e-01   9.2845899548739341e-01   9.2845899547833943e-01   9.0539797881206141e-12
   2.0703125000000000e-01   8.4961282875107547e-01   8.4961282875124566e-01   1.7019718967503650e-13
   2.1484375000000000e-01   7.7636162129872377e-01   7.7636162130743314e-01   8.7093665612769655e-12
   2.2265625000000000e-01   7.0848917607466966e-01   7.0848917609084261e-01   1.6172951866622043e-11
   2.3046875000000000e-01   6.4549518909591730e-01   6.4549518911816972e-01   2.2252422127166938e-11
   2.3828125000000000e-01   5.8667018654596381e-01   5.8667018657271464e-01   2.6750823778343147e-11
   2.4609375000000000e-01   5.3118982471338938e-01   5.3118982474296972e-01   2.9580338178902821e-11
   2.5390625000000000e-01   4.7822108259943358e-01   4.7822108263015478e-01   3.0721203359007632e-11
   2.6171875000000000e-01   4.2703103841338730e-01   4.2703103844358709e-01   3.0199787115492427e-11
   2.6953125000000000e-01   3.7708796402159706e-01   3.7708796404988421e-01   2.8287150399819438e-11
   2.7734375000000000e-01   3.2814460486386399e-01   3.2814460488914410e-01   2.5280111337622202e-11
   2.8515625000000000e-01   2.8029481731825762e-01   2.8029481733973383e-01   2.1476209699500259e-11
   2.9296875000000000e-01   2.3399713822738175e-01   2.3399713824466103e-01   1.7279289110661011e-11
   3.0078125000000000e-01   1.9006213380695708e-01   1.9006213382005993e-01   1.3102852136626097e-11
   3.0859375000000000e-01   1.4960415490634357e-01   1.4960415491564635e-01   9.3027807679391117e-12
   3.1640625000000000e-01   1.1396196019001267e-01   1.1396196019628023e-01   6.2675559187042040e-12
   3.2421875000000000e-01   8.4596076926160502e-02   8.4596076930450445e-02   4.2899434005150283e-12
   3.3203125000000000e-01   6.2973309023241400e-02   6.2973309026800858e-02   3.5594582836750988e-12
   3.3984375000000000e-01   5.0450137146615621e-02   5.0450137150784440e-02   4.1688180685284237e-12
   3.4765625000000000e-01   4.8166706123043843e-02   4.8166706129179074e-02   6.1352312119566932e-12
   3.5546875000000000e-01   5.6961665662504074e-02   5.6961665671888706e-02   9.3846319604296013e-12
   3.6328125000000000e-01   7.7315513215975823e-02   7.7315513229753510e-02   1.3777687324356691e-11
   3.7109375000000000e-01   1.0932663296695870e-01   1.0932663298603529e-01   1.9076587531863254e-11
   3.7890625000000000e-01   1.5272039049645156e-01   1.5272039052150216e-01   2.5050600482856566e-11
   3.8671875000000000e-01   2.0688792706263751e-01   2.0688792709407233e-01   3.1434826963661067e-11
   3.9453125000000000e-01   2.7094816789116360e-01   2.7094816792907184e-01   3.7908232108918583e-11
   4.0234375000000000e-01   3.4382438611423910e-01   3.4382438615839467e-01   4.4155568090786801e-11
   4.1015625000000000e-01   4.2432567386141090e-01   4.2432567391131715e-01   4.9906245802588955e-11
   4.1796875000000000e-01   5.1122392064165745e-01   5.1122392069656364e-01   5.4906190705139579e-11
   4.2578125000000000e-01   6.0331827462855636e-01   6.0331827468739307e-01   5.8836713279220021e-11
   4.3359375000000000e-01   6.9948131099424848e-01   6.9948131105572886e-01   6.1480376345457444e-11
   4.4140625000000000e-01   7.9868390265999301e-01   7.9868390272270384e-01   6.2710836523649505e-11
   4.4921875000000000e-01   8.9999869164243107e-01   8.9999869170479263e-01   6.2361560360102430e-11
   4.5703125000000000e-01   1.0025847188358257e+00   1.0025847188960901e+00   6.0264460088887972e-11
   4.6484375000000000e-01   1.1056578776685899e+00   1.1056578777250443e+00   5.6454396712979360e-11
   4.7265625000000000e-01   1.2084532046259084e+00   1.2084532046770495e+00   5.1141091361728286e-11
   4.8046875000000000e-01   1.3101855170663255e+00   1.3101855171107240e+00   4.4398484888574785e-11
   4.8828125000000000e-01   1.4100145823195318e+00   1.4100145823557786e+00   3.6246783352567036e-11
   4.9609375000000000e-01   1.5070199766876315e+00   1.5070199767146519e+00   2.7020385928722135e-11
   5.0390625000000000e-01   1.6001892634868180e+00   1.6001892635039039e+00   1.7085888259771309e-11
   5.1171875000000000e-01   1.6884213161036135e+00   1.6884213161102435e+00   6.6300298584565098e-12
   5.1953125000000000e-01   1.7705447675487609e+00   1.7705447675445671e+00   4.1937564532190663e-12
   5.2734375000000000e-01   1.8453498879874459e+00   1.8453498879724499e+00   1.4996004438216914e-11
   5.3515625000000000e-01   1.9116308355459388e+00   1.9116308355203739e+00   2.5564883543438555e-11
   5.4296875000000000e-01   1.9682342959769976e+00   1.9682342959412449e+00   3.5752734106608841e-11
   5.5078125000000000e-01   2.0141100683796118e+00   2.0141100683343121e+00   4.5299763939965487e-11
   5.5859375000000000e-01   2.0483591603726983e+00   2.0483591603187792e+00   5.3919091413945353e-11
   5.6640625000000000e-01   2.0702753792751758e+00   2.0702753792137671e+00   6.1408655938066659e-11
   5.7421875000000000e-01   2.0793771697974628e+00   2.0793771697298107e+00   6.7652106139348689e-11
   5.8203125000000000e-01   2.0754274605523535e+00   2.0754274604797880e+00   7.2565509157129782e-11
   5.8984375000000000e-01   2.0584404410168680e+00   2.0584404409409971e+00   7.5870865146043798e-11
   5.9765625000000000e-01   2.0286753962421558e+00   2.0286753961646480e+00   7.7507777973551129e-11
   6.0546875000000000e-01   1.9866188805736613e+00   1.9866188804963008e+00   7.7360562400485833e-11
   6.1328125000000000e-01   1.9329575214297514e+00   1.9329575213540839e+00   7.5667472287932469e-11
   6.2109375000000000e-01   1.8685445251526076e+00   1.8685445250799642e+00   7.2643446813458468e-11
   6.2890625000000000e-01   1.7943634356541969e+00   1.7943634355857445e+00   6.8452354895498502e-11
   6.3671875000000000e-01   1.7114928160854346e+00   1.7114928160220675e+00   6.3367089353505435e-11
   6.4453125000000000e-01   1.6210752508679294e+00   1.6210752508102271e+00   5.7702287392658036e-11
   6.5234375000000000e-01   1.5242933990824810e+00   1.5242933990304948e+00   5.1986193128072955e-11
   6.6015625000000000e-01   1.4223548093057192e+00   1.4223548092591387e+00   4.6580517221173068e-11
   6.6796875000000000e-01   1.3164859144275380e+00   1.3164859143859420e+00   4.1596059929815965e-11
   6.7578125000000000e-01   1.2079341915686008e+00   1.2079341915313728e+00   3.7227998461730749e-11
   6.8359375000000000e-01   1.0979760635185041e+00   1.0979760634848650e+00   3.3639091512327468e-11
   6.9140625000000000e-01   9.8792692340396027e-01   9.8792692337305366e-01   3.0906610604120033e-11
   6.9921875000000000e-01   8.7914887310428624e-01   8.7914887307547185e-01   2.8814395314213925e-11
   7.0703125000000000e-01   7.7305154050433256e-01   7.7305154047718849e-01   2.7144064773665377e-11
   7.1484375000000000e-01   6.7108178707420030e-01   6.7108178704860533e-01   2.5594970587405896e-11
   7.2265625000000000e-01   5.7469926003085281e-01   5.7469926000687976e-01   2.3973045770731005e-11
   7.3046875000000000e-01   4.8533650887648727e-01   4.8533650885446261e-01   2.2024659873665087e-11
   7.3828125000000000e-01   4.0434459930119349e-01   4.0434459928167710e-01   1.9516388505280702e-11
   7.4609375000000000e-01   3.3292755423625148e-01   3.3292755421995796e-01   1.6293522087096335e-11
   8.7890625000000000e-01   3.8675203999397773e-01   3.8675204005377661e-01   5.9798888063511413e-11
   8.8671875000000000e-01   4.1700335592905546e-01   4.1700335598836669e-01   5.9311222599944813e-11
   8.9453125000000000e-01   4.5014970210447247e-01   4.5014970216300781e-01   5.8535343239185522e-11
   9.0234375000000000e-01   4.8748073535875797e-01   4.8748073541623954e-01   5.7481575055362555e-11
   9.1015625000000000e-01   5.3026635890999119e-01   5.3026635896619401e-01   5.6202820175599300e-11
   9.1796875000000000e-01   5.7963758394867648e-01   5.7963758400336340e-01   5.4686921657776111e-11
   9.2578125000000000e-01   6.3648184560308008e-01   6.3648184565604382e-01   5.2963744501255405e-11
   9.3359375000000000e-01   7.0136044513996254e-01   7.0136044519082341e-01   5.0860871070312896e-11
   9.4140625000000000e-01   7.7445306161665628e-01   7.7445306166499139e-01   4.8335113689290665e-11
   9.4921875000000000e-01   8.5553133158248162e-01   8.5553133162783079e-01   4.5349168864561307e-11
   9.5703125000000000e-01   9.4396069790942572e-01   9.4396069795121240e-01   4.1786685223144104e-11
   9.6484375000000000e-01   1.0387273807300694e+00   1.0387273807676465e+00   3.7577052580672898e-11
   9.7265625000000000e-01   1.1384856323278494e+00   1.1384856323605517e+00   3.2702285324148761e-11
   9.8046875000000000e-01   1.2416195001930683e+00   1.2416195002202064e+00   2.7138069569332401e-11
   9.8828125000000000e-01   1.3463131257313803e+00   1.3463131257522072e+00   2.0826895763548237e-11
   9.9609375000000000e-01   1.4506240460472750e+00   1.4506240460612272e+00   1.3952172750464342e-11
   7.5390625000000000e-01   2.7207120813173236e-01   2.7207120811948959e-01   1.2242762359448989e-11
   7.6171875000000000e-01   2.2247383455529812e-01   2.2247383454793876e-01   7.3593631189083908e-12
   7.6953125000000000e-01   1.8448689005855987e-01   1.8448689005688615e-01   1.6737167207736547e-12
   7.7734375000000000e-01   1.5807418375086729e-01   1.5807418375552804e-01   4.6607440129520228e-12
   7.8515625000000000e-01   1.4279663337702656e-01   1.4279663338848136e-01   1.1454809323296899e-11
   7.9296875000000000e-01   1.3782755897507060e-01   1.3782755899355398e-01   1.8483381492018225e-11
   8.0078125000000000e-01   1.4200040561197091e-01   1.4200040563747796e-01   2.5507040923855584e-11
   8.0859375000000000e-01   1.5388722532688753e-01   1.5388722535917110e-01   3.2283564710411383e-11
   8.1640625000000000e-01   1.7190262688916788e-01   1.7190262692772751e-01   3.8559627713041777e-11
   8.2421875000000000e-01   1.9442469500721676e-01   1.9442469505141716e-01   4.4200393345406042e-11
   8.3203125000000000e-01   2.1992202734100499e-01   2.1992202739004435e-01   4.9039355909386018e-11
   8.3984375000000000e-01   2.4707487577804987e-01   2.4707487583102108e-01   5.2971210751096010e-11
   8.4765625000000000e-01   2.7487859195708375e-01   2.7487859201300846e-01   5.5924709307930698e-11
   8.5546875000000000e-01   3.0271916654081027e-01   3.0271916659883835e-01   5.8028082339234288e-11
   8.6328125000000000e-01   3.3041343226169645e-01   3.3041343232103620e-01   5.9339755331677679e-11
   8.7109375000000000e-01   3.5821012786119927e-01   3.5821012792107138e-01   5.9872107271985442e-11
