#                  Coord.                Numerical               Analytical                    Error
   3.9062500000000000e-03   1.7750209648247522e-01   1.7750209651923607e-01   3.6760844368544099e-11
   1.1718750000000000e-02   1.9190314169844339e-01   1.9190314172792830e-01   2.9484914509936289e-11
   1.9531250000000000e-02   2.0776747712014687e-01   2.0776747714079685e-01   2.0649981724574218e-11
   2.7343750000000000e-02   2.2557781848321709e-01   2.2557781849346104e-01   1.0243944581489473e-11
   3.5156250000000000e-02   2.4579122137349096e-01   2.4579122137188070e-01   1.6102674749163270e-12
   4.2968750000000000e-02   2.6882664096883002e-01   2.6882664095405534e-01   1.4774681478257889e-11
   5.0781250000000000e-02   2.9505195038034621e-01   2.9505195035132886e-01   2.9017344083115404e-11
   5.8593750000000000e-02   3.2477041656547034e-01   3.2477041652133537e-01   4.4134973453680004e-11
   6.6406250000000000e-02   3.5820679578728487e-01   3.5820679572740122e-01   5.9883653591441544e-11
   7.4218750000000000e-02   3.9549338335190548e-01   3.9549338327591715e-01   7.5988326742049139e-11
   8.2031250000000000e-02   4.3665651940700800e-01   4.3665651931487010e-01   9.2137908414002823e-11
   8.9843750000000000e-02   4.8160419883110156e-01   4.8160419872315319e-01   1.0794837246308475e-10
   9.7656250000000000e-02   5.3011554487816426e-01   5.3011554475518385e-01   1.2298040363845075e-10
   1.0546875000000000e-01   5.8183297155993441e-01   5.8183297142313084e-01   1.3680356847345365e-10
   1.1328125000000000e-01   6.3625786982367516e-01   6.3625786967466047e-01   1.4901468947670082e-10
   1.2109375000000000e-01   6.9275060180882642e-01   6.9275060164965363e-01   1.5917278606281116e-10
   1.2890625000000000e-01   7.5053547394194098e-01   7.5053547377511043e-01   1.6683054937516317e-10
   1.3671875000000000e-01   8.0871118540068310e-01   8.0871118522903673e-01   1.7164636378907971e-10
   1.4453125000000000e-01   8.6626701960391983e-01   8.6626701943059836e-01   1.7332146828863415e-10
   1.5234375000000000e-01   9.2210477282784320e-01   9.2210477265628044e-01   1.7156276399532544e-10
   1.6015625000000000e-01   9.7506610934959581e-01   9.7506610918334891e-01   1.6624690513111773e-10
   1.6796875000000000e-01   1.0239647132719716e+00   1.0239647131146210e+00   1.5735057701249389e-10
   1.7578125000000000e-01   1.0676222922613081e+00   1.0676222921163596e+00   1.4494849764901119e-10
   1.8359375000000000e-01   1.1049071980105829e+00   1.1049071978813714e+00   1.2921153036415944e-10
   1.9140625000000000e-01   1.1347741826189073e+00   1.1347741825084945e+00   1.1041279002199644e-10
   1.9921875000000000e-01   1.1563036283568180e+00   1.1563036282678949e+00   8.8923091112746988e-11
   2.0703125000000000e-01   1.1687384869761150e+00   1.1687384869108213e+00   6.5293770390439931e-11
   2.1484375000000000e-01   1.1715171563852393e+00   1.1715171563451248e+00   4.0114578325756156e-11
   2.2265625000000000e-01   1.1643006145369639e+00   1.1643006145229511e+00   1.4012790927608876e-11
   2.3046875000000000e-01   1.1469923240168090e+00   1.1469923240291104e+00   1.2301493157451659e-11
   2.3828125000000000e-01   1.1197497105970153e+00   1.1197497106351084e+00   3.8093084242518671e-11
   2.4609375000000000e-01   1.0829863925812591e+00   1.0829863926438348e+00   6.2575722381552623e-11
   2.5390625000000000e-01   1.0373647762771423e+00   1.0373647763622047e+00   8.5062401566915469e-11
   2.6171875000000000e-01   9.8377911201187085e-01   9.8377911211678015e-01   1.0490930346662708e-10
   2.6953125000000000e-01   9.2332959626045941e-01   9.2332959638200307e-01   1.2154366402228334e-10
   2.7734375000000000e-01   8.5728857796050517e-01   8.5728857809501957e-01   1.3451439961897904e-10
   2.8515625000000000e-01   7.8706035016386389e-01   7.8706035030730603e-01   1.4344214704919978e-10
   2.9296875000000000e-01   7.1413635330383851e-01   7.1413635345197879e-01   1.4814027782250605e-10
   3.0078125000000000e-01   6.4004785952579946e-01   6.4004785967448174e-01   1.4868228870312805e-10
   3.0859375000000000e-01   5.6631833122772279e-01   5.6631833137293519e-01   1.4521239766196459e-10
   3.1640625000000000e-01   4.9441764171006891e-01   4.9441764184805015e-01   1.3798123754682479e-10
   3.2421875000000000e-01   4.2572021113190894e-01   4.2572021125930687e-01   1.2739792554228302e-10
   3.3203125000000000e-01   3.6146885547942498e-01   3.6146885559351449e-01   1.1408951561264757e-10
   3.3984375000000000e-01   3.0274578727633772e-01   3.0274578737513741e-01   9.8799690650963612e-11
   3.4765625000000000e-01   2.5045176896694527e-01   2.5045176904916994e-01   8.2224671515973569e-11
   3.5546875000000000e-01   2.0529393340992202e-01   2.0529393347492630e-01   6.5004279736768922e-11
   3.6328125000000000e-01   1.6778228395860811e-01   1.6778228400645340e-01   4.7845283290826046e-11
   3.7109375000000000e-01   1.3823440287132871e-01   1.3823440290281777e-01   3.1489061358414006e-11
   3.7890625000000000e-01   1.1678746283351912e-01   1.1678746284998509e-01   1.6465967478396237e-11
   3.8671875000000000e-01   1.0341627914195027e-01   1.0341627914508106e-01   3.1307872960795180e-12
   3.9453125000000000e-01   9.7955880008265897e-02   9.7955880000123147e-02   8.1427503628717091e-12
   4.0234375000000000e-01   1.0012692196915864e-01   1.0012692195194073e-01   1.7217907655187048e-11
   4.1015625000000000e-01   1.0956224046790214e-01   1.0956224044378937e-01   2.4112767338380081e-11
   4.1796875000000000e-01   1.2583289777890125e-01   1.2583289774992559e-01   2.8975655208540729e-11
   4.2578125000000000e-01   1.4847225945677392e-01   1.4847225942474876e-01   3.2025160301429878e-11
   4.3359375000000000e-01   1.7699687811977982e-01   1.7699687808621173e-01   3.3568092749902689e-11
   4.4140625000000000e-01   2.1092326707730555e-01   2.1092326704334011e-01   3.3965441570416033e-11
   4.4921875000000000e-01   2.4977998140531005e-01   2.4977998137169299e-01   3.3617053585288659e-11
   4.5703125000000000e-01   2.9311476591521862e-01   2.9311476588233243e-01   3.2886193768177918e-11
   4.6484375000000000e-01   3.4049685540879865e-01   3.4049685537667018e-01   3.2128466553871249e-11
   4.7265625000000000e-01   3.9151480364372793e-01   3.9151480361208180e-01   3.1646130160822850e-11
   4.8046875000000000e-01   4.4577045927689513e-01   4.4577045924521008e-01   3.1685043477835961e-11
   4.8828125000000000e-01   5.0286989075064004e-01   5.0286989071822308e-01   3.2416958006820096e-11
   4.9609375000000000e-01   5.6241218401479698e-01   5.6241218398094994e-01   3.3847036284839760e-11
   5.0390625000000000e-01   6.2397709833904724e-01   6.2397709830302239e-01   3.6024849769944467e-11
   5.1171875000000000e-01   6.8711257140722493e-01   6.8711257136833837e-01   3.8886560638218270e-11
   5.1953125000000000e-01   7.5132302331053513e-01   7.5132302326822564e-01   4.2309489245440091e-11
   5.2734375000000000e-01   8.1605932938616577e-01   8.1605932934007197e-01   4.6093795447177399e-11
   5.3515625000000000e-01   8.8071122377241395e-01   8.8071122372232935e-01   5.0084603131494987e-11
   5.4296875000000000e-01   9.4460276799426957e-01   9.4460276794035314e-01   5.3916426878686252e-11
   5.5078125000000000e-01   1.0069913792380254e+00   1.0069913791807521e+00   5.7273297215942875e-11
   5.5859375000000000e-01   1.0670707666391359e+00   1.0670707665792467e+00   5.9889204706564669e-11
   5.6640625000000000e-01   1.1239779742852312e+00   1.1239779742237008e+00   6.1530336381565576e-11
   5.7421875000000000e-01   1.1768045783502912e+00   1.1768045782884897e+00   6.1801452844179039e-11
   5.8203125000000000e-01   1.2246119332117338e+00   1.2246119331512826e+00   6.0451199601629924e-11
   5.8984375000000000e-01   1.2664502074222319e+00   1.2664502073650170e+00   5.7214899484847592e-11
   5.9765625000000000e-01   1.3013807951271148e+00   1.3013807950752112e+00   5.1903592535040843e-11
   6.0546875000000000e-01   1.3285015330350955e+00   1.3285015329906973e+00   4.4398262843969860e-11
   6.1328125000000000e-01   1.3469740000520316e+00   1.3469740000173993e+00   3.4632297030157133e-11
   6.2109375000000000e-01   1.3560520308054103e+00   1.3560520307827482e+00   2.2662094423253620e-11
   6.2890625000000000e-01   1.3551104421814968e+00   1.3551104421728908e+00   8.6060047976843634e-12
   6.3671875000000000e-01   1.3436728621200367e+00   1.3436728621272851e+00   7.2484240831727220e-12
   6.4453125000000000e-01   1.3214374719674384e+00   1.3214374719920219e+00   2.4583446389669916e-11
   6.5234375000000000e-01   1.2882994378271018e+00   1.2882994378700203e+00   4.2918557596749451e-11
   6.6015625000000000e-01   1.2443688221483902e+00   1.2443688222101437e+00   6.1753491209515232e-11
   6.6796875000000000e-01   1.1899828421733851e+00   1.1899828422538989e+00   8.0513817835026202e-11
   6.7578125000000000e-01   1.1257114819319691e+00   1.1257114820305645e+00   9.8595354103281352e-11
   6.8359375000000000e-01   1.0523556705819015e+00   1.0523556706972623e+00   1.1536083199814584e-10
   6.9140625000000000e-01   9.7093750882851548e-01   9.7093750895875341e-01   1.3023793155042540e-10
   6.9921875000000000e-01   8.8268234874851637e-01   8.8268234889116615e-01   1.4264978087652480e-10
   7.0703125000000000e-01   7.8899289739970180e-01   7.8899289755178559e-01   1.5208379000597461e-10
   7.1484375000000000e-01   6.9141590335718195e-01   6.9141590351532223e-01   1.5814027864990976e-10
   7.2265625000000000e-01   5.9160237630033707e-01   5.9160237646084812e-01   1.6051104889669432e-10
   7.3046875000000000e-01   4.9126265909663996e-01   4.9126265925571727e-01   1.5907730688269339e-10
   7.3828125000000000e-01   3.9211799482371473e-01   3.9211799497753236e-01   1.5381762530353171e-10
   7.4609375000000000e-01   2.9585048425115157e-01   2.9585048439600697e-01   1.4485540544839637e-10
   8.7890625000000000e-01  -1.5261851447159147e-01  -1.5261851453547232e-01   6.3880845058150726e-11
   8.8671875000000000e-01  -1.2408319960240066e-01  -1.2408319965740557e-01   5.5004903409816563e-11
   8.9453125000000000e-01  -9.4951795993946597e-02  -9.4951796038216421e-02   4.4269823917808537e-11
   9.0234375000000000e-01  -6.6006391519165528e-02  -6.6006391551421892e-02   3.2256364246308067e-11
   9.1015625000000000e-01  -3.7895878178184024e-02  -3.7895878197806231e-02   1.9622206637315287e-11
   9.1796875000000000e-01  -1.1127657045749953e-02  -1.1127657052713026e-02   6.9630724797153931e-12
   9.2578125000000000e-01   1.3934601880241298e-02   1.3934601885483759e-02   5.2424609792156573e-12
   9.3359375000000000e-01   3.7067881589249022e-02   3.7067881605735237e-02   1.6486215170807839e-11
   9.4140625000000000e-01   5.8182343485178561e-02   5.8182343511564941e-02   2.6386379192722131e-11
   9.4921875000000000e-01   7.7310474124433523e-02   7.7310474159035081e-02   3.4601557730162824e-11
   9.5703125000000000e-01   9.4593879746708673e-02   9.4593879787631494e-02   4.0922820687683270e-11
   9.6484375000000000e-01   1.1026868510444691e-01   1.1026868514966008e-01   4.5213166544044725e-11
   9.7265625000000000e-01   1.2465035891177234e-01   1.2465035895928527e-01   4.7512924150616698e-11
   9.8046875000000000e-01   1.3811860843565241e-01   1.3811860848345162e-01   4.7799209035304102e-11
   9.8828125000000000e-01   1.5110278121913326e-01   1.5110278126518104e-01   4.6047776702806686e-11
   9.9609375000000000e-01   1.6406800390911433e-01   1.6406800395144144e-01   4.2327114035956015e-11
   7.5390625000000000e-01   2.0405349189189231e-01   2.0405349202433784e-01   1.3244552676816568e-10
   7.6171875000000000e-01   1.1818461509585358e-01   1.1818461521279627e-01   1.1694269164141957e-10
   7.6953125000000000e-01   3.9523271480494747e-02   3.9523271579371723e-02   9.8876976051265331e-11
   7.7734375000000000e-01  -3.0865216482117236e-02  -3.0865216403191238e-02   7.8925997681889015e-11
   7.8515625000000000e-01  -9.2157448286357843e-02  -9.2157448228610259e-02   5.7747584492062742e-11
   7.9296875000000000e-01  -1.4379047600763770e-01  -1.4379047597158628e-01   3.6051411855808624e-11
   8.0078125000000000e-01  -1.8547028954166805e-01  -1.8547028952700245e-01   1.4665602066088468e-11
   8.0859375000000000e-01  -2.1717001261376950e-01  -2.1717001261946908e-01   5.6995796970937818e-12
   8.1640625000000000e-01  -2.3911808613212365e-01  -2.3911808615648011e-01   2.4356461292285303e-11
   8.2421875000000000e-01  -2.5177721760654842e-01  -2.5177721764722227e-01   4.0673853174411079e-11
   8.3203125000000000e-01  -2.5581532675690954e-01  -2.5581532681104818e-01   5.4138638017064977e-11
   8.3984375000000000e-01  -2.5207008910181816e-01  -2.5207008916615070e-01   6.4332539295719471e-11
   8.4765625000000000e-01  -2.4150894803993853e-01  -2.4150894811099974e-01   7.1061212469913926e-11
   8.5546875000000000e-01  -2.2518661613249638e-01  -2.2518661620670691e-01   7.4210526612716876e-11
   8.6328125000000000e-01  -2.0420211122127468e-01  -2.0420211129517807e-01   7.3903383412954327e-11
   8.7109375000000000e-01  -1.7965727522560118e-01  -1.7965727529595588e-01   7.0354694292618092e-11
