#                  Coord.                Numerical               Analytical                    Error
   3.9062500000000000e-03   6.2842611126077517e-06   6.2842611093791078e-06   3.2286439553786891e-15
   1.1718750000000000e-02   3.6835063549554251e-06   3.6835063527591018e-06   2.1963233979454579e-15
   1.9531250000000000e-02   2.1370397817721750e-06   2.1370397803285920e-06   1.4435830054124535e-15
   2.7343750000000000e-02   1.2275578275644906e-06   1.2275578266683797e-06   8.9611088325116176e-16
   3.5156250000000000e-02   6.9873286224166270e-07   6.9873286180484008e-07   4.3682262007468638e-16
   4.2968750000000000e-02   3.9487331454607350e-07   3.9487331442753405e-07   1.1853945517160155e-16
   5.0781250000000000e-02   2.2244451322174212e-07   2.2244451324745103e-07   2.5708905787046109e-17
   5.8593750000000000e-02   1.2585304198298531e-07   1.2585304208349559e-07   1.0051027947995496e-16
   6.6406250000000000e-02   7.2409772352379210e-08   7.2409772467855331e-08   1.1547612081318697e-16
   7.4218750000000000e-02   4.3119550693733305e-08   4.3119550808718769e-08   1.1498546374360012e-16
   8.2031250000000000e-02   2.7121286241330510e-08   2.7121286346120850e-08   1.0479034027115339e-16
   8.9843750000000000e-02   1.8388734657980128e-08   1.8388734745441332e-08   8.7461204223187984e-17
   9.7656250000000000e-02   1.3823107356288686e-08   1.3823107431432973e-08   7.5144286378926389e-17
   1.0546875000000000e-01   1.2212965164476061e-08   1.2212965230299772e-08   6.5823711189629929e-17
   1.1328125000000000e-01   1.3768561006223096e-08   1.3768561056118295e-08   4.9895198713869933e-17
   1.2109375000000000e-01   2.0103219438110843e-08   2.0103219477261196e-08   3.9150352513016393e-17
   1.2890625000000000e-01   3.4668942517569310e-08   3.4668942544532996e-08   2.6963685836729848e-17
   1.3671875000000000e-01   6.3787630973568377e-08   6.3787631017981332e-08   4.4412954979417560e-17
   1.4453125000000000e-01   1.1858385252704331e-07   1.1858385263559831e-07   1.0855500136628228e-16
   1.5234375000000000e-01   2.1835636518338928e-07   2.1835636540369254e-07   2.2030326400415408e-16
   1.6015625000000000e-01   3.9627134611851240e-07   3.9627134640772397e-07   2.8921156478521875e-16
   1.6796875000000000e-01   7.0878605631402754e-07   7.0878605656394704e-07   2.4991950630710467e-16
   1.7578125000000000e-01   1.2510085031100596e-06   1.2510085032050339e-06   9.4974204485598866e-17
   1.8359375000000000e-01   2.1813918869537269e-06   2.1813918868086365e-06   1.4509039111755724e-16
   1.9140625000000000e-01   3.7609218867804971e-06   3.7609218860795633e-06   7.0093373989656323e-16
   1.9921875000000000e-01   6.4145045339912051e-06   6.4145045322058621e-06   1.7853430119376713e-15
   2.0703125000000000e-01   1.0825891152406165e-05   1.0825891149274518e-05   3.1316468244568102e-15
   2.1484375000000000e-01   1.8082543586116526e-05   1.8082543581390306e-05   4.7262202289809208e-15
   2.2265625000000000e-01   2.9893776346346289e-05   2.9893776338820991e-05   7.5252982014231695e-15
   2.3046875000000000e-01   4.8914798167747593e-05   4.8914798154981933e-05   1.2765660653123873e-14
   2.3828125000000000e-01   7.9221425881973682e-05   7.9221425860428308e-05   2.1545373991849193e-14
   2.4609375000000000e-01   1.2699574053606807e-04   1.2699574049867166e-04   3.7396409753587267e-14
   2.5390625000000000e-01   2.0150216122941225e-04   2.0150216116413826e-04   6.5273985218675112e-14
   2.6171875000000000e-01   3.1645643730524796e-04   3.1645643719382781e-04   1.1142015044970921e-13
   2.6953125000000000e-01   4.9191658872671181e-04   4.9191658854256626e-04   1.8414555904427976e-13
   2.7734375000000000e-01   7.5685389551990263e-04   7.5685389522469747e-04   2.9520515806152892e-13
   2.8515625000000000e-01   1.1525917869144844e-03   1.1525917864538496e-03   4.6063478552349491e-13
   2.9296875000000000e-01   1.7373278775658747e-03   1.7373278768713686e-03   6.9450608458643259e-13
   3.0078125000000000e-01   2.5919749981599405e-03   2.5919749971504884e-03   1.0094520705439258e-12
   3.0859375000000000e-01   3.8275648482854695e-03   3.8275648468553800e-03   1.4300895537222580e-12
   3.1640625000000000e-01   5.5944452409970201e-03   5.5944452390128173e-03   1.9842027326744116e-12
   3.2421875000000000e-01   8.0934598054112454e-03   8.0934598027057325e-03   2.7055128970498998e-12
   3.3203125000000000e-01   1.1589217602261035e-02   1.1589217598620036e-02   3.6409989606633886e-12
   3.3984375000000000e-01   1.6425429585762326e-02   1.6425429580906613e-02   4.8557130538640081e-12
   3.4765625000000000e-01   2.3042100831465195e-02   2.3042100825040678e-02   6.4245171682575375e-12
   3.5546875000000000e-01   3.1994116769594509e-02   3.1994116761180504e-02   8.4140056033632504e-12
   3.6328125000000000e-01   4.3970448484010390e-02   4.3970448473088349e-02   1.0922041049354902e-11
   3.7109375000000000e-01   5.9812834265957272e-02   5.9812834251923193e-02   1.4034079454106063e-11
   3.7890625000000000e-01   8.0532389669193849e-02   8.0532389651374797e-02   1.7819051789658147e-11
   3.8671875000000000e-01   1.0732218538696803e-01   1.0732218536459578e-01   2.2372242947099608e-11
   3.9453125000000000e-01   1.4156345258912048e-01   1.4156345256134914e-01   2.7771340782578591e-11
   4.0234375000000000e-01   1.8482278148709877e-01   1.8482278145306402e-01   3.4034747242728258e-11
   4.1015625000000000e-01   2.3883753204003269e-01   2.3883753199882488e-01   4.1207814938104548e-11
   4.1796875000000000e-01   3.0548674083393113e-01   3.0548674078460258e-01   4.9328541251725255e-11
   4.2578125000000000e-01   3.8674514689330303e-01   3.8674514683494171e-01   5.8361315780075529e-11
   4.3359375000000000e-01   4.8461862088134011e-01   4.8461862081315144e-01   6.8188676927150027e-11
   4.4140625000000000e-01   6.0106029384209814e-01   6.0106029376348658e-01   7.8611561704633459e-11
   4.4921875000000000e-01   7.3786803801445200e-01   7.3786803792493916e-01   8.9512841583427871e-11
   4.5703125000000000e-01   8.9656560715203737e-01   8.9656560705139876e-01   1.0063860855780149e-10
   4.6484375000000000e-01   1.0782716050037922e+00   1.0782716048923233e+00   1.1146883416301989e-10
   4.7265625000000000e-01   1.2835623795042135e+00   1.2835623793826523e+00   1.2156120554607242e-10
   4.8046875000000000e-01   1.5123367575483992e+00   1.5123367574180644e+00   1.3033485402047518e-10
   4.8828125000000000e-01   1.7636920338060953e+00   1.7636920336689139e+00   1.3718137736873359e-10
   4.9609375000000000e-01   2.0358215909770325e+00   2.0358215908354804e+00   1.4155210337207791e-10
   5.0390625000000000e-01   2.3259447581354999e+00   2.3259447579927128e+00   1.4278711546467093e-10
   5.1171875000000000e-01   2.6302788513909121e+00   2.6302788512504831e+00   1.4042900176036710e-10
   5.1953125000000000e-01   2.9440616999381777e+00   2.9440616998040112e+00   1.3416645572306152e-10
   5.2734375000000000e-01   3.2616303458788019e+00   3.2616303457546527e+00   1.2414913541647365e-10
   5.3515625000000000e-01   3.5765581294108952e+00   3.5765581293005075e+00   1.1038769898163991e-10
   5.4296875000000000e-01   3.8818482522239921e+00   3.8818482521307001e+00   9.3292040759251904e-11
   5.5078125000000000e-01   4.1701774686650257e+00   4.1701774685917838e+00   7.3241857023731427e-11
   5.5859375000000000e-01   4.4341791760944167e+00   4.4341791760435125e+00   5.0904169768273277e-11
   5.6640625000000000e-01   4.6667512871859982e+00   4.6667512871588777e+00   2.7120528045543324e-11
   5.7421875000000000e-01   4.8613712810444172e+00   4.8613712810415235e+00   2.8936852913830080e-12
   5.8203125000000000e-01   5.0123991003772721e+00   5.0123991003983637e+00   2.1091572932618874e-11
   5.8984375000000000e-01   5.1153483367853791e+00   5.1153483368293911e+00   4.4011905231400306e-11
   5.9765625000000000e-01   5.1671075329402543e+00   5.1671075330055194e+00   6.5265126636404602e-11
   6.0546875000000000e-01   5.1660963753171494e+00   5.1660963754013309e+00   8.4181550619177870e-11
   6.1328125000000000e-01   5.1123458380176467e+00   5.1123458381177187e+00   1.0007195072603281e-10
   6.2109375000000000e-01   5.0074966068039410e+00   5.0074966069165079e+00   1.1256684473437417e-10
   6.2890625000000000e-01   4.8547158952240714e+00   4.8547158953457785e+00   1.2170708885150816e-10
   6.3671875000000000e-01   4.6585385372843966e+00   4.6585385374116566e+00   1.2725998033147334e-10
   6.4453125000000000e-01   4.4246434803101904e+00   4.4246434804394408e+00   1.2925038817002132e-10
   6.5234375000000000e-01   4.1595810431111042e+00   4.1595810432391174e+00   1.2801315563137905e-10
   6.6015625000000000e-01   3.8704691930047357e+00   3.8704691931286246e+00   1.2388889913950152e-10
   6.6796875000000000e-01   3.5646784204175663e+00   3.5646784205348707e+00   1.1730438842505464e-10
   6.7578125000000000e-01   3.2495245042818834e+00   3.2495245043906729e+00   1.0878942191538954e-10
   6.8359375000000000e-01   2.9319866785518376e+00   2.9319866786507696e+00   9.8931973724347699e-11
   6.9140625000000000e-01   2.6184656828393122e+00   2.6184656829274591e+00   8.8146823173929079e-11
   6.9921875000000000e-01   2.3145922650339337e+00   2.3145922651109485e+00   7.7014838950617559e-11
   7.0703125000000000e-01   2.0250923154426652e+00   2.0250923155088332e+00   6.6167960000029780e-11
   7.1484375000000000e-01   1.7537103743004792e+00   1.7537103743563676e+00   5.5888405015025455e-11
   7.2265625000000000e-01   1.5031891549568184e+00   1.5031891550032683e+00   4.6449954993477149e-11
   7.3046875000000000e-01   1.2752992777756162e+00   1.2752992778134202e+00   3.7803982166906280e-11
   7.3828125000000000e-01   1.0709108308744451e+00   1.0709108309046504e+00   3.0205393741766784e-11
   7.4609375000000000e-01   8.9009677055234560e-01   8.9009677057613568e-01   2.3790081016272779e-11
   8.7890625000000000e-01   7.9817755663605210e-03   7.9817755660682842e-03   2.9223672093348085e-13
   8.8671875000000000e-01   5.5150866824595114e-03   5.5150866822221995e-03   2.3731190623710319e-13
   8.9453125000000000e-01   3.7717934098171675e-03   3.7717934096289430e-03   1.8822443603738748e-13
   9.0234375000000000e-01   2.5532079077080373e-03   2.5532079075639889e-03   1.4404840167903110e-13
   9.1015625000000000e-01   1.7106737853170243e-03   1.7106737852119942e-03   1.0503013389562277e-13
   9.1796875000000000e-01   1.1344646363792936e-03   1.1344646363046511e-03   7.4642549086068044e-14
   9.2578125000000000e-01   7.4465904313595092e-04   7.4465904308252296e-04   5.3427965177044179e-14
   9.3359375000000000e-01   4.8380092044890475e-04   4.8380092040965035e-04   3.9254407016575676e-14
   9.4140625000000000e-01   3.1111326811166353e-04   3.1111326808130560e-04   3.0357931880137246e-14
   9.4921875000000000e-01   1.9802167747044313e-04   1.9802167744797531e-04   2.2467813200199860e-14
   9.5703125000000000e-01   1.2475233738441340e-04   1.2475233736773203e-04   1.6681371995536098e-14
   9.6484375000000000e-01   7.7790243456773701e-05   7.7790243443562793e-05   1.3210908604045779e-14
   9.7265625000000000e-01   4.8010872864922867e-05   4.8010872854396355e-05   1.0526512116398185e-14
   9.8046875000000000e-01   2.9328358790873857e-05   2.9328358782338973e-05   8.5348835475191481e-15
   9.8828125000000000e-01   1.7732201136253529e-05   1.7732201129591916e-05   6.6616125864258496e-15
   9.9609375000000000e-01   1.0610959908082315e-05   1.0610959903395082e-05   4.6872329964846998e-15
   7.5390625000000000e-01   7.3225754795698106e-01   7.3225754797537934e-01   1.8398282897180707e-11
   7.6171875000000000e-01   5.9625660904586331e-01   5.9625660905977751e-01   1.3914203123022162e-11
   7.6953125000000000e-01   4.8055740309087402e-01   4.8055740310113837e-01   1.0264344929566960e-11
   7.7734375000000000e-01   3.8335404968281517e-01   3.8335404969025488e-01   7.4397155103156365e-12
   7.8515625000000000e-01   3.0268963945014521e-01   3.0268963945536853e-01   5.2233217751052052e-12
   7.9296875000000000e-01   2.3655807307980115e-01   2.3655807308328611e-01   3.4849623187227508e-12
   8.0078125000000000e-01   1.8298719883759171e-01   1.8298719883976114e-01   2.1694313012687871e-12
   8.0859375000000000e-01   1.4010265369618297e-01   1.4010265369740194e-01   1.2189693698871906e-12
   8.1640625000000000e-01   1.0617315697442226e-01   1.0617315697497476e-01   5.5250248820470915e-13
   8.2421875000000000e-01   7.9639003604518893e-02   7.9639003604605491e-02   8.6597395920762210e-14
   8.3203125000000000e-01   5.9126152853279337e-02   5.9126152853078401e-02   2.0093648966934552e-13
   8.3984375000000000e-01   4.3448635601593434e-02   4.3448635601239842e-02   3.5359215555530454e-13
   8.4765625000000000e-01   3.1602059144063610e-02   3.1602059143627750e-02   4.3585968168002864e-13
   8.5546875000000000e-01   2.2750834822016553e-02   2.2750834821560515e-02   4.5603798515259086e-13
   8.6328125000000000e-01   1.6211455579923324e-02   1.6211455579499278e-02   4.2404621480862659e-13
   8.7109375000000000e-01   1.1433768687215358e-02   1.1433768686857778e-02   3.5758028482657522e-13
