#                  Coord.                Numerical               Analytical                    Error
   3.9062500000000000e-03   3.6525536230321848e-01   3.6525536230436256e-01   1.1440848268762238e-12
   1.1718750000000000e-02   3.9817845192466117e-01   3.9817845192665158e-01   1.9904078385479806e-12
   1.9531250000000000e-02   4.3550819282895836e-01   4.3550819283172587e-01   2.7675084446343590e-12
   2.7343750000000000e-02   4.7673145245438886e-01   4.7673145245784709e-01   3.4582336994049001e-12
   3.5156250000000000e-02   5.2111169513218880e-01   5.2111169513623090e-01   4.0420999880552699e-12
   4.2968750000000000e-02   5.6771372405613296e-01   5.6771372406061749e-01   4.4845238633683948e-12
   5.0781250000000000e-02   6.1543633133499676e-01   6.1543633133975817e-01   4.7614134857099089e-12
   5.8593750000000000e-02   6.6305144530976312e-01   6.6305144531461879e-01   4.8556714205005846e-12
   6.6406250000000000e-02   7.0924813467478254e-01   7.0924813467955461e-01   4.7720716267463104e-12
   7.4218750000000000e-02   7.5267968505245708e-01   7.5267968505696248e-01   4.5053960562313478e-12
   8.2031250000000000e-02   7.9201190688992351e-01   7.9201190689397927e-01   4.0557557312581594e-12
   8.9843750000000000e-02   8.2597085975145290e-01   8.2597085975487095e-01   3.4180436259134694e-12
   9.7656250000000000e-02   8.5338827843822995e-01   8.5338827844084253e-01   2.6125768215479184e-12
   1.0546875000000000e-01   8.7324314847987394e-01   8.7324314848155482e-01   1.6808776592824870e-12
   1.1328125000000000e-01   8.8469808783789250e-01   8.8469808783851456e-01   6.2205796069747521e-13
   1.2109375000000000e-01   8.8712943287471602e-01   8.8712943287417223e-01   5.4378723746140167e-13
   1.2890625000000000e-01   8.8015018521729871e-01   8.8015018521553101e-01   1.7676970998081742e-12
   1.3671875000000000e-01   8.6362523940412950e-01   8.6362523940110669e-01   3.0228042291469137e-12
   1.4453125000000000e-01   8.3767856917185668e-01   8.3767856916758332e-01   4.2733594440846900e-12
   1.5234375000000000e-01   8.0269229602033310e-01   8.0269229601487457e-01   5.4585225228720446e-12
   1.6015625000000000e-01   7.5929779342214188e-01   7.5929779341562476e-01   6.5171201768521314e-12
   1.6796875000000000e-01   7.0835919238541245e-01   7.0835919237795009e-01   7.4623640600179897e-12
   1.7578125000000000e-01   6.5094984944617262e-01   6.5094984943792833e-01   8.2442941362614874e-12
   1.8359375000000000e-01   5.8832251770795241e-01   5.8832251769918342e-01   8.7689855376993364e-12
   1.9140625000000000e-01   5.2187412611230832e-01   5.2187412610326933e-01   9.0389917772881745e-12
   1.9921875000000000e-01   4.5310622135892681e-01   4.5310622134985779e-01   9.0690233101042850e-12
   2.0703125000000000e-01   3.8358225858369260e-01   3.8358225857483835e-01   8.8542506659905484e-12
   2.1484375000000000e-01   3.1488303669771817e-01   3.1488303668934686e-01   8.3713036502786053e-12
   2.2265625000000000e-01   2.4856165585973169e-01   2.4856165585212750e-01   7.6041950514138534e-12
   2.3046875000000000e-01   1.8609942016379866e-01   1.8609942015719358e-01   6.6050775959780594e-12
   2.3828125000000000e-01   1.2886411007738771e-01   1.2886411007193560e-01   5.4521109849048344e-12
   2.4609375000000000e-01   7.8071998996865455e-02   7.8071998992711680e-02   4.1537745465447529e-12
   2.5390625000000000e-01   3.4754881056867581e-02   3.4754881054168359e-02   2.6992227897260079e-12
   2.6171875000000000e-01  -2.6678916748678857e-04  -2.6678916864454161e-04   1.1577530384040968e-12
   2.6953125000000000e-01  -2.6403768182738988e-02  -2.6403768182344349e-02   3.9463918244386775e-13
   2.7734375000000000e-01  -4.3310303663997858e-02  -4.3310303662073210e-02   1.9246479410206518e-12
   2.8515625000000000e-01  -5.0888533485060394e-02  -5.0888533481635412e-02   3.4249825198173767e-12
   2.9296875000000000e-01  -4.9285049884406427e-02  -4.9285049879547321e-02   4.8591061729830187e-12
   3.0078125000000000e-01  -3.8880014138991476e-02  -3.8880014132823985e-02   6.1674901297159579e-12
   3.0859375000000000e-01  -2.0269528348208637e-02  -2.0269528340889281e-02   7.3193569261054137e-12
   3.1640625000000000e-01   5.7577472077867467e-03   5.7577472161138288e-03   8.3270820794290046e-12
   3.2421875000000000e-01   3.8248519764248708e-02   3.8248519773450507e-02   9.2017990449555498e-12
   3.3203125000000000e-01   7.6115973363133457e-02   7.6115973373019383e-02   9.8859254116234752e-12
   3.3984375000000000e-01   1.1817263952415598e-01   1.1817263953454965e-01   1.0393672034147983e-11
   3.4765625000000000e-01   1.6316363363013373e-01   1.6316363364085196e-01   1.0718231857609339e-11
   3.5546875000000000e-01   2.0979897403820413e-01   2.0979897404907830e-01   1.0874162681417943e-11
   3.6328125000000000e-01   2.5678388946639497e-01   2.5678388947727016e-01   1.0875189637715721e-11
   3.7109375000000000e-01   3.0284626797800640e-01   3.0284626798870945e-01   1.0703049557747590e-11
   3.7890625000000000e-01   3.4676068628311862e-01   3.4676068629350343e-01   1.0384804127738789e-11
   3.8671875000000000e-01   3.8736875637415091e-01   3.8736875638406004e-01   9.9091290728381409e-12
   3.9453125000000000e-01   4.2359581208597546e-01   4.2359581209528424e-01   9.3087759722720875e-12
   4.0234375000000000e-01   4.5446420683881567e-01   4.5446420684742239e-01   8.6067264426503698e-12
   4.1015625000000000e-01   4.7910368507452072e-01   4.7910368508230300e-01   7.7822748245637285e-12
   4.1796875000000000e-01   4.9675940882438835e-01   4.9675940883125241e-01   6.8640648720474928e-12
   4.2578125000000000e-01   5.0679825954111946e-01   5.0679825954696023e-01   5.8407723102504860e-12
   4.3359375000000000e-01   5.0871399363982595e-01   5.0871399364453007e-01   4.7041259776392508e-12
   4.4140625000000000e-01   5.0213171576145121e-01   5.0213171576494242e-01   3.4912073232362673e-12
   4.4921875000000000e-01   4.8681196130245968e-01   4.8681196130468851e-01   2.2288282330862330e-12
   4.5703125000000000e-01   4.6265446963537821e-01   4.6265446963629542e-01   9.1721075179407308e-13
   4.6484375000000000e-01   4.2970150581148797e-01   4.2970150581108052e-01   4.0745185003743245e-13
   4.7265625000000000e-01   3.8814037697438442e-01   3.8814037697263049e-01   1.7539303343028223e-12
   4.8046875000000000e-01   3.3830461481279989e-01   3.3830461480972657e-01   3.0733193767673583e-12
   4.8828125000000000e-01   2.8067317838815542e-01   2.8067317838381928e-01   4.3361425561272426e-12
   4.9609375000000000e-01   2.1586698842822621e-01   2.1586698842269772e-01   5.5284943289990451e-12
   5.0390625000000000e-01   1.4464214357685612e-01   1.4464214357026706e-01   6.5890626288478416e-12
   5.1171875000000000e-01   6.7879292157784210e-02   6.7879292150257287e-02   7.5269235288999425e-12
   5.1953125000000000e-01  -1.3431167281656867e-02  -1.3431167289962603e-02   8.3057363070571100e-12
   5.2734375000000000e-01  -9.8208121572967169e-02  -9.8208121581856767e-02   8.8895973915370519e-12
   5.3515625000000000e-01  -1.8530277652797189e-01  -1.8530277653726940e-01   9.2975072085721422e-12
   5.4296875000000000e-01  -2.7352513138934409e-01  -2.7352513139888085e-01   9.5367602703788634e-12
   5.5078125000000000e-01  -3.6167302969980758e-01  -3.6167302970938991e-01   9.5823349255397261e-12
   5.5859375000000000e-01  -4.4856265417989855e-01  -4.4856265418932856e-01   9.4300123265611546e-12
   5.6640625000000000e-01  -5.3305912963795732e-01  -5.3305912964708957e-01   9.1322505113566876e-12
   5.7421875000000000e-01  -6.1410577925634746e-01  -6.1410577926505627e-01   8.7088114497646529e-12
   5.8203125000000000e-01  -6.9075055985037503e-01  -6.9075055985851275e-01   8.1377127258974724e-12
   5.8984375000000000e-01  -7.6216828724701424e-01  -7.6216828725450447e-01   7.4902306579360811e-12
   5.9765625000000000e-01  -8.2767745184338060e-01  -8.2767745185024888e-01   6.8682837195410684e-12
   6.0546875000000000e-01  -8.8675070649127452e-01  -8.8675070649750065e-01   6.2261307220978779e-12
   6.1328125000000000e-01  -9.3901846638643960e-01  -9.3901846639201292e-01   5.5733195836182858e-12
   6.2109375000000000e-01  -9.8426546965790462e-01  -9.8426546966288120e-01   4.9765747078822642e-12
   6.2890625000000000e-01  -1.0224205794454611e+00  -1.0224205794499130e+00   4.4519943287468777e-12
   6.3671875000000000e-01  -1.0535405327138894e+00  -1.0535405327179073e+00   4.0178971261184415e-12
   6.4453125000000000e-01  -1.0777887271803994e+00  -1.0777887271840461e+00   3.6466385466837892e-12
   6.5234375000000000e-01  -1.0954104571488485e+00  -1.0954104571522045e+00   3.3559821588369232e-12
   6.6015625000000000e-01  -1.1067062378443495e+00  -1.1067062378474886e+00   3.1390445798251676e-12
   6.6796875000000000e-01  -1.1120049783934938e+00  -1.1120049783964552e+00   2.9614088958851426e-12
   6.7578125000000000e-01  -1.1116387658952143e+00  -1.1116387658980396e+00   2.8252955530660984e-12
   6.8359375000000000e-01  -1.1059209054747996e+00  -1.1059209054774914e+00   2.6918467455061545e-12
   6.9140625000000000e-01  -1.0951286307730854e+00  -1.0951286307756223e+00   2.5368596112684827e-12
   6.9921875000000000e-01  -1.0794915710506234e+00  -1.0794915710529525e+00   2.3290258610586534e-12
   7.0703125000000000e-01  -1.0591866570539434e+00  -1.0591866570560136e+00   2.0701218517160669e-12
   7.1484375000000000e-01  -1.0343396955004758e+00  -1.0343396955022333e+00   1.7574830479816228e-12
   7.2265625000000000e-01  -1.0050333724340468e+00  -1.0050333724353886e+00   1.3418155475619642e-12
   7.3046875000000000e-01  -9.7132099093981872e-01  -9.7132099094063862e-01   8.1989970368567811e-13
   7.3828125000000000e-01  -9.3324483984797513e-01  -9.3324483984820017e-01   2.2504220709151923e-13
   7.4609375000000000e-01  -8.9085775486012220e-01  -8.9085775485967789e-01   4.4431125445498765e-13
   8.7890625000000000e-01   9.4989709247165641e-02   9.4989709250491244e-02   3.3256036813256173e-12
   8.8671875000000000e-01   1.3013871398161797e-01   1.3013871398389798e-01   2.2800095145214527e-12
   8.9453125000000000e-01   1.5963918303115263e-01   1.5963918303238384e-01   1.2312095787336830e-12
   9.0234375000000000e-01   1.8373674425550501e-01   1.8373674425572092e-01   2.1591062271397732e-13
   9.1015625000000000e-01   2.0288016635258857e-01   2.0288016635184869e-01   7.3988037918581995e-13
   9.1796875000000000e-01   2.1770648461510908e-01   2.1770648461353340e-01   1.5756840276992534e-12
   9.2578125000000000e-01   2.2901723971207424e-01   2.2901723970980695e-01   2.2672974608894947e-12
   9.3359375000000000e-01   2.3774672111399103e-01   2.3774672111122677e-01   2.7642610422873304e-12
   9.4140625000000000e-01   2.4492351065301804e-01   2.4492351064997472e-01   3.0433155995268635e-12
   9.4921875000000000e-01   2.5162696440277665e-01   2.5162696439965121e-01   3.1254443477735094e-12
   9.5703125000000000e-01   2.5894053503269643e-01   2.5894053502973402e-01   2.9624080966073052e-12
   9.6484375000000000e-01   2.6790400829435063e-01   2.6790400829176858e-01   2.5820456883707266e-12
   9.7265625000000000e-01   2.7946679718884931e-01   2.7946679718679918e-01   2.0501378372728141e-12
   9.8046875000000000e-01   2.9444440172939557e-01   2.9444440172801617e-01   1.3793965969455257e-12
   9.8828125000000000e-01   3.1348000273213755e-01   3.1348000273153714e-01   6.0040861171728466e-13
   9.9609375000000000e-01   3.3701292209483030e-01   3.3701292209509148e-01   2.6117996654306808e-13
   7.5390625000000000e-01  -8.4424619453069705e-01  -8.4424619452950489e-01   1.1921574838424931e-12
   7.6171875000000000e-01  -7.9355302650314341e-01  -7.9355302650116188e-01   1.9815260543509794e-12
   7.6953125000000000e-01  -7.3899821236192575e-01  -7.3899821235913377e-01   2.7919888623273437e-12
   7.7734375000000000e-01  -6.8089569228415736e-01  -6.8089569228054669e-01   3.6106673206859341e-12
   7.8515625000000000e-01  -6.1966499526491281e-01  -6.1966499526052299e-01   4.3898218393678690e-12
   7.9296875000000000e-01  -5.5583642175020198e-01  -5.5583642174508574e-01   5.1162407643801089e-12
   8.0078125000000000e-01  -4.9004904178810549e-01  -4.9004904178236042e-01   5.7450710855277975e-12
   8.0859375000000000e-01  -4.2304119770380655e-01  -4.2304119769756132e-01   6.2452265581214306e-12
   8.1640625000000000e-01  -3.5563366770666738e-01  -3.5563366770004612e-01   6.6212590965619711e-12
   8.2421875000000000e-01  -2.8870610703170663e-01  -2.8870610702486110e-01   6.8455241475362527e-12
   8.3203125000000000e-01  -2.2316780871171377e-01  -2.2316780870483180e-01   6.8819672183195735e-12
   8.3984375000000000e-01  -1.5992419223076756e-01  -1.5992419222405554e-01   6.7120198288250776e-12
   8.4765625000000000e-01  -9.9840714673070319e-02  -9.9840714666709851e-02   6.3604677080775218e-12
   8.5546875000000000e-01  -4.3706090256670597e-02  -4.3706090250815760e-02   5.8548374481937060e-12
   8.6328125000000000e-01   7.8032092201245394e-03   7.8032092252898642e-03   5.1653247651328726e-12
   8.7109375000000000e-01   5.4155222080581170e-02   5.4155222084889466e-02   4.3082967748908629e-12
