#                  Coord.                Numerical               Analytical                    Error
   3.9062500000000000e-03   4.2221477495907822e-01   4.2221477491245163e-01   4.6626591476695012e-11
   1.1718750000000000e-02   3.7860512059045359e-01   3.7860512054635526e-01   4.4098336093867374e-11
   1.9531250000000000e-02   3.3864525593530848e-01   3.3864525589374367e-01   4.1564807151672767e-11
   2.7343750000000000e-02   3.0239412939502408e-01   3.0239412935593002e-01   3.9094061321520712e-11
   3.5156250000000000e-02   2.6984265928358697e-01   2.6984265924685119e-01   3.6735781083763186e-11
   4.2968750000000000e-02   2.4089155047429686e-01   2.4089155043974508e-01   3.4551778105296194e-11
   5.0781250000000000e-02   2.1533707978243985e-01   2.1533707974981336e-01   3.2626484847142478e-11
   5.8593750000000000e-02   1.9286846820666464e-01   1.9286846817576164e-01   3.0903002379290001e-11
   6.6406250000000000e-02   1.7307911397894923e-01   1.7307911394961500e-01   2.9334229489919039e-11
   7.4218750000000000e-02   1.5549207952219882e-01   1.5549207949436675e-01   2.7832069982025587e-11
   8.2031250000000000e-02   1.3959805289878099e-01   1.3959805287245042e-01   2.6330576607946909e-11
   8.9843750000000000e-02   1.2490186305240944e-01   1.2490186302765928e-01   2.4750160254605191e-11
   9.7656250000000000e-02   1.1097187169324578e-01   1.1097187167020452e-01   2.3041263341738727e-11
   1.0546875000000000e-01   9.7485519551264221e-02   9.7485519530074380e-02   2.1189841548086008e-11
   1.1328125000000000e-01   8.4264211358609592e-02   8.4264211339430184e-02   1.9179408061731351e-11
   1.2109375000000000e-01   7.1291687110925608e-02   7.1291687093936046e-02   1.6989562534597269e-11
   1.2890625000000000e-01   5.8711985736733682e-02   5.8711985722065617e-02   1.4668065373424355e-11
   1.3671875000000000e-01   4.6805830284537185e-02   4.6805830272225152e-02   1.2312033337291695e-11
   1.4453125000000000e-01   3.5947375808632359e-02   3.5947375798625635e-02   1.0006724615596596e-11
   1.5234375000000000e-01   2.6546295289804660e-02   2.6546295281982608e-02   7.8220520338678767e-12
   1.6015625000000000e-01   1.8982648821467468e-02   1.8982648815604249e-02   5.8632196320296259e-12
   1.6796875000000000e-01   1.3543461801919773e-02   1.3543461797680689e-02   4.2390847776463403e-12
   1.7578125000000000e-01   1.0370140071335677e-02   1.0370140068296231e-02   3.0394454314519592e-12
   1.8359375000000000e-01   9.4246768748847340e-03   9.4246768725689822e-03   2.3157517570204789e-12
   1.9140625000000000e-01   1.0480178983917256e-02   1.0480178981822330e-02   2.0949266626990592e-12
   1.9921875000000000e-01   1.3137885392281902e-02   1.3137885389926314e-02   2.3555879469228103e-12
   2.0703125000000000e-01   1.6869061048988897e-02   1.6869061045967946e-02   3.0209515444745705e-12
   2.1484375000000000e-01   2.1076495314492204e-02   2.1076495310505265e-02   3.9869392509661594e-12
   2.2265625000000000e-01   2.5167389088894591e-02   2.5167389083801523e-02   5.0930683281880107e-12
   2.3046875000000000e-01   2.8627644675930805e-02   2.8627644669749631e-02   6.1811736284944629e-12
   2.3828125000000000e-01   3.1087268380105532e-02   3.1087268372982466e-02   7.1230660259047340e-12
   2.4609375000000000e-01   3.2367818655276472e-02   3.2367818647475913e-02   7.8005588100005241e-12
   2.5390625000000000e-01   3.2505402309885953e-02   3.2505402301777606e-02   8.1083473268961370e-12
   2.6171875000000000e-01   3.1746244828441399e-02   3.1746244820439293e-02   8.0021059223334134e-12
   2.6953125000000000e-01   3.0515796099003699e-02   3.0515796091470680e-02   7.5330193471945250e-12
   2.7734375000000000e-01   2.9366076866786744e-02   2.9366076860004336e-02   6.7824079685863126e-12
   2.8515625000000000e-01   2.8908958479667537e-02   2.8908958473818067e-02   5.8494702137590338e-12
   2.9296875000000000e-01   2.9744861277958272e-02   2.9744861273085611e-02   4.8726613022243015e-12
   3.0078125000000000e-01   3.2396713476748697e-02   3.2396713472738863e-02   4.0098341314021013e-12
   3.0859375000000000e-01   3.7257920727274393e-02   3.7257920723890434e-02   3.3839597790574771e-12
   3.1640625000000000e-01   4.4560770138883779e-02   4.4560770135810078e-02   3.0737010159320732e-12
   3.2421875000000000e-01   5.4368528488944121e-02   5.4368528485806963e-02   3.1371572006833048e-12
   3.3203125000000000e-01   6.6591003124955472e-02   6.6591003121351494e-02   3.6039782269625675e-12
   3.3984375000000000e-01   8.1020053476076909e-02   8.1020053471625886e-02   4.4510228836003307e-12
   3.4765625000000000e-01   9.7378949572002604e-02   9.7378949566431769e-02   5.5708354596006870e-12
   3.5546875000000000e-01   1.1537791782771770e-01   1.1537791782079231e-01   6.9253908163702249e-12
   3.6328125000000000e-01   1.3476786046860936e-01   1.3476786046017492e-01   8.4344475848041611e-12
   3.7109375000000000e-01   1.5538505539547212e-01   1.5538505538553138e-01   9.9407426734643423e-12
   3.7890625000000000e-01   1.7718143245378826e-01   1.7718143244243192e-01   1.1356332541012648e-11
   3.8671875000000000e-01   2.0023744161228024e-01   2.0023744159965035e-01   1.2629897128135781e-11
   3.9453125000000000e-01   2.2475717040047308e-01   2.2475717038678353e-01   1.3689549493989261e-11
   4.0234375000000000e-01   2.5104782385578267e-01   2.5104782384127522e-01   1.4507450796230614e-11
   4.1015625000000000e-01   2.7948760572435466e-01   2.7948760570930192e-01   1.5052736834775260e-11
   4.1796875000000000e-01   3.1048720231112625e-01   3.1048720229581528e-01   1.5310974710303071e-11
   4.2578125000000000e-01   3.4445037569495629e-01   3.4445037567969850e-01   1.5257795027423526e-11
   4.3359375000000000e-01   3.8173866582138744e-01   3.8173866580651061e-01   1.4876821996523404e-11
   4.4140625000000000e-01   4.2264404424411794e-01   4.2264404422991847e-01   1.4199474929199596e-11
   4.4921875000000000e-01   4.6737179930544842e-01   4.6737179929218425e-01   1.3264167542104133e-11
   4.5703125000000000e-01   5.1603424027890943e-01   5.1603424026693878e-01   1.1970646696113363e-11
   4.6484375000000000e-01   5.6865425019955529e-01   5.6865425018920346e-01   1.0351830503907422e-11
   4.7265625000000000e-01   6.2517650500567679e-01   6.2517650499717048e-01   8.5063067700730244e-12
   4.8046875000000000e-01   6.8548344264134198e-01   6.8548344263478789e-01   6.5540906035721491e-12
   4.8828125000000000e-01   7.4941285308319538e-01   7.4941285307877792e-01   4.4174663926810354e-12
   4.9609375000000000e-01   8.1677422780273734e-01   8.1677422780066289e-01   2.0744517215121050e-12
   5.0390625000000000e-01   8.8736164743721402e-01   8.8736164743757384e-01   3.5982328228101323e-13
   5.1171875000000000e-01   9.6096185130680900e-01   9.6096185130964629e-01   2.8372859617320501e-12
   5.1953125000000000e-01   1.0373570618352019e+00   1.0373570618406405e+00   5.4385385084287918e-12
   5.2734375000000000e-01   1.1163229853185455e+00   1.1163229853267587e+00   8.2132078915719831e-12
   5.3515625000000000e-01   1.1976230669075907e+00   1.1976230669186447e+00   1.1054046566982834e-11
   5.4296875000000000e-01   1.2810004774488126e+00   1.2810004774628512e+00   1.4038548101780179e-11
   5.5078125000000000e-01   1.3661694370614390e+00   1.3661694370787680e+00   1.7329027102164218e-11
   5.5859375000000000e-01   1.4528073622697912e+00   1.4528073622908584e+00   2.1067148026077120e-11
   5.6640625000000000e-01   1.5405490191365496e+00   1.5405490191615800e+00   2.5030422179384004e-11
   5.7421875000000000e-01   1.6289834503338207e+00   1.6289834503630491e+00   2.9228397480096646e-11
   5.8203125000000000e-01   1.7176539981489853e+00   1.7176539981827772e+00   3.3791858200515890e-11
   5.8984375000000000e-01   1.8060613368075162e+00   1.8060613368460272e+00   3.8510972188987580e-11
   5.9765625000000000e-01   1.8936691064004989e+00   1.8936691064437419e+00   4.3242964764544922e-11
   6.0546875000000000e-01   1.9799115346370293e+00   1.9799115346849767e+00   4.7947423809091561e-11
   6.1328125000000000e-01   2.0642023466556054e+00   2.0642023467081811e+00   5.2575721554148913e-11
   6.2109375000000000e-01   2.1459442835322848e+00   2.1459442835891145e+00   5.6829652095302663e-11
   6.2890625000000000e-01   2.2245386503777347e+00   2.2245386504382179e+00   6.0483174024739128e-11
   6.3671875000000000e-01   2.2993944623415747e+00   2.2993944624051372e+00   6.3562488605839462e-11
   6.4453125000000000e-01   2.3699369188963804e+00   2.3699369189625887e+00   6.6208372118126135e-11
   6.5234375000000000e-01   2.4356150859780503e+00   2.4356150860462060e+00   6.8155703303318660e-11
   6.6015625000000000e-01   2.4959087825735837e+00   2.4959087826430491e+00   6.9465322383166495e-11
   6.6796875000000000e-01   2.5503347431033068e+00   2.5503347431736385e+00   7.0331740431583967e-11
   6.7578125000000000e-01   2.5984521580896671e+00   2.5984521581604683e+00   7.0801142726395483e-11
   6.8359375000000000e-01   2.6398676887690655e+00   2.6398676888397032e+00   7.0637717897170660e-11
   6.9140625000000000e-01   2.6742400166929681e+00   2.6742400167629041e+00   6.9936056945607561e-11
   6.9921875000000000e-01   2.7012839392761010e+00   2.7012839393450867e+00   6.8985706036528427e-11
   7.0703125000000000e-01   2.7207739688893264e+00   2.7207739689569030e+00   6.7576610973674178e-11
   7.1484375000000000e-01   2.7325473469797155e+00   2.7325473470452906e+00   6.5575100904879946e-11
   7.2265625000000000e-01   2.7365063536816177e+00   2.7365063537447574e+00   6.3139715678062203e-11
   7.3046875000000000e-01   2.7326197822453056e+00   2.7326197823055223e+00   6.0216720498829091e-11
   7.3828125000000000e-01   2.7209234581308186e+00   2.7209234581874187e+00   5.6600057973810181e-11
   7.4609375000000000e-01   2.7015197138412295e+00   2.7015197138935600e+00   5.2330584310311679e-11
   8.7890625000000000e-01   1.5405864233379909e+00   1.5405864232943758e+00   4.3615111522399275e-11
   8.8671875000000000e-01   1.4525092521889713e+00   1.4525092521417291e+00   4.7242210143849661e-11
   8.9453125000000000e-01   1.3656723143363831e+00   1.3656723142860703e+00   5.0312864985357919e-11
   9.0234375000000000e-01   1.2805062367759164e+00   1.2805062367231361e+00   5.2780224635284867e-11
   9.1015625000000000e-01   1.1973844358717161e+00   1.1973844358169510e+00   5.4765081358709722e-11
   9.1796875000000000e-01   1.1166175010467969e+00   1.1166175009905657e+00   5.6231241885029704e-11
   9.2578125000000000e-01   1.0384509543945184e+00   1.0384509543373583e+00   5.7160054467431110e-11
   9.3359375000000000e-01   9.6306717614780923e-01   9.6306717609015624e-01   5.7652993490364679e-11
   9.4140625000000000e-01   8.9059187012711727e-01   8.9059187006934604e-01   5.7771232242487258e-11
   9.4921875000000000e-01   8.2110486894771195e-01   8.2110486889017209e-01   5.7539861764155376e-11
   9.5703125000000000e-01   7.5465441121339283e-01   7.5465441115643539e-01   5.6957438765437018e-11
   9.6484375000000000e-01   6.9127335815594315e-01   6.9127335809995949e-01   5.5983662150538294e-11
   9.7265625000000000e-01   6.3099527043123949e-01   6.3099527037655090e-01   5.4688586992313049e-11
   9.8046875000000000e-01   5.7386795415616665e-01   5.7386795410303471e-01   5.3131943289486117e-11
   9.8828125000000000e-01   5.1996210667465137e-01   5.1996210662338560e-01   5.1265769407393691e-11
   9.9609375000000000e-01   4.6937310426168261e-01   4.6937310421261652e-01   4.9066084528703868e-11
   7.5390625000000000e-01   2.6745757791875846e+00   2.6745757792351563e+00   4.7571724337558408e-11
   7.6171875000000000e-01   2.6403211073982389e+00   2.6403211074406192e+00   4.2380321474411176e-11
   7.6953125000000000e-01   2.5990437234217008e+00   2.5990437234582626e+00   3.6561864646955655e-11
   7.7734375000000000e-01   2.5510857438443946e+00   2.5510857438746601e+00   3.0265567829701467e-11
   7.8515625000000000e-01   2.4968382693517577e+00   2.4968382693756705e+00   2.3912871682796322e-11
   7.9296875000000000e-01   2.4367358820661855e+00   2.4367358820836285e+00   1.7442935984490759e-11
   8.0078125000000000e-01   2.3712509841324692e+00   2.3712509841433342e+00   1.0865086608191632e-11
   8.0859375000000000e-01   2.3008881858993440e+00   2.3008881859037924e+00   4.4484416150680772e-12
   8.1640625000000000e-01   2.2261788912384008e+00   2.2261788912365974e+00   1.8034462812011043e-12
   8.2421875000000000e-01   2.1476761384177245e+00   2.1476761384098544e+00   7.8701489769628097e-12
   8.3203125000000000e-01   2.0659496478420314e+00   2.0659496478282584e+00   1.3772982754289842e-11
   8.3984375000000000e-01   1.9815809188932025e+00   1.9815809188737803e+00   1.9422241592792489e-11
   8.4765625000000000e-01   1.8951581274083291e+00   1.8951581273835212e+00   2.4807933485249123e-11
   8.5546875000000000e-01   1.8072705251354504e+00   1.8072705251054826e+00   2.9967806014497000e-11
   8.6328125000000000e-01   1.7185020530024844e+00   1.7185020529675370e+00   3.4947378324545753e-11
   8.7109375000000000e-01   1.6294239651170432e+00   1.6294239650775106e+00   3.9532599416247649e-11
