#                  Coord.                Numerical               Analytical                    Error
   3.9062500000000000e-03   1.7143375562725560e-01   1.7143375562689556e-01   3.6004532688593827e-13
   1.1718750000000000e-02   2.3526375931747989e-01   2.3526375931702051e-01   4.5938253201427415e-13
   1.9531250000000000e-02   3.1439472747505526e-01   3.1439472747448077e-01   5.7448490409228725e-13
   2.7343750000000000e-02   4.0609512448211060e-01   4.0609512448145380e-01   6.5680794136824261e-13
   3.5156250000000000e-02   5.0736652195683951e-01   5.0736652195611065e-01   7.2886141566641527e-13
   4.2968750000000000e-02   6.1508749766358706e-01   6.1508749766276238e-01   8.2467366269156628e-13
   5.0781250000000000e-02   7.2615069953336986e-01   7.2615069953246025e-01   9.0960572407539075e-13
   5.8593750000000000e-02   8.3758398980977133e-01   8.3758398980883109e-01   9.4024787955504507e-13
   6.6406250000000000e-02   9.4664873387988169e-01   9.4664873387892623e-01   9.5545793499240972e-13
   7.4218750000000000e-02   1.0509110321949522e+00   1.0509110321940098e+00   9.4235730330183287e-13
   8.2031250000000000e-02   1.1482846802905491e+00   1.1482846802896431e+00   9.0594198809412774e-13
   8.9843750000000000e-02   1.2370475339880596e+00   1.2370475339872202e+00   8.3932860661661834e-13
   9.7656250000000000e-02   1.3158354338608920e+00   1.3158354338601095e+00   7.8248518775581033e-13
   1.0546875000000000e-01   1.3836196475550435e+00   1.3836196475543394e+00   7.0410344221727428e-13
   1.1328125000000000e-01   1.4396747524830920e+00   1.4396747524824314e+00   6.6058269965196814e-13
   1.2109375000000000e-01   1.4835439399843426e+00   1.4835439399837143e+00   6.2838623193783860e-13
   1.2890625000000000e-01   1.5150079152715363e+00   1.5150079152709626e+00   5.7376325912628090e-13
   1.3671875000000000e-01   1.5340620304230559e+00   1.5340620304224886e+00   5.6732396558345499e-13
   1.4453125000000000e-01   1.5409042318002732e+00   1.5409042317997221e+00   5.5111470942392771e-13
   1.5234375000000000e-01   1.5359340915978525e+00   1.5359340915972850e+00   5.6754601018838002e-13
   1.6015625000000000e-01   1.5197609119912898e+00   1.5197609119906814e+00   6.0840221749458578e-13
   1.6796875000000000e-01   1.4932169195478671e+00   1.4932169195472751e+00   5.9197091673013347e-13
   1.7578125000000000e-01   1.4573701526654244e+00   1.4573701526648182e+00   6.0618177144533547e-13
   1.8359375000000000e-01   1.4135309713664737e+00   1.4135309713658559e+00   6.1772809090143710e-13
   1.9140625000000000e-01   1.3632462920058437e+00   1.3632462920052963e+00   5.4733995114020217e-13
   1.9921875000000000e-01   1.3082766804088037e+00   1.3082766804083663e+00   4.3742787170231168e-13
   2.0703125000000000e-01   1.2505532372710801e+00   1.2505532372706822e+00   3.9790393202565610e-13
   2.1484375000000000e-01   1.1921135960898739e+00   1.1921135960895153e+00   3.5860203695392556e-13
   2.2265625000000000e-01   1.1350190635561375e+00   1.1350190635558852e+00   2.5224267119483557e-13
   2.3046875000000000e-01   1.0812576480927631e+00   1.0812576480925467e+00   2.1649348980190553e-13
   2.3828125000000000e-01   1.0326401066557684e+00   1.0326401066555757e+00   1.9273471707492718e-13
   2.4609375000000000e-01   9.9069787458425995e-01   9.9069787458410596e-01   1.5398793351550921e-13
   2.5390625000000000e-01   9.5659256888714117e-01   9.5659256888698629e-01   1.5487611193520934e-13
   2.6171875000000000e-01   9.3104650766355790e-01   9.3104650766341090e-01   1.4699352846037073e-13
   2.6953125000000000e-01   9.1430232469875883e-01   9.1430232469854800e-01   2.1083135237631723e-13
   2.7734375000000000e-01   9.0611737026491157e-01   9.0611737026465078e-01   2.6079138848444927e-13
   2.8515625000000000e-01   9.0579539883853666e-01   9.0579539883831384e-01   2.2282176104226892e-13
   2.9296875000000000e-01   9.1225438328044750e-01   9.1225438328023023e-01   2.1727064591914313e-13
   3.0078125000000000e-01   9.2412556753818320e-01   9.2412556753796848e-01   2.1471713296250527e-13
   3.0859375000000000e-01   9.3987550611538873e-01   9.3987550611518578e-01   2.0294876890147862e-13
   3.1640625000000000e-01   9.5794024099055819e-01   9.5794024099041786e-01   1.4033219031261979e-13
   3.2421875000000000e-01   9.7685925933035400e-01   9.7685925933023832e-01   1.1568523916594131e-13
   3.3203125000000000e-01   9.9539666095814183e-01   9.9539666095804480e-01   9.7033492352238682e-14
   3.3984375000000000e-01   1.0126380965497679e+00   1.0126380965497443e+00   2.3536728122053319e-14
   3.4765625000000000e-01   1.0280544106181813e+00   1.0280544106182374e+00   5.6177285046032921e-14
   3.5546875000000000e-01   1.0415262841431594e+00   1.0415262841432542e+00   9.4813046302988369e-14
   3.6328125000000000e-01   1.0533281483920687e+00   1.0533281483921442e+00   7.5495165674510645e-14
   3.7109375000000000e-01   1.0640737886061034e+00   1.0640737886061775e+00   7.4162898044960457e-14
   3.7890625000000000e-01   1.0746299087963891e+00   1.0746299087964952e+00   1.0613732115416497e-13
   3.8671875000000000e-01   1.0860070587265223e+00   1.0860070587266335e+00   1.1124434706744069e-13
   3.9453125000000000e-01   1.0992393912358474e+00   1.0992393912359459e+00   9.8587804586713901e-14
   4.0234375000000000e-01   1.1152655103252600e+00   1.1152655103253608e+00   1.0080825063596421e-13
   4.1015625000000000e-01   1.1348221271797694e+00   1.1348221271797965e+00   2.7089441800853820e-14
   4.1796875000000000e-01   1.1583604575392517e+00   1.1583604575392072e+00   4.4408920985006262e-14
   4.2578125000000000e-01   1.1859925054731575e+00   1.1859925054730633e+00   9.4146912488213275e-14
   4.3359375000000000e-01   1.2174709309558962e+00   1.2174709309556686e+00   2.2759572004815709e-13
   4.4140625000000000e-01   1.2522025024625147e+00   1.2522025024621537e+00   3.6104452760810091e-13
   4.4921875000000000e-01   1.2892916169707263e+00   1.2892916169702819e+00   4.4431125445498765e-13
   4.5703125000000000e-01   1.3276074187081919e+00   1.3276074187076889e+00   5.0293103015519591e-13
   4.6484375000000000e-01   1.3658659753171276e+00   1.3658659753165174e+00   6.1017857433398603e-13
   4.7265625000000000e-01   1.4027179732905928e+00   1.4027179732899031e+00   6.8967054289714724e-13
   4.8046875000000000e-01   1.4368325393366350e+00   1.4368325393359420e+00   6.9300121197102271e-13
   4.8828125000000000e-01   1.4669690124017059e+00   1.4669690124010026e+00   7.0321526379757415e-13
   4.9609375000000000e-01   1.4920305932127542e+00   1.4920305932120732e+00   6.8101080330507102e-13
   5.0390625000000000e-01   1.5110965007611881e+00   1.5110965007605652e+00   6.2283511681471282e-13
   5.1171875000000000e-01   1.5234322260923678e+00   1.5234322260918423e+00   5.2557957985754911e-13
   5.1953125000000000e-01   1.5284803333968118e+00   1.5284803333963999e+00   4.1189274213593308e-13
   5.2734375000000000e-01   1.5258366802577537e+00   1.5258366802574606e+00   2.9309887850104133e-13
   5.3515625000000000e-01   1.5152186362645057e+00   1.5152186362643536e+00   1.5210055437364645e-13
   5.4296875000000000e-01   1.4964326836452084e+00   1.4964326836451660e+00   4.2410519540680980e-14
   5.5078125000000000e-01   1.4693486032704060e+00   1.4693486032704439e+00   3.7969627442180354e-14
   5.5859375000000000e-01   1.4338863157294552e+00   1.4338863157295476e+00   9.2370555648813024e-14
   5.6640625000000000e-01   1.3900194997977293e+00   1.3900194997978459e+00   1.1657341758564144e-13
   5.7421875000000000e-01   1.3377975815130094e+00   1.3377975815131418e+00   1.3233858453531866e-13
   5.8203125000000000e-01   1.2773848757263859e+00   1.2773848757265216e+00   1.3566925360919413e-13
   5.8984375000000000e-01   1.2091129034852921e+00   1.2091129034853956e+00   1.0347278589506459e-13
   5.9765625000000000e-01   1.1335395377965187e+00   1.1335395377966042e+00   8.5487172896137054e-14
   6.0546875000000000e-01   1.0515069450493775e+00   1.0515069450494334e+00   5.5955240441107890e-14
   6.1328125000000000e-01   9.6418951634722816e-01   9.6418951634723238e-01   4.2188474935755949e-15
   6.2109375000000000e-01   8.7312324983828216e-01   8.7312324983830814e-01   2.5979218776228663e-14
   6.2890625000000000e-01   7.8020936217900372e-01   7.8020936217909298e-01   8.9261931179862586e-14
   6.3671875000000000e-01   6.8768716175969746e-01   6.8768716175985012e-01   1.5265566588595902e-13
   6.4453125000000000e-01   5.9807418089354969e-01   5.9807418089377540e-01   2.2570834090629432e-13
   6.5234375000000000e-01   5.1407491959323948e-01   5.1407491959354734e-01   3.0786484472855591e-13
   6.6015625000000000e-01   4.3846292417565036e-01   4.3846292417602345e-01   3.7309044742528386e-13
   6.6796875000000000e-01   3.7394392196218090e-01   3.7394392196261961e-01   4.3870462818063061e-13
   6.7578125000000000e-01   3.2301000673710512e-01   3.2301000673759594e-01   4.9082959918678171e-13
   6.8359375000000000e-01   2.8779614712837087e-01   2.8779614712886548e-01   4.9460435747050724e-13
   6.9140625000000000e-01   2.6995041697634670e-01   2.6995041697683120e-01   4.8450132794641831e-13
   6.9921875000000000e-01   2.7052830590942156e-01   2.7052830590984783e-01   4.2627013030482885e-13
   7.0703125000000000e-01   2.8991938292842301e-01   2.8991938292874248e-01   3.1946667533588879e-13
   7.1484375000000000e-01   3.2781170300703583e-01   3.2781170300721690e-01   1.8107737531636303e-13
   7.2265625000000000e-01   3.8319600449939994e-01   3.8319600449943869e-01   3.8746783559417963e-14
   7.3046875000000000e-01   4.5440832690501470e-01   4.5440832690489169e-01   1.2301271112846734e-13
   7.3828125000000000e-01   5.3920656245126819e-01   5.3920656245097676e-01   2.9143354396410359e-13
   7.4609375000000000e-01   6.3487396558109610e-01   6.3487396558066655e-01   4.2954528822747307e-13
   8.7890625000000000e-01   1.2520053132973816e+00   1.2520053132971816e+00   2.0006218903745321e-13
   8.8671875000000000e-01   1.1542091517983755e+00   1.1542091517981778e+00   1.9761969838327786e-13
   8.9453125000000000e-01   1.0462198769481912e+00   1.0462198769479925e+00   1.9872992140790302e-13
   9.0234375000000000e-01   9.3087351038745592e-01   9.3087351038727695e-01   1.7896795156957523e-13
   9.1015625000000000e-01   8.1131705661031861e-01   8.1131705661020326e-01   1.1535217225855376e-13
   9.1796875000000000e-01   6.9093185427224002e-01   6.9093185427217096e-01   6.9055872131684737e-14
   9.2578125000000000e-01   5.7323692823679950e-01   5.7323692823674399e-01   5.5511151231257827e-14
   9.3359375000000000e-01   4.6177433677787411e-01   4.6177433677783547e-01   3.8635761256955448e-14
   9.4140625000000000e-01   3.5998075644474276e-01   3.5998075644473682e-01   5.9396931817445875e-15
   9.4921875000000000e-01   2.7105165984553509e-01   2.7105165984553026e-01   4.8294701571194310e-15
   9.5703125000000000e-01   1.9780613922228729e-01   1.9780613922225265e-01   3.4638958368304884e-14
   9.6484375000000000e-01   1.4256145670996698e-01   1.4256145670990344e-01   6.3532512584174583e-14
   9.7265625000000000e-01   1.0702656888985716e-01   1.0702656888975789e-01   9.9267816189296809e-14
   9.8046875000000000e-01   9.2223081855187516e-02   9.2223081855037373e-02   1.5014378629274461e-13
   9.8828125000000000e-01   9.8440362557573394e-02   9.8440362557350447e-02   2.2294666113253925e-13
   9.9609375000000000e-01   1.2522900303057105e-01   1.2522900303027101e-01   3.0003777240494856e-13
   7.5390625000000000e-01   7.3834101366044858e-01   7.3834101365985572e-01   5.9285909514983359e-13
   7.6171875000000000e-01   8.4631635488191492e-01   8.4631635488122858e-01   6.8633987382327177e-13
   7.6953125000000000e-01   9.5541788634545410e-01   9.5541788634472646e-01   7.2764017033932760e-13
   7.7734375000000000e-01   1.0622961540785452e+00   1.0622961540777740e+00   7.7116091290463373e-13
   7.8515625000000000e-01   1.1637440461867889e+00   1.1637440461860433e+00   7.4562578333825513e-13
   7.9296875000000000e-01   1.2567888950589687e+00   1.2567888950583024e+00   6.6635585938001896e-13
   8.0078125000000000e-01   1.3387653329350120e+00   1.3387653329344040e+00   6.0795812828473572e-13
   8.0859375000000000e-01   1.4073692948169367e+00   1.4073692948163943e+00   5.4245496983185149e-13
   8.1640625000000000e-01   1.4606952192536504e+00   1.4606952192532316e+00   4.1877612488860905e-13
   8.2421875000000000e-01   1.4972596134588156e+00   1.4972596134584899e+00   3.2573943542502093e-13
   8.3203125000000000e-01   1.5160146523977251e+00   1.5160146523974596e+00   2.6556534749033744e-13
   8.3984375000000000e-01   1.5163553741623503e+00   1.5163553741621352e+00   2.1516122217235534e-13
   8.4765625000000000e-01   1.4981233845788213e+00   1.4981233845786954e+00   1.2589929099249275e-13
   8.5546875000000000e-01   1.4616089143840130e+00   1.4616089143838993e+00   1.1368683772161603e-13
   8.6328125000000000e-01   1.4075517426109898e+00   1.4075517426108011e+00   1.8873791418627661e-13
   8.7109375000000000e-01   1.3371400927518957e+00   1.3371400927516839e+00   2.1183055309847987e-13
