#                  Coord.                Numerical               Analytical                    Error
   3.9062500000000000e-03  -2.6749099461482250e-02  -2.6749099465289236e-02   3.8069859764622294e-12
   1.1718750000000000e-02  -5.2181697150912427e-02  -5.2181697159801727e-02   8.8892990190991839e-12
   1.9531250000000000e-02  -8.6036097851330026e-02  -8.6036097865100095e-02   1.3770068418850201e-11
   2.7343750000000000e-02  -1.2772024932256357e-01  -1.2772024934091245e-01   1.8348877972584887e-11
   3.5156250000000000e-02  -1.7642587495758030e-01  -1.7642587498006176e-01   2.2481461137147107e-11
   4.2968750000000000e-02  -2.3114476233144221e-01  -2.3114476235751019e-01   2.6067981107047444e-11
   5.0781250000000000e-02  -2.9069220125728173e-01  -2.9069220128626161e-01   2.8979874056034305e-11
   5.8593750000000000e-02  -3.5373700594531915e-01  -3.5373700597651087e-01   3.1191715876843773e-11
   6.6406250000000000e-02  -4.1883722218277697e-01  -4.1883722221542280e-01   3.2645830483346572e-11
   7.4218750000000000e-02  -4.8448033214968256e-01  -4.8448033218296743e-01   3.3284874856320812e-11
   8.2031250000000000e-02  -5.4912654412487716e-01  -5.4912654415798168e-01   3.3104519125970455e-11
   8.9843750000000000e-02  -6.1125360407863860e-01  -6.1125360411075813e-01   3.2119529258523016e-11
   9.7656250000000000e-02  -6.6940149706704710e-01  -6.6940149709740615e-01   3.0359048608374906e-11
   1.0546875000000000e-01  -7.2221541835581371e-01  -7.2221541838369141e-01   2.7877700148337681e-11
   1.1328125000000000e-01  -7.6848548157573160e-01  -7.6848548160049379e-01   2.4762192296634566e-11
   1.2109375000000000e-01  -8.0718178358628789e-01  -8.0718178360736303e-01   2.1075141631854422e-11
   1.2890625000000000e-01  -8.3748364948149867e-01  -8.3748364949841136e-01   1.6912693467929785e-11
   1.3671875000000000e-01  -8.5880212101269704e-01  -8.5880212102510589e-01   1.2408851723932912e-11
   1.4453125000000000e-01  -8.7079501222236710e-01  -8.7079501223012323e-01   7.7561290723338061e-12
   1.5234375000000000e-01  -8.7337412318298979e-01  -8.7337412318604302e-01   3.0532243400216430e-12
   1.6015625000000000e-01  -8.6670446471549667e-01  -8.6670446471388385e-01   1.6128209878729649e-12
   1.6796875000000000e-01  -8.5119559518871057e-01  -8.5119559518262489e-01   6.0856875094827956e-12
   1.7578125000000000e-01  -8.2748539959747380e-01  -8.2748539958728373e-01   1.0190071009219537e-11
   1.8359375000000000e-01  -7.9641684869553675e-01  -7.9641684868175411e-01   1.3782641694604081e-11
   1.9140625000000000e-01  -7.5900846195935223e-01  -7.5900846194252614e-01   1.6826096072009022e-11
   1.9921875000000000e-01  -7.1641936390469185e-01  -7.1641936388544547e-01   1.9246382265691864e-11
   2.0703125000000000e-01  -6.6990997041375955e-01  -6.6990997039285449e-01   2.0905055464481848e-11
   2.1484375000000000e-01  -6.2079947118722900e-01  -6.2079947116544543e-01   2.1783574943867734e-11
   2.2265625000000000e-01  -5.7042138559718347e-01  -5.7042138557530053e-01   2.1882939904571685e-11
   2.3046875000000000e-01  -5.2007855940075176e-01  -5.2007855937953062e-01   2.1221135959592630e-11
   2.3828125000000000e-01  -4.7099903411449506e-01  -4.7099903409466587e-01   1.9829193842468840e-11
   2.4609375000000000e-01  -4.2429425262133852e-01  -4.2429425260352027e-01   1.7818246877965294e-11
   2.5390625000000000e-01  -3.8092105592109182e-01  -3.8092105590582925e-01   1.5262568986429415e-11
   2.6171875000000000e-01  -3.4164886888114543e-01  -3.4164886886884938e-01   1.2296053064630996e-11
   2.6953125000000000e-01  -3.0703336056592295e-01  -3.0703336055687003e-01   9.0529250762472202e-12
   2.7734375000000000e-01  -2.7739769278966853e-01  -2.7739769278394721e-01   5.7213123128008192e-12
   2.8515625000000000e-01  -2.5282223803596410e-01  -2.5282223803350318e-01   2.4609203563841220e-12
   2.9296875000000000e-01  -2.3314335827206789e-01  -2.3314335827268640e-01   6.1850524701867471e-13
   3.0078125000000000e-01  -2.1796149770289006e-01  -2.1796149770626178e-01   3.3717195702109848e-12
   3.0859375000000000e-01  -2.0665846814219857e-01  -2.0665846814782496e-01   5.6263882441953683e-12
   3.1640625000000000e-01  -1.9842341259201704e-01  -1.9842341259925925e-01   7.2422068342348211e-12
   3.2421875000000000e-01  -1.9228654112934734e-01  -1.9228654113756810e-01   8.2207574081394341e-12
   3.3203125000000000e-01  -1.8715936536898803e-01  -1.8715936537750064e-01   8.5126072857377721e-12
   3.3984375000000000e-01  -1.8187983577803926e-01  -1.8187983578608197e-01   8.0427053905651746e-12
   3.4765625000000000e-01  -1.7526053052716864e-01  -1.7526053053402177e-01   6.8531291752549350e-12
   3.5546875000000000e-01  -1.6613787269114508e-01  -1.6613787269615266e-01   5.0075776858449217e-12
   3.6328125000000000e-01  -1.5342027712840783e-01  -1.5342027713101225e-01   2.6044166823169235e-12
   3.7109375000000000e-01  -1.3613315628192083e-01  -1.3613315628166853e-01   2.5229818234606682e-13
   3.7890625000000000e-01  -1.1345884621070393e-01  -1.1345884620726863e-01   3.4352937161585828e-12
   3.8671875000000000e-01  -8.4769744813757195e-02  -8.4769744806898417e-02   6.8587774348927155e-12
   3.9453125000000000e-01  -4.9653271940683842e-02  -4.9653271930377094e-02   1.0306748510213737e-11
   4.0234375000000000e-01  -7.9276492633756721e-03  -7.9276492497528227e-03   1.3622849376337953e-11
   4.1015625000000000e-01   4.0352064213048801e-02   4.0352064229734218e-02   1.6685416937001207e-11
   4.1796875000000000e-01   9.4897780550963151e-02   9.4897780570320889e-02   1.9357737635061767e-11
   4.2578125000000000e-01   1.5520166805667374e-01   1.5520166807820346e-01   2.1529722449287192e-11
   4.3359375000000000e-01   2.2055810150347807e-01   2.2055810152655553e-01   2.3077456612341507e-11
   4.4140625000000000e-01   2.9009306582637340e-01   2.9009306585030431e-01   2.3930912806946480e-11
   4.4921875000000000e-01   3.6279946657561724e-01   3.6279946659969986e-01   2.4082624783261508e-11
   4.5703125000000000e-01   4.3757654634232679e-01   4.3757654636584359e-01   2.3516799618761297e-11
   4.6484375000000000e-01   5.1327144543266889e-01   5.1327144545492109e-01   2.2252200082562013e-11
   4.7265625000000000e-01   5.8872088461854943e-01   5.8872088463885663e-01   2.0307200365721201e-11
   4.8046875000000000e-01   6.6279099022822008e-01   6.6279099024595467e-01   1.7734591573059788e-11
   4.8828125000000000e-01   7.3441342456768144e-01   7.3441342458241310e-01   1.4731660336053665e-11
   4.9609375000000000e-01   8.0261622023489154e-01   8.0261622024630619e-01   1.1414647005381084e-11
   5.0390625000000000e-01   8.6654803329280361e-01   8.6654803330067554e-01   7.8719253338022099e-12
   5.1171875000000000e-01   9.2549491138930418e-01   9.2549491139353446e-01   4.2302827907292340e-12
   5.1953125000000000e-01   9.7888909913991062e-01   9.7888909914059019e-01   6.7956751337305832e-13
   5.2734375000000000e-01   1.0263098521092322e+00   1.0263098521065859e+00   2.6463276014965231e-12
   5.3515625000000000e-01   1.0674766784865524e+00   1.0674766784808274e+00   5.7249760487820822e-12
   5.4296875000000000e-01   1.1022358493933047e+00   1.1022358493848698e+00   8.4348084072871643e-12
   5.5078125000000000e-01   1.1305413907007629e+00   1.1305413906900945e+00   1.0668355088228054e-11
   5.5859375000000000e-01   1.1524320693304673e+00   1.1524320693180434e+00   1.2423839734765352e-11
   5.6640625000000000e-01   1.1680060967458363e+00   1.1680060967320736e+00   1.3762768702463291e-11
   5.7421875000000000e-01   1.1773953779441242e+00   1.1773953779294133e+00   1.4710899165493174e-11
   5.8203125000000000e-01   1.1807411278078701e+00   1.1807411277925741e+00   1.5295986699470632e-11
   5.8984375000000000e-01   1.1781725569442187e+00   1.1781725569286046e+00   1.5614176618328202e-11
   5.9765625000000000e-01   1.1697901020123045e+00   1.1697901019965020e+00   1.5802470443304628e-11
   6.0546875000000000e-01   1.1556543539595989e+00   1.1556543539436708e+00   1.5928147689692196e-11
   6.1328125000000000e-01   1.1357814410036342e+00   1.1357814409876055e+00   1.6028733895723235e-11
   6.2109375000000000e-01   1.1101451764733632e+00   1.1101451764571253e+00   1.6237899913562615e-11
   6.2890625000000000e-01   1.0786858135181254e+00   1.0786858135014676e+00   1.6657786261475849e-11
   6.3671875000000000e-01   1.0413247899361577e+00   1.0413247899188494e+00   1.7308376953906190e-11
   6.4453125000000000e-01   9.9798442755406247e-01   9.9798442753587646e-01   1.8186008254872377e-11
   6.5234375000000000e-01   9.4861119995125176e-01   9.4861119993191167e-01   1.9340085088970227e-11
   6.6015625000000000e-01   8.9320092369953519e-01   8.9320092367881099e-01   2.0724200133770410e-11
   6.6796875000000000e-01   8.3182407930149360e-01   8.3182407927920887e-01   2.2284729617183530e-11
   6.7578125000000000e-01   7.6464943872859603e-01   7.6464943870467106e-01   2.3924973113764736e-11
   6.8359375000000000e-01   6.9196426860086357e-01   6.9196426857531912e-01   2.5544455439785452e-11
   6.9140625000000000e-01   6.1418958481834940e-01   6.1418958479130970e-01   2.7039703809350613e-11
   6.9921875000000000e-01   5.3188924102275825e-01   5.3188924099444423e-01   2.8314017797015367e-11
   7.0703125000000000e-01   4.4577201786732468e-01   4.4577201783806564e-01   2.9259039635576300e-11
   7.1484375000000000e-01   3.5668631561494796e-01   3.5668631558518471e-01   2.9763247422209815e-11
   7.2265625000000000e-01   2.6560750867344063e-01   2.6560750864370075e-01   2.9739877227541456e-11
   7.3046875000000000e-01   1.7361846586939558e-01   1.7361846584028678e-01   2.9108798704768901e-11
   7.3828125000000000e-01   8.1884144388847002e-02   8.1884144360973771e-02   2.7873231500663564e-11
   7.4609375000000000e-01  -8.3784983161959668e-03  -8.3784983422336614e-03   2.6037694569880365e-11
   8.7890625000000000e-01  -4.9068774946947952e-01  -4.9068774943519422e-01   3.4285296823810540e-11
   8.8671875000000000e-01  -4.4977747674793073e-01  -4.4977747671212148e-01   3.5809244458562262e-11
   8.9453125000000000e-01  -4.0511712963638979e-01  -4.0511712959955715e-01   3.6832648042661731e-11
   9.0234375000000000e-01  -3.5786627773842017e-01  -3.5786627770108465e-01   3.7335523561665696e-11
   9.1015625000000000e-01  -3.0922600386952132e-01  -3.0922600383222693e-01   3.7294389798603333e-11
   9.1796875000000000e-01  -2.6042153819050534e-01  -2.6042153815381952e-01   3.6685821047655054e-11
   9.2578125000000000e-01  -2.1268406983845964e-01  -2.1268406980297230e-01   3.5487335292572197e-11
   9.3359375000000000e-01  -1.6723141708055977e-01  -1.6723141704686217e-01   3.3697600265725214e-11
   9.4140625000000000e-01  -1.2524733206737906e-01  -1.2524733203607133e-01   3.1307734182917102e-11
   9.4921875000000000e-01  -8.7859374820407857e-02  -8.7859374792073286e-02   2.8334570800758740e-11
   9.5703125000000000e-01  -5.6115498293826303e-02  -5.6115498269000003e-02   2.4826300737412765e-11
   9.6484375000000000e-01  -3.0959722066210033e-02  -3.0959722045394811e-02   2.0815221074554913e-11
   9.7265625000000000e-01  -1.3207512926953423e-02  -1.3207512910574372e-02   1.6379050893355895e-11
   9.8046875000000000e-01  -3.5217116550332298e-03  -3.5217116434198650e-03   1.1613364783724656e-11
   9.8828125000000000e-01  -2.3900231512070016e-03  -2.3900231446248054e-03   6.5821961596490564e-12
   9.9609375000000000e-01  -1.0105201678000617e-02  -1.0105201676606121e-02   1.3944956300804279e-12
   7.5390625000000000e-01  -9.5933783022588648e-02  -9.5933783046215651e-02   2.3627003131743152e-11
   7.6171875000000000e-01  -1.7956214207945545e-01  -1.7956214210009649e-01   2.0641044429225985e-11
   7.6953125000000000e-01  -2.5809483804817840e-01  -2.5809483806534878e-01   1.7170376231945284e-11
   7.7734375000000000e-01  -3.3044697229240427e-01  -3.3044697230568942e-01   1.3285150757269548e-11
   7.8515625000000000e-01  -3.9564736092001207e-01  -3.9564736092911545e-01   9.1033847127164336e-12
   7.9296875000000000e-01  -4.5286411005003285e-01  -4.5286411005477445e-01   4.7415960047203498e-12
   8.0078125000000000e-01  -5.0142503641582414e-01  -5.0142503641610525e-01   2.8110846983508964e-13
   8.0859375000000000e-01  -5.4083242668762899e-01  -5.4083242668339959e-01   4.2293946123095338e-12
   8.1640625000000000e-01  -5.7077198183298894e-01  -5.7077198182433542e-01   8.6535223431383201e-12
   8.2421875000000000e-01  -5.9111612417789616e-01  -5.9111612416500292e-01   1.2893242029576868e-11
   8.3203125000000000e-01  -6.0192213024515062e-01  -6.0192213022823493e-01   1.6915691070096273e-11
   8.3984375000000000e-01  -6.0342577235275285e-01  -6.0342577233207251e-01   2.0680346324297716e-11
   8.4765625000000000e-01  -5.9603129308647662e-01  -5.9603129306231839e-01   2.4158230971238481e-11
   8.5546875000000000e-01  -5.8029859316737087e-01  -5.8029859314008636e-01   2.7284507986280460e-11
   8.6328125000000000e-01  -5.5692848666427364e-01  -5.5692848663426942e-01   3.0004221329704706e-11
   8.7109375000000000e-01  -5.2674677710792206e-01  -5.2674677707557671e-01   3.2345348621731773e-11
