#                  Coord.                Numerical               Analytical                    Error
   3.9062500000000000e-03   9.4070604847810690e-01   9.4070604847909878e-01   9.9187325020011485e-13
   1.1718750000000000e-02   9.4333244923004267e-01   9.4333244923059789e-01   5.5522253461504079e-13
   1.9531250000000000e-02   9.5625146938853034e-01   9.5625146938858296e-01   5.2624571367232420e-14
   2.7343750000000000e-02   9.7881791956967890e-01   9.7881791956916164e-01   5.1725290717286043e-13
   3.5156250000000000e-02   1.0099101681869347e+00   1.0099101681858658e+00   1.0689227281091007e-12
   4.2968750000000000e-02   1.0479359864789239e+00   1.0479359864773792e+00   1.5447643164634428e-12
   5.0781250000000000e-02   1.0908667773538570e+00   1.0908667773518539e+00   2.0030643810287074e-12
   5.8593750000000000e-02   1.1363013669706279e+00   1.1363013669681599e+00   2.4680257837417230e-12
   6.6406250000000000e-02   1.1815579321334584e+00   1.1815579321306000e+00   2.8583801991999280e-12
   7.4218750000000000e-02   1.2237900484516149e+00   1.2237900484484017e+00   3.2132074778701281e-12
   8.2031250000000000e-02   1.2601205764032373e+00   1.2601205763997163e+00   3.5209613002962215e-12
   8.9843750000000000e-02   1.2877854072793817e+00   1.2877854072755976e+00   3.7840841571323836e-12
   9.7656250000000000e-02   1.3042781382492965e+00   1.3042781382452251e+00   4.0714098759053741e-12
   1.0546875000000000e-01   1.3074866045892357e+00   1.3074866045849858e+00   4.2499337382650992e-12
   1.1328125000000000e-01   1.2958128338326820e+00   1.2958128338283181e+00   4.3638426205916403e-12
   1.2109375000000000e-01   1.2682692781492073e+00   1.2682692781447202e+00   4.4870773763250327e-12
   1.2890625000000000e-01   1.2245459405461618e+00   1.2245459405416352e+00   4.5266013160016882e-12
   1.3671875000000000e-01   1.1650450190259665e+00   1.1650450190214829e+00   4.4835246626462322e-12
   1.4453125000000000e-01   1.0908817348540853e+00   1.0908817348496969e+00   4.3884895717383188e-12
   1.5234375000000000e-01   1.0038519034393656e+00   1.0038519034350986e+00   4.2670311728443266e-12
   1.6015625000000000e-01   9.0636841959690129e-01   9.0636841959280678e-01   4.0945025148175773e-12
   1.6796875000000000e-01   8.0137009720674079e-01   8.0137009720284569e-01   3.8951064595948992e-12
   1.7578125000000000e-01   6.9220722167051452e-01   6.9220722166683957e-01   3.6749492338117307e-12
   1.8359375000000000e-01   5.8250878566771147e-01   5.8250878566432751e-01   3.3839597790574771e-12
   1.9140625000000000e-01   4.7603675672118506e-01   4.7603675671811224e-01   3.0728197764062770e-12
   1.9921875000000000e-01   3.7653294744922905e-01   3.7653294744648985e-01   2.7391977575064175e-12
   2.0703125000000000e-01   2.8756419035758546e-01   2.8756419035523384e-01   2.3516188996097753e-12
   2.1484375000000000e-01   2.1237159394396535e-01   2.1237159394199964e-01   1.9657053762500709e-12
   2.2265625000000000e-01   1.5372967563560044e-01   1.5372967563403231e-01   1.5681345111318024e-12
   2.3046875000000000e-01   1.1382109632569326e-01   1.1382109632457484e-01   1.1184247972195749e-12
   2.3828125000000000e-01   9.4132504322175084e-02   9.4132504321521579e-02   6.5350502786998277e-13
   2.4609375000000000e-01   9.5376568224022004e-02   9.5376568223814004e-02   2.0800028366352308e-13
   2.5390625000000000e-01   1.1744458159372330e-01   1.1744458159390286e-01   1.7956469644531126e-13
   2.6171875000000000e-01   1.5939302336924524e-01   1.5939302336974279e-01   4.9754644848576390e-13
   2.6953125000000000e-01   2.1946615642550482e-01   2.1946615642622258e-01   7.1775918542016370e-13
   2.7734375000000000e-01   2.9515518034258997e-01   2.9515518034338467e-01   7.9469764102668705e-13
   2.8515625000000000e-01   3.8329269740613825e-01   3.8329269740686184e-01   7.2358785629944578e-13
   2.9296875000000000e-01   4.8017940647883073e-01   4.8017940647933510e-01   5.0437432008720862e-13
   3.0078125000000000e-01   5.8173812930958624e-01   5.8173812930970448e-01   1.1823875212257917e-13
   3.0859375000000000e-01   6.8368862565122412e-01   6.8368862565081934e-01   4.0478731477833207e-13
   3.1640625000000000e-01   7.8173528855663099e-01   7.8173528855564967e-01   9.8132613146617587e-13
   3.2421875000000000e-01   8.7175883411002142e-01   8.7175883410838828e-01   1.6331380692236053e-12
   3.3203125000000000e-01   9.5000259084868888e-01   9.5000259084625538e-01   2.4334978476758806e-12
   3.3984375000000000e-01   1.0132440038510095e+00   1.0132440038477271e+00   3.2824853946067378e-12
   3.4765625000000000e-01   1.0589425151591771e+00   1.0589425151550613e+00   4.1158187968903803e-12
   3.5546875000000000e-01   1.0853560509352300e+00   1.0853560509302747e+00   4.9553694481119237e-12
   3.6328125000000000e-01   1.0916198890488060e+00   1.0916198890430280e+00   5.7780447093591647e-12
   3.7109375000000000e-01   1.0777836205258728e+00   1.0777836205193363e+00   6.5365490797830716e-12
   3.7890625000000000e-01   1.0448041487594066e+00   1.0448041487521980e+00   7.2086780988911414e-12
   3.8671875000000000e-01   9.9449506292664058e-01   9.9449506291888246e-01   7.7581274737781314e-12
   3.9453125000000000e-01   9.2943513133245370e-01   9.2943513132431799e-01   8.1357143244531471e-12
   4.0234375000000000e-01   8.5284093263797822e-01   8.5284093262966953e-01   8.3086870716897465e-12
   4.1015625000000000e-01   7.6841062605881894e-01   7.6841062605055543e-01   8.2635009945875026e-12
   4.1796875000000000e-01   6.8014741680690549e-01   6.8014741679887858e-01   8.0269124680398818e-12
   4.2578125000000000e-01   5.9217228694068846e-01   5.9217228693316970e-01   7.5187633896689476e-12
   4.3359375000000000e-01   5.0853595812419528e-01   5.0853595811746188e-01   6.7333916220491119e-12
   4.4140625000000000e-01   4.3303980204967712e-01   4.3303980204394754e-01   5.7295834743342766e-12
   4.4921875000000000e-01   3.6907453972560073e-01   3.6907453972105103e-01   4.5496939549138915e-12
   4.5703125000000000e-01   3.1948414963156524e-01   3.1948414962835331e-01   3.2119307213918091e-12
   4.6484375000000000e-01   2.8646056309188556e-01   2.8646056309014156e-01   1.7439938382324272e-12
   4.7265625000000000e-01   2.7147262726839672e-01   2.7147262726815663e-01   2.4008572907519010e-13
   4.8046875000000000e-01   2.7523064731829072e-01   2.7523064731952074e-01   1.2300160889822109e-12
   4.8828125000000000e-01   2.9768576548166731e-01   2.9768576548429315e-01   2.6258439866921890e-12
   4.9609375000000000e-01   3.3806166061039256e-01   3.3806166061427995e-01   3.8873904095737544e-12
   5.0390625000000000e-01   3.9491467954130166e-01   3.9491467954626558e-01   4.9639181654015374e-12
   5.1171875000000000e-01   4.6621760732756795e-01   4.6621760733336182e-01   5.7938653874600732e-12
   5.1953125000000000e-01   5.4946184802840181e-01   5.4946184803479281e-01   6.3909988412547136e-12
   5.2734375000000000e-01   6.4177276130401972e-01   6.4177276131075722e-01   6.7374994472402250e-12
   5.3515625000000000e-01   7.4003317338263053e-01   7.4003317338941010e-01   6.7795768998735184e-12
   5.4296875000000000e-01   8.4101051724823450e-01   8.4101051725476972e-01   6.5352168121535215e-12
   5.5078125000000000e-01   9.4148351787374274e-01   9.4148351787977247e-01   6.0297322690416877e-12
   5.5859375000000000e-01   1.0383647110907495e+00   1.0383647110960224e+00   5.2728932331547185e-12
   5.6640625000000000e-01   1.1288153040847584e+00   1.1288153040891218e+00   4.3633985313817902e-12
   5.7421875000000000e-01   1.2103489475289546e+00   1.2103489475323479e+00   3.3932856524643285e-12
   5.8203125000000000e-01   1.2809209525888705e+00   1.2809209525911471e+00   2.2766233342963460e-12
   5.8984375000000000e-01   1.3389994600966970e+00   1.3389994600977646e+00   1.0675904604795505e-12
   5.9765625000000000e-01   1.3836151920020585e+00   1.3836151920019617e+00   9.6811447747313650e-14
   6.0546875000000000e-01   1.4143868225653813e+00   1.4143868225641820e+00   1.1992629112000941e-12
   6.1328125000000000e-01   1.4315198001347940e+00   1.4315198001326692e+00   2.1247448245276246e-12
   6.2109375000000000e-01   1.4357776688359019e+00   1.4357776688330357e+00   2.8661517603723041e-12
   6.2890625000000000e-01   1.4284265418220321e+00   1.4284265418185784e+00   3.4536817850039370e-12
   6.3671875000000000e-01   1.4111552383561490e+00   1.4111552383522779e+00   3.8711256422629958e-12
   6.4453125000000000e-01   1.3859755181163129e+00   1.3859755181122231e+00   4.0898395781141517e-12
   6.5234375000000000e-01   1.3551085843204975e+00   1.3551085843164790e+00   4.0185632599332166e-12
   6.6015625000000000e-01   1.3208653309786527e+00   1.3208653309749598e+00   3.6928238245081957e-12
   6.6796875000000000e-01   1.2855284612142330e+00   1.2855284612109952e+00   3.2378544290168065e-12
   6.7578125000000000e-01   1.2512444591976581e+00   1.2512444591950991e+00   2.5590640717609858e-12
   6.8359375000000000e-01   1.2199324174450517e+00   1.2199324174433679e+00   1.6837642391465124e-12
   6.9140625000000000e-01   1.1932149818417166e+00   1.1932149818410307e+00   6.8589578461342171e-13
   6.9921875000000000e-01   1.1723743704321248e+00   1.1723743704325202e+00   3.9546144137148076e-13
   7.0703125000000000e-01   1.1583338310231399e+00   1.1583338310246223e+00   1.4823697824795090e-12
   7.1484375000000000e-01   1.1516623604574721e+00   1.1516623604600071e+00   2.5350832544290824e-12
   7.2265625000000000e-01   1.1525983502562525e+00   1.1525983502598018e+00   3.5493830097266255e-12
   7.3046875000000000e-01   1.1610863344035411e+00   1.1610863344080395e+00   4.4984016511762093e-12
   7.3828125000000000e-01   1.1768203850524703e+00   1.1768203850577021e+00   5.2318149812435877e-12
   7.4609375000000000e-01   1.1992879936667689e+00   1.1992879936725607e+00   5.7918114748645166e-12
   8.7890625000000000e-01   1.6326696165385419e+00   1.6326696165383825e+00   1.5942802633617248e-13
   8.8671875000000000e-01   1.6036070748361761e+00   1.6036070748360258e+00   1.5032419753424620e-13
   8.9453125000000000e-01   1.5664646202422530e+00   1.5664646202422272e+00   2.5757174171303632e-14
   9.0234375000000000e-01   1.5221661554874226e+00   1.5221661554876069e+00   1.8429702208777599e-13
   9.1015625000000000e-01   1.4718573280003615e+00   1.4718573280008052e+00   4.4364512064021255e-13
   9.1796875000000000e-01   1.4168638765253887e+00   1.4168638765260941e+00   7.0543570984682447e-13
   9.2578125000000000e-01   1.3586487016619848e+00   1.3586487016629958e+00   1.0109690862236675e-12
   9.3359375000000000e-01   1.2987703010560856e+00   1.2987703010574454e+00   1.3598011605608917e-12
   9.4140625000000000e-01   1.2388438746847765e+00   1.2388438746864523e+00   1.6757706333692113e-12
   9.4921875000000000e-01   1.1805049512292205e+00   1.1805049512311439e+00   1.9233503678606212e-12
   9.5703125000000000e-01   1.1253741107961623e+00   1.1253741107982003e+00   2.0379253840019373e-12
   9.6484375000000000e-01   1.0750205474241836e+00   1.0750205474262409e+00   2.0572432646304151e-12
   9.7265625000000000e-01   1.0309220120393758e+00   1.0309220120414035e+00   2.0277113321753859e-12
   9.8046875000000000e-01   9.9441917469598395e-01   9.9441917469790597e-01   1.9220181002310710e-12
   9.8828125000000000e-01   9.6666358928946150e-01   9.6666358929114671e-01   1.6852075290785251e-12
   9.9609375000000000e-01   9.4856006146699590e-01   9.4856006146836080e-01   1.3649081864741675e-12
   7.5390625000000000e-01   1.2278094128063624e+00   1.2278094128125838e+00   6.2214677853944522e-12
   7.6171875000000000e-01   1.2615692136575449e+00   1.2615692136639667e+00   6.4217520190368305e-12
   7.6953125000000000e-01   1.2996389363051954e+00   1.2996389363115917e+00   6.3962168894704519e-12
   7.7734375000000000e-01   1.3409918247234087e+00   1.3409918247295889e+00   6.1801674888783964e-12
   7.8515625000000000e-01   1.3845124050056736e+00   1.3845124050115136e+00   5.8399951541332484e-12
   7.9296875000000000e-01   1.4290048046328370e+00   1.4290048046382082e+00   5.3712589931365073e-12
   8.0078125000000000e-01   1.4732040515052902e+00   1.4732040515100451e+00   4.7548631698646204e-12
   8.0859375000000000e-01   1.5157940979223672e+00   1.5157940979264262e+00   4.0589753780295723e-12
   8.1640625000000000e-01   1.5554350901228824e+00   1.5554350901261575e+00   3.2751579226442118e-12
   8.2421875000000000e-01   1.5908006725890838e+00   1.5908006725915893e+00   2.5055513219740533e-12
   8.3203125000000000e-01   1.6206241838974276e+00   1.6206241838992614e+00   1.8338663920758336e-12
   8.3984375000000000e-01   1.6437508022971383e+00   1.6437508022983884e+00   1.2501111257279263e-12
   8.4765625000000000e-01   1.6591913410846988e+00   1.6591913410854693e+00   7.7049477908985864e-13
   8.5546875000000000e-01   1.6661727029210123e+00   1.6661727029213540e+00   3.4172664697962318e-13
   8.6328125000000000e-01   1.6641800876769783e+00   1.6641800876770261e+00   4.7739590058881731e-14
   8.7109375000000000e-01   1.6529868849179508e+00   1.6529868849178666e+00   8.4154905266586866e-14
