#                  Coord.                Numerical               Analytical                    Error
   3.9062500000000000e-03   1.7358028881751058e+00   1.7358028882019019e+00   2.6796120877747853e-11
   1.1718750000000000e-02   1.7493003574270123e+00   1.7493003574649277e+00   3.7915448558578646e-11
   1.9531250000000000e-02   1.7544756445637955e+00   1.7544756446115592e+00   4.7763792920818560e-11
   2.7343750000000000e-02   1.7520133140365652e+00   1.7520133140928660e+00   5.6300741846371238e-11
   3.5156250000000000e-02   1.7426485162456338e+00   1.7426485163091470e+00   6.3513194703546105e-11
   4.2968750000000000e-02   1.7271469047751711e+00   1.7271469048445556e+00   6.9384498146973783e-11
   5.0781250000000000e-02   1.7062859847750498e+00   1.7062859848490226e+00   7.3972827863144630e-11
   5.8593750000000000e-02   1.6808381880774448e+00   1.6808381881547816e+00   7.7336803627758854e-11
   6.6406250000000000e-02   1.6515558849851411e+00   1.6515558850646606e+00   7.9519502094171912e-11
   7.4218750000000000e-02   1.6191584632652922e+00   1.6191584633459002e+00   8.0607964747514416e-11
   8.2031250000000000e-02   1.5843215336029295e+00   1.5843215336836760e+00   8.0746520580987635e-11
   8.9843750000000000e-02   1.5476682588302939e+00   1.5476682589103075e+00   8.0013551340130107e-11
   9.7656250000000000e-02   1.5097627522551267e+00   1.5097627523336581e+00   7.8531403602255523e-11
   1.0546875000000000e-01   1.4711054484102488e+00   1.4711054484865917e+00   7.6342931976114414e-11
   1.1328125000000000e-01   1.4321303171118993e+00   1.4321303171855508e+00   7.3651529319818110e-11
   1.2109375000000000e-01   1.3932037680468621e+00   1.3932037681174658e+00   7.0603745072617130e-11
   1.2890625000000000e-01   1.3546250771500989e+00   1.3546250772172967e+00   6.7197802877672075e-11
   1.3671875000000000e-01   1.3166281565962241e+00   1.3166281566597284e+00   6.3504312919349104e-11
   1.4453125000000000e-01   1.2793844861084254e+00   1.2793844861680082e+00   5.9582783151768126e-11
   1.5234375000000000e-01   1.2430070233890411e+00   1.2430070234445634e+00   5.5522253461504079e-11
   1.6015625000000000e-01   1.2075549148982152e+00   1.2075549149495115e+00   5.1296300540570883e-11
   1.6796875000000000e-01   1.1730388343031837e+00   1.1730388343501044e+00   4.6920689555918216e-11
   1.7578125000000000e-01   1.1394267843110242e+00   1.1394267843534691e+00   4.2444936454444360e-11
   1.8359375000000000e-01   1.1066502081298519e+00   1.1066502081677307e+00   3.7878811198766016e-11
   1.9140625000000000e-01   1.0746102694694675e+00   1.0746102695026485e+00   3.3181013492367128e-11
   1.9921875000000000e-01   1.0431841748034210e+00   1.0431841748318715e+00   2.8450575229044262e-11
   2.0703125000000000e-01   1.0122314284495224e+00   1.0122314284732581e+00   2.3735680088066147e-11
   2.1484375000000000e-01   9.8159992949262265e-01   9.8159992951165953e-01   1.9036883180945097e-11
   2.2265625000000000e-01   9.5113183889935571e-01   9.5113183891374020e-01   1.4384493596253378e-11
   2.3046875000000000e-01   9.2066916415314404e-01   9.2066916416300659e-01   9.8625552169551156e-12
   2.3828125000000000e-01   8.9005902577308116e-01   8.9005902577863316e-01   5.5520033015454828e-12
   2.4609375000000000e-01   8.5915858332230310e-01   8.5915858332372608e-01   1.4229728506620631e-12
   2.5390625000000000e-01   8.2783960609302409e-01   8.2783960609049301e-01   2.5310864515404319e-12
   2.6171875000000000e-01   7.9599267400665363e-01   7.9599267400042772e-01   6.2259086774929528e-12
   2.6953125000000000e-01   7.6353098646388562e-01   7.6353098645416817e-01   9.7174490676366077e-12
   2.7734375000000000e-01   7.3039374099027210e-01   7.3039374097726228e-01   1.3009815447162509e-11
   2.8515625000000000e-01   6.9654902086674308e-01   6.9654902085060300e-01   1.6140089265093138e-11
   2.9296875000000000e-01   6.6199610421218624e-01   6.6199610419313737e-01   1.9048873589611048e-11
   3.0078125000000000e-01   6.2676708021880456e-01   6.2676708019706762e-01   2.1736945576833477e-11
   3.0859375000000000e-01   5.9092763649366598e-01   5.9092763646938418e-01   2.4281798793879261e-11
   3.1640625000000000e-01   5.5457687034072789e-01   5.5457687031404812e-01   2.6679769504767137e-11
   3.2421875000000000e-01   5.1784598179246732e-01   5.1784598176363739e-01   2.8829938436558677e-11
   3.3203125000000000e-01   4.8089573178114692e-01   4.8089573175045197e-01   3.0694946584475247e-11
   3.3984375000000000e-01   4.4391259776003261e-01   4.4391259772778324e-01   3.2249369841252928e-11
   3.4765625000000000e-01   4.0710363154931617e-01   4.0710363151586643e-01   3.3449742975477648e-11
   3.5546875000000000e-01   3.7069011733383417e-01   3.7069011729960105e-01   3.4233116341653158e-11
   3.6328125000000000e-01   3.3490023545426451e-01   3.3490023541976244e-01   3.4502067869368602e-11
   3.7109375000000000e-01   2.9996105069380152e-01   2.9996105065961576e-01   3.4185765329652895e-11
   3.7890625000000000e-01   2.6609025047814094e-01   2.6609025044484680e-01   3.3294145218576432e-11
   3.8671875000000000e-01   2.3348814564442003e-01   2.3348814561258346e-01   3.1836561165121680e-11
   3.9453125000000000e-01   2.0233050098010882e-01   2.0233050095022692e-01   2.9881902507966629e-11
   4.0234375000000000e-01   1.7276277285959729e-01   1.7276277283218541e-01   2.7411878322780581e-11
   4.1015625000000000e-01   1.4489628837883550e-01   1.4489628835445365e-01   2.4381857643973603e-11
   4.1796875000000000e-01   1.1880680030021505e-01   1.1880680027930389e-01   2.0911161691117286e-11
   4.2578125000000000e-01   9.4535696377140821e-02   9.4535696359982907e-02   1.7157913978493866e-11
   4.3359375000000000e-01   7.2093937904819147e-02   7.2093937891628351e-02   1.3190795677964218e-11
   4.4140625000000000e-01   5.1468564396688343e-02   5.1468564387717547e-02   8.9707963280005742e-12
   4.4921875000000000e-01   3.2631348167036896e-02   3.2631348162443639e-02   4.5932563308426211e-12
   4.5703125000000000e-01   1.5548937209335541e-02   1.5548937209124128e-02   2.1141248474076946e-13
   4.6484375000000000e-01   1.9361182768466877e-04   1.9361183172719935e-04   4.0425305789480726e-12
   4.7265625000000000e-01  -1.3446375823144773e-02  -1.3446375815047398e-02   8.0973752009105837e-12
   4.8046875000000000e-01  -2.5357988724947367e-02  -2.5357988713133876e-02   1.1813491157530720e-11
   4.8828125000000000e-01  -3.5497213246923356e-02  -3.5497213231946052e-02   1.4977304119145884e-11
   4.9609375000000000e-01  -4.3786467339467165e-02  -4.3786467322055850e-02   1.7411315444970654e-11
   5.0390625000000000e-01  -5.0116370768259769e-02  -5.0116370749266628e-02   1.8993140393774866e-11
   5.1171875000000000e-01  -5.4352332684209727e-02  -5.4352332664692887e-02   1.9516839533384456e-11
   5.1953125000000000e-01  -5.6346034238964657e-02  -5.6346034220133942e-02   1.8830714765272205e-11
   5.2734375000000000e-01  -5.5951462901070080e-02  -5.5951462884155152e-02   1.6914927791766843e-11
   5.3515625000000000e-01  -5.3044723717654854e-02  -5.3044723703963244e-02   1.3691610345478722e-11
   5.4296875000000000e-01  -4.7546447175643561e-02  -4.7546447166471523e-02   9.1720381290016917e-12
   5.5078125000000000e-01  -3.9445269652653346e-02  -3.9445269649185065e-02   3.4682812177777578e-12
   5.5859375000000000e-01  -2.8820613513039398e-02  -2.8820613516155731e-02   3.1163335800776792e-12
   5.6640625000000000e-01  -1.5862866161436374e-02  -1.5862866171740892e-02   1.0304517655823631e-11
   5.7421875000000000e-01  -8.8906839283121614e-04  -8.8906841060637694e-04   1.7775160792050937e-11
   5.8203125000000000e-01   1.5647620928654345e-02   1.5647620903591244e-02   2.5063100900224455e-11
   5.8984375000000000e-01   3.3156119139455160e-02   3.3156119107912455e-02   3.1542705947185112e-11
   5.9765625000000000e-01   5.0914285708458205e-02   5.0914285671680611e-02   3.6777594858428131e-11
   6.0546875000000000e-01   6.8084951582286418e-02   6.8084951542003641e-02   4.0282777113986867e-11
   6.1328125000000000e-01   8.3741019158830629e-02   8.3741019117155993e-02   4.1674635964383810e-11
   6.2109375000000000e-01   9.6898932465703025e-02   9.6898932425099907e-02   4.0603118089954648e-11
   6.2890625000000000e-01   1.0655922933485112e-01   1.0655922929798733e-01   3.6863789798502467e-11
   6.3671875000000000e-01   1.1175236151110123e-01   1.1175236148071548e-01   3.0385749472117141e-11
   6.4453125000000000e-01   1.1158754266694976e-01   1.1158754264571469e-01   2.1235069258551675e-11
   6.5234375000000000e-01   1.0530208917776085e-01   1.0530208916810709e-01   9.6537638993865471e-12
   6.6015625000000000e-01   9.2308575933881018e-02   9.2308575937878432e-02   3.9974135113141074e-12
   6.6796875000000000e-01   7.2237150360115493e-02   7.2237150379353937e-02   1.9238444171065794e-11
   6.7578125000000000e-01   4.4970531720213668e-02   4.4970531755672338e-02   3.5458670721855157e-11
   6.8359375000000000e-01   1.0669558119539254e-02   1.0669558171521171e-02   5.1981917034704672e-11
   6.9140625000000000e-01  -3.0212391241083714e-02  -3.0212391173004397e-02   6.8079316489777497e-11
   6.9921875000000000e-01  -7.6927205924065586e-02  -7.6927205841072099e-02   8.2993487082738682e-11
   7.0703125000000000e-01  -1.2844256432936579e-01  -1.2844256423323136e-01   9.6134433746897230e-11
   7.1484375000000000e-01  -1.8346498765908562e-01  -1.8346498755223620e-01   1.0684941820215954e-10
   7.2265625000000000e-01  -2.4047461133305456e-01  -2.4047461121845920e-01   1.1459536097824241e-10
   7.3046875000000000e-01  -2.9777026890749675e-01  -2.9777026878852925e-01   1.1896750251594312e-10
   7.3828125000000000e-01  -3.5352297937952615e-01  -3.5352297925984977e-01   1.1967637991716629e-10
   7.4609375000000000e-01  -4.0583553519104060e-01  -4.0583553507445275e-01   1.1658785048496156e-10
   8.7890625000000000e-01   3.2471325927922196e-01   3.2471325912501964e-01   1.5420231758156433e-10
   8.8671875000000000e-01   4.5248850002967972e-01   4.5248849987458561e-01   1.5509410422609449e-10
   8.9453125000000000e-01   5.8117964641980058e-01   5.8117964626689134e-01   1.5290924082478341e-10
   9.0234375000000000e-01   7.0898215346562088e-01   7.0898215331779135e-01   1.4782952639791347e-10
   9.1015625000000000e-01   8.3418060801692495e-01   8.3418060787681325e-01   1.4011170001992923e-10
   9.1796875000000000e-01   9.5518397506220920e-01   9.5518397493208218e-01   1.3012702027026535e-10
   9.2578125000000000e-01   1.0705549802460514e+00   1.0705549801277954e+00   1.1825607160176332e-10
   9.3359375000000000e-01   1.1790331991668006e+00   1.1790331990619345e+00   1.0486611579096916e-10
   9.4140625000000000e-01   1.2795516803879459e+00   1.2795516802976132e+00   9.0332630264811087e-11
   9.4921875000000000e-01   1.3712471650846361e+00   1.3712471650096061e+00   7.5029982227192704e-11
   9.5703125000000000e-01   1.4534641744588936e+00   1.4534641743995433e+00   5.9350302450411618e-11
   9.6484375000000000e-01   1.5257534112639219e+00   1.5257534112202928e+00   4.3629100332509552e-11
   9.7265625000000000e-01   1.5878650608803022e+00   1.5878650608521312e+00   2.8171021071443647e-11
   9.8046875000000000e-01   1.6397376792735270e+00   1.6397376792603653e+00   1.3161693956931231e-11
   9.8828125000000000e-01   1.6814834204918230e+00   1.6814834204929443e+00   1.1213252548714081e-12
   9.9609375000000000e-01   1.7133703872767219e+00   1.7133703872912203e+00   1.4498402478579919e-11
   7.5390625000000000e-01  -4.5280562370542238e-01  -4.5280562359573739e-01   1.0968498331820342e-10
   7.6171875000000000e-01  -4.9258978928237307e-01  -4.9258978918324248e-01   9.9130592623453140e-11
   7.6953125000000000e-01  -5.2346555749808110e-01  -5.2346555741285272e-01   8.5228379909096930e-11
   7.7734375000000000e-01  -5.4388919051122220e-01  -5.4388919044282924e-01   6.8392957963681056e-11
   7.8515625000000000e-01  -5.5254680877926399e-01  -5.5254680873018847e-01   4.9075521424413182e-11
   7.9296875000000000e-01  -5.4839697912346386e-01  -5.4839697909558993e-01   2.7873925390053955e-11
   8.0078125000000000e-01  -5.3070330812282063e-01  -5.3070330811735555e-01   5.4650728387173331e-12
   8.0859375000000000e-01  -4.9905606611122610e-01  -4.9905606612873010e-01   1.7503998250845143e-11
   8.1640625000000000e-01  -4.5338237307798823e-01  -4.5338237311837359e-01   4.0385361721462232e-11
   8.2421875000000000e-01  -3.9394497690817248e-01  -3.9394497697068587e-01   6.2513383358719921e-11
   8.3203125000000000e-01  -3.2133012243062498e-01  -3.2133012251388676e-01   8.3261786354427159e-11
   8.3984375000000000e-01  -2.3642542602506583e-01  -2.3642542612711778e-01   1.0205195022372493e-10
   8.4765625000000000e-01  -1.4038901884327426e-01  -1.4038901896171879e-01   1.1844453196019344e-10
   8.5546875000000000e-01  -3.4611490698148555e-02  -3.4611490830259883e-02   1.3211132882107179e-10
   8.6328125000000000e-01   7.9327649900104019e-02   7.9327649757386931e-02   1.4271708814739270e-10
   8.7109375000000000e-01   1.9970718759351536e-01   1.9970718744341528e-01   1.5010007126114999e-10
