#                  Coord.                Numerical               Analytical                    Error
   3.9062500000000000e-03   8.8922519254809917e-01   8.8922519254362764e-01   4.4715342539802805e-12
   1.1718750000000000e-02   9.7320327898530434e-01   9.7320327898225356e-01   3.0507818493674677e-12
   1.9531250000000000e-02   1.0613961564175469e+00   1.0613961564164103e+00   1.1366463326112353e-12
   2.7343750000000000e-02   1.1535683793247522e+00   1.1535683793259472e+00   1.1950440637065185e-12
   3.5156250000000000e-02   1.2494163637652325e+00   1.2494163637690230e+00   3.7905234506752095e-12
   4.2968750000000000e-02   1.3485654049923159e+00   1.3485654049990425e+00   6.7266192615988984e-12
   5.0781250000000000e-02   1.4505688326041084e+00   1.4505688326140402e+00   9.9318331336917254e-12
   5.8593750000000000e-02   1.5549092942684657e+00   1.5549092942817058e+00   1.3240075702469767e-11
   6.6406250000000000e-02   1.6610020159115393e+00   1.6610020159280805e+00   1.6541212843890207e-11
   7.4218750000000000e-02   1.7681998020074416e+00   1.7681998020272327e+00   1.9791057681572966e-11
   8.2031250000000000e-02   1.8757995101596026e+00   1.8757995101826581e+00   2.3055557463180776e-11
   8.9843750000000000e-02   1.9830497467678943e+00   1.9830497467940584e+00   2.6164181932131214e-11
   9.7656250000000000e-02   2.0891595681381228e+00   2.0891595681671209e+00   2.8998137224789389e-11
   1.0546875000000000e-01   2.1933080166390191e+00   2.1933080166707808e+00   3.1761704377686328e-11
   1.1328125000000000e-01   2.2946543602185479e+00   2.2946543602528551e+00   3.4307223728546887e-11
   1.2109375000000000e-01   2.3923489265115196e+00   2.3923489265481752e+00   3.6655567470234018e-11
   1.2890625000000000e-01   2.4855444262223849e+00   2.4855444262612303e+00   3.8845371364004677e-11
   1.3671875000000000e-01   2.5734076457384827e+00   2.5734076457794952e+00   4.1012526708072983e-11
   1.4453125000000000e-01   2.6551313609525220e+00   2.6551313609954086e+00   4.2886583173640247e-11
   1.5234375000000000e-01   2.7299462899302189e+00   2.7299462899745128e+00   4.4293901879655095e-11
   1.6015625000000000e-01   2.7971328685399834e+00   2.7971328685853525e+00   4.5369041856702097e-11
   1.6796875000000000e-01   2.8560326066512864e+00   2.8560326066974557e+00   4.6169290612851910e-11
   1.7578125000000000e-01   2.9060587673635694e+00   2.9060587674098741e+00   4.6304737821856179e-11
   1.8359375000000000e-01   2.9467061101537291e+00   2.9467061101994050e+00   4.5675907500708490e-11
   1.9140625000000000e-01   2.9775594509895047e+00   2.9775594510340042e+00   4.4499515183815674e-11
   1.9921875000000000e-01   2.9983008168855929e+00   2.9983008169284315e+00   4.2838621538976440e-11
   2.0703125000000000e-01   3.0087150065894885e+00   3.0087150066302280e+00   4.0739411844015194e-11
   2.1484375000000000e-01   3.0086934101489953e+00   3.0086934101868827e+00   3.7887470938358092e-11
   2.2265625000000000e-01   2.9982359852027165e+00   2.9982359852374207e+00   3.4704239482152843e-11
   2.3046875000000000e-01   2.9774513346090292e+00   2.9774513346404179e+00   3.1388669441412276e-11
   2.3828125000000000e-01   2.9465548768197691e+00   2.9465548768475660e+00   2.7796875912144969e-11
   2.4609375000000000e-01   2.9058651462890541e+00   2.9058651463131415e+00   2.4087398742267396e-11
   2.5390625000000000e-01   2.8557983058321228e+00   2.8557983058524639e+00   2.0341062167972268e-11
   2.6171875000000000e-01   2.7968609961822071e+00   2.7968609961987836e+00   1.6576517936073287e-11
   2.6953125000000000e-01   2.7296416899961753e+00   2.7296416900086884e+00   1.2513101665945214e-11
   2.7734375000000000e-01   2.6548007577827479e+00   2.6548007577908925e+00   8.1445961086501484e-12
   2.8515625000000000e-01   2.5730594905005963e+00   2.5730594905043565e+00   3.7601033398004802e-12
   2.9296875000000000e-01   2.4851883557846710e+00   2.4851883557840293e+00   6.4170890823334048e-13
   3.0078125000000000e-01   2.3919947888754907e+00   2.3919947888702446e+00   5.2460258359587897e-12
   3.0859375000000000e-01   2.2943108316589123e+00   2.2943108316489931e+00   9.9191765912109986e-12
   3.1640625000000000e-01   2.1929809299989764e+00   2.1929809299846195e+00   1.4356960065242674e-11
   3.2421875000000000e-01   2.0888501777646975e+00   2.0888501777461990e+00   1.8498536036304358e-11
   3.3203125000000000e-01   1.9827532543773327e+00   1.9827532543548987e+00   2.2434054613995613e-11
   3.3984375000000000e-01   1.8755042428528050e+00   1.8755042428267319e+00   2.6073143644111951e-11
   3.4765625000000000e-01   1.7678874421199142e+00   1.7678874420906650e+00   2.9249269672959599e-11
   3.5546875000000000e-01   1.6606492093784508e+00   1.6606492093464769e+00   3.1973979019994658e-11
   3.6328125000000000e-01   1.5544907968968653e+00   1.5544907968627075e+00   3.4157787709432341e-11
   3.7109375000000000e-01   1.4500620958317094e+00   1.4500620957957056e+00   3.6003866554779052e-11
   3.7890625000000000e-01   1.3479561793920809e+00   1.3479561793545534e+00   3.7527536633774616e-11
   3.8671875000000000e-01   1.2487045572403099e+00   1.2487045572016502e+00   3.8659742074287351e-11
   3.9453125000000000e-01   1.1527731140858744e+00   1.1527731140463942e+00   3.9480196889485342e-11
   4.0234375000000000e-01   1.0605588008922759e+00   1.0605588008522235e+00   4.0052405836377147e-11
   4.1015625000000000e-01   9.7238726029709899e-01   9.7238726025675393e-01   4.0345060625668339e-11
   4.1796875000000000e-01   8.8851167364622829e-01   8.8851167360592531e-01   4.0302983173035045e-11
   4.2578125000000000e-01   8.0911318536670840e-01   8.0911318532677223e-01   3.9936165485698893e-11
   4.3359375000000000e-01   7.3430326161545612e-01   7.3430326157617365e-01   3.9282466168799601e-11
   4.4140625000000000e-01   6.6412825187811042e-01   6.6412825183986246e-01   3.8247960354453880e-11
   4.4921875000000000e-01   5.9857623624964718e-01   5.9857623621278244e-01   3.6864733488073398e-11
   4.5703125000000000e-01   5.3758596889649390e-01   5.3758596886115462e-01   3.5339287052238433e-11
   4.6484375000000000e-01   4.8105740299591632e-01   4.8105740296226884e-01   3.3647473696163388e-11
   4.7265625000000000e-01   4.2886295748761816e-01   4.2886295745575614e-01   3.1862013027961211e-11
   4.8046875000000000e-01   3.8085842743284021e-01   3.8085842740282272e-01   3.0017488494848976e-11
   4.8828125000000000e-01   3.3689231542001291e-01   3.3689231539182929e-01   2.8183622102773143e-11
   4.9609375000000000e-01   2.9681242639423339e-01   2.9681242636785227e-01   2.6381119511142970e-11
   5.0390625000000000e-01   2.6046885052740532e-01   2.6046885050279600e-01   2.4609314586143682e-11
   5.1171875000000000e-01   2.2771294766825398e-01   2.2771294764540884e-01   2.2845142444438693e-11
   5.1953125000000000e-01   1.9839258786613442e-01   1.9839258784505409e-01   2.1080331924494544e-11
   5.2734375000000000e-01   1.7234459982818551e-01   1.7234459980879124e-01   1.9394263972571935e-11
   5.3515625000000000e-01   1.4938600876951424e-01   1.4938600875175473e-01   1.7759516079962623e-11
   5.4296875000000000e-01   1.2930607493781249e-01   1.2930607492168292e-01   1.6129569901934815e-11
   5.5078125000000000e-01   1.1186126016408478e-01   1.1186126014951221e-01   1.4572565376624880e-11
   5.5859375000000000e-01   9.6774982463887646e-02   9.6774982450758232e-02   1.3129414222490254e-11
   5.6640625000000000e-01   8.3743363687244915e-02   8.3743363675406440e-02   1.1838474645031738e-11
   5.7421875000000000e-01   7.2447203983456818e-02   7.2447203972769006e-02   1.0687811746734610e-11
   5.8203125000000000e-01   6.2569272805183013e-02   6.2569272795538172e-02   9.6448404818261224e-12
   5.8984375000000000e-01   5.3814885236775890e-02   5.3814885228097346e-02   8.6785439945558096e-12
   5.9765625000000000e-01   4.5932850277950896e-02   4.5932850270198118e-02   7.7527775865782189e-12
   6.0546875000000000e-01   3.8733428966100936e-02   3.8733428959239861e-02   6.8610742087749088e-12
   6.1328125000000000e-01   3.2100057214332449e-02   3.2100057208366901e-02   5.9655475004305458e-12
   6.2109375000000000e-01   2.5992308056674743e-02   2.5992308051609819e-02   5.0649241745137630e-12
   6.2890625000000000e-01   2.0438815514631753e-02   2.0438815510481826e-02   4.1499269298750363e-12
   6.3671875000000000e-01   1.5520474459122783e-02   1.5520474455847260e-02   3.2755222145741669e-12
   6.4453125000000000e-01   1.1345903076902558e-02   1.1345903074411193e-02   2.4913647533875150e-12
   6.5234375000000000e-01   8.0226059391204935e-03   8.0226059372960259e-03   1.8244676602829912e-12
   6.6015625000000000e-01   5.6282248759789589e-03   5.6282248746886620e-03   1.2902968624106670e-12
   6.6796875000000000e-01   4.1865061647719110e-03   4.1865061638533801e-03   9.1853087635929143e-13
   6.7578125000000000e-01   3.6520604400957410e-03   3.6520604393818668e-03   7.1387427219571364e-13
   6.8359375000000000e-01   3.9067043011220548e-03   3.9067043004713635e-03   6.5069130639194839e-13
   6.9140625000000000e-01   4.7683475919125650e-03   4.7683475912057337e-03   7.0683129488324781e-13
   6.9921875000000000e-01   6.0113336051324804e-03   6.0113336042832421e-03   8.4923821447313586e-13
   7.0703125000000000e-01   7.3952107020433594e-03   7.3952107010109604e-03   1.0323989926841470e-12
   7.1484375000000000e-01   8.6974599170118513e-03   8.6974599157895877e-03   1.2222636097680706e-12
   7.2265625000000000e-01   9.7449919313447701e-03   9.7449919299527673e-03   1.3920028324454492e-12
   7.3046875000000000e-01   1.0439395031782574e-02   1.0439395030266394e-02   1.5161795430262970e-12
   7.3828125000000000e-01   1.0771941065097530e-02   1.0771941063516888e-02   1.5806418673935951e-12
   7.4609375000000000e-01   1.0826060576878327e-02   1.0826060575280738e-02   1.5975883810304126e-12
   8.7890625000000000e-01   1.3258410674564561e-01   1.3258410673890336e-01   6.7422456506704975e-12
   8.8671875000000000e-01   1.5254442351765407e-01   1.5254442351013164e-01   7.5224271256502107e-12
   8.9453125000000000e-01   1.7502686010038723e-01   1.7502686009214302e-01   8.2442108695346406e-12
   9.0234375000000000e-01   2.0035616234942297e-01   2.0035616234061243e-01   8.8105356343959329e-12
   9.1015625000000000e-01   2.2884554392281800e-01   2.2884554391364847e-01   9.1695262494084773e-12
   9.1796875000000000e-01   2.6078410603708402e-01   2.6078410602768809e-01   9.3959284797051623e-12
   9.2578125000000000e-01   2.9642864316542572e-01   2.9642864315593409e-01   9.4916297044278508e-12
   9.3359375000000000e-01   3.3599986150200212e-01   3.3599986149258587e-01   9.4162455610558027e-12
   9.4140625000000000e-01   3.7968229299901751e-01   3.7968229298982376e-01   9.1937568669209213e-12
   9.4921875000000000e-01   4.2762667525378201e-01   4.2762667524487497e-01   8.9070417708114746e-12
   9.5703125000000000e-01   4.7995334009302543e-01   4.7995334008451040e-01   8.5150220208163319e-12
   9.6484375000000000e-01   5.3675520812183519e-01   5.3675520811375543e-01   8.0797590840120392e-12
   9.7265625000000000e-01   5.9809927160644949e-01   5.9809927159882303e-01   7.6264550230575878e-12
   9.8046875000000000e-01   6.6402588107166893e-01   6.6402588106458527e-01   7.0836669863183488e-12
   9.8828125000000000e-01   7.3454563704654419e-01   7.3454563704012565e-01   6.4185323722654175e-12
   9.9609375000000000e-01   8.0963413913496318e-01   8.0963413912940996e-01   5.5532245468725705e-12
   7.5390625000000000e-01   1.0767079721962614e-02   1.0767079720392083e-02   1.5705301642521263e-12
   7.6171875000000000e-01   1.0821102113279813e-02   1.0821102111768019e-02   1.5117941620790276e-12
   7.6953125000000000e-01   1.1246653140511488e-02   1.1246653139062684e-02   1.4488046179428338e-12
   7.7734375000000000e-01   1.2303787529095117e-02   1.2303787527692085e-02   1.4030322043057097e-12
   7.8515625000000000e-01   1.4225621804985402e-02   1.4225621803586089e-02   1.3993129571732155e-12
   7.9296875000000000e-01   1.7196672791265213e-02   1.7196672789822478e-02   1.4427348205003909e-12
   8.0078125000000000e-01   2.1341093053260957e-02   2.1341093051716060e-02   1.5448961554476170e-12
   8.0859375000000000e-01   2.6722147129725791e-02   2.6722147128009559e-02   1.7162313237228943e-12
   8.1640625000000000e-01   3.3352390758593704e-02   3.3352390756632377e-02   1.9613269341967055e-12
   8.2421875000000000e-01   4.1212328663835805e-02   4.1212328661556732e-02   2.2790727638444253e-12
   8.3203125000000000e-01   5.0274111061192006e-02   5.0274111058494303e-02   2.6977031719610522e-12
   8.3984375000000000e-01   6.0526260707856945e-02   6.0526260704664728e-02   3.1922173238108087e-12
   8.4765625000000000e-01   7.1995551088232468e-02   7.1995551084473822e-02   3.7586461720806597e-12
   8.5546875000000000e-01   8.4762906194554857e-02   8.4762906190128939e-02   4.4259179654559944e-12
   8.6328125000000000e-01   9.8971384612380933e-02   9.8971384607204740e-02   5.1761928077098673e-12
   8.7109375000000000e-01   1.1482570443417914e-01   1.1482570442822408e-01   5.9550558928478381e-12
