# Ref time     : 0.0000000e+00
# Ref step     : 0

# Mass_Psi     : total ELBDM mass
# MomX/Y/Z_Psi : total ELBDM momentum
# Ekin_Psi     : total ELBDM kinetic energy
# Epot_Psi     : total ELBDM potential energy
# Esel_Psi     : total ELBDM self-interaction energy
# Etot_Psi     : total ELBDM energy

# AErr         : absolute error --> (now - ref)
# RErr         : relative error --> (now - ref) / abs(ref)
#---------------------------------------------------------------------------------------------------------------------------------------------------------------------------------------

#        [ 1]        [ 2]            [ 3]            [ 4]            [ 5]            [ 6]            [ 7]            [ 8]            [ 9]            [10]            [11]            [12]            [13]            [14]            [15]            [16]            [17]            [18]            [19]            [20]            [21]            [22]            [23]            [24]            [25]            [26]            [27]            [28]            [29]            [30]            [31]            [32]            [33]            [34]            [35]            [36]            [37]            [38]            [39]            [40]            [41]            [42]            [43]            [44]            [45]            [46]            [47]            [48]            [49]            [50]            [51]            [52]            [53]            [54]            [55]            [56]            [57]            [58]            [59]            [60]            [61]            [62]            [63]            [64]            [65]            [66]            [67]            [68]            [69]            [70]            [71]            [72]            [73]            [74]            [75]            [76]            [77]            [78]            [79]            [80]
#        Time        Step        Mass_Psi   Mass_Psi_AErr   Mass_Psi_RErr        MomX_Psi   MomX_Psi_AErr   MomX_Psi_RErr        MomY_Psi   MomY_Psi_AErr   MomY_Psi_RErr        MomZ_Psi   MomZ_Psi_AErr   MomZ_Psi_RErr        Ekin_Psi   Ekin_Psi_AErr   Ekin_Psi_RErr        Epot_Psi   Epot_Psi_AErr   Epot_Psi_RErr        Esel_Psi   Esel_Psi_AErr   Esel_Psi_RErr        Etot_Psi   Etot_Psi_AErr   Etot_Psi_RErr
0.0000000e+00           0   9.7656250e-04   0.0000000e+00   0.0000000e+00   3.8042947e-04   0.0000000e+00   0.0000000e+00   0.0000000e+00   0.0000000e+00            -nan   0.0000000e+00   0.0000000e+00            -nan   7.9067388e-05   0.0000000e+00   0.0000000e+00   0.0000000e+00   0.0000000e+00            -nan   0.0000000e+00   0.0000000e+00            -nan   7.9067388e-05   0.0000000e+00   0.0000000e+00
6.7998328e-05           1   9.7656250e-04  -1.2836954e-16  -1.3145041e-13   3.8042947e-04  -1.6528662e-16  -4.3447376e-13   0.0000000e+00   0.0000000e+00            -nan   0.0000000e+00   0.0000000e+00            -nan   7.9067388e-05   4.8992386e-17   6.1962823e-13   0.0000000e+00   0.0000000e+00            -nan   0.0000000e+00   0.0000000e+00            -nan   7.9067388e-05   4.8992386e-17   6.1962823e-13
1.3599666e-04           2   9.7656250e-04  -1.2945374e-16  -1.3256063e-13   3.8042947e-04  -5.0903292e-17  -1.3380481e-13   0.0000000e+00   0.0000000e+00            -nan   0.0000000e+00   0.0000000e+00            -nan   7.9067388e-05   3.9315881e-17   4.9724523e-13   0.0000000e+00   0.0000000e+00            -nan   0.0000000e+00   0.0000000e+00            -nan   7.9067388e-05   3.9315881e-17   4.9724523e-13
2.0399498e-04           3   9.7656250e-04  -1.5233041e-16  -1.5598633e-13   3.8042947e-04  -1.6441926e-16  -4.3219381e-13   0.0000000e+00   0.0000000e+00            -nan   0.0000000e+00   0.0000000e+00            -nan   7.9067388e-05   2.2863113e-17   2.8915984e-13   0.0000000e+00   0.0000000e+00            -nan   0.0000000e+00   0.0000000e+00            -nan   7.9067388e-05   2.2863113e-17   2.8915984e-13
2.7199331e-04           4   9.7656250e-04  -4.1741784e-17  -4.2743586e-14   3.8042947e-04  -1.7504444e-16  -4.6012325e-13   0.0000000e+00   0.0000000e+00            -nan   0.0000000e+00   0.0000000e+00            -nan   7.9067388e-05  -3.0520291e-17  -3.8600354e-13   0.0000000e+00   0.0000000e+00            -nan   0.0000000e+00   0.0000000e+00            -nan   7.9067388e-05  -3.0520291e-17  -3.8600354e-13
3.3999164e-04           5   9.7656250e-04  -5.5944832e-17  -5.7287508e-14   3.8042947e-04  -5.1987494e-17  -1.3665475e-13   0.0000000e+00   0.0000000e+00            -nan   0.0000000e+00   0.0000000e+00            -nan   7.9067388e-05   2.0328791e-18   2.5710715e-14   0.0000000e+00   0.0000000e+00            -nan   0.0000000e+00   0.0000000e+00            -nan   7.9067388e-05   2.0328791e-18   2.5710715e-14
4.0798997e-04           6   9.7656250e-04   9.9312919e-17   1.0169643e-13   3.8042947e-04  -2.5804012e-17  -6.7828636e-14   0.0000000e+00   0.0000000e+00            -nan   0.0000000e+00   0.0000000e+00            -nan   7.9067388e-05  -2.1467203e-17  -2.7150515e-13   0.0000000e+00   0.0000000e+00            -nan   0.0000000e+00   0.0000000e+00            -nan   7.9067388e-05  -2.1467203e-17  -2.7150515e-13
4.7598829e-04           7   9.7656250e-04   7.4593109e-17   7.6383344e-14   3.8042947e-04  -1.1069704e-16  -2.9097915e-13   0.0000000e+00   0.0000000e+00            -nan   0.0000000e+00   0.0000000e+00            -nan   7.9067388e-05  -1.2874901e-17  -1.6283453e-13   0.0000000e+00   0.0000000e+00            -nan   0.0000000e+00   0.0000000e+00            -nan   7.9067388e-05  -1.2874901e-17  -1.6283453e-13
5.4398662e-04           8   9.7656250e-04  -7.8821498e-17  -8.0713214e-14   3.8042947e-04  -1.6257612e-16  -4.2734891e-13   0.0000000e+00   0.0000000e+00            -nan   0.0000000e+00   0.0000000e+00            -nan   7.9067388e-05   4.2636250e-17   5.3923940e-13   0.0000000e+00   0.0000000e+00            -nan   0.0000000e+00   0.0000000e+00            -nan   7.9067388e-05   4.2636250e-17   5.3923940e-13
6.1198495e-04           9   9.7656250e-04  -2.6877372e-16  -2.7522429e-13   3.8042947e-04  -5.8004816e-17  -1.5247193e-13   0.0000000e+00   0.0000000e+00            -nan   0.0000000e+00   0.0000000e+00            -nan   7.9067388e-05  -2.2470090e-17  -2.8418910e-13   0.0000000e+00   0.0000000e+00            -nan   0.0000000e+00   0.0000000e+00            -nan   7.9067388e-05  -2.2470090e-17  -2.8418910e-13
6.7998328e-04          10   9.7656250e-04   3.4434261e-16   3.5260683e-13   3.8042947e-04  -3.0899762e-17  -8.1223366e-14   0.0000000e+00   0.0000000e+00            -nan   0.0000000e+00   0.0000000e+00            -nan   7.9067388e-05   9.5409791e-18   1.2066896e-13   0.0000000e+00   0.0000000e+00            -nan   0.0000000e+00   0.0000000e+00            -nan   7.9067388e-05   9.5409791e-18   1.2066896e-13
7.4798161e-04          11   9.7656250e-04  -7.4484689e-17  -7.6272322e-14   3.8042947e-04  -1.3156793e-16  -3.4584054e-13   0.0000000e+00   0.0000000e+00            -nan   0.0000000e+00   0.0000000e+00            -nan   7.9067388e-05   1.2197274e-19   1.5426429e-15   0.0000000e+00   0.0000000e+00            -nan   0.0000000e+00   0.0000000e+00            -nan   7.9067388e-05   1.2197274e-19   1.5426429e-15
8.1597993e-04          12   9.7656250e-04  -2.6519585e-16  -2.7156055e-13   3.8042947e-04  -1.2934532e-16  -3.3999816e-13   0.0000000e+00   0.0000000e+00            -nan   0.0000000e+00   0.0000000e+00            -nan   7.9067388e-05   1.2902006e-17   1.6317734e-13   0.0000000e+00   0.0000000e+00            -nan   0.0000000e+00   0.0000000e+00            -nan   7.9067388e-05   1.2902006e-17   1.6317734e-13
8.8397826e-04          13   9.7656250e-04  -1.7021974e-16  -1.7430501e-13   3.8042947e-04   8.0176751e-17   2.1075326e-13   0.0000000e+00   0.0000000e+00            -nan   0.0000000e+00   0.0000000e+00            -nan   7.9067388e-05  -1.3254372e-17  -1.6763386e-13   0.0000000e+00   0.0000000e+00            -nan   0.0000000e+00   0.0000000e+00            -nan   7.9067388e-05  -1.3254372e-17  -1.6763386e-13
9.5197659e-04          14   9.7656250e-04   4.3151246e-17   4.4186876e-14   3.8042947e-04  -1.4940306e-16  -3.9272210e-13   0.0000000e+00   0.0000000e+00            -nan   0.0000000e+00   0.0000000e+00            -nan   7.9067388e-05  -2.5112833e-17  -3.1761303e-13   0.0000000e+00   0.0000000e+00            -nan   0.0000000e+00   0.0000000e+00            -nan   7.9067388e-05  -2.5112833e-17  -3.1761303e-13
1.0199749e-03          15   9.7656250e-04  -1.1796120e-16  -1.2079227e-13   3.8042947e-04  -9.4596640e-17  -2.4865750e-13   0.0000000e+00   0.0000000e+00            -nan   0.0000000e+00   0.0000000e+00            -nan   7.9067388e-05  -8.5109871e-18  -1.0764219e-13   0.0000000e+00   0.0000000e+00            -nan   0.0000000e+00   0.0000000e+00            -nan   7.9067388e-05  -8.5109871e-18  -1.0764219e-13
1.0879732e-03          16   9.7656250e-04  -6.1311633e-16  -6.2783112e-13   3.8042947e-04  -2.2529721e-16  -5.9221809e-13   0.0000000e+00   0.0000000e+00            -nan   0.0000000e+00   0.0000000e+00            -nan   7.9067388e-05  -1.8404332e-17  -2.3276767e-13   0.0000000e+00   0.0000000e+00            -nan   0.0000000e+00   0.0000000e+00            -nan   7.9067388e-05  -1.8404332e-17  -2.3276767e-13
1.1559716e-03          17   9.7656250e-04  -3.2124910e-16  -3.2895908e-13   3.8042947e-04  -1.1882856e-16  -3.1235372e-13   0.0000000e+00   0.0000000e+00            -nan   0.0000000e+00   0.0000000e+00            -nan   7.9067388e-05   8.6465123e-18   1.0935624e-13   0.0000000e+00   0.0000000e+00            -nan   0.0000000e+00   0.0000000e+00            -nan   7.9067388e-05   8.6465123e-18   1.0935624e-13
1.2239699e-03          18   9.7656250e-04  -2.4177708e-16  -2.4757973e-13   3.8042947e-04  -1.4181364e-16  -3.7277250e-13   0.0000000e+00   0.0000000e+00            -nan   0.0000000e+00   0.0000000e+00            -nan   7.9067388e-05  -1.7658943e-17  -2.2334041e-13   0.0000000e+00   0.0000000e+00            -nan   0.0000000e+00   0.0000000e+00            -nan   7.9067388e-05  -1.7658943e-17  -2.2334041e-13
1.2919682e-03          19   9.7656250e-04  -2.8687989e-16  -2.9376501e-13   3.8042947e-04  -1.2750218e-16  -3.3515326e-13   0.0000000e+00   0.0000000e+00            -nan   0.0000000e+00   0.0000000e+00            -nan   7.9067388e-05  -2.3730475e-17  -3.0012975e-13   0.0000000e+00   0.0000000e+00            -nan   0.0000000e+00   0.0000000e+00            -nan   7.9067388e-05  -2.3730475e-17  -3.0012975e-13
1.3599666e-03          20   9.7656250e-04  -1.7303867e-16  -1.7719159e-13   3.8042947e-04  -6.2395835e-17  -1.6401420e-13   0.0000000e+00   0.0000000e+00            -nan   0.0000000e+00   0.0000000e+00            -nan   7.9067388e-05  -1.7821573e-17  -2.2539727e-13   0.0000000e+00   0.0000000e+00            -nan   0.0000000e+00   0.0000000e+00            -nan   7.9067388e-05  -1.7821573e-17  -2.2539727e-13
1.4279649e-03          21   9.7656250e-04  -2.3407925e-16  -2.3969715e-13   3.8042947e-04  -8.1044112e-17  -2.1303322e-13   0.0000000e+00   0.0000000e+00            -nan   0.0000000e+00   0.0000000e+00            -nan   7.9067388e-05   1.9827347e-17   2.5076517e-13   0.0000000e+00   0.0000000e+00            -nan   0.0000000e+00   0.0000000e+00            -nan   7.9067388e-05   1.9827347e-17   2.5076517e-13
1.4959632e-03          22   9.7656250e-04  -2.6552111e-16  -2.7189362e-13   3.8042947e-04  -3.0769658e-16  -8.0881373e-13   0.0000000e+00   0.0000000e+00            -nan   0.0000000e+00   0.0000000e+00            -nan   7.9067388e-05   3.1550283e-17   3.9903030e-13   0.0000000e+00   0.0000000e+00            -nan   0.0000000e+00   0.0000000e+00            -nan   7.9067388e-05   3.1550283e-17   3.9903030e-13
1.5639615e-03          23   9.7656250e-04  -4.7607317e-16  -4.8749893e-13   3.8042947e-04  -2.0377580e-16  -5.3564673e-13   0.0000000e+00   0.0000000e+00            -nan   0.0000000e+00   0.0000000e+00            -nan   7.9067388e-05  -2.2036409e-17  -2.7870415e-13   0.0000000e+00   0.0000000e+00            -nan   0.0000000e+00   0.0000000e+00            -nan   7.9067388e-05  -2.2036409e-17  -2.7870415e-13
1.6319599e-03          24   9.7656250e-04  -2.8622937e-17  -2.9309888e-14   3.8042947e-04  -1.7303867e-16  -4.5485085e-13   0.0000000e+00   0.0000000e+00            -nan   0.0000000e+00   0.0000000e+00            -nan   7.9067388e-05   2.7782681e-18   3.5137977e-14   0.0000000e+00   0.0000000e+00            -nan   0.0000000e+00   0.0000000e+00            -nan   7.9067388e-05   2.7782681e-18   3.5137977e-14
1.6999582e-03          25   9.7656250e-04   2.3538029e-16   2.4102942e-13   3.8042947e-04  -2.1234100e-16  -5.5816127e-13   0.0000000e+00   0.0000000e+00            -nan   0.0000000e+00   0.0000000e+00            -nan   7.9067388e-05  -2.9896875e-17  -3.7811892e-13   0.0000000e+00   0.0000000e+00            -nan   0.0000000e+00   0.0000000e+00            -nan   7.9067388e-05  -2.9896875e-17  -3.7811892e-13
1.7679565e-03          26   9.7656250e-04  -1.0364973e-16  -1.0613732e-13   3.8042947e-04  -3.4472208e-16  -9.0613928e-13   0.0000000e+00   0.0000000e+00            -nan   0.0000000e+00   0.0000000e+00            -nan   7.9067388e-05  -1.9976425e-17  -2.5265063e-13   0.0000000e+00   0.0000000e+00            -nan   0.0000000e+00   0.0000000e+00            -nan   7.9067388e-05  -1.9976425e-17  -2.5265063e-13
1.8359548e-03          27   9.7656250e-04  -2.1391309e-16  -2.1904700e-13   3.8042947e-04  -1.6273875e-16  -4.2777640e-13   0.0000000e+00   0.0000000e+00            -nan   0.0000000e+00   0.0000000e+00            -nan   7.9067388e-05  -3.8312994e-17  -4.8456128e-13   0.0000000e+00   0.0000000e+00            -nan   0.0000000e+00   0.0000000e+00            -nan   7.9067388e-05  -3.8312994e-17  -4.8456128e-13
1.9039532e-03          28   9.7656250e-04  -2.1955094e-16  -2.2482016e-13   3.8042947e-04  -1.8198333e-16  -4.7836288e-13   0.0000000e+00   0.0000000e+00            -nan   0.0000000e+00   0.0000000e+00            -nan   7.9067388e-05   4.2229675e-17   5.3409725e-13   0.0000000e+00   0.0000000e+00            -nan   0.0000000e+00   0.0000000e+00            -nan   7.9067388e-05   4.2229675e-17   5.3409725e-13
1.9719515e-03          29   9.7656250e-04   1.0516761e-16   1.0769163e-13   3.8042947e-04  -1.1676857e-16  -3.0693883e-13   0.0000000e+00   0.0000000e+00            -nan   0.0000000e+00   0.0000000e+00            -nan   7.9067388e-05  -1.6669608e-18  -2.1082786e-14   0.0000000e+00   0.0000000e+00            -nan   0.0000000e+00   0.0000000e+00            -nan   7.9067388e-05  -1.6669608e-18  -2.1082786e-14
2.0399498e-03          30   9.7656250e-04   2.6140114e-16   2.6767477e-13   3.8042947e-04  -5.7787976e-17  -1.5190195e-13   0.0000000e+00   0.0000000e+00            -nan   0.0000000e+00   0.0000000e+00            -nan   7.9067388e-05  -1.1668726e-17  -1.4757950e-13   0.0000000e+00   0.0000000e+00            -nan   0.0000000e+00   0.0000000e+00            -nan   7.9067388e-05  -1.1668726e-17  -1.4757950e-13
2.1079482e-03          31   9.7656250e-04  -1.7444813e-16  -1.7863488e-13   3.8042947e-04  -2.4708968e-16  -6.4950194e-13   0.0000000e+00   0.0000000e+00            -nan   0.0000000e+00   0.0000000e+00            -nan   7.9067388e-05  -8.8633528e-18  -1.1209872e-13   0.0000000e+00   0.0000000e+00            -nan   0.0000000e+00   0.0000000e+00            -nan   7.9067388e-05  -8.8633528e-18  -1.1209872e-13
2.1759465e-03          32   9.7656250e-04  -7.2641546e-17  -7.4384943e-14   3.8042947e-04  -1.8426016e-16  -4.8434776e-13   0.0000000e+00   0.0000000e+00            -nan   0.0000000e+00   0.0000000e+00            -nan   7.9067388e-05  -6.8440262e-18  -8.6559407e-14   0.0000000e+00   0.0000000e+00            -nan   0.0000000e+00   0.0000000e+00            -nan   7.9067388e-05  -6.8440262e-18  -8.6559407e-14
2.2439448e-03          33   9.7656250e-04  -1.0050554e-16  -1.0291767e-13   3.8042947e-04  -1.6523241e-16  -4.3433127e-13   0.0000000e+00   0.0000000e+00            -nan   0.0000000e+00   0.0000000e+00            -nan   7.9067388e-05  -1.3240819e-17  -1.6746246e-13   0.0000000e+00   0.0000000e+00            -nan   0.0000000e+00   0.0000000e+00            -nan   7.9067388e-05  -1.3240819e-17  -1.6746246e-13
2.3119431e-03          34   9.7656250e-04  -9.3132967e-17  -9.5368158e-14   3.8042947e-04  -2.5017965e-16  -6.5762427e-13   0.0000000e+00   0.0000000e+00            -nan   0.0000000e+00   0.0000000e+00            -nan   7.9067388e-05  -3.0073058e-17  -3.8034718e-13   0.0000000e+00   0.0000000e+00            -nan   0.0000000e+00   0.0000000e+00            -nan   7.9067388e-05  -3.0073058e-17  -3.8034718e-13
2.3799415e-03          35   9.7656250e-04   7.4809950e-18   7.6605389e-15   3.8042947e-04  -1.4929464e-16  -3.9243711e-13   0.0000000e+00   0.0000000e+00            -nan   0.0000000e+00   0.0000000e+00            -nan   7.9067388e-05  -1.5436328e-17  -1.9523003e-13   0.0000000e+00   0.0000000e+00            -nan   0.0000000e+00   0.0000000e+00            -nan   7.9067388e-05  -1.5436328e-17  -1.9523003e-13
2.4479398e-03          36   9.7656250e-04  -4.2825986e-16  -4.3853809e-13   3.8042947e-04  -3.0401029e-16  -7.9912393e-13   0.0000000e+00   0.0000000e+00            -nan   0.0000000e+00   0.0000000e+00            -nan   7.9067388e-05  -2.6237693e-17  -3.3183963e-13   0.0000000e+00   0.0000000e+00            -nan   0.0000000e+00   0.0000000e+00            -nan   7.9067388e-05  -2.6237693e-17  -3.3183963e-13
2.5159381e-03          37   9.7656250e-04  -1.9938478e-16  -2.0417001e-13   3.8042947e-04  -1.9325904e-16  -5.0800228e-13   0.0000000e+00   0.0000000e+00            -nan   0.0000000e+00   0.0000000e+00            -nan   7.9067388e-05  -3.1672256e-17  -4.0057294e-13   0.0000000e+00   0.0000000e+00            -nan   0.0000000e+00   0.0000000e+00            -nan   7.9067388e-05  -3.1672256e-17  -4.0057294e-13
2.5839365e-03          38   9.7656250e-04  -5.3060854e-16  -5.4334315e-13   3.8042947e-04  -8.1532003e-17  -2.1431569e-13   0.0000000e+00   0.0000000e+00            -nan   0.0000000e+00   0.0000000e+00            -nan   7.9067388e-05  -1.8580515e-17  -2.3499594e-13   0.0000000e+00   0.0000000e+00            -nan   0.0000000e+00   0.0000000e+00            -nan   7.9067388e-05  -1.8580515e-17  -2.3499594e-13
2.6519348e-03          39   9.7656250e-04  -3.7372449e-16  -3.8269388e-13   3.8042947e-04  -2.5083017e-16  -6.5933424e-13   0.0000000e+00   0.0000000e+00            -nan   0.0000000e+00   0.0000000e+00            -nan   7.9067388e-05  -2.3256137e-17  -2.9413058e-13   0.0000000e+00   0.0000000e+00            -nan   0.0000000e+00   0.0000000e+00            -nan   7.9067388e-05  -2.3256137e-17  -2.9413058e-13
2.7199331e-03          40   9.7656250e-04  -4.0169690e-16  -4.1133763e-13   3.8042947e-04  -2.0968470e-16  -5.5117892e-13   0.0000000e+00   0.0000000e+00            -nan   0.0000000e+00   0.0000000e+00            -nan   7.9067388e-05  -4.6525826e-17  -5.8843257e-13   0.0000000e+00   0.0000000e+00            -nan   0.0000000e+00   0.0000000e+00            -nan   7.9067388e-05  -4.6525826e-17  -5.8843257e-13
2.7879314e-03          41   9.7656250e-04  -1.1926224e-16  -1.2212453e-13   3.8042947e-04  -2.1521413e-16  -5.6571362e-13   0.0000000e+00   0.0000000e+00            -nan   0.0000000e+00   0.0000000e+00            -nan   7.9067388e-05  -3.0045953e-17  -3.8000437e-13   0.0000000e+00   0.0000000e+00            -nan   0.0000000e+00   0.0000000e+00            -nan   7.9067388e-05  -3.0045953e-17  -3.8000437e-13
2.8559298e-03          42   9.7656250e-04  -3.7166450e-16  -3.8058445e-13   3.8042947e-04  -2.6655110e-16  -7.0065841e-13   0.0000000e+00   0.0000000e+00            -nan   0.0000000e+00   0.0000000e+00            -nan   7.9067388e-05  -1.5531196e-17  -1.9642986e-13   0.0000000e+00   0.0000000e+00            -nan   0.0000000e+00   0.0000000e+00            -nan   7.9067388e-05  -1.5531196e-17  -1.9642986e-13
2.9239281e-03          43   9.7656250e-04  -3.7838656e-16  -3.8746784e-13   3.8042947e-04  -2.4741494e-16  -6.5035692e-13   0.0000000e+00   0.0000000e+00            -nan   0.0000000e+00   0.0000000e+00            -nan   7.9067388e-05  -5.4752210e-18  -6.9247526e-14   0.0000000e+00   0.0000000e+00            -nan   0.0000000e+00   0.0000000e+00            -nan   7.9067388e-05  -5.4752210e-18  -6.9247526e-14
2.9919264e-03          44   9.7656250e-04  -3.1864702e-16  -3.2629455e-13   3.8042947e-04  -3.5556410e-16  -9.3463870e-13   0.0000000e+00   0.0000000e+00            -nan   0.0000000e+00   0.0000000e+00            -nan   7.9067388e-05  -3.0425423e-17  -3.8480370e-13   0.0000000e+00   0.0000000e+00            -nan   0.0000000e+00   0.0000000e+00            -nan   7.9067388e-05  -3.0425423e-17  -3.8480370e-13
3.0599247e-03          45   9.7656250e-04  -4.4896812e-16  -4.5974335e-13   3.8042947e-04  -2.4530074e-16  -6.4479953e-13   0.0000000e+00   0.0000000e+00            -nan   0.0000000e+00   0.0000000e+00            -nan   7.9067388e-05  -4.4343869e-17  -5.6083640e-13   0.0000000e+00   0.0000000e+00            -nan   0.0000000e+00   0.0000000e+00            -nan   7.9067388e-05  -4.4343869e-17  -5.6083640e-13
3.1279231e-03          46   9.7656250e-04   1.1947908e-16   1.2234658e-13   3.8042947e-04  -2.4286129e-16  -6.3838716e-13   0.0000000e+00   0.0000000e+00            -nan   0.0000000e+00   0.0000000e+00            -nan   7.9067388e-05  -2.0464316e-18  -2.5882120e-14   0.0000000e+00   0.0000000e+00            -nan   0.0000000e+00   0.0000000e+00            -nan   7.9067388e-05  -2.0464316e-18  -2.5882120e-14
3.1959214e-03          47   9.7656250e-04  -5.1564655e-16  -5.2802207e-13   3.8042947e-04  -2.1244942e-16  -5.5844627e-13   0.0000000e+00   0.0000000e+00            -nan   0.0000000e+00   0.0000000e+00            -nan   7.9067388e-05  -3.9207461e-17  -4.9587399e-13   0.0000000e+00   0.0000000e+00            -nan   0.0000000e+00   0.0000000e+00            -nan   7.9067388e-05  -3.9207461e-17  -4.9587399e-13
3.2639197e-03          48   9.7656250e-04  -9.9746600e-18  -1.0214052e-14   3.8042947e-04  -2.0805840e-16  -5.4690400e-13   0.0000000e+00   0.0000000e+00            -nan   0.0000000e+00   0.0000000e+00            -nan   7.9067388e-05  -1.3023979e-17  -1.6471998e-13   0.0000000e+00   0.0000000e+00            -nan   0.0000000e+00   0.0000000e+00            -nan   7.9067388e-05  -1.3023979e-17  -1.6471998e-13
3.3319181e-03          49   9.7656250e-04  -4.1470733e-16  -4.2466031e-13   3.8042947e-04  -2.2285776e-16  -5.8580572e-13   0.0000000e+00   0.0000000e+00            -nan   0.0000000e+00   0.0000000e+00            -nan   7.9067388e-05  -3.7960629e-17  -4.8010475e-13   0.0000000e+00   0.0000000e+00            -nan   0.0000000e+00   0.0000000e+00            -nan   7.9067388e-05  -3.7960629e-17  -4.8010475e-13
3.3999164e-03          50   9.7656250e-04  -2.6324429e-16  -2.6956215e-13   3.8042947e-04  -2.9202986e-16  -7.6763206e-13   0.0000000e+00   0.0000000e+00            -nan   0.0000000e+00   0.0000000e+00            -nan   7.9067388e-05  -4.4696235e-17  -5.6529292e-13   0.0000000e+00   0.0000000e+00            -nan   0.0000000e+00   0.0000000e+00            -nan   7.9067388e-05  -4.4696235e-17  -5.6529292e-13
3.4679147e-03          51   9.7656250e-04  -2.2703193e-16  -2.3248070e-13   3.8042947e-04  -2.0231213e-16  -5.3179930e-13   0.0000000e+00   0.0000000e+00            -nan   0.0000000e+00   0.0000000e+00            -nan   7.9067388e-05  -7.3590222e-18  -9.3072789e-14   0.0000000e+00   0.0000000e+00            -nan   0.0000000e+00   0.0000000e+00            -nan   7.9067388e-05  -7.3590222e-18  -9.3072789e-14
3.5359130e-03          52   9.7656250e-04  -2.1000996e-16  -2.1505020e-13   3.8042947e-04  -2.0339633e-16  -5.3464925e-13   0.0000000e+00   0.0000000e+00            -nan   0.0000000e+00   0.0000000e+00            -nan   7.9067388e-05  -1.3701605e-17  -1.7329022e-13   0.0000000e+00   0.0000000e+00            -nan   0.0000000e+00   0.0000000e+00            -nan   7.9067388e-05  -1.3701605e-17  -1.7329022e-13
3.6039114e-03          53   9.7656250e-04  -6.2688570e-16  -6.4193095e-13   3.8042947e-04  -2.6205167e-16  -6.8883115e-13   0.0000000e+00   0.0000000e+00            -nan   0.0000000e+00   0.0000000e+00            -nan   7.9067388e-05  -4.5238336e-17  -5.7214911e-13   0.0000000e+00   0.0000000e+00            -nan   0.0000000e+00   0.0000000e+00            -nan   7.9067388e-05  -4.5238336e-17  -5.7214911e-13
3.6719097e-03          54   9.7656250e-04  -3.0726290e-16  -3.1463721e-13   3.8042947e-04  -2.4844493e-16  -6.5306437e-13   0.0000000e+00   0.0000000e+00            -nan   0.0000000e+00   0.0000000e+00            -nan   7.9067388e-05  -2.0369448e-17  -2.5762137e-13   0.0000000e+00   0.0000000e+00            -nan   0.0000000e+00   0.0000000e+00            -nan   7.9067388e-05  -2.0369448e-17  -2.5762137e-13
3.7399080e-03          55   9.7656250e-04   2.7755576e-17   2.8421709e-14   3.8042947e-04  -2.0426369e-16  -5.3692920e-13   0.0000000e+00   0.0000000e+00            -nan   0.0000000e+00   0.0000000e+00            -nan   7.9067388e-05  -1.8973538e-17  -2.3996667e-13   0.0000000e+00   0.0000000e+00            -nan   0.0000000e+00   0.0000000e+00            -nan   7.9067388e-05  -1.8973538e-17  -2.3996667e-13
3.8079064e-03          56   9.7656250e-04  -4.8518047e-16  -4.9682480e-13   3.8042947e-04  -2.8964461e-16  -7.6136219e-13   0.0000000e+00   0.0000000e+00            -nan   0.0000000e+00   0.0000000e+00            -nan   7.9067388e-05  -4.1768889e-17  -5.2826949e-13   0.0000000e+00   0.0000000e+00            -nan   0.0000000e+00   0.0000000e+00            -nan   7.9067388e-05  -4.1768889e-17  -5.2826949e-13
3.8759047e-03          57   9.7656250e-04  -3.4911310e-16  -3.5749181e-13   3.8042947e-04  -3.9643852e-16  -1.0420815e-12   0.0000000e+00   0.0000000e+00            -nan   0.0000000e+00   0.0000000e+00            -nan   7.9067388e-05  -6.3873060e-17  -8.0783067e-13   0.0000000e+00   0.0000000e+00            -nan   0.0000000e+00   0.0000000e+00            -nan   7.9067388e-05  -6.3873060e-17  -8.0783067e-13
3.9439030e-03          58   9.7656250e-04  -3.6797822e-16  -3.7680969e-13   3.8042947e-04  -1.8697066e-16  -4.9147262e-13   0.0000000e+00   0.0000000e+00            -nan   0.0000000e+00   0.0000000e+00            -nan   7.9067388e-05  -4.1877309e-18  -5.2964073e-14   0.0000000e+00   0.0000000e+00            -nan   0.0000000e+00   0.0000000e+00            -nan   7.9067388e-05  -4.1877309e-18  -5.2964073e-14
4.0119013e-03          59   9.7656250e-04  -1.5092094e-16  -1.5454305e-13   3.8042947e-04  -3.6450877e-16  -9.5815073e-13   0.0000000e+00   0.0000000e+00            -nan   0.0000000e+00   0.0000000e+00            -nan   7.9067388e-05  -1.0096633e-17  -1.2769655e-13   0.0000000e+00   0.0000000e+00            -nan   0.0000000e+00   0.0000000e+00            -nan   7.9067388e-05  -1.0096633e-17  -1.2769655e-13
4.0798997e-03          60   9.7656250e-04  -4.6262907e-16  -4.7373216e-13   3.8042947e-04  -2.7896522e-16  -7.3329025e-13   0.0000000e+00   0.0000000e+00            -nan   0.0000000e+00   0.0000000e+00            -nan   7.9067388e-05  -2.0626946e-17  -2.6087806e-13   0.0000000e+00   0.0000000e+00            -nan   0.0000000e+00   0.0000000e+00            -nan   7.9067388e-05  -2.0626946e-17  -2.6087806e-13
4.1478980e-03          61   9.7656250e-04  -3.2807958e-16  -3.3595349e-13   3.8042947e-04  -9.8337137e-17  -2.5848980e-13   0.0000000e+00   0.0000000e+00            -nan   0.0000000e+00   0.0000000e+00            -nan   7.9067388e-05  -4.6214118e-17  -5.8449026e-13   0.0000000e+00   0.0000000e+00            -nan   0.0000000e+00   0.0000000e+00            -nan   7.9067388e-05  -4.6214118e-17  -5.8449026e-13
4.2158963e-03          62   9.7656250e-04  -6.8619155e-16  -7.0266015e-13   3.8042947e-04  -1.9705374e-16  -5.1797708e-13   0.0000000e+00   0.0000000e+00            -nan   0.0000000e+00   0.0000000e+00            -nan   7.9067388e-05  -6.7356060e-17  -8.5188169e-13   0.0000000e+00   0.0000000e+00            -nan   0.0000000e+00   0.0000000e+00            -nan   7.9067388e-05  -6.7356060e-17  -8.5188169e-13
4.2838946e-03          63   9.7656250e-04  -2.4394549e-16  -2.4980018e-13   3.8042947e-04  -1.8388069e-16  -4.8335028e-13   0.0000000e+00   0.0000000e+00            -nan   0.0000000e+00   0.0000000e+00            -nan   7.9067388e-05  -3.3474742e-17  -4.2336978e-13   0.0000000e+00   0.0000000e+00            -nan   0.0000000e+00   0.0000000e+00            -nan   7.9067388e-05  -3.3474742e-17  -4.2336978e-13
4.3518930e-03          64   9.7656250e-04  -5.6107462e-16  -5.7454042e-13   3.8042947e-04  -2.9230091e-16  -7.6834455e-13   0.0000000e+00   0.0000000e+00            -nan   0.0000000e+00   0.0000000e+00            -nan   7.9067388e-05  -3.9898640e-17  -5.0461563e-13   0.0000000e+00   0.0000000e+00            -nan   0.0000000e+00   0.0000000e+00            -nan   7.9067388e-05  -3.9898640e-17  -5.0461563e-13
4.4198913e-03          65   9.7656250e-04  -4.3129562e-16  -4.4164672e-13   3.8042947e-04  -1.5108357e-16  -3.9713951e-13   0.0000000e+00   0.0000000e+00            -nan   0.0000000e+00   0.0000000e+00            -nan   7.9067388e-05  -3.6320773e-17  -4.5936478e-13   0.0000000e+00   0.0000000e+00            -nan   0.0000000e+00   0.0000000e+00            -nan   7.9067388e-05  -3.6320773e-17  -4.5936478e-13
4.4878896e-03          66   9.7656250e-04  -5.2052546e-16  -5.3301807e-13   3.8042947e-04  -3.3545215e-16  -8.8177227e-13   0.0000000e+00   0.0000000e+00            -nan   0.0000000e+00   0.0000000e+00            -nan   7.9067388e-05  -5.5524704e-17  -7.0224533e-13   0.0000000e+00   0.0000000e+00            -nan   0.0000000e+00   0.0000000e+00            -nan   7.9067388e-05  -5.5524704e-17  -7.0224533e-13
4.5558880e-03          67   9.7656250e-04  -1.2370747e-16  -1.2667645e-13   3.8042947e-04  -3.1891807e-16  -8.3831064e-13   0.0000000e+00   0.0000000e+00            -nan   0.0000000e+00   0.0000000e+00            -nan   7.9067388e-05  -4.5766884e-17  -5.7883390e-13   0.0000000e+00   0.0000000e+00            -nan   0.0000000e+00   0.0000000e+00            -nan   7.9067388e-05  -4.5766884e-17  -5.7883390e-13
4.6238863e-03          68   9.7656250e-04  -4.9428777e-16  -5.0615068e-13   3.8042947e-04  -2.6010010e-16  -6.8370125e-13   0.0000000e+00   0.0000000e+00            -nan   0.0000000e+00   0.0000000e+00            -nan   7.9067388e-05  -7.4931923e-17  -9.4769696e-13   0.0000000e+00   0.0000000e+00            -nan   0.0000000e+00   0.0000000e+00            -nan   7.9067388e-05  -7.4931923e-17  -9.4769696e-13
4.6918846e-03          69   9.7656250e-04  -5.0512979e-16  -5.1725291e-13   3.8042947e-04  -3.0048663e-16  -7.8986161e-13   0.0000000e+00   0.0000000e+00            -nan   0.0000000e+00   0.0000000e+00            -nan   7.9067388e-05  -7.1882604e-17  -9.0913089e-13   0.0000000e+00   0.0000000e+00            -nan   0.0000000e+00   0.0000000e+00            -nan   7.9067388e-05  -7.1882604e-17  -9.0913089e-13
4.7598829e-03          70   9.7656250e-04  -2.5804012e-16  -2.6423308e-13   3.8042947e-04  -3.7497132e-16  -9.8565268e-13   0.0000000e+00   0.0000000e+00            -nan   0.0000000e+00   0.0000000e+00            -nan   7.9067388e-05  -5.1865521e-17  -6.5596604e-13   0.0000000e+00   0.0000000e+00            -nan   0.0000000e+00   0.0000000e+00            -nan   7.9067388e-05  -5.1865521e-17  -6.5596604e-13
4.8278813e-03          71   9.7656250e-04  -5.9002282e-16  -6.0418337e-13   3.8042947e-04  -3.9221014e-16  -1.0309668e-12   0.0000000e+00   0.0000000e+00            -nan   0.0000000e+00   0.0000000e+00            -nan   7.9067388e-05  -5.9319411e-17  -7.5023867e-13   0.0000000e+00   0.0000000e+00            -nan   0.0000000e+00   0.0000000e+00            -nan   7.9067388e-05  -5.9319411e-17  -7.5023867e-13
4.8958796e-03          72   9.7656250e-04  -4.8843308e-16  -5.0015547e-13   3.8042947e-04  -2.1505150e-16  -5.6528613e-13   0.0000000e+00   0.0000000e+00            -nan   0.0000000e+00   0.0000000e+00            -nan   7.9067388e-05  -7.6436253e-18  -9.6672289e-14   0.0000000e+00   0.0000000e+00            -nan   0.0000000e+00   0.0000000e+00            -nan   7.9067388e-05  -7.6436253e-18  -9.6672289e-14
4.9638779e-03          73   9.7656250e-04  -6.0682796e-16  -6.2139183e-13   3.8042947e-04  -4.0028744e-16  -1.0521988e-12   0.0000000e+00   0.0000000e+00            -nan   0.0000000e+00   0.0000000e+00            -nan   7.9067388e-05  -5.8113236e-17  -7.3498364e-13   0.0000000e+00   0.0000000e+00            -nan   0.0000000e+00   0.0000000e+00            -nan   7.9067388e-05  -5.8113236e-17  -7.3498364e-13
5.0318763e-03          74   9.7656250e-04  -3.6797822e-16  -3.7680969e-13   3.8042947e-04  -1.9689111e-16  -5.1754959e-13   0.0000000e+00   0.0000000e+00            -nan   0.0000000e+00   0.0000000e+00            -nan   7.9067388e-05  -3.0710027e-17  -3.8840320e-13   0.0000000e+00   0.0000000e+00            -nan   0.0000000e+00   0.0000000e+00            -nan   7.9067388e-05  -3.0710027e-17  -3.8840320e-13
5.0998746e-03          75   9.7656250e-04  -4.4766708e-16  -4.5841109e-13   3.8042947e-04  -2.4221077e-16  -6.3667720e-13   0.0000000e+00   0.0000000e+00            -nan   0.0000000e+00   0.0000000e+00            -nan   7.9067388e-05  -1.6263033e-17  -2.0568572e-13   0.0000000e+00   0.0000000e+00            -nan   0.0000000e+00   0.0000000e+00            -nan   7.9067388e-05  -1.6263033e-17  -2.0568572e-13
5.1678729e-03          76   9.7656250e-04  -5.1477919e-16  -5.2713389e-13   3.8042947e-04  -1.9304220e-16  -5.0743229e-13   0.0000000e+00   0.0000000e+00            -nan   0.0000000e+00   0.0000000e+00            -nan   7.9067388e-05  -9.7212277e-17  -1.2294864e-12   0.0000000e+00   0.0000000e+00            -nan   0.0000000e+00   0.0000000e+00            -nan   7.9067388e-05  -9.7212277e-17  -1.2294864e-12
5.2358712e-03          77   9.7656250e-04  -4.0484109e-16  -4.1455728e-13   3.8042947e-04  -4.0836475e-16  -1.0734309e-12   0.0000000e+00   0.0000000e+00            -nan   0.0000000e+00   0.0000000e+00            -nan   7.9067388e-05  -2.6969529e-17  -3.4109549e-13   0.0000000e+00   0.0000000e+00            -nan   0.0000000e+00   0.0000000e+00            -nan   7.9067388e-05  -2.6969529e-17  -3.4109549e-13
5.3038696e-03          78   9.7656250e-04  -3.1983964e-16  -3.2751579e-13   3.8042947e-04  -2.7300211e-16  -7.1761557e-13   0.0000000e+00   0.0000000e+00            -nan   0.0000000e+00   0.0000000e+00            -nan   7.9067388e-05  -8.6180520e-17  -1.0899629e-12   0.0000000e+00   0.0000000e+00            -nan   0.0000000e+00   0.0000000e+00            -nan   7.9067388e-05  -8.6180520e-17  -1.0899629e-12
5.3718679e-03          79   9.7656250e-04  -1.5775142e-16  -1.6153745e-13   3.8042947e-04  -3.7719394e-16  -9.9149506e-13   0.0000000e+00   0.0000000e+00            -nan   0.0000000e+00   0.0000000e+00            -nan   7.9067388e-05  -3.7730236e-17  -4.7719087e-13   0.0000000e+00   0.0000000e+00            -nan   0.0000000e+00   0.0000000e+00            -nan   7.9067388e-05  -3.7730236e-17  -4.7719087e-13
5.4398662e-03          80   9.7656250e-04  -5.9045650e-16  -6.0462746e-13   3.8042947e-04  -2.4134340e-16  -6.3439724e-13   0.0000000e+00   0.0000000e+00            -nan   0.0000000e+00   0.0000000e+00            -nan   7.9067388e-05  -5.3017486e-17  -6.7053545e-13   0.0000000e+00   0.0000000e+00            -nan   0.0000000e+00   0.0000000e+00            -nan   7.9067388e-05  -5.3017486e-17  -6.7053545e-13
5.5078645e-03          81   9.7656250e-04  -6.2406677e-16  -6.3904437e-13   3.8042947e-04  -3.6299089e-16  -9.5416081e-13   0.0000000e+00   0.0000000e+00            -nan   0.0000000e+00   0.0000000e+00            -nan   7.9067388e-05  -4.7054374e-17  -5.9511735e-13   0.0000000e+00   0.0000000e+00            -nan   0.0000000e+00   0.0000000e+00            -nan   7.9067388e-05  -4.7054374e-17  -5.9511735e-13
5.5758629e-03          82   9.7656250e-04  -5.5272627e-16  -5.6599170e-13   3.8042947e-04  -4.4848023e-16  -1.1788788e-12   0.0000000e+00   0.0000000e+00            -nan   0.0000000e+00   0.0000000e+00            -nan   7.9067388e-05  -8.6383808e-17  -1.0925340e-12   0.0000000e+00   0.0000000e+00            -nan   0.0000000e+00   0.0000000e+00            -nan   7.9067388e-05  -8.6383808e-17  -1.0925340e-12
5.6438612e-03          83   9.7656250e-04  -5.6898930e-16  -5.8264504e-13   3.8042947e-04  -2.2150250e-16  -5.8224329e-13   0.0000000e+00   0.0000000e+00            -nan   0.0000000e+00   0.0000000e+00            -nan   7.9067388e-05  -6.2965041e-17  -7.9634655e-13   0.0000000e+00   0.0000000e+00            -nan   0.0000000e+00   0.0000000e+00            -nan   7.9067388e-05  -6.2965041e-17  -7.9634655e-13
5.7118595e-03          84   9.7656250e-04  -3.2244173e-16  -3.3018033e-13   3.8042947e-04  -2.4746915e-16  -6.5049942e-13   0.0000000e+00   0.0000000e+00            -nan   0.0000000e+00   0.0000000e+00            -nan   7.9067388e-05  -4.4167686e-17  -5.5860814e-13   0.0000000e+00   0.0000000e+00            -nan   0.0000000e+00   0.0000000e+00            -nan   7.9067388e-05  -4.4167686e-17  -5.5860814e-13
5.7798579e-03          85   9.7656250e-04  -6.0541849e-16  -6.1994854e-13   3.8042947e-04  -3.1886386e-16  -8.3816814e-13   0.0000000e+00   0.0000000e+00            -nan   0.0000000e+00   0.0000000e+00            -nan   7.9067388e-05  -5.5036813e-17  -6.9607476e-13   0.0000000e+00   0.0000000e+00            -nan   0.0000000e+00   0.0000000e+00            -nan   7.9067388e-05  -5.5036813e-17  -6.9607476e-13
5.8478562e-03          86   9.7656250e-04  -6.8705892e-16  -7.0354833e-13   3.8042947e-04  -2.9295143e-16  -7.7005451e-13   0.0000000e+00   0.0000000e+00            -nan   0.0000000e+00   0.0000000e+00            -nan   7.9067388e-05  -1.1004652e-17  -1.3918067e-13   0.0000000e+00   0.0000000e+00            -nan   0.0000000e+00   0.0000000e+00            -nan   7.9067388e-05  -1.1004652e-17  -1.3918067e-13
5.9158545e-03          87   9.7656250e-04  -5.5055786e-16  -5.6377125e-13   3.8042947e-04  -2.9446931e-16  -7.7404443e-13   0.0000000e+00   0.0000000e+00            -nan   0.0000000e+00   0.0000000e+00            -nan   7.9067388e-05  -6.7491585e-17  -8.5359574e-13   0.0000000e+00   0.0000000e+00            -nan   0.0000000e+00   0.0000000e+00            -nan   7.9067388e-05  -6.7491585e-17  -8.5359574e-13
5.9838528e-03          88   9.7656250e-04  -6.5160551e-16  -6.6724404e-13   3.8042947e-04  -3.3393427e-16  -8.7778235e-13   0.0000000e+00   0.0000000e+00            -nan   0.0000000e+00   0.0000000e+00            -nan   7.9067388e-05  -6.0972820e-17  -7.7115005e-13   0.0000000e+00   0.0000000e+00            -nan   0.0000000e+00   0.0000000e+00            -nan   7.9067388e-05  -6.0972820e-17  -7.7115005e-13
6.0518512e-03          89   9.7656250e-04  -3.9324013e-16  -4.0267789e-13   3.8042947e-04  -3.4613154e-16  -9.0984420e-13   0.0000000e+00   0.0000000e+00            -nan   0.0000000e+00   0.0000000e+00            -nan   7.9067388e-05  -6.5038578e-17  -8.2257148e-13   0.0000000e+00   0.0000000e+00            -nan   0.0000000e+00   0.0000000e+00            -nan   7.9067388e-05  -6.5038578e-17  -8.2257148e-13
6.1198495e-03          90   9.7656250e-04  -4.4755866e-16  -4.5830006e-13   3.8042947e-04  -2.7088791e-16  -7.1205818e-13   0.0000000e+00   0.0000000e+00            -nan   0.0000000e+00   0.0000000e+00            -nan   7.9067388e-05  -6.6068570e-17  -8.3559824e-13   0.0000000e+00   0.0000000e+00            -nan   0.0000000e+00   0.0000000e+00            -nan   7.9067388e-05  -6.6068570e-17  -8.3559824e-13
6.1878478e-03          91   9.7656250e-04  -4.8832466e-16  -5.0004445e-13   3.8042947e-04  -3.5415464e-16  -9.3093378e-13   0.0000000e+00   0.0000000e+00            -nan   0.0000000e+00   0.0000000e+00            -nan   7.9067388e-05  -5.0645794e-17  -6.4053962e-13   0.0000000e+00   0.0000000e+00            -nan   0.0000000e+00   0.0000000e+00            -nan   7.9067388e-05  -5.0645794e-17  -6.4053962e-13
6.2558462e-03          92   9.7656250e-04  -3.3740372e-16  -3.4550141e-13   3.8042947e-04  -4.6615272e-16  -1.2253329e-12   0.0000000e+00   0.0000000e+00            -nan   0.0000000e+00   0.0000000e+00            -nan   7.9067388e-05  -6.4279636e-17  -8.1297281e-13   0.0000000e+00   0.0000000e+00            -nan   0.0000000e+00   0.0000000e+00            -nan   7.9067388e-05  -6.4279636e-17  -8.1297281e-13
6.3238445e-03          93   9.7656250e-04  -5.0241929e-16  -5.1447735e-13   3.8042947e-04  -3.4867942e-16  -9.1654157e-13   0.0000000e+00   0.0000000e+00            -nan   0.0000000e+00   0.0000000e+00            -nan   7.9067388e-05  -7.8184529e-17  -9.8883410e-13   0.0000000e+00   0.0000000e+00            -nan   0.0000000e+00   0.0000000e+00            -nan   7.9067388e-05  -7.8184529e-17  -9.8883410e-13
6.3918428e-03          94   9.7656250e-04  -5.7527767e-16  -5.8908434e-13   3.8042947e-04  -3.0081189e-16  -7.9071660e-13   0.0000000e+00   0.0000000e+00            -nan   0.0000000e+00   0.0000000e+00            -nan   7.9067388e-05  -2.5925984e-17  -3.2789732e-13   0.0000000e+00   0.0000000e+00            -nan   0.0000000e+00   0.0000000e+00            -nan   7.9067388e-05  -2.5925984e-17  -3.2789732e-13
6.4598411e-03          95   9.7656250e-04  -4.4441447e-16  -4.5508042e-13   3.8042947e-04  -4.2956090e-16  -1.1291473e-12   0.0000000e+00   0.0000000e+00            -nan   0.0000000e+00   0.0000000e+00            -nan   7.9067388e-05  -8.7481563e-17  -1.1064178e-12   0.0000000e+00   0.0000000e+00            -nan   0.0000000e+00   0.0000000e+00            -nan   7.9067388e-05  -8.7481563e-17  -1.1064178e-12
6.5278395e-03          96   9.7656250e-04  -5.1477919e-16  -5.2713389e-13   3.8042947e-04  -2.1922568e-16  -5.7625841e-13   0.0000000e+00   0.0000000e+00            -nan   0.0000000e+00   0.0000000e+00            -nan   7.9067388e-05  -4.2744671e-17  -5.4061064e-13   0.0000000e+00   0.0000000e+00            -nan   0.0000000e+00   0.0000000e+00            -nan   7.9067388e-05  -4.2744671e-17  -5.4061064e-13
6.5958378e-03          97   9.7656250e-04  -4.8767414e-16  -4.9937832e-13   3.8042947e-04  -3.0829289e-16  -8.1038120e-13   0.0000000e+00   0.0000000e+00            -nan   0.0000000e+00   0.0000000e+00            -nan   7.9067388e-05  -3.4626707e-17  -4.3793918e-13   0.0000000e+00   0.0000000e+00            -nan   0.0000000e+00   0.0000000e+00            -nan   7.9067388e-05  -3.4626707e-17  -4.3793918e-13
6.6638361e-03          98   9.7656250e-04  -3.6320773e-16  -3.7192471e-13   3.8042947e-04  -3.9519169e-16  -1.0388041e-12   0.0000000e+00   0.0000000e+00            -nan   0.0000000e+00   0.0000000e+00            -nan   7.9067388e-05  -6.5201208e-17  -8.2462834e-13   0.0000000e+00   0.0000000e+00            -nan   0.0000000e+00   0.0000000e+00            -nan   7.9067388e-05  -6.5201208e-17  -8.2462834e-13
6.7318344e-03          99   9.7656250e-04  -7.1546501e-16  -7.3263617e-13   3.8042947e-04  -4.2061623e-16  -1.1056353e-12   0.0000000e+00   0.0000000e+00            -nan   0.0000000e+00   0.0000000e+00            -nan   7.9067388e-05  -6.2151890e-17  -7.8606226e-13   0.0000000e+00   0.0000000e+00            -nan   0.0000000e+00   0.0000000e+00            -nan   7.9067388e-05  -6.2151890e-17  -7.8606226e-13
6.7998328e-03         100   9.7656250e-04  -6.8022844e-16  -6.9655393e-13   3.8042947e-04  -3.5187782e-16  -9.2494890e-13   0.0000000e+00   0.0000000e+00            -nan   0.0000000e+00   0.0000000e+00            -nan   7.9067388e-05  -6.3873060e-17  -8.0783067e-13   0.0000000e+00   0.0000000e+00            -nan   0.0000000e+00   0.0000000e+00            -nan   7.9067388e-05  -6.3873060e-17  -8.0783067e-13
