# dt         : calculate time-step
# Flu_Adv    : evolve fluid variables
# Gra_Adv    : calculate gravitational potential and acceleration
# Src_Adv    : Source terms
# Che_Adv    : Grackle cooling and chemistry library
# SF         : Star formation
# FB_Adv     : Feedback
# FixUp      : use fine-grid data to correct coarse-grid data
# Flag       : check refinement criteria
# Refine     : allocate/remove patches on a higher level
# Buf_Rho    : MPI for exchanging density for the Poisson solver
# Buf_Pot    : MPI for exchanging potential
# Buf_Flu1   : MPI for exchanging fluid data after advance
# Buf_Flu2   : MPI for exchanging fluid data after fix-up
# Buf_Ref    : MPI for exchanging fluid data and potential after grid refinement
# Buf_Flux   : MPI for exchanging fluxes across coarse-fine boundaries
# Buf_Res    : MPI for exchanging restricted fluid data in the father buffer patches (LOAD_BALANCE only)
# Buf_Che    : MPI for exchanging fluid data after calling Grackle
# Par_KD     : kick-drift for particles
# Par_K      : last kick for particles staying at the same level
# Par_K-1    : last kick for particles entering coarser grids
# Par_2Sib   : pass particles to sibling patches after drift
# -MPI_Sib   : MPI for exchanging particles staying at the same level after drift (included in Par_2Sib)
# -MPI_FaSib : MPI for exchanging particles entering coarser grids after drift (included in Par_2Sib)
# Par_2Son   : pass particles to son patches after the last kick
# -MPI       : MPI for exchanging particles after the last kick (included in Par_2Son)
# Par_Coll   : collect particles from finer grids for the Poisson solver
# -MPI_Real  : MPI for collecting particles from leaf patches in other ranks (included in Par_Coll)
# -MPI_Sib   : MPI for collecting particles to sibling buffer patches (included in Par_Coll)
# -MPI_FaSib : MPI for collecting particles to father-sibling buffer patches (included in Par_Coll)
#-----------------------------------------------------------------------------------------------------------------------------

Time : 0.0000000e+00 -> 1.9428094e-06,     Step :        0 ->        1

Main Loop
------------------------------------------------------------------------------------------------------------------------------
       Total    Integration       Output    Auxiliary    LoadBalance       CorrSync          libyt            Sum
      0.0267         0.0111       0.0044       0.0106         0.0006         0.0000         0.0000         0.0267


Integration Loop
------------------------------------------------------------------------------------------------------------------------------
     Lv   Total       dt Flu_Adv Gra_Adv Src_Adv Che_Adv      SF  FB_Adv   FixUp    Flag  Refine Buf_Rho Buf_Pot Buf_Flu1 Buf_Flu2 Buf_Ref Buf_Flux Buf_Res Buf_Che  Par_KD   Par_K Par_K-1 Par_2Sib -MPI_Sib -MPI_FaSib Par_2Son    -MPI Par_Coll -MPI_Real -MPI_Sib -MPI_FaSib     Sum
      0   0.011    0.001   0.007   0.000   0.000   0.000   0.000   0.000   0.000   0.000   0.000   0.000   0.000    0.003    0.000   0.000    0.000   0.000   0.000   0.000   0.000   0.000    0.000    0.000      0.000    0.000   0.000    0.000     0.000    0.000      0.000   0.011
      1   0.000    0.000   0.000   0.000   0.000   0.000   0.000   0.000   0.000   0.000   0.000   0.000   0.000    0.000    0.000   0.000    0.000   0.000   0.000   0.000   0.000   0.000    0.000    0.000      0.000    0.000   0.000    0.000     0.000    0.000      0.000   0.000
      2   0.000    0.000   0.000   0.000   0.000   0.000   0.000   0.000   0.000   0.000   0.000   0.000   0.000    0.000    0.000   0.000    0.000   0.000   0.000   0.000   0.000   0.000    0.000    0.000      0.000    0.000   0.000    0.000     0.000    0.000      0.000   0.000
      3   0.000    0.000   0.000   0.000   0.000   0.000   0.000   0.000   0.000   0.000   0.000   0.000   0.000    0.000    0.000   0.000    0.000   0.000   0.000   0.000   0.000   0.000    0.000    0.000      0.000    0.000   0.000    0.000     0.000    0.000      0.000   0.000
      4   0.000    0.000   0.000   0.000   0.000   0.000   0.000   0.000   0.000   0.000   0.000   0.000   0.000    0.000    0.000   0.000    0.000   0.000   0.000   0.000   0.000   0.000    0.000    0.000      0.000    0.000   0.000    0.000     0.000    0.000      0.000   0.000
      5   0.000    0.000   0.000   0.000   0.000   0.000   0.000   0.000   0.000   0.000   0.000   0.000   0.000    0.000    0.000   0.000    0.000   0.000   0.000   0.000   0.000   0.000    0.000    0.000      0.000    0.000   0.000    0.000     0.000    0.000      0.000   0.000
      6   0.000    0.000   0.000   0.000   0.000   0.000   0.000   0.000   0.000   0.000   0.000   0.000   0.000    0.000    0.000   0.000    0.000   0.000   0.000   0.000   0.000   0.000    0.000    0.000      0.000    0.000   0.000    0.000     0.000    0.000      0.000   0.000
      7   0.000    0.000   0.000   0.000   0.000   0.000   0.000   0.000   0.000   0.000   0.000   0.000   0.000    0.000    0.000   0.000    0.000   0.000   0.000   0.000   0.000   0.000    0.000    0.000      0.000    0.000   0.000    0.000     0.000    0.000      0.000   0.000
      8   0.000    0.000   0.000   0.000   0.000   0.000   0.000   0.000   0.000   0.000   0.000   0.000   0.000    0.000    0.000   0.000    0.000   0.000   0.000   0.000   0.000   0.000    0.000    0.000      0.000    0.000   0.000    0.000     0.000    0.000      0.000   0.000
      9   0.000    0.000   0.000   0.000   0.000   0.000   0.000   0.000   0.000   0.000   0.000   0.000   0.000    0.000    0.000   0.000    0.000   0.000   0.000   0.000   0.000   0.000    0.000    0.000      0.000    0.000   0.000    0.000     0.000    0.000      0.000   0.000
    Sum   0.011    0.001   0.007   0.000   0.000   0.000   0.000   0.000   0.000   0.000   0.000   0.000   0.000    0.003    0.000   0.000    0.000   0.000   0.000   0.000   0.000   0.000    0.000    0.000      0.000    0.000   0.000    0.000     0.000    0.000      0.000   0.011


Summary
------------------------------------------------------------------------------------------------------------------------------
                  dt  Flu_Adv  Gra_Adv  Src_Adv  Che_Adv       SF   FB_Adv    FixUp     Flag   Refine MPI_Grid   Output      Aux       LB CorrSync      Par -MPI_Par    libyt         Sum
    Time      0.0007   0.0073   0.0000   0.0000   0.0000   0.0000   0.0000   0.0000   0.0000   0.0000   0.0031   0.0044   0.0106   0.0006   0.0000   0.0000   0.0000   0.0000      0.0267
    Frac      2.675%  27.427%   0.000%   0.000%   0.000%   0.000%   0.000%   0.000%   0.000%   0.000%  11.502%  16.533%  39.770%   2.090%   0.000%   0.000%   0.000%   0.000%     99.996%

==============================================================================================================================
==============================================================================================================================



Time : 1.9428094e-06 -> 3.8856187e-06,     Step :        1 ->        2

Main Loop
------------------------------------------------------------------------------------------------------------------------------
       Total    Integration       Output    Auxiliary    LoadBalance       CorrSync          libyt            Sum
      0.0206         0.0071       0.0039       0.0090         0.0006         0.0000         0.0000         0.0206


Integration Loop
------------------------------------------------------------------------------------------------------------------------------
     Lv   Total       dt Flu_Adv Gra_Adv Src_Adv Che_Adv      SF  FB_Adv   FixUp    Flag  Refine Buf_Rho Buf_Pot Buf_Flu1 Buf_Flu2 Buf_Ref Buf_Flux Buf_Res Buf_Che  Par_KD   Par_K Par_K-1 Par_2Sib -MPI_Sib -MPI_FaSib Par_2Son    -MPI Par_Coll -MPI_Real -MPI_Sib -MPI_FaSib     Sum
      0   0.007    0.001   0.005   0.000   0.000   0.000   0.000   0.000   0.000   0.000   0.000   0.000   0.000    0.002    0.000   0.000    0.000   0.000   0.000   0.000   0.000   0.000    0.000    0.000      0.000    0.000   0.000    0.000     0.000    0.000      0.000   0.007
      1   0.000    0.000   0.000   0.000   0.000   0.000   0.000   0.000   0.000   0.000   0.000   0.000   0.000    0.000    0.000   0.000    0.000   0.000   0.000   0.000   0.000   0.000    0.000    0.000      0.000    0.000   0.000    0.000     0.000    0.000      0.000   0.000
      2   0.000    0.000   0.000   0.000   0.000   0.000   0.000   0.000   0.000   0.000   0.000   0.000   0.000    0.000    0.000   0.000    0.000   0.000   0.000   0.000   0.000   0.000    0.000    0.000      0.000    0.000   0.000    0.000     0.000    0.000      0.000   0.000
      3   0.000    0.000   0.000   0.000   0.000   0.000   0.000   0.000   0.000   0.000   0.000   0.000   0.000    0.000    0.000   0.000    0.000   0.000   0.000   0.000   0.000   0.000    0.000    0.000      0.000    0.000   0.000    0.000     0.000    0.000      0.000   0.000
      4   0.000    0.000   0.000   0.000   0.000   0.000   0.000   0.000   0.000   0.000   0.000   0.000   0.000    0.000    0.000   0.000    0.000   0.000   0.000   0.000   0.000   0.000    0.000    0.000      0.000    0.000   0.000    0.000     0.000    0.000      0.000   0.000
      5   0.000    0.000   0.000   0.000   0.000   0.000   0.000   0.000   0.000   0.000   0.000   0.000   0.000    0.000    0.000   0.000    0.000   0.000   0.000   0.000   0.000   0.000    0.000    0.000      0.000    0.000   0.000    0.000     0.000    0.000      0.000   0.000
      6   0.000    0.000   0.000   0.000   0.000   0.000   0.000   0.000   0.000   0.000   0.000   0.000   0.000    0.000    0.000   0.000    0.000   0.000   0.000   0.000   0.000   0.000    0.000    0.000      0.000    0.000   0.000    0.000     0.000    0.000      0.000   0.000
      7   0.000    0.000   0.000   0.000   0.000   0.000   0.000   0.000   0.000   0.000   0.000   0.000   0.000    0.000    0.000   0.000    0.000   0.000   0.000   0.000   0.000   0.000    0.000    0.000      0.000    0.000   0.000    0.000     0.000    0.000      0.000   0.000
      8   0.000    0.000   0.000   0.000   0.000   0.000   0.000   0.000   0.000   0.000   0.000   0.000   0.000    0.000    0.000   0.000    0.000   0.000   0.000   0.000   0.000   0.000    0.000    0.000      0.000    0.000   0.000    0.000     0.000    0.000      0.000   0.000
      9   0.000    0.000   0.000   0.000   0.000   0.000   0.000   0.000   0.000   0.000   0.000   0.000   0.000    0.000    0.000   0.000    0.000   0.000   0.000   0.000   0.000   0.000    0.000    0.000      0.000    0.000   0.000    0.000     0.000    0.000      0.000   0.000
    Sum   0.007    0.001   0.005   0.000   0.000   0.000   0.000   0.000   0.000   0.000   0.000   0.000   0.000    0.002    0.000   0.000    0.000   0.000   0.000   0.000   0.000   0.000    0.000    0.000      0.000    0.000   0.000    0.000     0.000    0.000      0.000   0.007


Summary
------------------------------------------------------------------------------------------------------------------------------
                  dt  Flu_Adv  Gra_Adv  Src_Adv  Che_Adv       SF   FB_Adv    FixUp     Flag   Refine MPI_Grid   Output      Aux       LB CorrSync      Par -MPI_Par    libyt         Sum
    Time      0.0005   0.0049   0.0000   0.0000   0.0000   0.0000   0.0000   0.0000   0.0000   0.0000   0.0016   0.0039   0.0090   0.0006   0.0000   0.0000   0.0000   0.0000      0.0206
    Frac      2.539%  23.959%   0.000%   0.000%   0.000%   0.000%   0.000%   0.000%   0.000%   0.000%   7.946%  19.032%  43.573%   2.937%   0.000%   0.000%   0.000%   0.000%     99.985%

==============================================================================================================================
==============================================================================================================================



Time : 3.8856187e-06 -> 5.8284281e-06,     Step :        2 ->        3

Main Loop
------------------------------------------------------------------------------------------------------------------------------
       Total    Integration       Output    Auxiliary    LoadBalance       CorrSync          libyt            Sum
      0.0193         0.0073       0.0030       0.0085         0.0005         0.0000         0.0000         0.0193


Integration Loop
------------------------------------------------------------------------------------------------------------------------------
     Lv   Total       dt Flu_Adv Gra_Adv Src_Adv Che_Adv      SF  FB_Adv   FixUp    Flag  Refine Buf_Rho Buf_Pot Buf_Flu1 Buf_Flu2 Buf_Ref Buf_Flux Buf_Res Buf_Che  Par_KD   Par_K Par_K-1 Par_2Sib -MPI_Sib -MPI_FaSib Par_2Son    -MPI Par_Coll -MPI_Real -MPI_Sib -MPI_FaSib     Sum
      0   0.007    0.001   0.005   0.000   0.000   0.000   0.000   0.000   0.000   0.000   0.000   0.000   0.000    0.002    0.000   0.000    0.000   0.000   0.000   0.000   0.000   0.000    0.000    0.000      0.000    0.000   0.000    0.000     0.000    0.000      0.000   0.007
      1   0.000    0.000   0.000   0.000   0.000   0.000   0.000   0.000   0.000   0.000   0.000   0.000   0.000    0.000    0.000   0.000    0.000   0.000   0.000   0.000   0.000   0.000    0.000    0.000      0.000    0.000   0.000    0.000     0.000    0.000      0.000   0.000
      2   0.000    0.000   0.000   0.000   0.000   0.000   0.000   0.000   0.000   0.000   0.000   0.000   0.000    0.000    0.000   0.000    0.000   0.000   0.000   0.000   0.000   0.000    0.000    0.000      0.000    0.000   0.000    0.000     0.000    0.000      0.000   0.000
      3   0.000    0.000   0.000   0.000   0.000   0.000   0.000   0.000   0.000   0.000   0.000   0.000   0.000    0.000    0.000   0.000    0.000   0.000   0.000   0.000   0.000   0.000    0.000    0.000      0.000    0.000   0.000    0.000     0.000    0.000      0.000   0.000
      4   0.000    0.000   0.000   0.000   0.000   0.000   0.000   0.000   0.000   0.000   0.000   0.000   0.000    0.000    0.000   0.000    0.000   0.000   0.000   0.000   0.000   0.000    0.000    0.000      0.000    0.000   0.000    0.000     0.000    0.000      0.000   0.000
      5   0.000    0.000   0.000   0.000   0.000   0.000   0.000   0.000   0.000   0.000   0.000   0.000   0.000    0.000    0.000   0.000    0.000   0.000   0.000   0.000   0.000   0.000    0.000    0.000      0.000    0.000   0.000    0.000     0.000    0.000      0.000   0.000
      6   0.000    0.000   0.000   0.000   0.000   0.000   0.000   0.000   0.000   0.000   0.000   0.000   0.000    0.000    0.000   0.000    0.000   0.000   0.000   0.000   0.000   0.000    0.000    0.000      0.000    0.000   0.000    0.000     0.000    0.000      0.000   0.000
      7   0.000    0.000   0.000   0.000   0.000   0.000   0.000   0.000   0.000   0.000   0.000   0.000   0.000    0.000    0.000   0.000    0.000   0.000   0.000   0.000   0.000   0.000    0.000    0.000      0.000    0.000   0.000    0.000     0.000    0.000      0.000   0.000
      8   0.000    0.000   0.000   0.000   0.000   0.000   0.000   0.000   0.000   0.000   0.000   0.000   0.000    0.000    0.000   0.000    0.000   0.000   0.000   0.000   0.000   0.000    0.000    0.000      0.000    0.000   0.000    0.000     0.000    0.000      0.000   0.000
      9   0.000    0.000   0.000   0.000   0.000   0.000   0.000   0.000   0.000   0.000   0.000   0.000   0.000    0.000    0.000   0.000    0.000   0.000   0.000   0.000   0.000   0.000    0.000    0.000      0.000    0.000   0.000    0.000     0.000    0.000      0.000   0.000
    Sum   0.007    0.001   0.005   0.000   0.000   0.000   0.000   0.000   0.000   0.000   0.000   0.000   0.000    0.002    0.000   0.000    0.000   0.000   0.000   0.000   0.000   0.000    0.000    0.000      0.000    0.000   0.000    0.000     0.000    0.000      0.000   0.007


Summary
------------------------------------------------------------------------------------------------------------------------------
                  dt  Flu_Adv  Gra_Adv  Src_Adv  Che_Adv       SF   FB_Adv    FixUp     Flag   Refine MPI_Grid   Output      Aux       LB CorrSync      Par -MPI_Par    libyt         Sum
    Time      0.0005   0.0051   0.0000   0.0000   0.0000   0.0000   0.0000   0.0000   0.0000   0.0000   0.0017   0.0030   0.0085   0.0005   0.0000   0.0000   0.0000   0.0000      0.0193
    Frac      2.630%  26.398%   0.000%   0.000%   0.000%   0.000%   0.000%   0.000%   0.000%   0.000%   8.647%  15.602%  44.061%   2.651%   0.000%   0.000%   0.000%   0.000%     99.990%

==============================================================================================================================
==============================================================================================================================



Time : 5.8284281e-06 -> 7.7712375e-06,     Step :        3 ->        4

Main Loop
------------------------------------------------------------------------------------------------------------------------------
       Total    Integration       Output    Auxiliary    LoadBalance       CorrSync          libyt            Sum
      0.0181         0.0074       0.0025       0.0076         0.0006         0.0000         0.0000         0.0181


Integration Loop
------------------------------------------------------------------------------------------------------------------------------
     Lv   Total       dt Flu_Adv Gra_Adv Src_Adv Che_Adv      SF  FB_Adv   FixUp    Flag  Refine Buf_Rho Buf_Pot Buf_Flu1 Buf_Flu2 Buf_Ref Buf_Flux Buf_Res Buf_Che  Par_KD   Par_K Par_K-1 Par_2Sib -MPI_Sib -MPI_FaSib Par_2Son    -MPI Par_Coll -MPI_Real -MPI_Sib -MPI_FaSib     Sum
      0   0.007    0.000   0.005   0.000   0.000   0.000   0.000   0.000   0.000   0.000   0.000   0.000   0.000    0.002    0.000   0.000    0.000   0.000   0.000   0.000   0.000   0.000    0.000    0.000      0.000    0.000   0.000    0.000     0.000    0.000      0.000   0.007
      1   0.000    0.000   0.000   0.000   0.000   0.000   0.000   0.000   0.000   0.000   0.000   0.000   0.000    0.000    0.000   0.000    0.000   0.000   0.000   0.000   0.000   0.000    0.000    0.000      0.000    0.000   0.000    0.000     0.000    0.000      0.000   0.000
      2   0.000    0.000   0.000   0.000   0.000   0.000   0.000   0.000   0.000   0.000   0.000   0.000   0.000    0.000    0.000   0.000    0.000   0.000   0.000   0.000   0.000   0.000    0.000    0.000      0.000    0.000   0.000    0.000     0.000    0.000      0.000   0.000
      3   0.000    0.000   0.000   0.000   0.000   0.000   0.000   0.000   0.000   0.000   0.000   0.000   0.000    0.000    0.000   0.000    0.000   0.000   0.000   0.000   0.000   0.000    0.000    0.000      0.000    0.000   0.000    0.000     0.000    0.000      0.000   0.000
      4   0.000    0.000   0.000   0.000   0.000   0.000   0.000   0.000   0.000   0.000   0.000   0.000   0.000    0.000    0.000   0.000    0.000   0.000   0.000   0.000   0.000   0.000    0.000    0.000      0.000    0.000   0.000    0.000     0.000    0.000      0.000   0.000
      5   0.000    0.000   0.000   0.000   0.000   0.000   0.000   0.000   0.000   0.000   0.000   0.000   0.000    0.000    0.000   0.000    0.000   0.000   0.000   0.000   0.000   0.000    0.000    0.000      0.000    0.000   0.000    0.000     0.000    0.000      0.000   0.000
      6   0.000    0.000   0.000   0.000   0.000   0.000   0.000   0.000   0.000   0.000   0.000   0.000   0.000    0.000    0.000   0.000    0.000   0.000   0.000   0.000   0.000   0.000    0.000    0.000      0.000    0.000   0.000    0.000     0.000    0.000      0.000   0.000
      7   0.000    0.000   0.000   0.000   0.000   0.000   0.000   0.000   0.000   0.000   0.000   0.000   0.000    0.000    0.000   0.000    0.000   0.000   0.000   0.000   0.000   0.000    0.000    0.000      0.000    0.000   0.000    0.000     0.000    0.000      0.000   0.000
      8   0.000    0.000   0.000   0.000   0.000   0.000   0.000   0.000   0.000   0.000   0.000   0.000   0.000    0.000    0.000   0.000    0.000   0.000   0.000   0.000   0.000   0.000    0.000    0.000      0.000    0.000   0.000    0.000     0.000    0.000      0.000   0.000
      9   0.000    0.000   0.000   0.000   0.000   0.000   0.000   0.000   0.000   0.000   0.000   0.000   0.000    0.000    0.000   0.000    0.000   0.000   0.000   0.000   0.000   0.000    0.000    0.000      0.000    0.000   0.000    0.000     0.000    0.000      0.000   0.000
    Sum   0.007    0.000   0.005   0.000   0.000   0.000   0.000   0.000   0.000   0.000   0.000   0.000   0.000    0.002    0.000   0.000    0.000   0.000   0.000   0.000   0.000   0.000    0.000    0.000      0.000    0.000   0.000    0.000     0.000    0.000      0.000   0.007


Summary
------------------------------------------------------------------------------------------------------------------------------
                  dt  Flu_Adv  Gra_Adv  Src_Adv  Che_Adv       SF   FB_Adv    FixUp     Flag   Refine MPI_Grid   Output      Aux       LB CorrSync      Par -MPI_Par    libyt         Sum
    Time      0.0005   0.0048   0.0000   0.0000   0.0000   0.0000   0.0000   0.0000   0.0002   0.0003   0.0016   0.0025   0.0076   0.0006   0.0000   0.0000   0.0000   0.0000      0.0181
    Frac      2.686%  26.693%   0.000%   0.000%   0.000%   0.000%   0.000%   0.000%   1.174%   1.578%   9.055%  13.712%  41.950%   3.140%   0.000%   0.000%   0.000%   0.000%     99.989%

==============================================================================================================================
==============================================================================================================================



Time : 7.7712375e-06 -> 9.7140468e-06,     Step :        4 ->        5

Main Loop
------------------------------------------------------------------------------------------------------------------------------
       Total    Integration       Output    Auxiliary    LoadBalance       CorrSync          libyt            Sum
      0.0179         0.0066       0.0030       0.0077         0.0006         0.0000         0.0000         0.0179


Integration Loop
------------------------------------------------------------------------------------------------------------------------------
     Lv   Total       dt Flu_Adv Gra_Adv Src_Adv Che_Adv      SF  FB_Adv   FixUp    Flag  Refine Buf_Rho Buf_Pot Buf_Flu1 Buf_Flu2 Buf_Ref Buf_Flux Buf_Res Buf_Che  Par_KD   Par_K Par_K-1 Par_2Sib -MPI_Sib -MPI_FaSib Par_2Son    -MPI Par_Coll -MPI_Real -MPI_Sib -MPI_FaSib     Sum
      0   0.007    0.000   0.004   0.000   0.000   0.000   0.000   0.000   0.000   0.000   0.000   0.000   0.000    0.002    0.000   0.000    0.000   0.000   0.000   0.000   0.000   0.000    0.000    0.000      0.000    0.000   0.000    0.000     0.000    0.000      0.000   0.007
      1   0.000    0.000   0.000   0.000   0.000   0.000   0.000   0.000   0.000   0.000   0.000   0.000   0.000    0.000    0.000   0.000    0.000   0.000   0.000   0.000   0.000   0.000    0.000    0.000      0.000    0.000   0.000    0.000     0.000    0.000      0.000   0.000
      2   0.000    0.000   0.000   0.000   0.000   0.000   0.000   0.000   0.000   0.000   0.000   0.000   0.000    0.000    0.000   0.000    0.000   0.000   0.000   0.000   0.000   0.000    0.000    0.000      0.000    0.000   0.000    0.000     0.000    0.000      0.000   0.000
      3   0.000    0.000   0.000   0.000   0.000   0.000   0.000   0.000   0.000   0.000   0.000   0.000   0.000    0.000    0.000   0.000    0.000   0.000   0.000   0.000   0.000   0.000    0.000    0.000      0.000    0.000   0.000    0.000     0.000    0.000      0.000   0.000
      4   0.000    0.000   0.000   0.000   0.000   0.000   0.000   0.000   0.000   0.000   0.000   0.000   0.000    0.000    0.000   0.000    0.000   0.000   0.000   0.000   0.000   0.000    0.000    0.000      0.000    0.000   0.000    0.000     0.000    0.000      0.000   0.000
      5   0.000    0.000   0.000   0.000   0.000   0.000   0.000   0.000   0.000   0.000   0.000   0.000   0.000    0.000    0.000   0.000    0.000   0.000   0.000   0.000   0.000   0.000    0.000    0.000      0.000    0.000   0.000    0.000     0.000    0.000      0.000   0.000
      6   0.000    0.000   0.000   0.000   0.000   0.000   0.000   0.000   0.000   0.000   0.000   0.000   0.000    0.000    0.000   0.000    0.000   0.000   0.000   0.000   0.000   0.000    0.000    0.000      0.000    0.000   0.000    0.000     0.000    0.000      0.000   0.000
      7   0.000    0.000   0.000   0.000   0.000   0.000   0.000   0.000   0.000   0.000   0.000   0.000   0.000    0.000    0.000   0.000    0.000   0.000   0.000   0.000   0.000   0.000    0.000    0.000      0.000    0.000   0.000    0.000     0.000    0.000      0.000   0.000
      8   0.000    0.000   0.000   0.000   0.000   0.000   0.000   0.000   0.000   0.000   0.000   0.000   0.000    0.000    0.000   0.000    0.000   0.000   0.000   0.000   0.000   0.000    0.000    0.000      0.000    0.000   0.000    0.000     0.000    0.000      0.000   0.000
      9   0.000    0.000   0.000   0.000   0.000   0.000   0.000   0.000   0.000   0.000   0.000   0.000   0.000    0.000    0.000   0.000    0.000   0.000   0.000   0.000   0.000   0.000    0.000    0.000      0.000    0.000   0.000    0.000     0.000    0.000      0.000   0.000
    Sum   0.007    0.000   0.004   0.000   0.000   0.000   0.000   0.000   0.000   0.000   0.000   0.000   0.000    0.002    0.000   0.000    0.000   0.000   0.000   0.000   0.000   0.000    0.000    0.000      0.000    0.000   0.000    0.000     0.000    0.000      0.000   0.007


Summary
------------------------------------------------------------------------------------------------------------------------------
                  dt  Flu_Adv  Gra_Adv  Src_Adv  Che_Adv       SF   FB_Adv    FixUp     Flag   Refine MPI_Grid   Output      Aux       LB CorrSync      Par -MPI_Par    libyt         Sum
    Time      0.0005   0.0045   0.0000   0.0000   0.0000   0.0000   0.0000   0.0000   0.0000   0.0000   0.0016   0.0030   0.0077   0.0006   0.0000   0.0000   0.0000   0.0000      0.0179
    Frac      2.753%  25.050%   0.000%   0.000%   0.000%   0.000%   0.000%   0.000%   0.000%   0.000%   9.208%  16.507%  42.981%   3.490%   0.000%   0.000%   0.000%   0.000%     99.989%

==============================================================================================================================
==============================================================================================================================



Time : 9.7140468e-06 -> 1.1656856e-05,     Step :        5 ->        6

Main Loop
------------------------------------------------------------------------------------------------------------------------------
       Total    Integration       Output    Auxiliary    LoadBalance       CorrSync          libyt            Sum
      0.0189         0.0069       0.0025       0.0088         0.0006         0.0000         0.0000         0.0189


Integration Loop
------------------------------------------------------------------------------------------------------------------------------
     Lv   Total       dt Flu_Adv Gra_Adv Src_Adv Che_Adv      SF  FB_Adv   FixUp    Flag  Refine Buf_Rho Buf_Pot Buf_Flu1 Buf_Flu2 Buf_Ref Buf_Flux Buf_Res Buf_Che  Par_KD   Par_K Par_K-1 Par_2Sib -MPI_Sib -MPI_FaSib Par_2Son    -MPI Par_Coll -MPI_Real -MPI_Sib -MPI_FaSib     Sum
      0   0.007    0.000   0.005   0.000   0.000   0.000   0.000   0.000   0.000   0.000   0.000   0.000   0.000    0.002    0.000   0.000    0.000   0.000   0.000   0.000   0.000   0.000    0.000    0.000      0.000    0.000   0.000    0.000     0.000    0.000      0.000   0.007
      1   0.000    0.000   0.000   0.000   0.000   0.000   0.000   0.000   0.000   0.000   0.000   0.000   0.000    0.000    0.000   0.000    0.000   0.000   0.000   0.000   0.000   0.000    0.000    0.000      0.000    0.000   0.000    0.000     0.000    0.000      0.000   0.000
      2   0.000    0.000   0.000   0.000   0.000   0.000   0.000   0.000   0.000   0.000   0.000   0.000   0.000    0.000    0.000   0.000    0.000   0.000   0.000   0.000   0.000   0.000    0.000    0.000      0.000    0.000   0.000    0.000     0.000    0.000      0.000   0.000
      3   0.000    0.000   0.000   0.000   0.000   0.000   0.000   0.000   0.000   0.000   0.000   0.000   0.000    0.000    0.000   0.000    0.000   0.000   0.000   0.000   0.000   0.000    0.000    0.000      0.000    0.000   0.000    0.000     0.000    0.000      0.000   0.000
      4   0.000    0.000   0.000   0.000   0.000   0.000   0.000   0.000   0.000   0.000   0.000   0.000   0.000    0.000    0.000   0.000    0.000   0.000   0.000   0.000   0.000   0.000    0.000    0.000      0.000    0.000   0.000    0.000     0.000    0.000      0.000   0.000
      5   0.000    0.000   0.000   0.000   0.000   0.000   0.000   0.000   0.000   0.000   0.000   0.000   0.000    0.000    0.000   0.000    0.000   0.000   0.000   0.000   0.000   0.000    0.000    0.000      0.000    0.000   0.000    0.000     0.000    0.000      0.000   0.000
      6   0.000    0.000   0.000   0.000   0.000   0.000   0.000   0.000   0.000   0.000   0.000   0.000   0.000    0.000    0.000   0.000    0.000   0.000   0.000   0.000   0.000   0.000    0.000    0.000      0.000    0.000   0.000    0.000     0.000    0.000      0.000   0.000
      7   0.000    0.000   0.000   0.000   0.000   0.000   0.000   0.000   0.000   0.000   0.000   0.000   0.000    0.000    0.000   0.000    0.000   0.000   0.000   0.000   0.000   0.000    0.000    0.000      0.000    0.000   0.000    0.000     0.000    0.000      0.000   0.000
      8   0.000    0.000   0.000   0.000   0.000   0.000   0.000   0.000   0.000   0.000   0.000   0.000   0.000    0.000    0.000   0.000    0.000   0.000   0.000   0.000   0.000   0.000    0.000    0.000      0.000    0.000   0.000    0.000     0.000    0.000      0.000   0.000
      9   0.000    0.000   0.000   0.000   0.000   0.000   0.000   0.000   0.000   0.000   0.000   0.000   0.000    0.000    0.000   0.000    0.000   0.000   0.000   0.000   0.000   0.000    0.000    0.000      0.000    0.000   0.000    0.000     0.000    0.000      0.000   0.000
    Sum   0.007    0.000   0.005   0.000   0.000   0.000   0.000   0.000   0.000   0.000   0.000   0.000   0.000    0.002    0.000   0.000    0.000   0.000   0.000   0.000   0.000   0.000    0.000    0.000      0.000    0.000   0.000    0.000     0.000    0.000      0.000   0.007


Summary
------------------------------------------------------------------------------------------------------------------------------
                  dt  Flu_Adv  Gra_Adv  Src_Adv  Che_Adv       SF   FB_Adv    FixUp     Flag   Refine MPI_Grid   Output      Aux       LB CorrSync      Par -MPI_Par    libyt         Sum
    Time      0.0005   0.0048   0.0000   0.0000   0.0000   0.0000   0.0000   0.0000   0.0000   0.0000   0.0016   0.0025   0.0088   0.0006   0.0000   0.0000   0.0000   0.0000      0.0189
    Frac      2.535%  25.320%   0.000%   0.000%   0.000%   0.000%   0.000%   0.000%   0.000%   0.000%   8.659%  13.475%  46.697%   3.303%   0.000%   0.000%   0.000%   0.000%     99.989%

==============================================================================================================================
==============================================================================================================================



Time : 1.1656856e-05 -> 1.3599666e-05,     Step :        6 ->        7

Main Loop
------------------------------------------------------------------------------------------------------------------------------
       Total    Integration       Output    Auxiliary    LoadBalance       CorrSync          libyt            Sum
      0.0185         0.0073       0.0025       0.0081         0.0006         0.0000         0.0000         0.0185


Integration Loop
------------------------------------------------------------------------------------------------------------------------------
     Lv   Total       dt Flu_Adv Gra_Adv Src_Adv Che_Adv      SF  FB_Adv   FixUp    Flag  Refine Buf_Rho Buf_Pot Buf_Flu1 Buf_Flu2 Buf_Ref Buf_Flux Buf_Res Buf_Che  Par_KD   Par_K Par_K-1 Par_2Sib -MPI_Sib -MPI_FaSib Par_2Son    -MPI Par_Coll -MPI_Real -MPI_Sib -MPI_FaSib     Sum
      0   0.007    0.001   0.005   0.000   0.000   0.000   0.000   0.000   0.000   0.000   0.000   0.000   0.000    0.002    0.000   0.000    0.000   0.000   0.000   0.000   0.000   0.000    0.000    0.000      0.000    0.000   0.000    0.000     0.000    0.000      0.000   0.007
      1   0.000    0.000   0.000   0.000   0.000   0.000   0.000   0.000   0.000   0.000   0.000   0.000   0.000    0.000    0.000   0.000    0.000   0.000   0.000   0.000   0.000   0.000    0.000    0.000      0.000    0.000   0.000    0.000     0.000    0.000      0.000   0.000
      2   0.000    0.000   0.000   0.000   0.000   0.000   0.000   0.000   0.000   0.000   0.000   0.000   0.000    0.000    0.000   0.000    0.000   0.000   0.000   0.000   0.000   0.000    0.000    0.000      0.000    0.000   0.000    0.000     0.000    0.000      0.000   0.000
      3   0.000    0.000   0.000   0.000   0.000   0.000   0.000   0.000   0.000   0.000   0.000   0.000   0.000    0.000    0.000   0.000    0.000   0.000   0.000   0.000   0.000   0.000    0.000    0.000      0.000    0.000   0.000    0.000     0.000    0.000      0.000   0.000
      4   0.000    0.000   0.000   0.000   0.000   0.000   0.000   0.000   0.000   0.000   0.000   0.000   0.000    0.000    0.000   0.000    0.000   0.000   0.000   0.000   0.000   0.000    0.000    0.000      0.000    0.000   0.000    0.000     0.000    0.000      0.000   0.000
      5   0.000    0.000   0.000   0.000   0.000   0.000   0.000   0.000   0.000   0.000   0.000   0.000   0.000    0.000    0.000   0.000    0.000   0.000   0.000   0.000   0.000   0.000    0.000    0.000      0.000    0.000   0.000    0.000     0.000    0.000      0.000   0.000
      6   0.000    0.000   0.000   0.000   0.000   0.000   0.000   0.000   0.000   0.000   0.000   0.000   0.000    0.000    0.000   0.000    0.000   0.000   0.000   0.000   0.000   0.000    0.000    0.000      0.000    0.000   0.000    0.000     0.000    0.000      0.000   0.000
      7   0.000    0.000   0.000   0.000   0.000   0.000   0.000   0.000   0.000   0.000   0.000   0.000   0.000    0.000    0.000   0.000    0.000   0.000   0.000   0.000   0.000   0.000    0.000    0.000      0.000    0.000   0.000    0.000     0.000    0.000      0.000   0.000
      8   0.000    0.000   0.000   0.000   0.000   0.000   0.000   0.000   0.000   0.000   0.000   0.000   0.000    0.000    0.000   0.000    0.000   0.000   0.000   0.000   0.000   0.000    0.000    0.000      0.000    0.000   0.000    0.000     0.000    0.000      0.000   0.000
      9   0.000    0.000   0.000   0.000   0.000   0.000   0.000   0.000   0.000   0.000   0.000   0.000   0.000    0.000    0.000   0.000    0.000   0.000   0.000   0.000   0.000   0.000    0.000    0.000      0.000    0.000   0.000    0.000     0.000    0.000      0.000   0.000
    Sum   0.007    0.001   0.005   0.000   0.000   0.000   0.000   0.000   0.000   0.000   0.000   0.000   0.000    0.002    0.000   0.000    0.000   0.000   0.000   0.000   0.000   0.000    0.000    0.000      0.000    0.000   0.000    0.000     0.000    0.000      0.000   0.007


Summary
------------------------------------------------------------------------------------------------------------------------------
                  dt  Flu_Adv  Gra_Adv  Src_Adv  Che_Adv       SF   FB_Adv    FixUp     Flag   Refine MPI_Grid   Output      Aux       LB CorrSync      Par -MPI_Par    libyt         Sum
    Time      0.0006   0.0050   0.0000   0.0000   0.0000   0.0000   0.0000   0.0000   0.0000   0.0000   0.0017   0.0025   0.0081   0.0006   0.0000   0.0000   0.0000   0.0000      0.0185
    Frac      3.295%  27.250%   0.000%   0.000%   0.000%   0.000%   0.000%   0.000%   0.000%   0.000%   9.011%  13.465%  43.771%   3.197%   0.000%   0.000%   0.000%   0.000%     99.989%

==============================================================================================================================
==============================================================================================================================



Time : 1.3599666e-05 -> 1.5542475e-05,     Step :        7 ->        8

Main Loop
------------------------------------------------------------------------------------------------------------------------------
       Total    Integration       Output    Auxiliary    LoadBalance       CorrSync          libyt            Sum
      0.0184         0.0077       0.0025       0.0077         0.0005         0.0000         0.0000         0.0184


Integration Loop
------------------------------------------------------------------------------------------------------------------------------
     Lv   Total       dt Flu_Adv Gra_Adv Src_Adv Che_Adv      SF  FB_Adv   FixUp    Flag  Refine Buf_Rho Buf_Pot Buf_Flu1 Buf_Flu2 Buf_Ref Buf_Flux Buf_Res Buf_Che  Par_KD   Par_K Par_K-1 Par_2Sib -MPI_Sib -MPI_FaSib Par_2Son    -MPI Par_Coll -MPI_Real -MPI_Sib -MPI_FaSib     Sum
      0   0.008    0.000   0.005   0.000   0.000   0.000   0.000   0.000   0.000   0.000   0.000   0.000   0.000    0.002    0.000   0.000    0.000   0.000   0.000   0.000   0.000   0.000    0.000    0.000      0.000    0.000   0.000    0.000     0.000    0.000      0.000   0.008
      1   0.000    0.000   0.000   0.000   0.000   0.000   0.000   0.000   0.000   0.000   0.000   0.000   0.000    0.000    0.000   0.000    0.000   0.000   0.000   0.000   0.000   0.000    0.000    0.000      0.000    0.000   0.000    0.000     0.000    0.000      0.000   0.000
      2   0.000    0.000   0.000   0.000   0.000   0.000   0.000   0.000   0.000   0.000   0.000   0.000   0.000    0.000    0.000   0.000    0.000   0.000   0.000   0.000   0.000   0.000    0.000    0.000      0.000    0.000   0.000    0.000     0.000    0.000      0.000   0.000
      3   0.000    0.000   0.000   0.000   0.000   0.000   0.000   0.000   0.000   0.000   0.000   0.000   0.000    0.000    0.000   0.000    0.000   0.000   0.000   0.000   0.000   0.000    0.000    0.000      0.000    0.000   0.000    0.000     0.000    0.000      0.000   0.000
      4   0.000    0.000   0.000   0.000   0.000   0.000   0.000   0.000   0.000   0.000   0.000   0.000   0.000    0.000    0.000   0.000    0.000   0.000   0.000   0.000   0.000   0.000    0.000    0.000      0.000    0.000   0.000    0.000     0.000    0.000      0.000   0.000
      5   0.000    0.000   0.000   0.000   0.000   0.000   0.000   0.000   0.000   0.000   0.000   0.000   0.000    0.000    0.000   0.000    0.000   0.000   0.000   0.000   0.000   0.000    0.000    0.000      0.000    0.000   0.000    0.000     0.000    0.000      0.000   0.000
      6   0.000    0.000   0.000   0.000   0.000   0.000   0.000   0.000   0.000   0.000   0.000   0.000   0.000    0.000    0.000   0.000    0.000   0.000   0.000   0.000   0.000   0.000    0.000    0.000      0.000    0.000   0.000    0.000     0.000    0.000      0.000   0.000
      7   0.000    0.000   0.000   0.000   0.000   0.000   0.000   0.000   0.000   0.000   0.000   0.000   0.000    0.000    0.000   0.000    0.000   0.000   0.000   0.000   0.000   0.000    0.000    0.000      0.000    0.000   0.000    0.000     0.000    0.000      0.000   0.000
      8   0.000    0.000   0.000   0.000   0.000   0.000   0.000   0.000   0.000   0.000   0.000   0.000   0.000    0.000    0.000   0.000    0.000   0.000   0.000   0.000   0.000   0.000    0.000    0.000      0.000    0.000   0.000    0.000     0.000    0.000      0.000   0.000
      9   0.000    0.000   0.000   0.000   0.000   0.000   0.000   0.000   0.000   0.000   0.000   0.000   0.000    0.000    0.000   0.000    0.000   0.000   0.000   0.000   0.000   0.000    0.000    0.000      0.000    0.000   0.000    0.000     0.000    0.000      0.000   0.000
    Sum   0.008    0.000   0.005   0.000   0.000   0.000   0.000   0.000   0.000   0.000   0.000   0.000   0.000    0.002    0.000   0.000    0.000   0.000   0.000   0.000   0.000   0.000    0.000    0.000      0.000    0.000   0.000    0.000     0.000    0.000      0.000   0.008


Summary
------------------------------------------------------------------------------------------------------------------------------
                  dt  Flu_Adv  Gra_Adv  Src_Adv  Che_Adv       SF   FB_Adv    FixUp     Flag   Refine MPI_Grid   Output      Aux       LB CorrSync      Par -MPI_Par    libyt         Sum
    Time      0.0005   0.0050   0.0000   0.0000   0.0000   0.0000   0.0000   0.0000   0.0002   0.0003   0.0017   0.0025   0.0077   0.0005   0.0000   0.0000   0.0000   0.0000      0.0184
    Frac      2.698%  27.184%   0.000%   0.000%   0.000%   0.000%   0.000%   0.000%   1.158%   1.594%   8.980%  13.815%  41.706%   2.855%   0.000%   0.000%   0.000%   0.000%     99.989%

==============================================================================================================================
==============================================================================================================================



Time : 1.5542475e-05 -> 1.7485284e-05,     Step :        8 ->        9

Main Loop
------------------------------------------------------------------------------------------------------------------------------
       Total    Integration       Output    Auxiliary    LoadBalance       CorrSync          libyt            Sum
      0.0179         0.0069       0.0025       0.0079         0.0005         0.0000         0.0000         0.0179


Integration Loop
------------------------------------------------------------------------------------------------------------------------------
     Lv   Total       dt Flu_Adv Gra_Adv Src_Adv Che_Adv      SF  FB_Adv   FixUp    Flag  Refine Buf_Rho Buf_Pot Buf_Flu1 Buf_Flu2 Buf_Ref Buf_Flux Buf_Res Buf_Che  Par_KD   Par_K Par_K-1 Par_2Sib -MPI_Sib -MPI_FaSib Par_2Son    -MPI Par_Coll -MPI_Real -MPI_Sib -MPI_FaSib     Sum
      0   0.007    0.001   0.005   0.000   0.000   0.000   0.000   0.000   0.000   0.000   0.000   0.000   0.000    0.002    0.000   0.000    0.000   0.000   0.000   0.000   0.000   0.000    0.000    0.000      0.000    0.000   0.000    0.000     0.000    0.000      0.000   0.007
      1   0.000    0.000   0.000   0.000   0.000   0.000   0.000   0.000   0.000   0.000   0.000   0.000   0.000    0.000    0.000   0.000    0.000   0.000   0.000   0.000   0.000   0.000    0.000    0.000      0.000    0.000   0.000    0.000     0.000    0.000      0.000   0.000
      2   0.000    0.000   0.000   0.000   0.000   0.000   0.000   0.000   0.000   0.000   0.000   0.000   0.000    0.000    0.000   0.000    0.000   0.000   0.000   0.000   0.000   0.000    0.000    0.000      0.000    0.000   0.000    0.000     0.000    0.000      0.000   0.000
      3   0.000    0.000   0.000   0.000   0.000   0.000   0.000   0.000   0.000   0.000   0.000   0.000   0.000    0.000    0.000   0.000    0.000   0.000   0.000   0.000   0.000   0.000    0.000    0.000      0.000    0.000   0.000    0.000     0.000    0.000      0.000   0.000
      4   0.000    0.000   0.000   0.000   0.000   0.000   0.000   0.000   0.000   0.000   0.000   0.000   0.000    0.000    0.000   0.000    0.000   0.000   0.000   0.000   0.000   0.000    0.000    0.000      0.000    0.000   0.000    0.000     0.000    0.000      0.000   0.000
      5   0.000    0.000   0.000   0.000   0.000   0.000   0.000   0.000   0.000   0.000   0.000   0.000   0.000    0.000    0.000   0.000    0.000   0.000   0.000   0.000   0.000   0.000    0.000    0.000      0.000    0.000   0.000    0.000     0.000    0.000      0.000   0.000
      6   0.000    0.000   0.000   0.000   0.000   0.000   0.000   0.000   0.000   0.000   0.000   0.000   0.000    0.000    0.000   0.000    0.000   0.000   0.000   0.000   0.000   0.000    0.000    0.000      0.000    0.000   0.000    0.000     0.000    0.000      0.000   0.000
      7   0.000    0.000   0.000   0.000   0.000   0.000   0.000   0.000   0.000   0.000   0.000   0.000   0.000    0.000    0.000   0.000    0.000   0.000   0.000   0.000   0.000   0.000    0.000    0.000      0.000    0.000   0.000    0.000     0.000    0.000      0.000   0.000
      8   0.000    0.000   0.000   0.000   0.000   0.000   0.000   0.000   0.000   0.000   0.000   0.000   0.000    0.000    0.000   0.000    0.000   0.000   0.000   0.000   0.000   0.000    0.000    0.000      0.000    0.000   0.000    0.000     0.000    0.000      0.000   0.000
      9   0.000    0.000   0.000   0.000   0.000   0.000   0.000   0.000   0.000   0.000   0.000   0.000   0.000    0.000    0.000   0.000    0.000   0.000   0.000   0.000   0.000   0.000    0.000    0.000      0.000    0.000   0.000    0.000     0.000    0.000      0.000   0.000
    Sum   0.007    0.001   0.005   0.000   0.000   0.000   0.000   0.000   0.000   0.000   0.000   0.000   0.000    0.002    0.000   0.000    0.000   0.000   0.000   0.000   0.000   0.000    0.000    0.000      0.000    0.000   0.000    0.000     0.000    0.000      0.000   0.007


Summary
------------------------------------------------------------------------------------------------------------------------------
                  dt  Flu_Adv  Gra_Adv  Src_Adv  Che_Adv       SF   FB_Adv    FixUp     Flag   Refine MPI_Grid   Output      Aux       LB CorrSync      Par -MPI_Par    libyt         Sum
    Time      0.0006   0.0047   0.0000   0.0000   0.0000   0.0000   0.0000   0.0000   0.0000   0.0000   0.0017   0.0025   0.0079   0.0005   0.0000   0.0000   0.0000   0.0000      0.0179
    Frac      3.142%  26.066%   0.000%   0.000%   0.000%   0.000%   0.000%   0.000%   0.000%   0.000%   9.314%  14.271%  44.217%   2.985%   0.000%   0.000%   0.000%   0.000%     99.994%

==============================================================================================================================
==============================================================================================================================



Time : 1.7485284e-05 -> 1.9428094e-05,     Step :        9 ->       10

Main Loop
------------------------------------------------------------------------------------------------------------------------------
       Total    Integration       Output    Auxiliary    LoadBalance       CorrSync          libyt            Sum
      0.0179         0.0072       0.0023       0.0077         0.0006         0.0000         0.0000         0.0179


Integration Loop
------------------------------------------------------------------------------------------------------------------------------
     Lv   Total       dt Flu_Adv Gra_Adv Src_Adv Che_Adv      SF  FB_Adv   FixUp    Flag  Refine Buf_Rho Buf_Pot Buf_Flu1 Buf_Flu2 Buf_Ref Buf_Flux Buf_Res Buf_Che  Par_KD   Par_K Par_K-1 Par_2Sib -MPI_Sib -MPI_FaSib Par_2Son    -MPI Par_Coll -MPI_Real -MPI_Sib -MPI_FaSib     Sum
      0   0.007    0.001   0.005   0.000   0.000   0.000   0.000   0.000   0.000   0.000   0.000   0.000   0.000    0.002    0.000   0.000    0.000   0.000   0.000   0.000   0.000   0.000    0.000    0.000      0.000    0.000   0.000    0.000     0.000    0.000      0.000   0.007
      1   0.000    0.000   0.000   0.000   0.000   0.000   0.000   0.000   0.000   0.000   0.000   0.000   0.000    0.000    0.000   0.000    0.000   0.000   0.000   0.000   0.000   0.000    0.000    0.000      0.000    0.000   0.000    0.000     0.000    0.000      0.000   0.000
      2   0.000    0.000   0.000   0.000   0.000   0.000   0.000   0.000   0.000   0.000   0.000   0.000   0.000    0.000    0.000   0.000    0.000   0.000   0.000   0.000   0.000   0.000    0.000    0.000      0.000    0.000   0.000    0.000     0.000    0.000      0.000   0.000
      3   0.000    0.000   0.000   0.000   0.000   0.000   0.000   0.000   0.000   0.000   0.000   0.000   0.000    0.000    0.000   0.000    0.000   0.000   0.000   0.000   0.000   0.000    0.000    0.000      0.000    0.000   0.000    0.000     0.000    0.000      0.000   0.000
      4   0.000    0.000   0.000   0.000   0.000   0.000   0.000   0.000   0.000   0.000   0.000   0.000   0.000    0.000    0.000   0.000    0.000   0.000   0.000   0.000   0.000   0.000    0.000    0.000      0.000    0.000   0.000    0.000     0.000    0.000      0.000   0.000
      5   0.000    0.000   0.000   0.000   0.000   0.000   0.000   0.000   0.000   0.000   0.000   0.000   0.000    0.000    0.000   0.000    0.000   0.000   0.000   0.000   0.000   0.000    0.000    0.000      0.000    0.000   0.000    0.000     0.000    0.000      0.000   0.000
      6   0.000    0.000   0.000   0.000   0.000   0.000   0.000   0.000   0.000   0.000   0.000   0.000   0.000    0.000    0.000   0.000    0.000   0.000   0.000   0.000   0.000   0.000    0.000    0.000      0.000    0.000   0.000    0.000     0.000    0.000      0.000   0.000
      7   0.000    0.000   0.000   0.000   0.000   0.000   0.000   0.000   0.000   0.000   0.000   0.000   0.000    0.000    0.000   0.000    0.000   0.000   0.000   0.000   0.000   0.000    0.000    0.000      0.000    0.000   0.000    0.000     0.000    0.000      0.000   0.000
      8   0.000    0.000   0.000   0.000   0.000   0.000   0.000   0.000   0.000   0.000   0.000   0.000   0.000    0.000    0.000   0.000    0.000   0.000   0.000   0.000   0.000   0.000    0.000    0.000      0.000    0.000   0.000    0.000     0.000    0.000      0.000   0.000
      9   0.000    0.000   0.000   0.000   0.000   0.000   0.000   0.000   0.000   0.000   0.000   0.000   0.000    0.000    0.000   0.000    0.000   0.000   0.000   0.000   0.000   0.000    0.000    0.000      0.000    0.000   0.000    0.000     0.000    0.000      0.000   0.000
    Sum   0.007    0.001   0.005   0.000   0.000   0.000   0.000   0.000   0.000   0.000   0.000   0.000   0.000    0.002    0.000   0.000    0.000   0.000   0.000   0.000   0.000   0.000    0.000    0.000      0.000    0.000   0.000    0.000     0.000    0.000      0.000   0.007


Summary
------------------------------------------------------------------------------------------------------------------------------
                  dt  Flu_Adv  Gra_Adv  Src_Adv  Che_Adv       SF   FB_Adv    FixUp     Flag   Refine MPI_Grid   Output      Aux       LB CorrSync      Par -MPI_Par    libyt         Sum
    Time      0.0006   0.0050   0.0000   0.0000   0.0000   0.0000   0.0000   0.0000   0.0000   0.0000   0.0017   0.0023   0.0077   0.0006   0.0000   0.0000   0.0000   0.0000      0.0179
    Frac      3.289%  27.927%   0.000%   0.000%   0.000%   0.000%   0.000%   0.000%   0.000%   0.000%   9.313%  13.043%  43.263%   3.155%   0.000%   0.000%   0.000%   0.000%     99.989%

==============================================================================================================================
==============================================================================================================================



******************************************************************************************************************************
*************                                     Accumulated timing results                                     *************
******************************************************************************************************************************
Total Number of Steps : 10
Final Physical Time   : 1.9428094e-05
Total Simulation Time : 0.402594 sec
Timing Diagnosis      :
------------------------------------------------------------------------------------------------------------------------------
                dt  Flu_Adv  Gra_Adv  Src_Adv  Che_Adv       SF   FB_Adv    FixUp     Flag   Refine MPI_Grid   Output      Aux       LB CorrSync      Par -MPI_Par    libyt     Init    Other      Sum
    Time      0.01     0.05     0.00     0.00     0.00     0.00     0.00     0.00     0.00     0.00     0.02     0.03     0.08     0.01     0.00     0.00     0.00     0.00     0.18     0.02     0.40
    Frac    1.355%  12.695%   0.000%   0.000%   0.000%   0.000%   0.000%   0.000%   0.106%   0.144%   4.455%   7.259%  20.755%   1.416%   0.000%   0.000%   0.000%   0.000%  45.795%   6.016%  99.995%
******************************************************************************************************************************


