#                  Coord.                Numerical               Analytical                    Error
   9.7656250000000000e-04  -5.3863563319576713e-01   7.0138929922932214e-01   1.2400249324250892e+00
   2.9296875000000000e-03   3.0870521085501440e-01  -1.9922596479005031e-01   5.0793117564506474e-01
   4.8828125000000000e-03   2.1106964251542404e-02  -3.6739704787929695e-01   3.8850401213083935e-01
   6.8359375000000000e-03  -3.4408996864472791e-01   8.1514852935071991e-01   1.1592384979954478e+00
   8.7890625000000000e-03   5.5574246105170144e-01  -9.9915822411764255e-01   1.5549006851693439e+00
   1.0742187500000000e-02  -5.8758415291399169e-01   8.5988968707669089e-01   1.4474738399906826e+00
   1.2695312500000000e-02   4.2931264607841901e-01  -4.4240333540136573e-01   8.7171598147978480e-01
   1.4648437500000000e-02  -1.3213677978606042e-01  -1.1822287597012558e-01   1.3913903815934839e-02
   1.6601562500000000e-02  -2.0779201942018455e-01   6.4059800620116869e-01   8.4839002562135324e-01
   1.8554687500000000e-02   4.8048958837622452e-01  -9.5570727428385593e-01   1.4361968626600805e+00
   2.0507812500000000e-02  -5.9772446805752166e-01   9.6159689096523493e-01   1.5593213590227566e+00
   2.2460937500000000e-02   5.2156524410466898e-01  -6.5636126729970723e-01   1.1779265114043762e+00
   2.4414062500000000e-02  -2.7665327827699882e-01   1.3875956907455966e-01   4.1541284735155848e-01
   2.6367187500000000e-02  -5.7770018655660227e-02   4.2373786943882930e-01   4.8150788809448952e-01
   2.8320312500000000e-02   3.7350179203201439e-01  -8.4913467076015370e-01   1.2226364627921682e+00
   3.0273437500000000e-02  -5.6838684064483502e-01   9.9979344930983871e-01   1.5681802899546737e+00
   3.2226562500000000e-02   5.7936999224954666e-01  -8.2696846856664086e-01   1.4063384608161875e+00
   3.4179687500000000e-02  -4.0289764167649078e-01   3.8657735282497646e-01   7.8947499450146719e-01
   3.6132812500000000e-02   9.6067521876505357e-02   1.7889109307487169e-01   8.2823571198366336e-02
   3.8085937500000000e-02   2.4184530119986497e-01  -6.8647922046311127e-01   9.2832452166297630e-01
   4.0039062500000000e-02  -5.0150893465266888e-01   9.7195659180954053e-01   1.4734655264622094e+00
   4.1992187500000000e-02   5.9890905696480756e-01  -9.4295683550016030e-01   1.5418658924649677e+00
   4.3945312500000000e-02  -5.0253180120429042e-01   6.0886283976654654e-01   1.1113946409708371e+00
   4.5898437500000000e-02   2.4356008522799499e-01  -7.7770913673031516e-02   3.2133099890102651e-01
   4.7851562500000000e-02   9.4215639754058167e-02  -4.7848383733793143e-01   5.7269947709198954e-01
   4.9804687500000000e-02  -4.0150783901096554e-01   8.7992486100370115e-01   1.2814327000146668e+00
   5.1757812500000000e-02   5.7889194051175985e-01  -9.9666567771249226e-01   1.5755576182242521e+00
   5.3710937500000000e-02  -5.6897521375615567e-01   7.9093472747063331e-01   1.3599099412267890e+00
   5.5664062500000000e-02   3.7496622152575476e-01  -3.2929638038183545e-01   7.0426260190759016e-01
   5.7617187500000000e-02  -5.9636687506679886e-02  -2.3888600449894623e-01   1.7924931699226634e-01
   5.9570312500000000e-02  -2.7498833187464189e-01   7.2977668194644874e-01   1.0047650138210906e+00
   6.1523437500000000e-02   5.2064071453994332e-01  -9.8454768419174277e-01   1.5051883987316861e+00
   6.3476562500000000e-02  -5.9783948741556503e-01   9.2076770342619541e-01   1.5186071908417604e+00
   6.5429687500000000e-02   4.8160694207599208e-01  -5.5907278998591570e-01   1.0406797320619079e+00
   6.7382812500000000e-02  -2.0955018701406736e-01   1.6489546113126495e-02   2.2603973312719386e-01
   6.9335937500000000e-02  -1.3030665445833806e-01   5.3142890011508703e-01   6.6173555457342514e-01
   7.1289062500000000e-02   4.2800270114441019e-01  -9.0740321275773694e-01   1.3354059139021470e+00
   7.3242187500000000e-02  -5.8721822182857175e-01   9.8978668155164373e-01   1.5770049033802156e+00
   7.5195312500000000e-02   5.5643894103295999e-01  -7.5192408665371469e-01   1.3083630276866747e+00
   7.7148437500000000e-02  -3.4562351318463941e-01   2.7077601071816482e-01   6.1639952390280417e-01
   7.9101562500000000e-02   2.2981394111081688e-02   2.9798180294261795e-01   2.7500040883153626e-01
   8.1054687500000000e-02   3.0709636856064110e-01  -7.7032742878272742e-01   1.0774237973433685e+00
   8.3007812500000000e-02  -5.3781292033848682e-01   9.9343316140180860e-01   1.5312460817402953e+00
   8.4960937500000000e-02   5.9451978502799063e-01  -8.9511300962615925e-01   1.4896327946541499e+00
   8.6914062500000000e-02  -4.5886942316473800e-01   5.0717851646258094e-01   9.6604793962731894e-01
   8.8867187500000000e-02   1.7475158921276701e-01   4.4853884374996808e-02   1.2989770483777019e-01
   9.0820312500000000e-02   1.6590722433850696e-01  -5.8237378450901389e-01   7.4828100884752091e-01
   9.2773437500000000e-02  -4.5288665775390591e-01   9.3146630371086236e-01   1.3843529614647683e+00
   9.4726562500000000e-02   5.9333434635244764e-01  -9.7918235181556335e-01   1.5725166981680110e+00
   9.6679687500000000e-02  -5.4180835777980307e-01   7.1008337335932370e-01   1.2518917311391267e+00
   9.8632812500000000e-02   3.1497995598181222e-01  -2.1123650129145516e-01   5.2621645727326738e-01
   1.0058593750000000e-01   1.3760396062757363e-02  -3.5595606516440709e-01   3.6971646122716445e-01
   1.0253906250000000e-01  -3.3804856385783677e-01   8.0797883711723995e-01   1.1460274009750768e+00
   1.0449218750000000e-01   5.5296091974320749e-01  -9.9857958050986262e-01   1.5515405002530702e+00
   1.0644531250000000e-01  -5.8896244441231782e-01   8.6608931257467525e-01   1.4550517569869932e+00
   1.0839843750000000e-01   4.3440482335754305e-01  -4.5337533752432885e-01   8.8778016088187184e-01
   1.1035156250000000e-01  -1.3929526588863300e-01  -1.0602849497033898e-01   3.3266770918294025e-02
   1.1230468750000000e-01  -2.0088335688817904e-01   6.3112674547822334e-01   8.3201010236640238e-01
   1.1425781250000000e-01   4.7606605124555301e-01  -9.5202356582218983e-01   1.4280896170677428e+00
   1.1621093750000000e-01  -5.9721729437173332e-01   9.6489260080691297e-01   1.5621098951786463e+00
   1.1816406250000000e-01   5.2513853020845613e-01  -6.6557006658465656e-01   1.1907085967931126e+00
   1.2011718750000000e-01  -2.8315088534723248e-01   1.5090194537114954e-01   4.3405283071838202e-01
   1.2207031250000000e-01  -5.0450395212904842e-02   4.1259058913188967e-01   4.6304098434479452e-01
   1.2402343750000000e-01   3.6772842069214495e-01  -8.4258919555069689e-01   1.2103176162428420e+00
   2.1972656250000000e-01   3.6189967080473573e-01  -8.3591682950766522e-01   1.1978165003124008e+00
   2.2167968750000000e-01  -5.6358331587515087e-01   9.9999110236494504e-01   1.5635744182400959e+00
   2.2363281250000000e-01   5.8291924720546318e-01  -8.4051766516695425e-01   1.4234369123724173e+00
   2.2558593750000000e-01  -4.1365131282687390e-01   4.0909424243149467e-01   8.2274555525836857e-01
   2.2753906250000000e-01   1.1054625258793521e-01   1.5469186335436283e-01   4.4145610766427618e-02
   2.2949218750000000e-01   2.2832611277545589e-01  -6.6842732565532637e-01   8.9675343843078226e-01
   2.3144531250000000e-01  -4.9332342989129430e-01   9.6589273311015478e-01   1.4592161630014491e+00
   2.3339843750000000e-01   5.9870566075243647e-01  -9.5084297796228789e-01   1.5495486387147244e+00
   2.3535156250000000e-01  -5.1037632250515474e-01   6.2814741735251522e-01   1.1385237398576700e+00
   2.3730468750000000e-01   2.5691442455563474e-01  -1.0221438994835799e-01   3.5912881450399270e-01
   2.3925781250000000e-01   7.9672286753270760e-02  -4.5679016351660912e-01   5.3646245026987982e-01
   2.4121093750000000e-01  -3.9048098276491716e-01   8.6799999057648036e-01   1.2584809733413975e+00
   2.4316406250000000e-01   5.7494932685249589e-01  -9.9836790952855248e-01   1.5733172363810484e+00
   2.4511718750000000e-01  -5.7339247765487444e-01   8.0571330342345426e-01   1.3791057810783287e+00
   2.4707031250000000e-01   3.8631415464670349e-01  -3.5236968351894771e-01   7.3868383816565120e-01
   2.4902343750000000e-01  -7.4243659405959173e-02  -2.1498335499525895e-01   1.4073969558929977e-01
   1.8847656250000000e-01  -4.4804332465911401e-01   9.2693144164582775e-01   1.3749747663049416e+00
   1.9042968750000000e-01   5.9228915951596350e-01  -9.8159952950907015e-01   1.5738886890250336e+00
   1.9238281250000000e-01  -5.4489948801808052e-01   7.1867051154518913e-01   1.2635699995632697e+00
   1.9433593750000000e-01   3.2120726628589397e-01  -2.2321522635276822e-01   5.4442249263866216e-01
   1.9628906250000000e-01   6.4117556089547389e-03  -3.4446147677542605e-01   3.5087323238438078e-01
   1.9824218750000000e-01  -3.3195625020067748e-01   8.0068746624285303e-01   1.1326437164435306e+00
   2.0019531250000000e-01   5.5009610455414959e-01  -9.9785055449032556e-01   1.5479466590444750e+00
   2.0214843750000000e-01  -5.9025204033287948e-01   8.7215850820790586e-01   1.4624105485407854e+00
   2.0410156250000000e-01   4.3943158086817202e-01  -4.6427906298913163e-01   9.0371064385730371e-01
   2.0605468750000000e-01  -1.4643277463655813e-01  -9.3818146469269850e-02   5.2614628167288277e-02
   2.0800781250000000e-01  -1.9394444206153771e-01   6.2156043938889227e-01   8.1550488145042999e-01
   2.0996093750000000e-01   4.7157082031862940e-01  -9.4819648611332419e-01   1.4197673064319536e+00
   2.1191406250000000e-01  -5.9662018195814137e-01   9.6804300137206178e-01   1.5646631833302032e+00
   2.1386718750000000e-01   5.2863273238124309e-01  -6.7467863346571610e-01   1.2033113658469592e+00
   2.1582031250000000e-01  -2.8960585093567914e-01   1.6302159638977839e-01   4.5262744732545757e-01
   2.1777343750000000e-01  -4.3123174126201369e-02   4.0138117419986719e-01   4.4450434832606855e-01
   1.5722656250000000e-01   5.1696892481243695e-01  -9.8232459831068719e-01   1.4992935231231241e+00
   1.5917968750000000e-01  -5.9823366291615054e-01   9.2548563722152755e-01   1.5237193001376781e+00
   1.6113281250000000e-01   4.8593954708932069e-01  -5.6920525319979842e-01   1.0551448002891191e+00
   1.6308593750000000e-01  -2.1641940463662895e-01   2.8758174305846533e-02   2.4517757894247549e-01
   1.6503906250000000e-01  -1.2312336363351578e-01   5.2099362882023215e-01   6.4411699245374798e-01
   1.6699218750000000e-01   4.2282949509388512e-01  -9.0217763653337291e-01   1.3250071316272580e+00
   1.6894531250000000e-01  -5.8572889441643750e-01   9.9146153866247344e-01   1.5771904330789108e+00
   1.7089843750000000e-01   5.5911536502048287e-01  -7.5995747609522224e-01   1.3190728411157051e+00
   1.7285156250000000e-01  -3.5159973001450329e-01   2.8256872460577498e-01   6.3416845462027827e-01
   1.7480468750000000e-01   3.0323795308643653e-02   2.8624530413190657e-01   2.5592150882326292e-01
   1.7675781250000000e-01   3.0076342122669852e-01  -7.6244449615057186e-01   1.0632079173772704e+00
   1.7871093750000000e-01  -5.3453845570745706e-01   9.9195432244355075e-01   1.5264927781510078e+00
   1.8066406250000000e-01   5.9536325805958712e-01  -9.0051674355761457e-01   1.4958800016172016e+00
   1.8261718750000000e-01  -4.6355792766284654e-01   5.1771644198802869e-01   9.8127436965087522e-01
   1.8457031250000000e-01   1.8176815678600744e-01   3.2591319264975230e-02   1.4917683752103222e-01
   1.8652343750000000e-01   1.5883280826042545e-01  -5.7235413997713125e-01   7.3118694823755670e-01
   1.2597656250000000e-01  -5.6602769910475548e-01   9.9996757155644522e-01   1.5659952706612006e+00
   1.2792968750000000e-01   5.8118838214377533e-01  -8.3380585091388582e-01   1.4149942330576613e+00
   1.2988281250000000e-01  -4.0830522188396012e-01   3.9786575618793413e-01   8.0617097807189420e-01
   1.3183593750000000e-01   1.0331466663659844e-01   1.6680403825192086e-01   6.3489371615322421e-02
   1.3378906250000000e-01   2.3510340984204836e-01  -6.7750428788606054e-01   9.1260769772810890e-01
   1.3574218750000000e-01  -4.9745363961615363e-01   9.6899762619896823e-01   1.4664512658151219e+00
   1.3769531250000000e-01   5.9885245134684728e-01  -9.4697121192186595e-01   1.5458236632687132e+00
   1.3964843750000000e-01  -5.0649219978585036e-01   6.1855170436525242e-01   1.1250439041511027e+00
   1.4160156250000000e-01   2.5025609871577476e-01  -8.9999428602171291e-02   3.4025552731794606e-01
   1.4355468750000000e-01   8.6950510467189990e-02  -4.6767221528495811e-01   5.5462272575214810e-01
   1.4550781250000000e-01  -3.9602423078416554e-01   8.7402823850899314e-01   1.2700524692931587e+00
   1.4746093750000000e-01   5.7696407801608907e-01  -9.9759191045666584e-01   1.5745559884727549e+00
   1.4941406250000000e-01  -5.7122685803735962e-01   7.9838413230386673e-01   1.3696109903412264e+00
   1.5136718750000000e-01   3.8066885175065496e-01  -3.4085869798345469e-01   7.2152754973410960e-01
   1.5332031250000000e-01  -6.6945214307814638e-02  -2.2695176879789594e-01   1.6000655449008130e-01
   1.5527343750000000e-01  -2.6843858664768155e-01   7.2133185713496517e-01   9.8977044378264667e-01
   3.4472656250000000e-01  -8.1530923682080758e-02  -2.0298256549011676e-01   1.2145164180803600e-01
   3.4667968750000000e-01  -2.5521881105806088e-01   7.0411760585759608e-01   9.5933641691565696e-01
   3.4863281250000000e-01   5.0939234918443188e-01  -9.7743498020183339e-01   1.4868273293862653e+00
   3.5058593750000000e-01  -5.9875169275594353e-01   9.3450269109974737e-01   1.5332543838556909e+00
   3.5253906250000000e-01   4.9438457353720455e-01  -5.8921150597276695e-01   1.0835960795099715e+00
   3.5449218750000000e-01  -2.3005903441223413e-01   5.3280591107299879e-02   2.8333962551953401e-01
   3.5644531250000000e-01  -1.0870224077637286e-01   4.9988929038731145e-01   6.0859153116368425e-01
   3.5839843750000000e-01   4.1229284194810595e-01  -8.9131969759715346e-01   1.3036125395452594e+00
   3.6035156250000000e-01  -5.8248585131223085e-01   9.9436309175990534e-01   1.5768489430721362e+00
   3.6230468750000000e-01   5.6421522046403649e-01  -7.7567972201293367e-01   1.3398949424769702e+00
   3.6425781250000000e-01  -3.6339242277377870e-01   3.0602472141841225e-01   6.6941714419219100e-01
   3.6621093750000000e-01   4.4993792696829293e-02   2.6264475800608161e-01   2.1765096530925232e-01
   3.6816406250000000e-01   2.8796260550363328e-01  -7.4633537130870309e-01   1.0342979768123364e+00
   3.7011718750000000e-01  -5.2774853311498693e-01   9.8854873571474067e-01   1.5162972688297276e+00
   3.7207031250000000e-01   5.9678111205096185e-01  -9.1091657453347352e-01   1.5076976865844354e+00
   3.7402343750000000e-01  -4.7272481074423467e-01   5.3855681923196519e-01   1.0112816299762000e+00
   3.1347656250000000e-01  -3.5789458848096978e-02   3.9011131273939320e-01   4.2590077158749018e-01
   3.1542968750000000e-01   3.5601642015804957e-01  -8.2911857746486095e-01   1.1851349976229106e+00
   3.1738281250000000e-01  -5.6105405907121630e-01   9.9986403819168512e-01   1.5609180972629013e+00
   3.1933593750000000e-01   5.8456232677263098e-01  -8.4710290055132342e-01   1.4316652273239545e+00
   3.2128906250000000e-01  -4.1893510940362033e-01   4.2026112058689880e-01   8.3919622999051913e-01
   3.2324218750000000e-01   1.1776119068027707e-01   1.4255639243117099e-01   2.4795201750893919e-02
   3.2519531250000000e-01   2.2151443063613474e-01  -6.5924970072800693e-01   8.8076413136414167e-01
   3.2714843750000000e-01  -4.8911892747249414e-01   9.6264238012855696e-01   1.4517613076010512e+00
   3.2910156250000000e-01   5.9846870728774082e-01  -9.5457155054770859e-01   1.5530402578354494e+00
   3.3105468750000000e-01  -5.1418358442760181e-01   6.3764853364922125e-01   1.1518321180768232e+00
   3.3300781250000000e-01   2.6353406002815355e-01  -1.1441395818343500e-01   3.7794801821158852e-01
   3.3496093750000000e-01   7.2382064686032144e-02  -4.4583932082982813e-01   5.1822138551586028e-01
   3.3691406250000000e-01  -3.8487892974596460e-01   8.6184102503814852e-01   1.2467199547841132e+00
   3.3886718750000000e-01   5.7284799043511969e-01  -9.9899355806555268e-01   1.5718415485006725e+00
   3.4082031250000000e-01  -5.7547174647434185e-01   8.1292113708320124e-01   1.3883928835575432e+00
   3.4277343750000000e-01   3.9190128005202962e-01  -3.6382760347620696e-01   7.5572888352823653e-01
   2.8222656250000000e-01   1.5173447254566019e-01  -5.6224830101704037e-01   7.1398277356270057e-01
   2.8417968750000000e-01  -4.4313251788766483e-01   9.2225698711520820e-01   1.3653895050028730e+00
   2.8613281250000000e-01   5.9115477611065259e-01  -9.8386888192404542e-01   1.5750236580346981e+00
   2.8808593750000000e-01  -5.4790855839775998e-01   7.2714942059549370e-01   1.2750579789932537e+00
   2.9003906250000000e-01   3.2738620395715268e-01  -2.3516033602197356e-01   5.6254653997912629e-01
   2.9199218750000000e-01  -9.3785043167210480e-04  -3.3291501375505822e-01   3.3197716332338612e-01
   2.9394531250000000e-01  -3.2581394515326129e-01   7.9327551478121816e-01   1.1190894599344794e+00
   2.9589843750000000e-01   5.4714844691516751e-01  -9.9697125584766277e-01   1.5441197027628304e+00
   2.9785156250000000e-01  -5.9145274646727086e-01   8.7809635997785840e-01   1.4695491064451294e+00
   2.9980468750000000e-01   4.4439216159907935e-01  -4.7511286973478817e-01   9.1950503133386752e-01
   3.0175781250000000e-01  -1.5354823114726707e-01  -8.1593669300390304e-02   7.1954561846876763e-02
   3.0371093750000000e-01  -1.8697631991532521e-01   6.1190052858365696e-01   7.9887684849898211e-01
   3.0566406250000000e-01   4.6700457256074357e-01  -9.4422661150139497e-01   1.4112311840621385e+00
   3.0761718750000000e-01  -5.9593322073967470e-01   9.7104761822194952e-01   1.5669808389616242e+00
   3.0957031250000000e-01   5.3204732440899871e-01  -6.8368559622624936e-01   1.2157329206352481e+00
   3.1152343750000000e-01  -2.9601720294822087e-01   1.7511669695567361e-01   4.7113389990389448e-01
   2.5097656250000000e-01  -2.6184841555699362e-01   7.1277840239908374e-01   9.7462681795607731e-01
   2.5292968750000000e-01   5.1321928146642426e-01  -9.7995357795840832e-01   1.4931728594248326e+00
   2.5488281250000000e-01  -5.9853774662757941e-01   9.3006419628409243e-01   1.5286019429116720e+00
   2.5683593750000000e-01   4.9019897139428092e-01  -5.7925199619627399e-01   1.0694509675905550e+00
   2.5878906250000000e-01  -2.2325603029290586e-01   4.1022471623211772e-02   2.6427850191611763e-01
   2.6074218750000000e-01  -1.1592153088302842e-01   5.1047989780122993e-01   6.2640142868425830e-01
   2.6269531250000000e-01   4.1759261247669716e-01  -8.9681619567542292e-01   1.3144088081521201e+00
   2.6464843750000000e-01  -5.8415135838728560e-01   9.9298708531246671e-01   1.5771384436997522e+00
   2.6660156250000000e-01   5.6170758829061440e-01  -7.6787641873617307e-01   1.3295840070267875e+00
   2.6855468750000000e-01  -3.5752299721828829e-01   2.9431888468281525e-01   6.5184188190110359e-01
   2.7050781250000000e-01   3.7661629854202849e-02   2.7446569783125874e-01   2.3680406797705589e-01
   2.7246093750000000e-01   2.9438518002780351e-01  -7.5444674218178720e-01   1.0488319222095908e+00
   2.7441406250000000e-01  -5.3118349155121414e-01   9.9032609881303713e-01   1.5215095903642513e+00
   2.7636718750000000e-01   5.9611707157442451e-01  -9.0578486297985716e-01   1.5019019345542817e+00
   2.7832031250000000e-01  -4.6817662204214933e-01   5.2817640132162369e-01   9.9635302336377296e-01
   2.8027343750000000e-01   1.8875735074344496e-01   2.0323846022237867e-02   1.6843350472120711e-01
   3.7597656250000000e-01   1.9571811853817395e-01   8.0533120829897210e-03   1.8766480645518421e-01
   3.7792968750000000e-01   1.4461328617743557e-01  -5.5205778953092810e-01   6.9667107570836362e-01
   3.7988281250000000e-01  -4.3815497698900535e-01   9.1744364407465673e-01   1.3555986210636621e+00
   3.8183593750000000e-01   5.8993136697049731e-01  -9.8599006730435701e-01   1.5759214342748544e+00
   3.8378906250000000e-01  -5.5083511576386701e-01   7.3551882361772236e-01   1.2863539393815895e+00
   3.8574218750000000e-01   3.3351583847031874e-01  -2.4707003140961706e-01   5.8058586987993577e-01
   3.8769531250000000e-01  -8.2873152354874247e-03  -3.2131841495817648e-01   3.1303109972268905e-01
   3.8964843750000000e-01  -3.1962257372413971e-01   7.8574409894495389e-01   1.1053666726690936e+00
   3.9160156250000000e-01   5.4411839073264878e-01  -9.9594181700101247e-01   1.5400602077336614e+00
   3.9355468750000000e-01  -5.9256438199356931e-01   8.8390197366591705e-01   1.4764663556594864e+00
   3.9550781250000000e-01   4.4928581850501259e-01  -4.8587512622981538e-01   9.3516094473482791e-01
   3.9746093750000000e-01  -1.6064056385916237e-01  -6.9356904425039223e-02   9.1283659434123143e-02
   3.9941406250000000e-01  -1.7998003982307686e-01   6.0214846780956410e-01   7.8212850763264097e-01
   4.0136718750000000e-01   4.6236799563201603e-01  -9.4011453983491200e-01   1.4024825354669281e+00
   4.0332031250000000e-01  -5.9515651417019588e-01   9.7390599887233975e-01   1.5690625130425357e+00
   4.0527343750000000e-01   5.3538179206666836e-01  -6.9258959845074308e-01   1.2279713905174114e+00
   4.0722656250000000e-01  -3.0238397585885157e-01   1.8718542559113713e-01   4.8956940144998873e-01
   4.0917968750000000e-01  -2.8450353809140794e-02   3.7878270195016284e-01   4.0723305575930363e-01
   4.1113281250000000e-01   3.5007955474799990e-01  -8.2219546321402825e-01   1.1722750179620283e+00
   4.1308593750000000e-01  -5.5844030958972890e-01   9.9958639817206096e-01   1.5580267077617900e+00
   4.1503906250000000e-01   5.8611737340355030e-01  -8.5356056535472913e-01   1.4396779387582794e+00
   4.1699218750000000e-01  -4.2415581589383922e-01   4.3136470896333312e-01   8.5552052485717234e-01
   4.1894531250000000e-01   1.2495839437043993e-01   1.3039945303964262e-01   5.4410586692026919e-03
   4.2089843750000000e-01   2.1466938923833895e-01  -6.4997279522066886e-01   8.6464218445900776e-01
   4.2285156250000000e-01  -4.8484076554232558e-01   9.5924705674537258e-01   1.4440878222876981e+00
   4.2480468750000000e-01   5.9814162663704940e-01  -9.5815636816882299e-01   1.5562979948058724e+00
   4.2675781250000000e-01  -5.1791341219352871e-01   6.4705362242217201e-01   1.1649670346157008e+00
   4.2871093750000000e-01   2.7011400824062143e-01  -1.2659629609725717e-01   3.9671030433787857e-01
   4.3066406250000000e-01   6.5080942146099441e-02  -4.3482133638125608e-01   4.9990227852735553e-01
   4.3261718750000000e-01  -3.7921891537587715e-01   8.5555226941154627e-01   1.2347711847874234e+00
   4.3457031250000000e-01   5.7066038521746643e-01  -9.9946876184729716e-01   1.5701291470647636e+00
   4.3652343750000000e-01  -5.7746435136553720e-01   8.2000654780982984e-01   1.3974708991753670e+00
   4.3847656250000000e-01   3.9742938656613891e-01  -3.7523073233459309e-01   7.7266011890073205e-01
   4.4042968750000000e-01  -8.8805909700943875e-02  -1.9095120755724027e-01   1.0214529785629639e-01
   4.4238281250000000e-01  -2.4855077154493477e-01   6.9535077179461435e-01   9.4390154333954912e-01
   4.4433593750000000e-01   5.0548870428832382e-01  -9.7476918433251569e-01   1.4802578886208395e+00
   4.4628906250000000e-01  -5.9887546908178857e-01   9.3880045324751316e-01   1.5376759223293017e+00
   4.4824218750000000e-01   4.9849572318187457e-01  -5.9908228266370511e-01   1.0975780058455797e+00
   4.5019531250000000e-01  -2.3682739248720130e-01   6.5530686730348647e-02   3.0235807921754998e-01
   4.5214843750000000e-01  -1.0146658051210861e-01   4.8922340148499793e-01   5.9068998199710654e-01
   4.5410156250000000e-01   4.0693098163400987e-01  -8.8568897005093083e-01   1.2926199516849408e+00
   4.5605468750000000e-01  -5.8073262401056480e-01   9.9558935078329047e-01   1.5763219747938553e+00
   4.5800781250000000e-01   5.6663788390062220e-01  -7.8336621077673330e-01   1.3500040946773555e+00
   4.5996093750000000e-01  -3.6920712276705969e-01   3.1768447195661098e-01   6.8689159472367067e-01
   4.6191406250000000e-01   5.2319179639750801e-02   2.5078426484637717e-01   1.9846508520662637e-01
   4.6386718750000000e-01   2.8149666487026076e-01  -7.3811160507389872e-01   1.0196082699441595e+00
   4.6582031250000000e-01  -5.2423409769088325e-01   9.8662250081299496e-01   1.5108565985038782e+00
   4.6777343750000000e-01   5.9735527948718892e-01  -9.1591110540162524e-01   1.5132663848888142e+00
   4.6972656250000000e-01  -4.7720180882865393e-01   5.4885613246629794e-01   1.0260579412949520e+00
   4.7167968750000000e-01   2.0264941190414987e-01  -4.2184346554925579e-03   2.0686784655964244e-01
   4.7363281250000000e-01   1.3747032158025574e-01  -5.4178414017229271e-01   6.7925446175254844e-01
   4.7558593750000000e-01  -4.3311145156243980e-01   9.1249213739590729e-01   1.3456035889583471e+00
   4.7753906250000000e-01   5.8861911633645625e-01  -9.8796276620730650e-01   1.5765818825437627e+00
   4.7949218750000000e-01  -5.5367871938766666e-01   7.4377746021056490e-01   1.2974561795982316e+00
   4.8144531250000000e-01   3.3959524672498886e-01  -2.5894251895938014e-01   5.9853776568436901e-01
   4.8339843750000000e-01  -1.5635532000090269e-02  -3.0967342678984999e-01   2.9403789478975972e-01
   4.8535156250000000e-01  -3.1338306831104235e-01   7.7809435293754670e-01   1.0914774212485892e+00
   4.8730468750000000e-01   5.4100639232194703e-01  -9.9476239298008240e-01   1.5357687853020294e+00
   4.8925781250000000e-01  -5.9358677950358762e-01   8.8957447496798736e-01   1.4831612544715749e+00
   4.9121093750000000e-01   4.5411181461931444e-01  -4.9656421171812093e-01   9.5067602633743542e-01
   4.9316406250000000e-01  -1.6770870469299259e-01  -5.7109694654939716e-02   1.1059901003805288e-01
   4.9511718750000000e-01  -1.7295665539883542e-01   5.9230572569104933e-01   7.6526238108988476e-01
   4.9707031250000000e-01   4.5766178778385941e-01  -9.3586089037672282e-01   1.3935226781605823e+00
   4.9902343750000000e-01  -5.9429017921885097e-01   9.7661771286160615e-01   1.5709078920804571e+00
   5.0097656250000000e-01   5.3863563319576935e-01  -7.0138929922933679e-01   1.2400249324251060e+00
   5.0292968750000000e-01  -3.0870521085495012e-01   1.9922596479008442e-01   5.0793117564503454e-01
   5.0488281250000000e-01  -2.1106964251524474e-02   3.6739704787923816e-01   3.8850401213076263e-01
   5.0683593750000000e-01   3.4408996864469860e-01  -8.1514852935067506e-01   1.1592384979953736e+00
   5.0878906250000000e-01  -5.5574246105171787e-01   9.9915822411763822e-01   1.5549006851693561e+00
   5.1074218750000000e-01   5.8758415291400012e-01  -8.5988968707669411e-01   1.4474738399906943e+00
   5.1269531250000000e-01  -4.2931264607834468e-01   4.4240333540138421e-01   8.7171598147972884e-01
   5.1464843750000000e-01   1.3213677978603566e-01   1.1822287597007691e-01   1.3913903815958750e-02
   5.1660156250000000e-01   2.0779201942014114e-01  -6.4059800620111462e-01   8.4839002562125576e-01
   5.1855468750000000e-01  -4.8048958837624489e-01   9.5570727428382896e-01   1.4361968626600738e+00
   5.2050781250000000e-01   5.9772446805754686e-01  -9.6159689096526602e-01   1.5593213590228130e+00
   5.2246093750000000e-01  -5.2156524410462768e-01   6.5636126729972277e-01   1.1779265114043505e+00
   5.2441406250000000e-01   2.7665327827696656e-01  -1.3875956907460119e-01   4.1541284735156775e-01
   5.2636718750000000e-01   5.7770018655636413e-02  -4.2373786943877206e-01   4.8150788809440848e-01
   5.2832031250000000e-01  -3.7350179203200279e-01   8.4913467076010907e-01   1.2226364627921118e+00
   5.3027343750000000e-01   5.6838684064488731e-01  -9.9979344930984093e-01   1.5681802899547281e+00
   5.3222656250000000e-01  -5.7936999224952912e-01   8.2696846856664441e-01   1.4063384608161735e+00
   5.3417968750000000e-01   4.0289764167645947e-01  -3.8657735282500205e-01   7.8947499450146152e-01
   5.3613281250000000e-01  -9.6067521876485873e-02  -1.7889109307482345e-01   8.2823571198337581e-02
   5.3808593750000000e-01  -2.4184530119986436e-01   6.8647922046306020e-01   9.2832452166292456e-01
   5.4003906250000000e-01   5.0150893465267887e-01  -9.7195659180951899e-01   1.4734655264621979e+00
   5.4199218750000000e-01  -5.9890905696482322e-01   9.4295683550019793e-01   1.5418658924650210e+00
   5.4394531250000000e-01   5.0253180120424323e-01  -6.0886283976656286e-01   1.1113946409708060e+00
   5.4589843750000000e-01  -2.4356008522796735e-01   7.7770913673073289e-02   3.2133099890104067e-01
   5.4785156250000000e-01  -9.4215639754032632e-02   4.7848383733787592e-01   5.7269947709190849e-01
   5.4980468750000000e-01   4.0150783901091452e-01  -8.7992486100366440e-01   1.2814327000145789e+00
   5.5175781250000000e-01  -5.7889194051179105e-01   9.9666567771250092e-01   1.5755576182242921e+00
   5.5371093750000000e-01   5.6897521375615645e-01  -7.9093472747063720e-01   1.3599099412267937e+00
   5.5566406250000000e-01  -3.7496622152571130e-01   3.2929638038186831e-01   7.0426260190757961e-01
   5.5761718750000000e-01   5.9636687506680663e-02   2.3888600449889863e-01   1.7924931699221797e-01
   5.5957031250000000e-01   2.7498833187460631e-01  -7.2977668194639578e-01   1.0047650138210020e+00
   5.6152343750000000e-01  -5.2064071453994187e-01   9.8454768419172667e-01   1.5051883987316685e+00
   5.6347656250000000e-01   5.9783948741555881e-01  -9.2076770342624226e-01   1.5186071908418011e+00
   5.6542968750000000e-01  -4.8160694207596283e-01   5.5907278998593279e-01   1.0406797320618957e+00
   5.6738281250000000e-01   2.0955018701409206e-01  -1.6489546113175501e-02   2.2603973312726755e-01
   5.6933593750000000e-01   1.3030665445830225e-01  -5.3142890011503352e-01   6.6173555457333577e-01
   5.7128906250000000e-01  -4.2800270114439548e-01   9.0740321275769842e-01   1.3354059139020940e+00
   5.7324218750000000e-01   5.8721822182857508e-01  -9.8978668155165883e-01   1.5770049033802338e+00
   5.7519531250000000e-01  -5.5643894103294567e-01   7.5192408665372823e-01   1.3083630276866738e+00
   5.7714843750000000e-01   3.4562351318463069e-01  -2.7077601071819835e-01   6.1639952390282904e-01
   5.7910156250000000e-01  -2.2981394111089681e-02  -2.9798180294257115e-01   2.7500040883148147e-01
   5.8105468750000000e-01  -3.0709636856060618e-01   7.7032742878267813e-01   1.0774237973432843e+00
   5.8300781250000000e-01   5.3781292033850525e-01  -9.9343316140179805e-01   1.5312460817403033e+00
   5.8496093750000000e-01  -5.9451978502798752e-01   8.9511300962621276e-01   1.4896327946542003e+00
   5.8691406250000000e-01   4.5886942316469725e-01  -5.0717851646259871e-01   9.6604793962729596e-01
   5.8886718750000000e-01  -1.7475158921279149e-01  -4.4853884374947840e-02   1.2989770483784366e-01
   5.9082031250000000e-01  -1.6590722433848926e-01   5.8237378450896249e-01   7.4828100884745175e-01
   5.9277343750000000e-01   4.5288665775388143e-01  -9.3146630371082906e-01   1.3843529614647105e+00
   5.9472656250000000e-01  -5.9333434635246751e-01   9.7918235181558488e-01   1.5725166981680525e+00
   5.9667968750000000e-01   5.4180835777978198e-01  -7.1008337335933813e-01   1.2518917311391200e+00
   5.9863281250000000e-01  -3.1497995598181427e-01   2.1123650129148916e-01   5.2621645727330346e-01
   6.0058593750000000e-01  -1.3760396062743818e-02   3.5595606516434797e-01   3.6971646122709179e-01
   6.0253906250000000e-01   3.3804856385780302e-01  -8.0797883711718599e-01   1.1460274009749889e+00
   6.0449218750000000e-01  -5.5296091974323303e-01   9.9857958050985773e-01   1.5515405002530906e+00
   6.0644531250000000e-01   5.8896244441230905e-01  -8.6608931257467847e-01   1.4550517569869874e+00
   6.0839843750000000e-01  -4.3440482335750641e-01   4.5337533752435988e-01   8.8778016088186629e-01
   6.1035156250000000e-01   1.3929526588864466e-01   1.0602849497030438e-01   3.3266770918340280e-02
   6.1230468750000000e-01   2.0088335688814929e-01  -6.3112674547817427e-01   8.3201010236632356e-01
   6.1425781250000000e-01  -4.7606605124553847e-01   9.5202356582216185e-01   1.4280896170677004e+00
   6.1621093750000000e-01   5.9721729437174498e-01  -9.6489260080694450e-01   1.5621098951786894e+00
   6.1816406250000000e-01  -5.2513853020844148e-01   6.6557006658466134e-01   1.1907085967931028e+00
   6.2011718750000000e-01   2.8315088534723237e-01  -1.5090194537118395e-01   4.3405283071841633e-01
   6.2207031250000000e-01   5.0450395212880195e-02  -4.1259058913183205e-01   4.6304098434471225e-01
   6.2402343750000000e-01  -3.6772842069211442e-01   8.4258919555064760e-01   1.2103176162427620e+00
   6.2597656250000000e-01   5.6602769910477257e-01  -9.9996757155644600e-01   1.5659952706612186e+00
   6.2792968750000000e-01  -5.8118838214376523e-01   8.3380585091388937e-01   1.4149942330576546e+00
   6.2988281250000000e-01   4.0830522188393570e-01  -3.9786575618796610e-01   8.0617097807190174e-01
   6.3183593750000000e-01  -1.0331466663660011e-01  -1.6680403825185852e-01   6.3489371615258416e-02
   6.3378906250000000e-01  -2.3510340984201999e-01   6.7750428788601402e-01   9.1260769772803396e-01
   6.3574218750000000e-01   4.9745363961616840e-01  -9.6899762619894558e-01   1.4664512658151141e+00
   6.3769531250000000e-01  -5.9885245134683507e-01   9.4697121192190448e-01   1.5458236632687394e+00
   6.3964843750000000e-01   5.0649219978581272e-01  -6.1855170436527984e-01   1.1250439041510925e+00
   6.4160156250000000e-01  -2.5025609871578575e-01   8.9999428602205944e-02   3.4025552731799169e-01
   6.4355468750000000e-01  -8.6950510467167286e-02   4.6767221528490227e-01   5.5462272575206950e-01
   6.4550781250000000e-01   3.9602423078412957e-01  -8.7402823850894862e-01   1.2700524692930781e+00
   6.4746093750000000e-01  -5.7696407801610872e-01   9.9759191045667217e-01   1.5745559884727809e+00
   6.4941406250000000e-01   5.7122685803735307e-01  -7.9838413230387051e-01   1.3696109903412235e+00
   6.5136718750000000e-01  -3.8066885175063359e-01   3.4085869798348739e-01   7.2152754973412092e-01
   6.5332031250000000e-01   6.6945214307831902e-02   2.2695176879783435e-01   1.6000655449000245e-01
   6.5527343750000000e-01   2.6843858664765852e-01  -7.2133185713492132e-01   9.8977044378257983e-01
   6.5722656250000000e-01  -5.1696892481245815e-01   9.8232459831067009e-01   1.4992935231231281e+00
   6.5917968750000000e-01   5.9823366291614954e-01  -9.2548563722157295e-01   1.5237193001377225e+00
   6.6113281250000000e-01  -4.8593954708928538e-01   5.6920525319982695e-01   1.0551448002891124e+00
   6.6308593750000000e-01   2.1641940463665699e-01  -2.8758174305867114e-02   2.4517757894252409e-01
   6.6503906250000000e-01   1.2312336363349347e-01  -5.2099362882016598e-01   6.4411699245365939e-01
   6.6699218750000000e-01  -4.2282949509387940e-01   9.0217763653333949e-01   1.3250071316272189e+00
   6.6894531250000000e-01   5.8572889441644571e-01  -9.9146153866249098e-01   1.5771904330789366e+00
   6.7089843750000000e-01  -5.5911536502044934e-01   7.5995747609523567e-01   1.3190728411156849e+00
   6.7285156250000000e-01   3.5159973001449030e-01  -2.8256872460579474e-01   6.3416845462028504e-01
   6.7480468750000000e-01  -3.0323795308667856e-02  -2.8624530413183236e-01   2.5592150882316450e-01
   6.7675781250000000e-01  -3.0076342122665467e-01   7.6244449615052179e-01   1.0632079173771765e+00
   6.7871093750000000e-01   5.3453845570749114e-01  -9.9195432244354098e-01   1.5264927781510322e+00
   6.8066406250000000e-01  -5.9536325805957646e-01   9.0051674355767286e-01   1.4958800016172493e+00
   6.8261718750000000e-01   4.6355792766280579e-01  -5.1771644198804634e-01   9.8127436965085213e-01
   6.8457031250000000e-01  -1.8176815678604052e-01  -3.2591319264954649e-02   1.4917683752108588e-01
   6.8652343750000000e-01  -1.5883280826041196e-01   5.7235413997706774e-01   7.3118694823747976e-01
   7.1972656250000000e-01  -3.6189967080468799e-01   8.3591682950762269e-01   1.1978165003123107e+00
   7.2167968750000000e-01   5.6358331587518529e-01  -9.9999110236494448e-01   1.5635744182401297e+00
   7.2363281250000000e-01  -5.8291924720543209e-01   8.4051766516696547e-01   1.4234369123723976e+00
   7.2558593750000000e-01   4.1365131282686257e-01  -4.0909424243151343e-01   8.2274555525837600e-01
   7.2753906250000000e-01  -1.1054625258792850e-01  -1.5469186335428634e-01   4.4145610766357840e-02
   7.2949218750000000e-01  -2.2832611277542453e-01   6.6842732565526874e-01   8.9675343843069322e-01
   7.3144531250000000e-01   4.9332342989128358e-01  -9.6589273311012003e-01   1.4592161630014036e+00
   7.3339843750000000e-01  -5.9870566075245391e-01   9.5084297796232942e-01   1.5495486387147834e+00
   7.3535156250000000e-01   5.1037632250514586e-01  -6.2814741735253121e-01   1.1385237398576771e+00
   7.3730468750000000e-01  -2.5691442455560948e-01   1.0221438994843501e-01   3.5912881450404449e-01
   7.3925781250000000e-01  -7.9672286753237342e-02   4.5679016351654023e-01   5.3646245026977757e-01
   7.4121093750000000e-01   3.9048098276484300e-01  -8.6799999057644195e-01   1.2584809733412849e+00
   7.4316406250000000e-01  -5.7494932685257927e-01   9.9836790952856014e-01   1.5733172363811394e+00
   7.4511718750000000e-01   5.7339247765486190e-01  -8.0571330342346648e-01   1.3791057810783283e+00
   7.4707031250000000e-01  -3.8631415464666996e-01   3.5236968351896697e-01   7.3868383816563687e-01
   7.4902343750000000e-01   7.4243659406020901e-02   2.1498335499518331e-01   1.4073969558916241e-01
   6.8847656250000000e-01   4.4804332465909325e-01  -9.2693144164579866e-01   1.3749747663048919e+00
   6.9042968750000000e-01  -5.9228915951598027e-01   9.8159952950909579e-01   1.5738886890250761e+00
   6.9238281250000000e-01   5.4489948801804045e-01  -7.1867051154520345e-01   1.2635699995632439e+00
   6.9433593750000000e-01  -3.2120726628589247e-01   2.2321522635278832e-01   5.4442249263868081e-01
   6.9628906250000000e-01  -6.4117556089317018e-03   3.4446147677535333e-01   3.5087323238428503e-01
   6.9824218750000000e-01   3.3195625020063074e-01  -8.0068746624280662e-01   1.1326437164434373e+00
   7.0019531250000000e-01  -5.5009610455418512e-01   9.9785055449031679e-01   1.5479466590445019e+00
   7.0214843750000000e-01   5.9025204033286438e-01  -8.7215850820791585e-01   1.4624105485407801e+00
   7.0410156250000000e-01  -4.3943158086813644e-01   4.6427906298914989e-01   9.0371064385728639e-01
   7.0605468750000000e-01   1.4643277463657595e-01   9.3818146469192759e-02   5.2614628167383187e-02
   7.0800781250000000e-01   1.9394444206151912e-01  -6.2156043938883154e-01   8.1550488145035072e-01
   7.0996093750000000e-01  -4.7157082031862102e-01   9.4819648611329965e-01   1.4197673064319207e+00
   7.1191406250000000e-01   5.9662018195814281e-01  -9.6804300137209542e-01   1.5646631833302382e+00
   7.1386718750000000e-01  -5.2863273238121877e-01   6.7467863346573131e-01   1.2033113658469501e+00
   7.1582031250000000e-01   2.8960585093568336e-01  -1.6302159638985478e-01   4.5262744732553817e-01
   7.1777343750000000e-01   4.3123174126176389e-02  -4.0138117419979624e-01   4.4450434832597263e-01
   9.6972656250000000e-01   4.7720180882877061e-01  -5.4885613246631515e-01   1.0260579412950857e+00
   9.7167968750000000e-01  -2.0264941190410662e-01   4.2184346553994622e-03   2.0686784655950607e-01
   9.7363281250000000e-01  -1.3747032158024219e-01   5.4178414017246657e-01   6.7925446175270876e-01
   9.7558593750000000e-01   4.3311145156246356e-01  -9.1249213739594537e-01   1.3456035889584088e+00
   9.7753906250000000e-01  -5.8861911633639719e-01   9.8796276620727452e-01   1.5765818825436717e+00
   9.7949218750000000e-01   5.5367871938773838e-01  -7.4377746021057867e-01   1.2974561795983170e+00
   9.8144531250000000e-01  -3.3959524672498476e-01   2.5894251895929027e-01   5.9853776568427497e-01
   9.8339843750000000e-01   1.5635532000134178e-02   3.0967342678983040e-01   2.9403789478969622e-01
   9.8535156250000000e-01   3.1338306831108093e-01  -7.7809435293760509e-01   1.0914774212486860e+00
   9.8730468750000000e-01  -5.4100639232187753e-01   9.9476239298010349e-01   1.5357687853019810e+00
   9.8925781250000000e-01   5.9358677950359451e-01  -8.8957447496794473e-01   1.4831612544715393e+00
   9.9121093750000000e-01  -4.5411181461936301e-01   4.9656421171804010e-01   9.5067602633740311e-01
   9.9316406250000000e-01   1.6770870469304278e-01   5.7109694654919156e-02   1.1059901003812361e-01
   9.9511718750000000e-01   1.7295665539886640e-01  -5.9230572569112427e-01   7.6526238108999067e-01
   9.9707031250000000e-01  -4.5766178778387029e-01   9.3586089037679565e-01   1.3935226781606660e+00
   9.9902343750000000e-01   5.9429017921883642e-01  -9.7661771286158605e-01   1.5709078920804225e+00
   9.3847656250000000e-01  -3.9742938656611887e-01   3.7523073233455945e-01   7.7266011890067832e-01
   9.4042968750000000e-01   8.8805909701009100e-02   1.9095120755716424e-01   1.0214529785615514e-01
   9.4238281250000000e-01   2.4855077154496780e-01  -6.9535077179464044e-01   9.4390154333960830e-01
   9.4433593750000000e-01  -5.0548870428829384e-01   9.7476918433254911e-01   1.4802578886208431e+00
   9.4628906250000000e-01   5.9887546908181577e-01  -9.3880045324750061e-01   1.5376759223293164e+00
   9.4824218750000000e-01  -4.9849572318189750e-01   5.9908228266367602e-01   1.0975780058455735e+00
   9.5019531250000000e-01   2.3682739248728230e-01  -6.5530686730425905e-02   3.0235807921770819e-01
   9.5214843750000000e-01   1.0146658051215651e-01  -4.8922340148502957e-01   5.9068998199718603e-01
   9.5410156250000000e-01  -4.0693098163401509e-01   8.8568897005102687e-01   1.2926199516850421e+00
   9.5605468750000000e-01   5.8073262401057635e-01  -9.9558935078328170e-01   1.5763219747938582e+00
   9.5800781250000000e-01  -5.6663788390058345e-01   7.8336621077667534e-01   1.3500040946772587e+00
   9.5996093750000000e-01   3.6920712276716550e-01  -3.1768447195663047e-01   6.8689159472379591e-01
   9.6191406250000000e-01  -5.2319179639739088e-02  -2.5078426484646726e-01   1.9846508520672818e-01
   9.6386718750000000e-01  -2.8149666487024150e-01   7.3811160507403817e-01   1.0196082699442797e+00
   9.6582031250000000e-01   5.2423409769089491e-01  -9.8662250081301017e-01   1.5108565985039051e+00
   9.6777343750000000e-01  -5.9735527948712241e-01   9.1591110540154219e-01   1.5132663848886647e+00
   9.0722656250000000e-01   3.0238397585898491e-01  -1.8718542559121321e-01   4.8956940145019812e-01
   9.0917968750000000e-01   2.8450353809183093e-02  -3.7878270195019642e-01   4.0723305575937951e-01
   9.1113281250000000e-01  -3.5007955474801200e-01   8.2219546321411363e-01   1.1722750179621255e+00
   9.1308593750000000e-01   5.5844030958975654e-01  -9.9958639817206196e-01   1.5580267077618184e+00
   9.1503906250000000e-01  -5.8611737340352521e-01   8.5356056535471025e-01   1.4396779387582355e+00
   9.1699218750000000e-01   4.2415581589394358e-01  -4.3136470896340301e-01   8.5552052485734653e-01
   9.1894531250000000e-01  -1.2495839437037320e-01  -1.3039945303967856e-01   5.4410586693053598e-03
   9.2089843750000000e-01  -2.1466938923833218e-01   6.4997279522078277e-01   8.6464218445911500e-01
   9.2285156250000000e-01   4.8484076554233158e-01  -9.5924705674538291e-01   1.4440878222877145e+00
   9.2480468750000000e-01  -5.9814162663702686e-01   9.5815636816878014e-01   1.5562979948058069e+00
   9.2675781250000000e-01   5.1791341219361231e-01  -6.4705362242223097e-01   1.1649670346158434e+00
   9.2871093750000000e-01  -2.7011400824056286e-01   1.2659629609722123e-01   3.9671030433778409e-01
   9.3066406250000000e-01  -6.5080942146023224e-02   4.3482133638118636e-01   4.9990227852720959e-01
   9.3261718750000000e-01   3.7921891537586400e-01  -8.5555226941156504e-01   1.2347711847874290e+00
   9.3457031250000000e-01  -5.7066038521748674e-01   9.9946876184729228e-01   1.5701291470647791e+00
   9.3652343750000000e-01   5.7746435136559193e-01  -8.2000654780987414e-01   1.3974708991754661e+00
   8.7597656250000000e-01  -1.9571811853809773e-01  -8.0533120830259732e-03   1.8766480645507175e-01
   8.7792968750000000e-01  -1.4461328617738867e-01   5.5205778953105311e-01   6.9667107570844178e-01
   8.7988281250000000e-01   4.3815497698898903e-01  -9.1744364407467116e-01   1.3555986210636601e+00
   8.8183593750000000e-01  -5.8993136697052317e-01   9.8599006730434147e-01   1.5759214342748646e+00
   8.8378906250000000e-01   5.5083511576389810e-01  -7.3551882361773624e-01   1.2863539393816343e+00
   8.8574218750000000e-01  -3.3351583847030264e-01   2.4707003140958195e-01   5.8058586987988459e-01
   8.8769531250000000e-01   8.2873152355853463e-03   3.2131841495810315e-01   3.1303109972251780e-01
   8.8964843750000000e-01   3.1962257372414554e-01  -7.8574409894497632e-01   1.1053666726691218e+00
   8.9160156250000000e-01  -5.4411839073265200e-01   9.9594181700102602e-01   1.5400602077336780e+00
   8.9355468750000000e-01   5.9256438199357397e-01  -8.8390197366590006e-01   1.4764663556594742e+00
   8.9550781250000000e-01  -4.4928581850505805e-01   4.8587512622978374e-01   9.3516094473484179e-01
   8.9746093750000000e-01   1.6064056385924841e-01   6.9356904424961979e-02   9.1283659434286429e-02
   8.9941406250000000e-01   1.7998003982310123e-01  -6.0214846780959308e-01   7.8212850763269426e-01
   9.0136718750000000e-01  -4.6236799563205266e-01   9.4011453983496307e-01   1.4024825354670156e+00
   9.0332031250000000e-01   5.9515651417019133e-01  -9.7390599887233154e-01   1.5690625130425229e+00
   9.0527343750000000e-01  -5.3538179206664571e-01   6.9258959845071688e-01   1.2279713905173626e+00
   8.4472656250000000e-01   8.1530923682136214e-02   2.0298256549004093e-01   1.2145164180790471e-01
   8.4667968750000000e-01   2.5521881105806393e-01  -7.0411760585762184e-01   9.5933641691568572e-01
   8.4863281250000000e-01  -5.0939234918441667e-01   9.7743498020185304e-01   1.4868273293862697e+00
   8.5058593750000000e-01   5.9875169275596951e-01  -9.3450269109975470e-01   1.5332543838557242e+00
   8.5253906250000000e-01  -4.9438457353722892e-01   5.8921150597269167e-01   1.0835960795099207e+00
   8.5449218750000000e-01   2.3005903441236558e-01  -5.3280591107377206e-02   2.8333962551974279e-01
   8.5644531250000000e-01   1.0870224077642887e-01  -4.9988929038734287e-01   6.0859153116377174e-01
   8.5839843750000000e-01  -4.1229284194812466e-01   8.9131969759722141e-01   1.3036125395453459e+00
   8.6035156250000000e-01   5.8248585131227681e-01  -9.9436309175990756e-01   1.5768489430721844e+00
   8.6230468750000000e-01  -5.6421522046399331e-01   7.7567972201287494e-01   1.3398949424768682e+00
   8.6425781250000000e-01   3.6339242277389416e-01  -3.0602472141843184e-01   6.6941714419232601e-01
   8.6621093750000000e-01  -4.4993792696768342e-02  -2.6264475800611664e-01   2.1765096530934830e-01
   8.6816406250000000e-01  -2.8796260550360159e-01   7.4633537130880290e-01   1.0342979768124045e+00
   8.7011718750000000e-01   5.2774853311498082e-01  -9.8854873571473756e-01   1.5162972688297183e+00
   8.7207031250000000e-01  -5.9678111205093964e-01   9.1091657453343511e-01   1.5076976865843748e+00
   8.7402343750000000e-01   4.7272481074434936e-01  -5.3855681923198262e-01   1.0112816299763319e+00
   8.1347656250000000e-01   3.5789458848128397e-02  -3.9011131273932192e-01   4.2590077158745032e-01
   8.1542968750000000e-01  -3.5601642015799978e-01   8.2911857746488127e-01   1.1851349976228811e+00
   8.1738281250000000e-01   5.6105405907129480e-01  -9.9986403819168301e-01   1.5609180972629777e+00
   8.1933593750000000e-01  -5.8456232677259456e-01   8.4710290055133430e-01   1.4316652273239288e+00
   8.2128906250000000e-01   4.1893510940367729e-01  -4.2026112058702064e-01   8.3919622999069787e-01
   8.2324218750000000e-01  -1.1776119068019592e-01  -1.4255639243109433e-01   2.4795201750898416e-02
   8.2519531250000000e-01  -2.2151443063607362e-01   6.5924970072803424e-01   8.8076413136410792e-01
   8.2714843750000000e-01   4.8911892747250696e-01  -9.6264238012852055e-01   1.4517613076010276e+00
   8.2910156250000000e-01  -5.9846870728774249e-01   9.5457155054771470e-01   1.5530402578354572e+00
   8.3105468750000000e-01   5.1418358442764478e-01  -6.3764853364932472e-01   1.1518321180769695e+00
   8.3300781250000000e-01  -2.6353406002810142e-01   1.1441395818351192e-01   3.7794801821161333e-01
   8.3496093750000000e-01  -7.2382064685938163e-02   4.4583932082965705e-01   5.1822138551559527e-01
   8.3691406250000000e-01   3.8487892974594129e-01  -8.6184102503810922e-01   1.2467199547840506e+00
   8.3886718750000000e-01  -5.7284799043515600e-01   9.9899355806555357e-01   1.5718415485007096e+00
   8.4082031250000000e-01   5.7547174647436317e-01  -8.1292113708327951e-01   1.3883928835576427e+00
   8.4277343750000000e-01  -3.9190128005200503e-01   3.6382760347622611e-01   7.5572888352823120e-01
   7.8222656250000000e-01  -1.5173447254559502e-01   5.6224830101707035e-01   7.1398277356266537e-01
   7.8417968750000000e-01   4.4313251788765518e-01  -9.2225698711517823e-01   1.3653895050028333e+00
   7.8613281250000000e-01  -5.9115477611071310e-01   9.8386888192404909e-01   1.5750236580347621e+00
   7.8808593750000000e-01   5.4790855839774655e-01  -7.2714942059558585e-01   1.2750579789933325e+00
   7.9003906250000000e-01  -3.2738620395711726e-01   2.3516033602204883e-01   5.6254653997916604e-01
   7.9199218750000000e-01   9.3785043179361871e-04   3.3291501375487798e-01   3.3197716332308436e-01
   7.9394531250000000e-01   3.2581394515324702e-01  -7.9327551478117109e-01   1.1190894599344181e+00
   7.9589843750000000e-01  -5.4714844691520570e-01   9.9697125584766111e-01   1.5441197027628668e+00
   7.9785156250000000e-01   5.9145274646729173e-01  -8.7809635997792268e-01   1.4695491064452144e+00
   7.9980468750000000e-01  -4.4439216159904738e-01   4.7511286973480626e-01   9.1950503133385364e-01
   8.0175781250000000e-01   1.5354823114733962e-01   8.1593669300199831e-02   7.1954561847139789e-02
   8.0371093750000000e-01   1.8697631991533326e-01  -6.1190052858359578e-01   7.9887684849892904e-01
   8.0566406250000000e-01  -4.6700457256074507e-01   9.4422661150140696e-01   1.4112311840621521e+00
   8.0761718750000000e-01   5.9593322073970922e-01  -9.7104761822198160e-01   1.5669808389616908e+00
   8.0957031250000000e-01  -5.3204732440894209e-01   6.8368559622626435e-01   1.2157329206352063e+00
   8.1152343750000000e-01   2.9601720294831990e-01  -1.7511669695586177e-01   4.7113389990418164e-01
   7.5097656250000000e-01   2.6184841555698207e-01  -7.1277840239902945e-01   9.7462681795601158e-01
   7.5292968750000000e-01  -5.1321928146649531e-01   9.7995357795838156e-01   1.4931728594248770e+00
   7.5488281250000000e-01   5.9853774662757908e-01  -9.3006419628414183e-01   1.5286019429117208e+00
   7.5683593750000000e-01  -4.9019897139428686e-01   5.7925199619629075e-01   1.0694509675905777e+00
   7.5878906250000000e-01   2.2325603029296281e-01  -4.1022471623289140e-02   2.6427850191625196e-01
   7.6074218750000000e-01   1.1592153088300061e-01  -5.1047989780116332e-01   6.2640142868416393e-01
   7.6269531250000000e-01  -4.1759261247674540e-01   8.9681619567538873e-01   1.3144088081521341e+00
   7.6464843750000000e-01   5.8415135838729559e-01  -9.9298708531248259e-01   1.5771384436997782e+00
   7.6660156250000000e-01  -5.6170758829059864e-01   7.6787641873618628e-01   1.3295840070267850e+00
   7.6855468750000000e-01   3.5752299721832070e-01  -2.9431888468283496e-01   6.5184188190115566e-01
   7.7050781250000000e-01  -3.7661629854180922e-02  -2.7446569783118424e-01   2.3680406797700332e-01
   7.7246093750000000e-01  -2.9438518002774561e-01   7.5444674218173635e-01   1.0488319222094820e+00
   7.7441406250000000e-01   5.3118349155122457e-01  -9.9032609881301847e-01   1.5215095903642430e+00
   7.7636718750000000e-01  -5.9611707157443528e-01   9.0578486297991412e-01   1.5019019345543494e+00
   7.7832031250000000e-01   4.6817662204216981e-01  -5.2817640132164123e-01   9.9635302336381104e-01
   7.8027343750000000e-01  -1.8875735074339450e-01  -2.0323846022160450e-02   1.6843350472123406e-01
