#                  Coord.                Numerical               Analytical                    Error
   9.7656250000000000e-04  -6.6540079107098649e-01  -7.6959331368542183e-01   1.0419252261443535e-01
   2.9296875000000000e-03   8.1873380696556808e-01   9.3104710893559461e-01   1.1231330197002654e-01
   4.8828125000000000e-03  -8.9471070536134789e-01  -9.9851762110262210e-01   1.0380691574127421e-01
   6.8359375000000000e-03   8.3777874679611841e-01   9.6519413117572517e-01   1.2741538437960676e-01
   8.7890625000000000e-03  -7.3970518404669861e-01  -8.3444043348610331e-01   9.4735249439404701e-02
   1.0742187500000000e-02   6.0164230783755102e-01   6.1945528206692424e-01   1.7812974229373224e-02
   1.2695312500000000e-02  -3.9926954742268350e-01  -3.4194006039340091e-01   5.7329487029282589e-02
   1.4648437500000000e-02   1.4564809351725216e-01   2.9908164767517054e-02   1.1573992874973511e-01
   1.6601562500000000e-02   1.2572174715270990e-01   2.8514276984024983e-01   1.5942102268753994e-01
   1.8554687500000000e-02  -3.8416314954120878e-01  -5.7141035567885523e-01   1.8724720613764645e-01
   2.0507812500000000e-02   6.1569411722744860e-01   7.9999770095928147e-01   1.8430358373183287e-01
   2.2460937500000000e-02  -8.2435519903978616e-01  -9.4783036726210135e-01   1.2347516822231519e-01
   2.4414062500000000e-02   9.9339406750624448e-01   9.9998558731514320e-01   6.5915198088987159e-03
   2.6367187500000000e-02  -1.0292142957758870e+00  -9.5119862342311412e-01   7.8015672352772847e-02
   2.8320312500000000e-02   8.9243474924819566e-01   8.0639420924795691e-01   8.6040540000238752e-02
   3.0273437500000000e-02  -6.9688778260885442e-01  -5.8018942927283113e-01   1.1669835333602330e-01
   3.2226562500000000e-02   2.9705015433228255e-01   2.9541821710552979e-01   1.6319372267527554e-03
   3.4179687500000000e-02   2.5876285459958126e-04   1.9173584868326612e-02   1.8914822013727031e-02
   3.6132812500000000e-02  -3.2653101946715424e-01  -3.3182993541646649e-01   5.2989159493122551e-03
   3.8085937500000000e-02   5.6406151939003379e-01   6.1099016481627200e-01   4.6928645426238202e-02
   4.0039062500000000e-02  -7.2779849786519435e-01  -8.2847482370000824e-01   1.0067632583481390e-01
   4.1992187500000000e-02   8.5525089944997035e-01   9.6233021921373840e-01   1.0707931976376805e-01
   4.3945312500000000e-02  -9.1724455475110744e-01  -9.9904450065942907e-01   8.1799945908321625e-02
   4.5898437500000000e-02   8.8071116654464277e-01   9.3491159487151354e-01   5.4200428326870775e-02
   4.7851562500000000e-02  -7.3505720079185721e-01  -7.7640531072793484e-01   4.1348109936077626e-02
   4.9804687500000000e-02   4.8496255328660709e-01   5.3952584932502012e-01   5.4563296038413034e-02
   5.1757812500000000e-02  -1.4500822954767045e-01  -2.4818468545705616e-01   1.0317645590938571e-01
   5.3710937500000000e-02  -2.4673181990078774e-01  -6.8209143658813004e-02   1.7852267624197474e-01
   5.5664062500000000e-02   6.0047523283520832e-01   3.7771769361339341e-01   2.2275753922181490e-01
   5.7617187500000000e-02  -8.2204617731395047e-01  -6.4909804513023361e-01   1.7294813218371685e-01
   5.9570312500000000e-02   9.6406855574105066e-01   8.5495607802462104e-01   1.0911247771642962e-01
   6.1523437500000000e-02  -1.0351746614341266e+00  -9.7451173337711883e-01   6.0662928057007792e-02
   6.3476562500000000e-02   8.9275499313836093e-01   9.9569662829566208e-01   1.0294163515730115e-01
   6.5429687500000000e-02  -8.1853085627979549e-01  -9.1637228239928237e-01   9.7841426119486874e-02
   6.7382812500000000e-02   6.4479170065743574e-01   7.4454598380929493e-01   9.9754283151859191e-02
   6.9335937500000000e-02  -4.0606358891551508e-01  -4.9756250434930160e-01   9.1498915433786521e-02
   7.1289062500000000e-02   1.8267039637177618e-01   2.0035325516291896e-01   1.7682858791142786e-02
   7.3242187500000000e-02   5.2942107125188542e-02   1.1708038064780993e-01   6.4138273522621386e-02
   7.5195312500000000e-02  -3.0275907449719597e-01  -4.2269549680224305e-01   1.1993642230504709e-01
   7.7148437500000000e-02   5.2841370285526068e-01   6.8564219139919680e-01   1.5722848854393612e-01
   7.9101562500000000e-02  -6.8831003805740920e-01  -8.7937766827196018e-01   1.9106763021455098e-01
   8.1054687500000000e-02   7.5533555160384935e-01   9.8434556341764479e-01   2.2901001181379543e-01
   8.3007812500000000e-02  -7.2667710608237712e-01  -9.8995003554160643e-01   2.6327292945922931e-01
   8.4960937500000000e-02   6.3551213057354516e-01   8.9562534883402134e-01   2.6011321826047618e-01
   8.6914062500000000e-02  -5.3380353477996323e-01  -7.1089298040113680e-01   1.7708944562117357e-01
   8.8867187500000000e-02   4.0004976989877861e-01   4.5440048771928321e-01   5.4350717820504602e-02
   9.0820312500000000e-02  -1.5456733340175788e-01  -1.5203915632822171e-01   2.5281770735361697e-03
   9.2773437500000000e-02  -9.5401544390981030e-02  -1.6566956074481010e-01   7.0268016353829066e-02
   9.4726562500000000e-02   3.8623582272767720e-01   4.6665498951555573e-01   8.0419166787878527e-02
   9.6679687500000000e-02  -6.2673930891997998e-01  -7.2053456557391604e-01   9.3795256653936065e-02
   9.8632812500000000e-02   8.2003476164325662e-01   9.0168076069204517e-01   8.1645999048788553e-02
   1.0058593750000000e-01  -8.7484727817300012e-01  -9.9180801877740887e-01   1.1696074060440875e-01
   1.0253906250000000e-01   8.6760888131249203e-01   9.8181856644254861e-01   1.1420968513005658e-01
   1.0449218750000000e-01  -8.1473293919179923e-01  -8.7272077535591730e-01   5.7987836164118067e-02
   1.0644531250000000e-01   6.8551950062345668e-01   6.7552737353634196e-01   9.9921270871147216e-03
   1.0839843750000000e-01  -4.7627772514897515e-01  -4.1014378051359279e-01   6.6133944635382358e-02
   1.1035156250000000e-01   2.0824976419891073e-01   1.0335878184890070e-01   1.0489098235001003e-01
   1.1230468750000000e-01   9.3150334299025417e-02   2.1385962835899439e-01   1.2070929405996897e-01
   1.1425781250000000e-01  -4.1116346901435463e-01  -5.0949026948493825e-01   9.8326800470583620e-02
   1.1621093750000000e-01   7.3313622827251379e-01   7.5369110886878388e-01   2.0554880596270086e-02
   1.1816406250000000e-01  -1.0090290172286629e+00  -9.2181162518171034e-01   8.7217392046952558e-02
   1.2011718750000000e-01   1.1282316587907815e+00   9.9688112174781440e-01   1.3135053704296706e-01
   1.2207031250000000e-01  -1.0823659881081085e+00  -9.7132181041978405e-01   1.1104417768832442e-01
   1.2402343750000000e-01   9.6215995760979922e-01   8.4771374108864861e-01   1.1444621652115061e-01
   2.1972656250000000e-01   8.0632323459985855e-01   8.8443943871822328e-01   7.8116204118364729e-02
   2.2167968750000000e-01  -6.2636698412075020e-01  -6.9341902181376358e-01   6.7052037693013378e-02
   2.2363281250000000e-01   3.5824835012203948e-01   4.3240236562462825e-01   7.4154015502588766e-02
   2.2558593750000000e-01  -7.7147659600580454e-02  -1.2773744121759253e-01   5.0589781617012081e-02
   2.2753906250000000e-01  -1.6164891791902392e-01  -1.8982176531872716e-01   2.8172847399703244e-02
   2.2949218750000000e-01   3.9477809053047963e-01   4.8821967213769113e-01   9.3441581607211499e-02
   2.3144531250000000e-01  -6.1165583576530480e-01  -7.3733490871053375e-01   1.2567907294522895e-01
   2.3339843750000000e-01   7.6923534621357703e-01   9.1202087657359987e-01   1.4278553036002284e-01
   2.3535156250000000e-01  -8.3127614142244965e-01  -9.9464413848105881e-01   1.6336799705860916e-01
   2.3730468750000000e-01   7.7898986409695681e-01   9.7686440172529543e-01   1.9787453762833862e-01
   2.3925781250000000e-01  -6.1623908586307152e-01  -8.6047641763159022e-01   2.4423733176851870e-01
   2.4121093750000000e-01   3.8419566526218318e-01   6.5722881282857937e-01   2.7303314756639618e-01
   2.4316406250000000e-01  -1.5983278739952311e-01  -3.8763814012529385e-01   2.2780535272577074e-01
   2.4511718750000000e-01  -3.4318043910730012e-02   7.8917863014697956e-02   1.1323590692542797e-01
   2.4707031250000000e-01   2.8102813487134881e-01   2.3776867035602062e-01   4.3259464515328194e-02
   2.4902343750000000e-01  -5.0179958057253771e-01  -5.3045396894505326e-01   2.8654388372515549e-02
   1.8847656250000000e-01  -4.8265761799996199e-02  -9.2672673429951335e-02   4.4406911629955137e-02
   1.9042968750000000e-01   3.3932907829660053e-01   4.0032716626572662e-01   6.0998087969126091e-02
   1.9238281250000000e-01  -6.2052144143069654e-01  -6.6757117822257128e-01   4.7049736791874741e-02
   1.9433593750000000e-01   7.7873361634709681e-01   8.6742812628232846e-01   8.8694509935231647e-02
   1.9628906250000000e-01  -8.6342826062008271e-01  -9.7972372286560017e-01   1.1629546224551746e-01
   1.9824218750000000e-01   9.0379419776320447e-01   9.9312244183049014e-01   8.9328244067285678e-02
   2.0019531250000000e-01  -8.6741063606743296e-01  -9.0627176772923712e-01   3.8861131661804160e-02
   2.0214843750000000e-01   7.3439348574066798e-01   7.2793872363906431e-01   6.4547621016036727e-03
   2.0410156250000000e-01  -5.1051402507519583e-01  -4.7612489595119811e-01   3.4389129123997719e-02
   2.0605468750000000e-01   2.1204981296517644e-01   1.7624928873611531e-01   3.5800524229061131e-02
   2.0800781250000000e-01   1.4404321967060696e-01   1.4141756302235758e-01   2.6256566482493748e-03
   2.0996093750000000e-01  -5.3030332858747897e-01  -4.4480921137715579e-01   8.5494117210323184e-02
   2.1191406250000000e-01   8.7106053964828334e-01   7.0330019935759025e-01   1.6776034029069309e-01
   2.1386718750000000e-01  -1.0554815385380607e+00  -8.9079750603630881e-01   1.6468403250175190e-01
   2.1582031250000000e-01   1.1075249474612097e+00   9.8837447100935072e-01   1.1915047645185894e-01
   2.1777343750000000e-01  -1.0809481801192149e+00  -9.8618132036791772e-01   9.4766859751297172e-02
   1.5722656250000000e-01  -8.4326525898062243e-01  -9.5536803222747357e-01   1.1210277324685114e-01
   1.5917968750000000e-01   8.8607345991277953e-01   9.9981616992490008e-01   1.1374271001212055e-01
   1.6113281250000000e-01  -8.3316938139621755e-01  -9.4333922528510294e-01   1.1016984388888540e-01
   1.6308593750000000e-01   6.7316330206449493e-01   7.9163818660911589e-01   1.1847488454462096e-01
   1.6503906250000000e-01  -4.9918987356070943e-01  -5.6002630875274562e-01   6.0836435192036187e-02
   1.6699218750000000e-01   2.9695309263112790e-01   2.7188333745934090e-01   2.5069755171787000e-02
   1.6894531250000000e-01  -5.2228942114453503e-02   4.3704527250084675e-02   9.5933469364538171e-02
   1.7089843750000000e-01  -2.0714363316653817e-01  -3.5488069794624427e-01   1.4773706477970611e-01
   1.7285156250000000e-01   4.4054515694332963e-01   6.3023391964688358e-01   1.8968876270355395e-01
   1.7480468750000000e-01  -6.1669550282405794e-01  -8.4196903619440189e-01   2.2527353337034395e-01
   1.7675781250000000e-01   7.2648282085151550e-01   9.6871273445980177e-01   2.4222991360828627e-01
   1.7871093750000000e-01  -7.9007297487839878e-01  -9.9767104434344100e-01   2.0759806946504222e-01
   1.8066406250000000e-01   8.2651240947404858e-01   9.2592080867176885e-01   9.9408399197720265e-02
   1.8261718750000000e-01  -7.7351612972626071e-01  -7.6070475731923382e-01   1.2811372407026900e-02
   1.8457031250000000e-01   5.6662937654172651e-01   5.1870039969980530e-01   4.7928976841921211e-02
   1.8652343750000000e-01  -3.2552431475457411e-01  -2.2433653628045805e-01   1.0118777847411606e-01
   1.2597656250000000e-01  -5.9713999254006467e-01  -6.3853436205945713e-01   4.1394369519392460e-02
   1.2792968750000000e-01   3.3884807799790906e-01   3.6489900101625417e-01   2.6050923018345107e-02
   1.2988281250000000e-01  -1.7161999924439897e-02  -5.4429407010903305e-02   3.7267407086463408e-02
   1.3183593750000000e-01  -2.6351431924657120e-01  -2.6153448939661239e-01   1.9798298499588141e-03
   1.3378906250000000e-01   4.8136525978574696e-01   5.5109814276909153e-01   6.9732882983344568e-02
   1.3574218750000000e-01  -6.7650779651424386e-01  -7.8503194426686096e-01   1.0852414775261710e-01
   1.3769531250000000e-01   8.2743235658583103e-01   9.3972176472516111e-01   1.1228940813933008e-01
   1.3964843750000000e-01  -8.9294612863126588e-01  -9.9955265077945765e-01   1.0660652214819177e-01
   1.4160156250000000e-01   8.4769039152388359e-01   9.5848505507796877e-01   1.1079466355408518e-01
   1.4355468750000000e-01  -6.8404544133522904e-01  -8.2066449016814169e-01   1.3661904883291265e-01
   1.4550781250000000e-01   4.1198926853729745e-01   6.0000306537536552e-01   1.8801379683806807e-01
   1.4746093750000000e-01  -7.4388521370408967e-02  -3.1877514786411598e-01   2.4438662649370702e-01
   1.4941406250000000e-01  -2.3847316848718947e-01   5.3689069639919944e-03   2.4384207545118147e-01
   1.5136718750000000e-01   4.6346177399892241e-01   3.0857929094153080e-01   1.5488248305739161e-01
   1.5332031250000000e-01  -6.7384194699195632e-01  -5.9137837235679380e-01   8.2463574635162518e-02
   1.5527343750000000e-01   8.3180746254336668e-01   8.1448156895050416e-01   1.7325893592862518e-02
   3.4472656250000000e-01  -3.8623329908260473e-01  -4.6665498951558387e-01   8.0421690432979143e-02
   3.4667968750000000e-01   6.2673989274912856e-01   7.2053456557394790e-01   9.3794672824819347e-02
   3.4863281250000000e-01  -8.2003707575148610e-01  -9.0168076069206504e-01   8.1643684940578942e-02
   3.5058593750000000e-01   8.7485183126773336e-01   9.9180801877741476e-01   1.1695618750968140e-01
   3.5253906250000000e-01  -8.6760994975399086e-01  -9.8181856644253984e-01   1.1420861668854898e-01
   3.5449218750000000e-01   8.1473334574008049e-01   8.7272077535588088e-01   5.7987429615800390e-02
   3.5644531250000000e-01  -6.8552584839585506e-01  -6.7552737353624503e-01   9.9984748596100292e-03
   3.5839843750000000e-01   4.7627953464848360e-01   4.1014378051352485e-01   6.6135754134958757e-02
   3.6035156250000000e-01  -2.0824985235628901e-01  -1.0335878184877008e-01   1.0489107050751893e-01
   3.6230468750000000e-01  -9.3147166870267029e-02  -2.1385962835906713e-01   1.2071246148880010e-01
   3.6425781250000000e-01   4.1117029672184913e-01   5.0949026948505127e-01   9.8319972763202146e-02
   3.6621093750000000e-01  -7.3313664628598385e-01  -7.5369110886883284e-01   2.0554462582848987e-02
   3.6816406250000000e-01   1.0090341451622464e+00   9.2181162518176119e-01   8.7222519980485247e-02
   3.7011718750000000e-01  -1.1282276009472412e+00  -9.9688112174782029e-01   1.3134647919942088e-01
   3.7207031250000000e-01   1.0823722684436916e+00   9.7132181041975285e-01   1.1105045802393876e-01
   3.7402343750000000e-01  -9.6216115136434155e-01  -8.4771374108860909e-01   1.1444741027573246e-01
   3.1347656250000000e-01  -8.9274965589831368e-01  -9.9569662829565520e-01   1.0294697239734152e-01
   3.1542968750000000e-01   8.1853243391168462e-01   9.1637228239925261e-01   9.7839848487567993e-02
   3.1738281250000000e-01  -6.4479060254535625e-01  -7.4454598380924519e-01   9.9755381263888943e-02
   3.1933593750000000e-01   4.0606838979562099e-01   4.9756250434923699e-01   9.1494114553616002e-02
   3.2128906250000000e-01  -1.8267449652591949e-01  -2.0035325516284599e-01   1.7678758636926500e-02
   3.2324218750000000e-01  -5.2942018483008724e-02  -1.1708038064789801e-01   6.4138362164889287e-02
   3.2519531250000000e-01   3.0275803020310832e-01   4.2269549680232343e-01   1.1993746659921511e-01
   3.2714843750000000e-01  -5.2841541701417327e-01  -6.8564219139926141e-01   1.5722677438508814e-01
   3.2910156250000000e-01   6.8830812941897079e-01   8.7937766827200237e-01   1.9106953885303157e-01
   3.3105468750000000e-01  -7.5533854732191230e-01  -9.8434556341766044e-01   2.2900701609574814e-01
   3.3300781250000000e-01   7.2667873312423126e-01   9.8995003554159400e-01   2.6327130241736274e-01
   3.3496093750000000e-01  -6.3550536819809622e-01  -8.9562534883400724e-01   2.6011998063591102e-01
   3.3691406250000000e-01   5.3381080125944891e-01   7.1089298040111437e-01   1.7708217914166546e-01
   3.3886718750000000e-01  -4.0004316673297069e-01  -4.5440048771925484e-01   5.4357320986284152e-02
   3.4082031250000000e-01   1.5456801783648189e-01   1.5203915632819023e-01   2.5288615082916521e-03
   3.4277343750000000e-01   9.5398564751974391e-02   1.6566956074484149e-01   7.0270995992867097e-02
   2.8222656250000000e-01  -2.9704702214259981e-01  -2.9541821710547223e-01   1.6288050371275897e-03
   2.8417968750000000e-01  -2.6072054566839142e-04  -1.9173584868386870e-02   1.8912864322718478e-02
   2.8613281250000000e-01   3.2653717363444912e-01   3.3182993541652334e-01   5.2927617820742179e-03
   2.8808593750000000e-01  -5.6406014493302337e-01  -6.1099016481632529e-01   4.6930019883301921e-02
   2.9003906250000000e-01   7.2779425862739799e-01   8.2847482370004599e-01   1.0068056507264800e-01
   2.9199218750000000e-01  -8.5525143963932493e-01  -9.6233021921375672e-01   1.0707877957443179e-01
   2.9394531250000000e-01   9.1724211182929594e-01   9.9904450065942618e-01   8.1802388830130246e-02
   2.9589843750000000e-01  -8.8071194394932206e-01  -9.3491159487148967e-01   5.4199650922167608e-02
   2.9785156250000000e-01   7.3505724646227577e-01   7.7640531072789243e-01   4.1348064265616657e-02
   2.9980468750000000e-01  -4.8496485433292946e-01  -5.3952584932496350e-01   5.4560994992034040e-02
   3.0175781250000000e-01   1.4500487526748884e-01   2.4818468545699779e-01   1.0317981018950895e-01
   3.0371093750000000e-01   2.4673959971084969e-01   6.8209143658887320e-02   1.7853045605196238e-01
   3.0566406250000000e-01  -6.0047487909763220e-01  -3.7771769361346241e-01   2.2275718548416978e-01
   3.0761718750000000e-01   8.2204790382550641e-01   6.4909804513029035e-01   1.7294985869521606e-01
   3.0957031250000000e-01  -9.6406912995837502e-01  -8.5495607802465967e-01   1.0911305193371534e-01
   3.1152343750000000e-01   1.0351747092479968e+00   9.7451173337713548e-01   6.0662975870861335e-02
   2.5097656250000000e-01   6.6540419104975967e-01   7.6959331368544559e-01   1.0418912263568592e-01
   2.5292968750000000e-01  -8.1873094990274353e-01  -9.3104710893560882e-01   1.1231615903286529e-01
   2.5488281250000000e-01   8.9471400442164395e-01   9.9851762110262432e-01   1.0380361668098037e-01
   2.5683593750000000e-01  -8.3778106804558661e-01  -9.6519413117571407e-01   1.2741306313012746e-01
   2.5878906250000000e-01   7.3970757744439197e-01   8.3444043348607988e-01   9.4732856041687907e-02
   2.6074218750000000e-01  -6.0164150002697170e-01  -6.1945528206688949e-01   1.7813782039917792e-02
   2.6269531250000000e-01   3.9926921763968143e-01   3.4194006039335934e-01   5.7329157246322093e-02
   2.6464843750000000e-01  -1.4565212628559721e-01  -2.9908164767469242e-02   1.1574396151812796e-01
   2.6660156250000000e-01  -1.2572364613782838e-01  -2.8514276984029568e-01   1.5941912370246730e-01
   2.6855468750000000e-01   3.8416469931246411e-01   5.7141035567889886e-01   1.8724565636643475e-01
   2.7050781250000000e-01  -6.1569242087432485e-01  -7.9999770095931333e-01   1.8430528008498848e-01
   2.7246093750000000e-01   8.2435489640016613e-01   9.4783036726211833e-01   1.2347547086195221e-01
   2.7441406250000000e-01  -9.9339332484009901e-01  -9.9998558731514353e-01   6.5922624750445191e-03
   2.7636718750000000e-01   1.0292161981256527e+00   9.5119862342309547e-01   7.8017574702557213e-02
   2.7832031250000000e-01  -8.9243349673103012e-01  -8.0639420924792127e-01   8.6039287483108851e-02
   2.8027343750000000e-01   6.9688877412121997e-01   5.8018942927278205e-01   1.1669934484843791e-01
   3.7597656250000000e-01   5.9713852795869116e-01   6.3853436205944358e-01   4.1395834100752427e-02
   3.7792968750000000e-01  -3.3884541018954906e-01  -3.6489900101618478e-01   2.6053590826635720e-02
   3.7988281250000000e-01   1.7165190427022026e-02   5.4429407010885694e-02   3.7264216583863669e-02
   3.8183593750000000e-01   2.6351804358456832e-01   2.6153448939668428e-01   1.9835541878840401e-03
   3.8378906250000000e-01  -4.8136000105776588e-01  -5.5109814276910618e-01   6.9738141711340296e-02
   3.8574218750000000e-01   6.7651272070395407e-01   7.8503194426690714e-01   1.0851922356295307e-01
   3.8769531250000000e-01  -8.2742801446543268e-01  -9.3972176472516711e-01   1.1229375025973443e-01
   3.8964843750000000e-01   8.9294497905194703e-01   9.9955265077945998e-01   1.0660767172751295e-01
   3.9160156250000000e-01  -8.4769565563306060e-01  -9.5848505507796367e-01   1.1078939944490307e-01
   3.9355468750000000e-01   6.8405211162263413e-01   8.2066449016809906e-01   1.3661237854546493e-01
   3.9550781250000000e-01  -4.1198438052617803e-01  -6.0000306537535142e-01   1.8801868484917339e-01
   3.9746093750000000e-01   7.4391163030441021e-02   3.1877514786401845e-01   2.4438398483357743e-01
   3.9941406250000000e-01   2.3847382326738398e-01  -5.3689069639459375e-03   2.4384273023132991e-01
   4.0136718750000000e-01  -4.6346279873836238e-01  -3.0857929094162867e-01   1.5488350779673371e-01
   4.0332031250000000e-01   6.7384018587173955e-01   5.9137837235683088e-01   8.2461813514908666e-02
   4.0527343750000000e-01  -8.3180778966011815e-01  -8.1448156895056378e-01   1.7326220709554363e-02
   4.0722656250000000e-01   8.4326717793130967e-01   9.5536803222748723e-01   1.1210085429617755e-01
   4.0917968750000000e-01  -8.8608262409151450e-01  -9.9981616992489819e-01   1.1373354583338369e-01
   4.1113281250000000e-01   8.3317504806927900e-01   9.4333922528508762e-01   1.1016417721580862e-01
   4.1308593750000000e-01  -6.7316578166082763e-01  -7.9163818660905305e-01   1.1847240494822542e-01
   4.1503906250000000e-01   4.9918587769019496e-01   5.6002630875270742e-01   6.0840431062512468e-02
   4.1699218750000000e-01  -2.9695335433478931e-01  -2.7188333745924187e-01   2.5070016875547441e-02
   4.1894531250000000e-01   5.2229701090766412e-02  -4.3704527250130687e-02   9.5934228340897099e-02
   4.2089843750000000e-01   2.0714795375351969e-01   3.5488069794634047e-01   1.4773274419282079e-01
   4.2285156250000000e-01  -4.4054968694246099e-01  -6.3023391964691933e-01   1.8968423270445833e-01
   4.2480468750000000e-01   6.1668934221560789e-01   8.4196903619445740e-01   2.2527969397884950e-01
   4.2675781250000000e-01  -7.2648999917362289e-01  -9.6871273445981321e-01   2.4222273528619032e-01
   4.2871093750000000e-01   7.9007499317827978e-01   9.9767104434343201e-01   2.0759605116515223e-01
   4.3066406250000000e-01  -8.2651088909835835e-01  -9.2592080867174076e-01   9.9409919573382410e-02
   4.3261718750000000e-01   7.7351524167511343e-01   7.6070475731914866e-01   1.2810484355964769e-02
   4.3457031250000000e-01  -5.6663042197914137e-01  -5.1870039969976589e-01   4.7930022279375484e-02
   4.3652343750000000e-01   3.2552236077866326e-01   2.2433653628035777e-01   1.0118582449830549e-01
   4.3847656250000000e-01   4.8267975216035097e-02   9.2672673429997202e-02   4.4404698213962104e-02
   4.4042968750000000e-01  -3.3932858176757463e-01  -4.0032716626582093e-01   6.0998584498246300e-02
   4.4238281250000000e-01   6.2051552226338913e-01   6.6757117822260548e-01   4.7055655959216347e-02
   4.4433593750000000e-01  -7.7873078823421338e-01  -8.6742812628237964e-01   8.8697338048166263e-02
   4.4628906250000000e-01   8.6342965187418130e-01   9.7972372286560938e-01   1.1629407099142808e-01
   4.4824218750000000e-01  -9.0378981123717494e-01  -9.9312244183047804e-01   8.9332630593303097e-02
   4.5019531250000000e-01   8.6741277238974135e-01   9.0627176772921769e-01   3.8858995339476343e-02
   4.5214843750000000e-01  -7.3439574852127976e-01  -7.2793872363899370e-01   6.4570248822860554e-03
   4.5410156250000000e-01   5.1050931343300476e-01   4.7612489595115765e-01   3.4384417481847118e-02
   4.5605468750000000e-01  -2.1204889158823903e-01  -1.7624928873601403e-01   3.5799602852224999e-02
   4.5800781250000000e-01  -1.4404216837090189e-01  -1.4141756302240319e-01   2.6246053484987042e-03
   4.5996093750000000e-01   5.3029816368568561e-01   4.4480921137714607e-01   8.5488952308539534e-02
   4.6191406250000000e-01  -8.7105847604539122e-01  -7.0330019935762300e-01   1.6775827668776822e-01
   4.6386718750000000e-01   1.0554835296517808e+00   8.9079750603630392e-01   1.6468602361547691e-01
   4.6582031250000000e-01  -1.1075252067420394e+00  -9.8837447100935771e-01   1.1915073573268165e-01
   4.6777343750000000e-01   1.0809527304503206e+00   9.8618132036791950e-01   9.4771410082401086e-02
   4.6972656250000000e-01  -8.0632210362637124e-01  -8.8443943871820174e-01   7.8117335091830498e-02
   4.7167968750000000e-01   6.2636498136305363e-01   6.9341902181377135e-01   6.7054040450717722e-02
   4.7363281250000000e-01  -3.5824896340876933e-01  -4.3240236562458673e-01   7.4153402215817399e-02
   4.7558593750000000e-01   7.7146784224851217e-02   1.2773744121760325e-01   5.0590656992752031e-02
   4.7753906250000000e-01   1.6165415548977080e-01   1.8982176531877237e-01   2.8167609829001572e-02
   4.7949218750000000e-01  -3.9477576876102205e-01  -4.8821967213768169e-01   9.3443903376659643e-02
   4.8144531250000000e-01   6.1165451502820645e-01   7.3733490871056484e-01   1.2568039368235839e-01
   4.8339843750000000e-01  -7.6923415574162846e-01  -9.1202087657359554e-01   1.4278672083196708e-01
   4.8535156250000000e-01   8.3127503057017549e-01   9.9464413848106359e-01   1.6336910791088810e-01
   4.8730468750000000e-01  -7.7898952461978865e-01  -9.7686440172529776e-01   1.9787487710550911e-01
   4.8925781250000000e-01   6.1623763137248488e-01   8.6047641763156679e-01   2.4423878625908191e-01
   4.9121093750000000e-01  -3.8419686281356746e-01  -6.5722881282858747e-01   2.7303195001502001e-01
   4.9316406250000000e-01   1.5983223418608361e-01   3.8763814012525138e-01   2.2780590593916777e-01
   4.9511718750000000e-01   3.4320179793368766e-02  -7.8917863014708711e-02   1.1323804280807748e-01
   4.9707031250000000e-01  -2.8102816930518415e-01  -2.3776867035606536e-01   4.3259498949118791e-02
   4.9902343750000000e-01   5.0180097137024404e-01   5.3045396894504404e-01   2.8652997574799999e-02
   5.0097656250000000e-01  -6.6539909269857844e-01  -7.6959331368551132e-01   1.0419422098693287e-01
   5.0292968750000000e-01   8.1872995963038164e-01   9.3104710893562559e-01   1.1231714930524395e-01
   5.0488281250000000e-01  -8.9470990981976684e-01  -9.9851762110262987e-01   1.0380771128286304e-01
   5.0683593750000000e-01   8.3777810275500997e-01   9.6519413117570207e-01   1.2741602842069211e-01
   5.0878906250000000e-01  -7.3970490780826026e-01  -8.3444043348602315e-01   9.4735525677762888e-02
   5.1074218750000000e-01   6.0163732074181553e-01   6.1945528206685330e-01   1.7817961325037768e-02
   5.1269531250000000e-01  -3.9926742432658102e-01  -3.4194006039326263e-01   5.7327363933318387e-02
   5.1464843750000000e-01   1.4564999340760210e-01   2.9908164767423202e-02   1.1574182864017890e-01
   5.1660156250000000e-01   1.2571881774374560e-01   2.8514276984039433e-01   1.5942395209664872e-01
   5.1855468750000000e-01  -3.8416794385705089e-01  -5.7141035567893672e-01   1.8724241182188583e-01
   5.2050781250000000e-01   6.1568856157532537e-01   7.9999770095937506e-01   1.8430913938404969e-01
   5.2246093750000000e-01  -8.2435602318741985e-01  -9.4783036726213299e-01   1.2347434407471314e-01
   5.2441406250000000e-01   9.9338892765240416e-01   9.9998558731514409e-01   6.5966596627399232e-03
   5.2636718750000000e-01  -1.0292155092013786e+00  -9.5119862342308126e-01   7.8016885778297351e-02
   5.2832031250000000e-01   8.9243376121351048e-01   8.0639420924786043e-01   8.6039551965650052e-02
   5.3027343750000000e-01  -6.9688669560400740e-01  -5.8018942927274453e-01   1.1669726633126287e-01
   5.3222656250000000e-01   2.9704524989350034e-01   2.9541821710537391e-01   1.6270327881264257e-03
   5.3417968750000000e-01   2.6553295582232295e-04   1.9173584868432916e-02   1.8908051912610593e-02
   5.3613281250000000e-01  -3.2653591270181437e-01  -3.3182993541662043e-01   5.2940227148060570e-03
   5.3808593750000000e-01   5.6405734361646864e-01   6.1099016481636181e-01   4.6932821199893171e-02
   5.4003906250000000e-01  -7.2779680878866770e-01  -8.2847482370010361e-01   1.0067801491143591e-01
   5.4199218750000000e-01   8.5525018667465247e-01   9.6233021921376927e-01   1.0708003253911680e-01
   5.4394531250000000e-01  -9.1724337354355612e-01  -9.9904450065942663e-01   8.1801127115870509e-02
   5.4589843750000000e-01   8.8070936933287669e-01   9.3491159487147335e-01   5.4202225538596660e-02
   5.4785156250000000e-01  -7.3505145180419618e-01  -7.7640531072789920e-01   4.1353858923703024e-02
   5.4980468750000000e-01   4.8496516674180157e-01   5.3952584932492464e-01   5.4560682583123077e-02
   5.5175781250000000e-01  -1.4500928125931978e-01  -2.4818468545700823e-01   1.0317540419768845e-01
   5.5371093750000000e-01  -2.4673866219671936e-01  -6.8209143658933269e-02   1.7852951853778609e-01
   5.5566406250000000e-01   6.0047466340893152e-01   3.7771769361345242e-01   2.2275696979547910e-01
   5.5761718750000000e-01  -8.2204666121998571e-01  -6.4909804513032532e-01   1.7294861608966039e-01
   5.5957031250000000e-01   9.6406571077503145e-01   8.5495607802465401e-01   1.0910963275037744e-01
   5.6152343750000000e-01  -1.0351731456506243e+00  -9.7451173337714581e-01   6.0661412273478543e-02
   5.6347656250000000e-01   8.9275460476962110e-01   9.9569662829565619e-01   1.0294202352603510e-01
   5.6542968750000000e-01  -8.1853392796443813e-01  -9.1637228239923418e-01   9.7838354434796049e-02
   5.6738281250000000e-01   6.4479164647792686e-01   7.4454598380925241e-01   9.9754337331325549e-02
   5.6933593750000000e-01  -4.0606712154830404e-01  -4.9756250434919702e-01   9.1495382800892977e-02
   5.7128906250000000e-01   1.8267648844559403e-01   2.0035325516285657e-01   1.7676766717262538e-02
   5.7324218750000000e-01   5.2940239648023635e-02   1.1708038064794375e-01   6.4140140999920117e-02
   5.7519531250000000e-01  -3.0275554099850410e-01  -4.2269549680231366e-01   1.1993995580380956e-01
   5.7714843750000000e-01   5.2841454648257269e-01   6.8564219139929494e-01   1.5722764491672225e-01
   5.7910156250000000e-01  -6.8830209595341785e-01  -8.7937766827199726e-01   1.9107557231857941e-01
   5.8105468750000000e-01   7.5534272807195180e-01   9.8434556341766855e-01   2.2900283534571675e-01
   5.8300781250000000e-01  -7.2667553130901297e-01  -9.8995003554159544e-01   2.6327450423258247e-01
   5.8496093750000000e-01   6.3551492512829100e-01   8.9562534883396139e-01   2.6011042370567039e-01
   5.8691406250000000e-01  -5.3380708677474331e-01  -7.1089298040108195e-01   1.7708589362633864e-01
   5.8886718750000000e-01   4.0004850863041952e-01   4.5440048771916314e-01   5.4351979088743618e-02
   5.9082031250000000e-01  -1.5456746419488354e-01  -1.5203915632814471e-01   2.5283078667388270e-03
   5.9277343750000000e-01  -9.5400766119126956e-02  -1.6566956074494296e-01   7.0268794625816006e-02
   5.9472656250000000e-01   3.8623447473732142e-01   4.6665498951562462e-01   8.0420514778303198e-02
   5.9667968750000000e-01  -6.2673732726830167e-01  -7.2053456557401929e-01   9.3797238305717623e-02
   5.9863281250000000e-01   8.2003786364833786e-01   9.0168076069208503e-01   8.1642897043747165e-02
   6.0058593750000000e-01  -8.7485270306081020e-01  -9.9180801877742786e-01   1.1695531571661766e-01
   6.0253906250000000e-01   8.6760858893919135e-01   9.8181856644253118e-01   1.1420997750333983e-01
   6.0449218750000000e-01  -8.1472854410566242e-01  -8.7272077535583070e-01   5.7992231250168280e-02
   6.0644531250000000e-01   6.8552258463273574e-01   6.7552737353625303e-01   9.9952110964827146e-03
   6.0839843750000000e-01  -4.7627663488981398e-01  -4.1014378051343098e-01   6.6132854376382999e-02
   6.1035156250000000e-01   2.0824911443506267e-01   1.0335878184878081e-01   1.0489033258628186e-01
   6.1230468750000000e-01   9.3149940009993770e-02   2.1385962835916766e-01   1.2070968834917389e-01
   6.1425781250000000e-01  -4.1116811365844796e-01  -5.0949026948504206e-01   9.8322155826594093e-02
   6.1621093750000000e-01   7.3313289054328834e-01   7.5369110886890045e-01   2.0558218325612110e-02
   6.1816406250000000e-01  -1.0090363454289104e+00  -9.2181162518175708e-01   8.7224720247153331e-02
   6.2011718750000000e-01   1.1282287486135374e+00   9.9688112174782839e-01   1.3134762686570900e-01
   6.2207031250000000e-01  -1.0823706327929585e+00  -9.7132181041975540e-01   1.1104882237320313e-01
   6.2402343750000000e-01   9.6215882672672137e-01   8.4771374108855446e-01   1.1444508563816691e-01
   6.2597656250000000e-01  -5.9714446290860224e-01  -6.3853436205936442e-01   4.1389899150762188e-02
   6.2792968750000000e-01   3.3884937331089304e-01   3.6489900101619482e-01   2.6049627705301781e-02
   6.2988281250000000e-01  -1.7161430120324894e-02  -5.4429407010782950e-02   3.7267976890458056e-02
   6.3183593750000000e-01  -2.6351362595360328e-01  -2.6153448939667390e-01   1.9791365569293839e-03
   6.3378906250000000e-01   4.8136204725078358e-01   5.5109814276919211e-01   6.9736095518408536e-02
   6.3574218750000000e-01  -6.7650744981071398e-01  -7.8503194426690048e-01   1.0852449445618650e-01
   6.3769531250000000e-01   8.2743731386779018e-01   9.3972176472520230e-01   1.1228445085741212e-01
   6.3964843750000000e-01  -8.9293936592727619e-01  -9.9955265077945965e-01   1.0661328485218347e-01
   6.4160156250000000e-01   8.4769685558826779e-01   9.5848505507793436e-01   1.1078819948966656e-01
   6.4355468750000000e-01  -6.8404768570968599e-01  -8.2066449016810528e-01   1.3661680445841928e-01
   6.4550781250000000e-01   4.1198634952706925e-01   6.0000306537526915e-01   1.8801671584819990e-01
   6.4746093750000000e-01  -7.4395427694184946e-02  -3.1877514786402866e-01   2.4437972016984372e-01
   6.4941406250000000e-01  -2.3847211874240060e-01   5.3689069638430380e-03   2.4384102570624364e-01
   6.5136718750000000e-01   4.6346592784732366e-01   3.0857929094161840e-01   1.5488663690570525e-01
   6.5332031250000000e-01  -6.7384048549162401e-01  -5.9137837235691393e-01   8.2462113134710080e-02
   6.5527343750000000e-01   8.3180630734921124e-01   8.1448156895055757e-01   1.7324738398653672e-02
   6.5722656250000000e-01  -8.4326413813806766e-01  -9.5536803222751765e-01   1.1210389408944998e-01
   6.5917968750000000e-01   8.8607734241118408e-01   9.9981616992489830e-01   1.1373882751371422e-01
   6.6113281250000000e-01  -8.3317167946194104e-01  -9.4333922528505354e-01   1.1016754582311250e-01
   6.6308593750000000e-01   6.7316301471441875e-01   7.9163818660905960e-01   1.1847517189464085e-01
   6.6503906250000000e-01  -4.9918511545425304e-01  -5.6002630875262216e-01   6.0841193298369123e-02
   6.6699218750000000e-01   2.9695651445200610e-01   2.7188333745925225e-01   2.5073176992753854e-02
   6.6894531250000000e-01  -5.2226962800318688e-02   4.3704527250233487e-02   9.5931490050552182e-02
   6.7089843750000000e-01  -2.0715352568959133e-01  -3.5488069794633037e-01   1.4772717225673904e-01
   6.7285156250000000e-01   4.4054690720306056e-01   6.3023391964699926e-01   1.8968701244393871e-01
   6.7480468750000000e-01  -6.1669645972472154e-01  -8.4196903619445163e-01   2.2527257646973009e-01
   6.7675781250000000e-01   7.2647883279458370e-01   9.6871273445983874e-01   2.4223390166525505e-01
   6.7871093750000000e-01  -7.9007385948051478e-01  -9.9767104434343279e-01   2.0759718486291800e-01
   6.8066406250000000e-01   8.2650718528159928e-01   9.2592080867170190e-01   9.9413623390102623e-02
   6.8261718750000000e-01  -7.7351439891066320e-01  -7.6070475731915566e-01   1.2809641591507548e-02
   6.8457031250000000e-01   5.6662877322308702e-01   5.1870039969967796e-01   4.7928373523409062e-02
   6.8652343750000000e-01  -3.2552428201626071e-01  -2.2433653628036829e-01   1.0118774573589243e-01
   7.1972656250000000e-01   8.0632557325146692e-01   8.8443943871815378e-01   7.8113865466686860e-02
   7.2167968750000000e-01  -6.2636763305751764e-01  -6.9341902181377912e-01   6.7051388756261487e-02
   7.2363281250000000e-01   3.5824552526558406e-01   4.3240236562459644e-01   7.4156840359012377e-02
   7.2558593750000000e-01  -7.7148646742330129e-02  -1.2773744121750119e-01   5.0588794475171062e-02
   7.2753906250000000e-01  -1.6165098788735577e-01  -1.8982176531887340e-01   2.8170777431517635e-02
   7.2949218750000000e-01   3.9477823571233728e-01   4.8821967213767231e-01   9.3441436425335034e-02
   7.3144531250000000e-01  -6.1165804514371303e-01  -7.3733490871055762e-01   1.2567686356684460e-01
   7.3339843750000000e-01   7.6923595268965528e-01   9.1202087657363773e-01   1.4278492388398245e-01
   7.3535156250000000e-01  -8.3127809263325503e-01  -9.9464413848107425e-01   1.6336604584781922e-01
   7.3730468750000000e-01   7.7898637235631440e-01   9.7686440172530009e-01   1.9787802936898569e-01
   7.3925781250000000e-01  -6.1623972821988104e-01  -8.6047641763157223e-01   2.4423668941169119e-01
   7.4121093750000000e-01   3.8419914700114077e-01   6.5722881282850998e-01   2.7302966582736921e-01
   7.4316406250000000e-01  -1.5982840399777842e-01  -3.8763814012515652e-01   2.2780973612737809e-01
   7.4511718750000000e-01  -3.4321505123116935e-02   7.8917863014719467e-02   1.1323936813783640e-01
   7.4707031250000000e-01   2.8103152700384726e-01   2.3776867035605487e-01   4.3262856647792391e-02
   7.4902343750000000e-01  -5.0180160733356161e-01  -5.3045396894513130e-01   2.8652361611569699e-02
   6.8847656250000000e-01  -4.8269540626620255e-02  -9.2672673430099661e-02   4.4403132803479406e-02
   6.9042968750000000e-01   3.3932797273411097e-01   4.0032716626581105e-01   6.0999193531700080e-02
   6.9238281250000000e-01  -6.2051661669325142e-01  -6.6757117822268219e-01   4.7054561529430772e-02
   6.9433593750000000e-01   7.7873338590632102e-01   8.6742812628237431e-01   8.8694740376053294e-02
   6.9628906250000000e-01  -8.6343187593195125e-01  -9.7972372286563003e-01   1.1629184693367878e-01
   6.9824218750000000e-01   9.0378805163101106e-01   9.9312244183047937e-01   8.9334390199468316e-02
   7.0019531250000000e-01  -8.6740851177893319e-01  -9.0627176772917417e-01   3.8863255950240982e-02
   7.0214843750000000e-01   7.3439599493121932e-01   7.2793872363900114e-01   6.4572712922181807e-03
   7.0410156250000000e-01  -5.1051451762970146e-01  -4.7612489595106711e-01   3.4389621678634352e-02
   7.0605468750000000e-01   2.1204421445708022e-01   1.7624928873602463e-01   3.5794925721055582e-02
   7.0800781250000000e-01   1.4404437155178584e-01   1.4141756302250505e-01   2.6268085292807941e-03
   7.0996093750000000e-01  -5.3030294465247607e-01  -4.4480921137723828e-01   8.5493733275237793e-02
   7.1191406250000000e-01   8.7106248370662342e-01   7.0330019935769617e-01   1.6776228434892726e-01
   7.1386718750000000e-01  -1.0554826775039032e+00  -8.9079750603629904e-01   1.6468517146760420e-01
   7.1582031250000000e-01   1.1075229644932421e+00   9.8837447100935605e-01   1.1914849348388601e-01
   7.1777343750000000e-01  -1.0809475833852957e+00  -9.8618132036790240e-01   9.4766263017393326e-02
   9.6972656250000000e-01  -8.0632225356288245e-01  -8.8443943871815878e-01   7.8117185155276325e-02
   9.7167968750000000e-01   6.2636679780615623e-01   6.9341902181362303e-01   6.7052224007466799e-02
   9.7363281250000000e-01  -3.5824482938230062e-01  -4.3240236562460621e-01   7.4157536242305588e-02
   9.7558593750000000e-01   7.7146492931490229e-02   1.2773744121751188e-01   5.0590948286021648e-02
   9.7753906250000000e-01   1.6165073482488879e-01   1.8982176531886283e-01   2.8171030493974042e-02
   9.7949218750000000e-01  -3.9477532504977830e-01  -4.8821967213786133e-01   9.3444347088083024e-02
   9.8144531250000000e-01   6.1165541274302626e-01   7.3733490871055030e-01   1.2567949596752404e-01
   9.8339843750000000e-01  -7.6923026480353940e-01  -9.1202087657363329e-01   1.4279061177009389e-01
   9.8535156250000000e-01   8.3128105353875981e-01   9.9464413848107314e-01   1.6336308494231333e-01
   9.8730468750000000e-01  -7.7898978850757317e-01  -9.7686440172525379e-01   1.9787461321768063e-01
   9.8925781250000000e-01   6.1623938723964233e-01   8.6047641763157778e-01   2.4423703039193545e-01
   9.9121093750000000e-01  -3.8419646319619005e-01  -6.5722881282851808e-01   2.7303234963232803e-01
   9.9316406250000000e-01   1.5983093031991302e-01   3.8763814012516645e-01   2.2780720980525343e-01
   9.9511718750000000e-01   3.4319779209226908e-02  -7.8917863014503556e-02   1.1323764222373046e-01
   9.9707031250000000e-01  -2.8103345403215485e-01  -2.3776867035604440e-01   4.3264783676110447e-02
   9.9902343750000000e-01   5.0179961155208730e-01   5.3045396894512220e-01   2.8654357393034902e-02
   9.3847656250000000e-01   4.8265582376600946e-02   9.2672673430088920e-02   4.4407091053487974e-02
   9.4042968750000000e-01  -3.3933181560894354e-01  -4.0032716626590537e-01   6.0995350656961822e-02
   9.4238281250000000e-01   6.2051728213587865e-01   6.6757117822275880e-01   4.7053896086880154e-02
   9.4433593750000000e-01  -7.7873022424830651e-01  -8.6742812628236887e-01   8.8697902034062359e-02
   9.4628906250000000e-01   8.6342560304376548e-01   9.7972372286562781e-01   1.1629811982186233e-01
   9.4824218750000000e-01  -9.0378975039325837e-01  -9.9312244183046727e-01   8.9332691437208900e-02
   9.5019531250000000e-01   8.6740889904736207e-01   9.0627176772913076e-01   3.8862868681768692e-02
   9.5214843750000000e-01  -7.3439579796917087e-01  -7.2793872363900847e-01   6.4570743301624045e-03
   9.5410156250000000e-01   5.1051509587020405e-01   4.7612489595107660e-01   3.4390199919127451e-02
   9.5605468750000000e-01  -2.1205113654599472e-01  -1.7624928873592335e-01   3.5801847810071369e-02
   9.5800781250000000e-01  -1.4404057852672736e-01  -1.4141756302260691e-01   2.6230155041204462e-03
   9.5996093750000000e-01   5.3030208171057325e-01   4.4480921137722862e-01   8.5492870333344628e-02
   9.6191406250000000e-01  -8.7106109992873826e-01  -7.0330019935768850e-01   1.6776090057104975e-01
   9.6386718750000000e-01   1.0554845842191298e+00   8.9079750603639751e-01   1.6468707818273232e-01
   9.6582031250000000e-01  -1.1075240671249276e+00  -9.8837447100935438e-01   1.1914959611557319e-01
   9.6777343750000000e-01   1.0809490035329787e+00   9.8618132036790418e-01   9.4767683165074557e-02
   9.0722656250000000e-01   8.4327054198772089e-01   9.5536803222751443e-01   1.1209749023979354e-01
   9.0917968750000000e-01  -8.8607881719713077e-01  -9.9981616992489641e-01   1.1373735272776564e-01
   9.1113281250000000e-01   8.3317433003603014e-01   9.4333922528501934e-01   1.1016489524898920e-01
   9.1308593750000000e-01  -6.7316601107091856e-01  -7.9163818660906626e-01   1.1847217553814771e-01
   9.1503906250000000e-01   4.9919025283780627e-01   5.6002630875263104e-01   6.0836055914824771e-02
   9.1699218750000000e-01  -2.9695366977097137e-01  -2.7188333745915322e-01   2.5070332311818155e-02
   9.1894531250000000e-01   5.2231749460261767e-02  -4.3704527250336293e-02   9.5936276710598067e-02
   9.2089843750000000e-01   2.0715000221369451e-01   3.5488069794632027e-01   1.4773069573262576e-01
   9.2285156250000000e-01  -4.4054857505469158e-01  -6.3023391964699083e-01   1.8968534459229924e-01
   9.2480468750000000e-01   6.1669721963411916e-01   8.4196903619450714e-01   2.2527181656038797e-01
   9.2675781250000000e-01  -7.2648786216223016e-01  -9.6871273445986428e-01   2.4222487229763412e-01
   9.2871093750000000e-01   7.9007088321316132e-01   9.9767104434343346e-01   2.0760016113027213e-01
   9.3066406250000000e-01  -8.2651379491368360e-01  -9.2592080867170590e-01   9.9407013758022300e-02
   9.3261718750000000e-01   7.7350919315716737e-01   7.6070475731908882e-01   1.2804435838078554e-02
   9.3457031250000000e-01  -5.6663360220710501e-01  -5.1870039969958992e-01   4.7933202507515094e-02
   9.3652343750000000e-01   3.2552316434593820e-01   2.2433653628037878e-01   1.0118662806555942e-01
   8.7597656250000000e-01   5.9713825465064474e-01   6.3853436205937275e-01   4.1396107408728011e-02
   8.7792968750000000e-01  -3.3884830009247935e-01  -3.6489900101609901e-01   2.6050700923619663e-02
   8.7988281250000000e-01   1.7162599420956326e-02   5.4429407010680199e-02   3.7266807589723873e-02
   8.8183593750000000e-01   2.6351718288901793e-01   2.6153448939666346e-01   1.9826934923544703e-03
   8.8378906250000000e-01  -4.8136149021451047e-01  -5.5109814276918312e-01   6.9736652554672651e-02
   8.8574218750000000e-01   6.7651296999206068e-01   7.8503194426696421e-01   1.0851897427490353e-01
   8.8769531250000000e-01  -8.2743340776994501e-01  -9.3972176472523750e-01   1.1228835695529249e-01
   8.8964843750000000e-01   8.9293825580256225e-01   9.9955265077945932e-01   1.0661439497689706e-01
   8.9160156250000000e-01  -8.4769577598535761e-01  -9.5848505507793746e-01   1.1078927909257985e-01
   8.9355468750000000e-01   6.8404987442625043e-01   8.2066449016804643e-01   1.3661461574179601e-01
   8.9550781250000000e-01  -4.1198348998722167e-01  -6.0000306537518677e-01   1.8801957538796510e-01
   8.9746093750000000e-01   7.4392641254576120e-02   3.1877514786403893e-01   2.4438250660946281e-01
   8.9941406250000000e-01   2.3847569178889216e-01  -5.3689069638538228e-03   2.4384459875274600e-01
   9.0136718750000000e-01  -4.6346111223150643e-01  -3.0857929094171632e-01   1.5488182128979011e-01
   9.0332031250000000e-01   6.7384045299132822e-01   5.9137837235699686e-01   8.2462080634331358e-02
   9.0527343750000000e-01  -8.3180542758208276e-01  -8.1448156895055135e-01   1.7323858631531408e-02
   8.4472656250000000e-01  -3.8623218360538658e-01  -4.6665498951561507e-01   8.0422805910228490e-02
   8.4667968750000000e-01   6.2673858302807162e-01   7.2053456557401185e-01   9.3795982545940237e-02
   8.4863281250000000e-01  -8.2003281891013557e-01  -9.0168076069212943e-01   8.1647941781993860e-02
   8.5058593750000000e-01   8.7485215935397775e-01   9.9180801877744107e-01   1.1695585942346332e-01
   8.5253906250000000e-01  -8.6760851022205543e-01  -9.8181856644253318e-01   1.1421005622047775e-01
   8.5449218750000000e-01   8.1473438393379638e-01   8.7272077535583592e-01   5.7986391422039540e-02
   8.5644531250000000e-01  -6.8552396047207598e-01  -6.7552737353617720e-01   9.9965869358987769e-03
   8.5839843750000000e-01   4.7628348911888452e-01   4.1014378051333716e-01   6.6139708605547354e-02
   8.6035156250000000e-01  -2.0824931697123361e-01  -1.0335878184879153e-01   1.0489053512244208e-01
   8.6230468750000000e-01  -9.3148418293822033e-02  -2.1385962835915712e-01   1.2071121006533508e-01
   8.6425781250000000e-01   4.1116715588034936e-01   5.0949026948513054e-01   9.8323113604781187e-02
   8.6621093750000000e-01  -7.3313742433469997e-01  -7.5369110886896806e-01   2.0553684534268091e-02
   8.6816406250000000e-01   1.0090353239113909e+00   9.2181162518175286e-01   8.7223698729638088e-02
   8.7011718750000000e-01  -1.1282310346340410e+00  -9.9688112174782761e-01   1.3134991288621334e-01
   8.7207031250000000e-01   1.0823710028163873e+00   9.7132181041973087e-01   1.1104919239665645e-01
   8.7402343750000000e-01  -9.6215574740097054e-01  -8.4771374108849995e-01   1.1444200631247059e-01
   8.1347656250000000e-01  -8.9275096158110046e-01  -9.9569662829565719e-01   1.0294566671455674e-01
   8.1542968750000000e-01   8.1853230807234922e-01   9.1637228239923840e-01   9.7839974326889179e-02
   8.1738281250000000e-01  -6.4478979246655399e-01  -7.4454598380918380e-01   9.9756191342629807e-02
   8.1933593750000000e-01   4.0606775529140648e-01   4.9756250434910776e-01   9.1494749057701275e-02
   8.2128906250000000e-01  -1.8267133921698075e-01  -2.0035325516286714e-01   1.7681915945886389e-02
   8.2324218750000000e-01  -5.2939222612394587e-02  -1.1708038064793304e-01   6.4141158035538451e-02
   8.2519531250000000e-01   3.0275766983920960e-01   4.2269549680240692e-01   1.1993782696319732e-01
   8.2714843750000000e-01  -5.2841281531331674e-01  -6.8564219139936977e-01   1.5722937608605303e-01
   8.2910156250000000e-01   6.8831096660083801e-01   8.7937766827199215e-01   1.9106670167115414e-01
   8.3105468750000000e-01  -7.5533970895587998e-01  -9.8434556341766666e-01   2.2900585446178667e-01
   8.3300781250000000e-01   7.2667529316390755e-01   9.8995003554158090e-01   2.6327474237767334e-01
   8.3496093750000000e-01  -6.3551122482653000e-01  -8.9562534883391565e-01   2.6011412400738565e-01
   8.3691406250000000e-01   5.3380700666033931e-01   7.1089298040108950e-01   1.7708597374075019e-01
   8.3886718750000000e-01  -4.0005081210563276e-01  -4.5440048771917274e-01   5.4349675613539983e-02
   8.4082031250000000e-01   1.5456646849503386e-01   1.5203915632804299e-01   2.5273121669908694e-03
   8.4277343750000000e-01   9.5399725378229050e-02   1.6566956074504446e-01   7.0269835366815414e-02
   7.8222656250000000e-01  -2.9704843283477089e-01  -2.9541821710527560e-01   1.6302157294952879e-03
   7.8417968750000000e-01  -2.6382564851701318e-04  -1.9173584868422133e-02   1.8909759219905120e-02
   7.8613281250000000e-01   3.2653338040253743e-01   3.3182993541661021e-01   5.2965550140727791e-03
   7.8808593750000000e-01  -5.6406220381154526e-01  -6.1099016481644319e-01   4.6927961004897933e-02
   7.9003906250000000e-01   7.2779621752994217e-01   8.2847482370016123e-01   1.0067860617021906e-01
   7.9199218750000000e-01  -8.5525259613058324e-01  -9.6233021921376627e-01   1.0707762308318303e-01
   7.9394531250000000e-01   9.1724406874405418e-01   9.9904450065942207e-01   8.1800431915367899e-02
   7.9589843750000000e-01  -8.8070869418874054e-01  -9.3491159487143682e-01   5.4202900682696287e-02
   7.9785156250000000e-01   7.3505808753172630e-01   7.7640531072790597e-01   4.1347223196179672e-02
   7.9980468750000000e-01  -4.8496222006119183e-01  -5.3952584932493375e-01   5.4563629263741920e-02
   8.0175781250000000e-01   1.4500941456323346e-01   2.4818468545690855e-01   1.0317527089367509e-01
   8.0371093750000000e-01   2.4673678757503126e-01   6.8209143659035923e-02   1.7852764391599535e-01
   8.0566406250000000e-01  -6.0047709567504626e-01  -3.7771769361344243e-01   2.2275940206160383e-01
   8.0761718750000000e-01   8.2204754073308095e-01   6.4909804513031710e-01   1.7294949560276385e-01
   8.0957031250000000e-01  -9.6406840696118934e-01  -8.5495607802470741e-01   1.0911232893648193e-01
   8.1152343750000000e-01   1.0351794047110161e+00   9.7451173337716890e-01   6.0667671333847206e-02
   7.5097656250000000e-01   6.6539984806161101e-01   7.6959331368557704e-01   1.0419346562396603e-01
   7.5292968750000000e-01  -8.1872959748727681e-01  -9.3104710893562170e-01   1.1231751144834490e-01
   7.5488281250000000e-01   8.9471216001663834e-01   9.9851762110262932e-01   1.0380546108599098e-01
   7.5683593750000000e-01  -8.3778253647199108e-01  -9.6519413117567510e-01   1.2741159470368402e-01
   7.5878906250000000e-01   7.3970398240419399e-01   8.3444043348596642e-01   9.4736451081772421e-02
   7.6074218750000000e-01  -6.0164248817230259e-01  -6.1945528206686185e-01   1.7812793894559253e-02
   7.6269531250000000e-01   3.9926636313578001e-01   3.4194006039327274e-01   5.7326302742507274e-02
   7.6464843750000000e-01  -1.4565012800318300e-01  -2.9908164767320347e-02   1.1574196323586265e-01
   7.6660156250000000e-01  -1.2572066684560923e-01  -2.8514276984049297e-01   1.5942210299488374e-01
   7.6855468750000000e-01   3.8416878415910105e-01   5.7141035567892784e-01   1.8724157151982679e-01
   7.7050781250000000e-01  -6.1569408084983479e-01  -7.9999770095936862e-01   1.8430362010953383e-01
   7.7246093750000000e-01   8.2434962930449274e-01   9.4783036726216574e-01   1.2348073795767300e-01
   7.7441406250000000e-01  -9.9338979819412998e-01  -9.9998558731514464e-01   6.5957891210146613e-03
   7.7636718750000000e-01   1.0292183943299165e+00   9.5119862342308459e-01   7.8019770906831876e-02
   7.7832031250000000e-01  -8.9243417102005651e-01  -8.0639420924786687e-01   8.6039961772189644e-02
   7.8027343750000000e-01   6.9689024115950815e-01   5.8018942927266071e-01   1.1670081188684744e-01
