#         Time          Step               dt         NCell  NUpdate_Cell   ElapsedTime  Perf_Overall  Perf_PerRank   NUpdate_Lv0   NUpdate_Lv1   NUpdate_Lv2   NUpdate_Lv3   NUpdate_Lv4   NUpdate_Lv5   NUpdate_Lv6   NUpdate_Lv7   NUpdate_Lv8   NUpdate_Lv9
 4.5116037e-07             1    4.5116037e-07      1.31e+05      1.31e+05      4.47e-02      2.93e+06      2.93e+06             1             0             0             0             0             0             0             0             0             0
 9.0232075e-07             2    4.5116037e-07      1.31e+05      1.31e+05      4.17e-02      3.14e+06      3.14e+06             1             0             0             0             0             0             0             0             0             0
 1.3534811e-06             3    4.5116037e-07      1.31e+05      1.31e+05      3.92e-02      3.34e+06      3.34e+06             1             0             0             0             0             0             0             0             0             0
 1.8046415e-06             4    4.5116037e-07      1.31e+05      1.31e+05      3.89e-02      3.37e+06      3.37e+06             1             0             0             0             0             0             0             0             0             0
 2.2558019e-06             5    4.5116037e-07      1.31e+05      1.31e+05      3.84e-02      3.41e+06      3.41e+06             1             0             0             0             0             0             0             0             0             0
 2.7069622e-06             6    4.5116037e-07      1.31e+05      1.31e+05      3.77e-02      3.47e+06      3.47e+06             1             0             0             0             0             0             0             0             0             0
 3.1581226e-06             7    4.5116037e-07      1.31e+05      1.31e+05      3.78e-02      3.47e+06      3.47e+06             1             0             0             0             0             0             0             0             0             0
 3.6092830e-06             8    4.5116037e-07      1.31e+05      1.31e+05      3.46e-02      3.78e+06      3.78e+06             1             0             0             0             0             0             0             0             0             0
 4.0604434e-06             9    4.5116037e-07      1.31e+05      1.31e+05      3.37e-02      3.89e+06      3.89e+06             1             0             0             0             0             0             0             0             0             0
 4.5116037e-06            10    4.5116037e-07      1.31e+05      1.31e+05      3.40e-02      3.86e+06      3.86e+06             1             0             0             0             0             0             0             0             0             0
 4.9627641e-06            11    4.5116037e-07      1.31e+05      1.31e+05      3.38e-02      3.88e+06      3.88e+06             1             0             0             0             0             0             0             0             0             0
 5.4139245e-06            12    4.5116037e-07      1.31e+05      1.31e+05      3.39e-02      3.87e+06      3.87e+06             1             0             0             0             0             0             0             0             0             0
 5.8650849e-06            13    4.5116037e-07      1.31e+05      1.31e+05      3.37e-02      3.89e+06      3.89e+06             1             0             0             0             0             0             0             0             0             0
 6.3162452e-06            14    4.5116037e-07      1.31e+05      1.31e+05      3.40e-02      3.86e+06      3.86e+06             1             0             0             0             0             0             0             0             0             0
 6.7674056e-06            15    4.5116037e-07      1.31e+05      1.31e+05      3.38e-02      3.88e+06      3.88e+06             1             0             0             0             0             0             0             0             0             0
 7.2185660e-06            16    4.5116037e-07      1.31e+05      1.31e+05      3.38e-02      3.87e+06      3.87e+06             1             0             0             0             0             0             0             0             0             0
 7.6697264e-06            17    4.5116037e-07      1.31e+05      1.31e+05      3.42e-02      3.83e+06      3.83e+06             1             0             0             0             0             0             0             0             0             0
 8.1208867e-06            18    4.5116037e-07      1.31e+05      1.31e+05      3.35e-02      3.92e+06      3.92e+06             1             0             0             0             0             0             0             0             0             0
 8.5720471e-06            19    4.5116037e-07      1.31e+05      1.31e+05      3.32e-02      3.95e+06      3.95e+06             1             0             0             0             0             0             0             0             0             0
 9.0232075e-06            20    4.5116037e-07      1.31e+05      1.31e+05      3.48e-02      3.77e+06      3.77e+06             1             0             0             0             0             0             0             0             0             0
 9.4743679e-06            21    4.5116037e-07      1.31e+05      1.31e+05      3.35e-02      3.92e+06      3.92e+06             1             0             0             0             0             0             0             0             0             0
 9.9255282e-06            22    4.5116037e-07      1.31e+05      1.31e+05      3.36e-02      3.90e+06      3.90e+06             1             0             0             0             0             0             0             0             0             0
 1.0376689e-05            23    4.5116037e-07      1.31e+05      1.31e+05      3.32e-02      3.95e+06      3.95e+06             1             0             0             0             0             0             0             0             0             0
 1.0827849e-05            24    4.5116037e-07      1.31e+05      1.31e+05      3.46e-02      3.79e+06      3.79e+06             1             0             0             0             0             0             0             0             0             0
 1.1279009e-05            25    4.5116037e-07      1.31e+05      1.31e+05      3.33e-02      3.93e+06      3.93e+06             1             0             0             0             0             0             0             0             0             0
 1.1730170e-05            26    4.5116037e-07      1.31e+05      1.31e+05      3.44e-02      3.82e+06      3.82e+06             1             0             0             0             0             0             0             0             0             0
 1.2181330e-05            27    4.5116037e-07      1.31e+05      1.31e+05      3.35e-02      3.91e+06      3.91e+06             1             0             0             0             0             0             0             0             0             0
 1.2632490e-05            28    4.5116037e-07      1.31e+05      1.31e+05      3.38e-02      3.88e+06      3.88e+06             1             0             0             0             0             0             0             0             0             0
 1.3083651e-05            29    4.5116037e-07      1.31e+05      1.31e+05      3.35e-02      3.91e+06      3.91e+06             1             0             0             0             0             0             0             0             0             0
 1.3534811e-05            30    4.5116037e-07      1.31e+05      1.31e+05      3.38e-02      3.88e+06      3.88e+06             1             0             0             0             0             0             0             0             0             0
 1.3985972e-05            31    4.5116037e-07      1.31e+05      1.31e+05      3.34e-02      3.92e+06      3.92e+06             1             0             0             0             0             0             0             0             0             0
 1.4437132e-05            32    4.5116037e-07      1.31e+05      1.31e+05      3.44e-02      3.81e+06      3.81e+06             1             0             0             0             0             0             0             0             0             0
 1.4888292e-05            33    4.5116037e-07      1.31e+05      1.31e+05      3.35e-02      3.91e+06      3.91e+06             1             0             0             0             0             0             0             0             0             0
 1.5339453e-05            34    4.5116037e-07      1.31e+05      1.31e+05      3.35e-02      3.91e+06      3.91e+06             1             0             0             0             0             0             0             0             0             0
 1.5790613e-05            35    4.5116037e-07      1.31e+05      1.31e+05      3.32e-02      3.95e+06      3.95e+06             1             0             0             0             0             0             0             0             0             0
 1.6241773e-05            36    4.5116037e-07      1.31e+05      1.31e+05      3.31e-02      3.96e+06      3.96e+06             1             0             0             0             0             0             0             0             0             0
 1.6692934e-05            37    4.5116037e-07      1.31e+05      1.31e+05      3.32e-02      3.94e+06      3.94e+06             1             0             0             0             0             0             0             0             0             0
 1.7144094e-05            38    4.5116037e-07      1.31e+05      1.31e+05      3.30e-02      3.97e+06      3.97e+06             1             0             0             0             0             0             0             0             0             0
 1.7595255e-05            39    4.5116037e-07      1.31e+05      1.31e+05      3.30e-02      3.97e+06      3.97e+06             1             0             0             0             0             0             0             0             0             0
 1.8046415e-05            40    4.5116037e-07      1.31e+05      1.31e+05      3.30e-02      3.97e+06      3.97e+06             1             0             0             0             0             0             0             0             0             0
 1.8497575e-05            41    4.5116037e-07      1.31e+05      1.31e+05      3.29e-02      3.98e+06      3.98e+06             1             0             0             0             0             0             0             0             0             0
 1.8948736e-05            42    4.5116037e-07      1.31e+05      1.31e+05      3.30e-02      3.97e+06      3.97e+06             1             0             0             0             0             0             0             0             0             0
 1.9399896e-05            43    4.5116037e-07      1.31e+05      1.31e+05      3.72e-02      3.52e+06      3.52e+06             1             0             0             0             0             0             0             0             0             0
 1.9851056e-05            44    4.5116037e-07      1.31e+05      1.31e+05      3.41e-02      3.84e+06      3.84e+06             1             0             0             0             0             0             0             0             0             0
 2.0302217e-05            45    4.5116037e-07      1.31e+05      1.31e+05      3.27e-02      4.01e+06      4.01e+06             1             0             0             0             0             0             0             0             0             0
 2.0753377e-05            46    4.5116037e-07      1.31e+05      1.31e+05      3.31e-02      3.96e+06      3.96e+06             1             0             0             0             0             0             0             0             0             0
 2.1204538e-05            47    4.5116037e-07      1.31e+05      1.31e+05      3.29e-02      3.98e+06      3.98e+06             1             0             0             0             0             0             0             0             0             0
 2.1655698e-05            48    4.5116037e-07      1.31e+05      1.31e+05      3.33e-02      3.94e+06      3.94e+06             1             0             0             0             0             0             0             0             0             0
 2.2106858e-05            49    4.5116037e-07      1.31e+05      1.31e+05      3.29e-02      3.98e+06      3.98e+06             1             0             0             0             0             0             0             0             0             0
 2.2558019e-05            50    4.5116037e-07      1.31e+05      1.31e+05      3.43e-02      3.82e+06      3.82e+06             1             0             0             0             0             0             0             0             0             0
 2.3009179e-05            51    4.5116037e-07      1.31e+05      1.31e+05      3.84e-02      3.42e+06      3.42e+06             1             0             0             0             0             0             0             0             0             0
 2.3460339e-05            52    4.5116037e-07      1.31e+05      1.31e+05      3.78e-02      3.47e+06      3.47e+06             1             0             0             0             0             0             0             0             0             0
 2.3911500e-05            53    4.5116037e-07      1.31e+05      1.31e+05      3.36e-02      3.90e+06      3.90e+06             1             0             0             0             0             0             0             0             0             0
 2.4362660e-05            54    4.5116037e-07      1.31e+05      1.31e+05      3.39e-02      3.87e+06      3.87e+06             1             0             0             0             0             0             0             0             0             0
 2.4813821e-05            55    4.5116037e-07      1.31e+05      1.31e+05      3.31e-02      3.96e+06      3.96e+06             1             0             0             0             0             0             0             0             0             0
 2.5264981e-05            56    4.5116037e-07      1.31e+05      1.31e+05      3.35e-02      3.91e+06      3.91e+06             1             0             0             0             0             0             0             0             0             0
 2.5716141e-05            57    4.5116037e-07      1.31e+05      1.31e+05      3.36e-02      3.90e+06      3.90e+06             1             0             0             0             0             0             0             0             0             0
 2.6167302e-05            58    4.5116037e-07      1.31e+05      1.31e+05      3.35e-02      3.92e+06      3.92e+06             1             0             0             0             0             0             0             0             0             0
 2.6618462e-05            59    4.5116037e-07      1.31e+05      1.31e+05      3.30e-02      3.97e+06      3.97e+06             1             0             0             0             0             0             0             0             0             0
 2.7069622e-05            60    4.5116037e-07      1.31e+05      1.31e+05      3.32e-02      3.95e+06      3.95e+06             1             0             0             0             0             0             0             0             0             0
 2.7520783e-05            61    4.5116037e-07      1.31e+05      1.31e+05      3.30e-02      3.97e+06      3.97e+06             1             0             0             0             0             0             0             0             0             0
 2.7971943e-05            62    4.5116037e-07      1.31e+05      1.31e+05      3.37e-02      3.89e+06      3.89e+06             1             0             0             0             0             0             0             0             0             0
 2.8423104e-05            63    4.5116037e-07      1.31e+05      1.31e+05      3.35e-02      3.92e+06      3.92e+06             1             0             0             0             0             0             0             0             0             0
 2.8874264e-05            64    4.5116037e-07      1.31e+05      1.31e+05      3.34e-02      3.92e+06      3.92e+06             1             0             0             0             0             0             0             0             0             0
 2.9325424e-05            65    4.5116037e-07      1.31e+05      1.31e+05      3.31e-02      3.96e+06      3.96e+06             1             0             0             0             0             0             0             0             0             0
 2.9776585e-05            66    4.5116037e-07      1.31e+05      1.31e+05      3.33e-02      3.94e+06      3.94e+06             1             0             0             0             0             0             0             0             0             0
 3.0227745e-05            67    4.5116037e-07      1.31e+05      1.31e+05      3.32e-02      3.95e+06      3.95e+06             1             0             0             0             0             0             0             0             0             0
 3.0678905e-05            68    4.5116037e-07      1.31e+05      1.31e+05      3.35e-02      3.91e+06      3.91e+06             1             0             0             0             0             0             0             0             0             0
 3.1130066e-05            69    4.5116037e-07      1.31e+05      1.31e+05      3.35e-02      3.91e+06      3.91e+06             1             0             0             0             0             0             0             0             0             0
 3.1581226e-05            70    4.5116037e-07      1.31e+05      1.31e+05      3.30e-02      3.98e+06      3.98e+06             1             0             0             0             0             0             0             0             0             0
 3.2032387e-05            71    4.5116037e-07      1.31e+05      1.31e+05      3.41e-02      3.84e+06      3.84e+06             1             0             0             0             0             0             0             0             0             0
 3.2483547e-05            72    4.5116037e-07      1.31e+05      1.31e+05      3.35e-02      3.91e+06      3.91e+06             1             0             0             0             0             0             0             0             0             0
 3.2934707e-05            73    4.5116037e-07      1.31e+05      1.31e+05      3.32e-02      3.95e+06      3.95e+06             1             0             0             0             0             0             0             0             0             0
 3.3385868e-05            74    4.5116037e-07      1.31e+05      1.31e+05      3.35e-02      3.92e+06      3.92e+06             1             0             0             0             0             0             0             0             0             0
 3.3837028e-05            75    4.5116037e-07      1.31e+05      1.31e+05      3.33e-02      3.93e+06      3.93e+06             1             0             0             0             0             0             0             0             0             0
 3.4288188e-05            76    4.5116037e-07      1.31e+05      1.31e+05      3.37e-02      3.89e+06      3.89e+06             1             0             0             0             0             0             0             0             0             0
 3.4739349e-05            77    4.5116037e-07      1.31e+05      1.31e+05      3.37e-02      3.89e+06      3.89e+06             1             0             0             0             0             0             0             0             0             0
 3.5190509e-05            78    4.5116037e-07      1.31e+05      1.31e+05      3.33e-02      3.93e+06      3.93e+06             1             0             0             0             0             0             0             0             0             0
 3.5641670e-05            79    4.5116037e-07      1.31e+05      1.31e+05      3.32e-02      3.95e+06      3.95e+06             1             0             0             0             0             0             0             0             0             0
 3.6092830e-05            80    4.5116037e-07      1.31e+05      1.31e+05      3.35e-02      3.91e+06      3.91e+06             1             0             0             0             0             0             0             0             0             0
 3.6543990e-05            81    4.5116037e-07      1.31e+05      1.31e+05      3.37e-02      3.89e+06      3.89e+06             1             0             0             0             0             0             0             0             0             0
 3.6995151e-05            82    4.5116037e-07      1.31e+05      1.31e+05      3.48e-02      3.76e+06      3.76e+06             1             0             0             0             0             0             0             0             0             0
 3.7446311e-05            83    4.5116037e-07      1.31e+05      1.31e+05      3.37e-02      3.89e+06      3.89e+06             1             0             0             0             0             0             0             0             0             0
 3.7897471e-05            84    4.5116037e-07      1.31e+05      1.31e+05      3.39e-02      3.87e+06      3.87e+06             1             0             0             0             0             0             0             0             0             0
 3.8348632e-05            85    4.5116037e-07      1.31e+05      1.31e+05      3.29e-02      3.99e+06      3.99e+06             1             0             0             0             0             0             0             0             0             0
 3.8799792e-05            86    4.5116037e-07      1.31e+05      1.31e+05      3.28e-02      4.00e+06      4.00e+06             1             0             0             0             0             0             0             0             0             0
 3.9250953e-05            87    4.5116037e-07      1.31e+05      1.31e+05      3.30e-02      3.97e+06      3.97e+06             1             0             0             0             0             0             0             0             0             0
 3.9702113e-05            88    4.5116037e-07      1.31e+05      1.31e+05      3.30e-02      3.97e+06      3.97e+06             1             0             0             0             0             0             0             0             0             0
 4.0153273e-05            89    4.5116037e-07      1.31e+05      1.31e+05      3.29e-02      3.99e+06      3.99e+06             1             0             0             0             0             0             0             0             0             0
 4.0604434e-05            90    4.5116037e-07      1.31e+05      1.31e+05      3.28e-02      3.99e+06      3.99e+06             1             0             0             0             0             0             0             0             0             0
 4.1055594e-05            91    4.5116037e-07      1.31e+05      1.31e+05      3.29e-02      3.98e+06      3.98e+06             1             0             0             0             0             0             0             0             0             0
 4.1506754e-05            92    4.5116037e-07      1.31e+05      1.31e+05      3.33e-02      3.94e+06      3.94e+06             1             0             0             0             0             0             0             0             0             0
 4.1957915e-05            93    4.5116037e-07      1.31e+05      1.31e+05      3.29e-02      3.98e+06      3.98e+06             1             0             0             0             0             0             0             0             0             0
 4.2409075e-05            94    4.5116037e-07      1.31e+05      1.31e+05      3.29e-02      3.98e+06      3.98e+06             1             0             0             0             0             0             0             0             0             0
 4.2860236e-05            95    4.5116037e-07      1.31e+05      1.31e+05      3.30e-02      3.98e+06      3.98e+06             1             0             0             0             0             0             0             0             0             0
 4.3311396e-05            96    4.5116037e-07      1.31e+05      1.31e+05      3.40e-02      3.85e+06      3.85e+06             1             0             0             0             0             0             0             0             0             0
 4.3762556e-05            97    4.5116037e-07      1.31e+05      1.31e+05      3.35e-02      3.92e+06      3.92e+06             1             0             0             0             0             0             0             0             0             0
 4.4213717e-05            98    4.5116037e-07      1.31e+05      1.31e+05      3.32e-02      3.95e+06      3.95e+06             1             0             0             0             0             0             0             0             0             0
 4.4664877e-05            99    4.5116037e-07      1.31e+05      1.31e+05      3.34e-02      3.92e+06      3.92e+06             1             0             0             0             0             0             0             0             0             0
 4.5116037e-05           100    4.5116037e-07      1.31e+05      1.31e+05      3.33e-02      3.94e+06      3.94e+06             1             0             0             0             0             0             0             0             0             0
