#                  Coord.                Numerical               Analytical                    Error
   5.0390625000000000e-01  -9.8517012419938010e-01   1.4480578143341754e+00   2.4332279385335553e+00
   5.1171875000000000e-01  -2.8326378912462493e+00   1.3059523402667876e+00   4.1385902315130370e+00
   5.1953125000000000e-01  -2.6110477576303444e+00  -1.5762179025728551e+00   1.0348298550574893e+00
   5.2734375000000000e-01   8.3828043645464556e-01  -1.1512696468418069e+00   1.9895500832964523e+00
   5.3515625000000000e-01   1.6817483272689182e+00   1.6891981507614053e+00   7.4498234924871287e-03
   5.4296875000000000e-01   8.6565448123419897e-01   9.8549959736973292e-01   1.1984511613553395e-01
   5.5078125000000000e-01  -1.8173531475092484e+00  -1.7859104973484841e+00   3.1442650160764307e-02
   5.5859375000000000e-01  -1.1862618603043891e+00  -8.1023864804610868e-01   3.7602321225828039e-01
   5.6640625000000000e-01   1.5187684757877586e+00   1.8654235495681115e+00   3.4665507378035287e-01
   5.7421875000000000e-01   1.8683822064148858e+00   6.2717465762030100e-01   1.2412075487945848e+00
   5.8203125000000000e-01  -1.1519598696501983e-01  -1.9269715532611569e+00   1.8117755662961370e+00
   5.8984375000000000e-01  -2.3571571525731150e+00  -4.3807063239306737e-01   1.9190865201800476e+00
   5.9765625000000000e-01  -3.8215758869533206e-01   1.9699617675064949e+00   2.3521193562018268e+00
   6.0546875000000000e-01  -1.1341148873840770e+00   2.4474774750212136e-01   1.3788626348861983e+00
   6.1328125000000000e-01   3.0992810334309878e-01  -1.9939801730401012e+00   2.3039082763832002e+00
   6.2109375000000000e-01  -2.8363801333241394e+00  -4.9067808010001671e-02   2.7873123253141379e+00
   6.2890625000000000e-01   1.6254624508358848e+00   1.9987954594868913e+00   3.7333300865100649e-01
   6.3671875000000000e-01  -2.1547380767102369e+00  -1.4708468129644667e-01   2.0076533954137901e+00
   6.4453125000000000e-01  -3.0563225789685586e+00  -1.9843612530060790e+00   1.0719613259624796e+00
   6.5234375000000000e-01   1.1158066645163891e+00   3.4182066471734462e-01   7.7398599979904448e-01
   6.6015625000000000e-01  -5.9217376212933381e-01   1.9508165628966148e+00   2.5429903250259485e+00
   6.6796875000000000e-01   1.3146895737974127e+00  -5.3326472827883187e-01   1.8479543020762446e+00
   6.7578125000000000e-01  -7.4477825815868881e-01  -1.8984844428616456e+00   1.1537061847029568e+00
   6.8359375000000000e-01  -2.3394539745081813e-01   7.1957316099484070e-01   9.5351855844565880e-01
   6.9140625000000000e-01   1.4093123692128315e+00   1.8278688798247547e+00   4.1855651061192312e-01
   6.9921875000000000e-01   8.1441418760721340e-01  -8.9895171081176672e-01   1.7133658984189801e+00
   7.0703125000000000e-01   7.8645051716469938e-01  -1.7396499402603809e+00   2.5261004574250805e+00
   7.1484375000000000e-01  -1.1964723594461346e+00   1.0696728642365831e+00   2.2661452236827175e+00
   7.2265625000000000e-01   5.6449237623080650e-01   1.6346772207819074e+00   1.0701848445511009e+00
   7.3046875000000000e-01   9.8400590034492835e-02  -1.2300924832361331e+00   1.3284930732706259e+00
   7.3828125000000000e-01  -4.3443934838033998e-01  -1.5139616660618369e+00   1.0795223176814970e+00
   7.4609375000000000e-01  -5.7719986094251121e+00   1.3786656391851673e+00   7.1506642486102798e+00
   8.7890625000000000e-01  -1.1898009874947266e-01  -4.9067540644818990e-02   6.9912558104653660e-02
   8.8671875000000000e-01   2.6215763315641438e+00  -1.9939801927146299e+00   4.6155565242787739e+00
   8.9453125000000000e-01   3.1497439290394253e+00   2.4474748206770539e-01   2.9049964469717198e+00
   9.0234375000000000e-01  -1.2725244180758404e+00   1.9699618132295225e+00   3.2424862313053628e+00
   9.1015625000000000e-01  -1.2112184065992015e+00  -4.3807037144569660e-01   7.7314803515350494e-01
   9.1796875000000000e-01  -8.9949104491483090e-01  -1.9269716245923456e+00   1.0274805796775146e+00
   9.2578125000000000e-01   1.7452493252672241e+00   6.2717440367304145e-01   1.1180749215941828e+00
   9.3359375000000000e-01   1.0639456408720598e+00   1.8654236458205031e+00   8.0147800494844335e-01
   9.4140625000000000e-01  -1.6050710755306785e+00  -8.1023840354461096e-01   7.9483267198606755e-01
   9.4921875000000000e-01  -1.8155946443890563e+00  -1.7859106175951154e+00   2.9684026793940888e-02
   9.5703125000000000e-01   4.5471093375935712e-01   9.8549936466868027e-01   5.3078843090932315e-01
   9.6484375000000000e-01   2.4698474665469821e+00   1.6891982938442356e+00   7.8064917270274647e-01
   9.7265625000000000e-01   5.8580644052457032e-01  -1.1512694281822378e+00   1.7370758687068082e+00
   9.8046875000000000e-01   2.6931939078250927e-01  -1.5762180671139183e+00   1.8455374578964276e+00
   9.8828125000000000e-01  -8.2650000485163000e-01   1.3059521377545131e+00   2.1324521426061431e+00
   9.9609375000000000e-01  -1.0227274914823299e+00   1.4480579987488513e+00   2.4707854902311812e+00
   7.5390625000000000e-01   2.0498465357390971e+00   1.3786658328819588e+00   6.7118070285713838e-01
   7.6171875000000000e-01   3.4093289415823826e+00  -1.5139614913735475e+00   4.9232904329559304e+00
   7.6953125000000000e-01   2.9395091456624272e+00  -1.2300926940760208e+00   4.1696018397384478e+00
   7.7734375000000000e-01  -1.6801594623545690e+00   1.6346770667844639e+00   3.3148365291390327e+00
   7.8515625000000000e-01   6.2241747799914049e-01   1.0696730901890634e+00   4.4725561218992294e-01
   7.9296875000000000e-01  -1.2488049007419662e+00  -1.7396498084368630e+00   4.9084490769489686e-01
   8.0078125000000000e-01   6.8833930834802992e-01  -8.9895194970079406e-01   1.5872912580488241e+00
   8.0859375000000000e-01  -3.9156143725727482e-02   1.8278687714446948e+00   1.8670249151704224e+00
   8.1640625000000000e-01  -1.5198826275580326e+00   7.1957341051978307e-01   2.2394560380778157e+00
   8.2421875000000000e-01  -9.7568538418394168e-01  -1.8984843589688027e+00   9.2279897478486106e-01
   8.3203125000000000e-01  -2.4774694625951660e-01  -5.3326498603662753e-01   2.8551803977711093e-01
   8.3984375000000000e-01   1.6231027590137337e+00   1.9508165042989232e+00   3.2771374528518948e-01
   8.4765625000000000e-01  -3.6530967822868105e-01   3.4182092822564525e-01   7.0713060645432635e-01
   8.5546875000000000e-01  -2.2084825162001107e-01  -1.9843612202678664e+00   1.7635129686478555e+00
   8.6328125000000000e-01  -2.3415577910509336e-01  -1.4708494801752320e-01   8.7070831087570161e-02
   8.7109375000000000e-01   5.9598158150902076e+00   1.9987954529234444e+00   3.9610203621667632e+00
   3.9062500000000000e-03   1.0227284821613554e+00  -1.4480578143341849e+00   2.4707862964955405e+00
   1.1718750000000000e-02   8.2650030198503499e-01  -1.3059523402667770e+00   2.1324526422518120e+00
   1.9531250000000000e-02  -2.6931893859879824e-01   1.5762179025728644e+00   1.8455368411716626e+00
   2.7343750000000000e-02  -5.8580649673261753e-01   1.1512696468417947e+00   1.7370761435744122e+00
   3.5156250000000000e-02  -2.4698474523292617e+00  -1.6891981507614133e+00   7.8064930156784840e-01
   4.2968750000000000e-02  -4.5471100098542350e-01  -9.8549959736971660e-01   5.3078859638429310e-01
   5.0781250000000000e-02   1.8155946819699766e+00   1.7859104973484925e+00   2.9684184621484144e-02
   5.8593750000000000e-02   1.6050710697968820e+00   8.1023864804609147e-01   7.9483242175079050e-01
   6.6406250000000000e-02  -1.0639456983768150e+00  -1.8654235495681182e+00   8.0147785119130321e-01
   7.4218750000000000e-02  -1.7452493919354020e+00  -6.2717465762028324e-01   1.1180747343151187e+00
   8.2031250000000000e-02   8.9949099909831209e-01   1.9269715532611629e+00   1.0274805541628509e+00
   8.9843750000000000e-02   1.2112185996334519e+00   4.3807063239304561e-01   7.7314796724040624e-01
   9.7656250000000000e-02   1.2725243926577798e+00  -1.9699617675064987e+00   3.2424861601642787e+00
   1.0546875000000000e-01  -3.1497438501752750e+00  -2.4474774750209927e-01   2.9049961026731759e+00
   1.1328125000000000e-01  -2.6215763112383961e+00   1.9939801730401028e+00   4.6155564842784988e+00
   1.2109375000000000e-01   1.1897605957248795e-01   4.9067808009979397e-02   6.9908251562508558e-02
   1.2890625000000000e-01  -5.9979881840022431e+00  -1.9987954594868906e+00   3.9991927245153525e+00
   1.3671875000000000e-01   3.2130582586279077e-01   1.4708468129646890e-01   1.7422114456632187e-01
   1.4453125000000000e-01   2.2623610178523992e-01   1.9843612530060764e+00   1.7581251512208365e+00
   1.5234375000000000e-01   3.2018967830391959e-01  -3.4182066471736655e-01   6.6201034302128614e-01
   1.6015625000000000e-01  -1.6541814511645347e+00  -1.9508165628966083e+00   2.9663511173207358e-01
   1.6796875000000000e-01   2.7865716204343483e-01   5.3326472827886018e-01   2.5460756623542535e-01
   1.7578125000000000e-01   9.5861810095759081e-01   1.8984844428616363e+00   9.3986634190404550e-01
   1.8359375000000000e-01   1.5147567260939663e+00  -7.1957316099486812e-01   2.2343298870888342e+00
   1.9140625000000000e-01   1.3668522905665736e-03  -1.8278688798247429e+00   1.8292357321153094e+00
   1.9921875000000000e-01  -6.3955585532549675e-01   8.9895171081179293e-01   1.5385075661372896e+00
   2.0703125000000000e-01   1.2998037652950676e+00   1.7396499402603665e+00   4.3984617496529888e-01
   2.1484375000000000e-01  -6.7634072504073828e-01  -1.0696728642366080e+00   3.9333213919586973e-01
   2.2265625000000000e-01   1.5741767324652376e+00  -1.6346772207818905e+00   3.2088539532471279e+00
   2.3046875000000000e-01  -2.3189134974938779e+00   1.2300924832361564e+00   3.5490059807300343e+00
   2.3828125000000000e-01  -1.5697472731870576e+00   1.5139616660618178e+00   3.0837089392488757e+00
   2.4609375000000000e-01   1.6135438022753192e+00  -1.3786656391851886e+00   2.9922094414605080e+00
   2.5390625000000000e-01   5.8110212541366906e+00  -1.3786658328819377e+00   7.1896870870186280e+00
   2.6171875000000000e-01   4.4354547237313180e-01   1.5139614913735666e+00   1.0704160190004348e+00
   2.6953125000000000e-01  -8.7532367215399601e-02   1.2300926940759978e+00   1.3176250612913973e+00
   2.7734375000000000e-01  -5.5606359652179882e-01  -1.6346770667844808e+00   1.0786134702626820e+00
   2.8515625000000000e-01   1.2014476889388508e+00  -1.0696730901890388e+00   2.2711207791278896e+00
   2.9296875000000000e-01  -7.8988180158638899e-01   1.7396498084368774e+00   2.5295316100232665e+00
   3.0078125000000000e-01  -8.1242426216553987e-01   8.9895194970076786e-01   1.7113762118663076e+00
   3.0859375000000000e-01  -1.4089598509914258e+00  -1.8278687714447066e+00   4.1890892045328076e-01
   3.1640625000000000e-01   2.3603426175709222e-01  -7.1957341051975565e-01   9.5560767227684784e-01
   3.2421875000000000e-01   7.4274834807800516e-01   1.8984843589688118e+00   1.1557360108908066e+00
   3.3203125000000000e-01  -1.3163625064032629e+00   5.3326498603659922e-01   1.8496274924398621e+00
   3.3984375000000000e-01   5.9016873604870090e-01  -1.9508165042989296e+00   2.5409852403476307e+00
   3.4765625000000000e-01  -1.1130319781308950e+00  -3.4182092822561627e-01   7.7121104990527878e-01
   3.5546875000000000e-01   3.0528836842433220e+00   1.9843612202678700e+00   1.0685224639754520e+00
   3.6328125000000000e-01   2.1476568195416812e+00   1.4708494801749392e-01   2.0005718715241874e+00
   3.7109375000000000e-01  -1.6331298164025840e+00  -1.9987954529234451e+00   3.6566563652086104e-01
   3.7890625000000000e-01   2.8363809607955153e+00   4.9067540644848362e-02   2.7873134201506669e+00
   3.8671875000000000e-01  -3.0992777412095590e-01   1.9939801927146277e+00   2.3039079668355837e+00
   3.9453125000000000e-01   1.1341146179025952e+00  -2.4474748206773458e-01   1.3788620999703298e+00
   4.0234375000000000e-01   3.8215751636657125e-01  -1.9699618132295174e+00   2.3521193295960887e+00
   4.1015625000000000e-01   2.3571571105190370e+00   4.3807037144572530e-01   1.9190867390733117e+00
   4.1796875000000000e-01   1.1519593224300795e-01   1.9269716245923376e+00   1.8117756923493298e+00
   4.2578125000000000e-01  -1.8683821581437903e+00  -6.2717440367306931e-01   1.2412077544707210e+00
   4.3359375000000000e-01  -1.5187684899082543e+00  -1.8654236458204925e+00   3.4665515591223817e-01
   4.4140625000000000e-01   1.1862617889856533e+00   8.1023840354463783e-01   3.7602338544101543e-01
   4.4921875000000000e-01   1.8173531057649110e+00   1.7859106175951021e+00   3.1442488169808991e-02
   4.5703125000000000e-01  -8.6565451682690742e-01  -9.8549936466870591e-01   1.1984484784179850e-01
   4.6484375000000000e-01  -1.6817481647309096e+00  -1.6891982938442198e+00   7.4501291133102221e-03
   4.7265625000000000e-01  -8.3828048118935761e-01   1.1512694281822620e+00   1.9895499093716196e+00
   4.8046875000000000e-01   2.6110480020440505e+00   1.5762180671139003e+00   1.0348299349301502e+00
   4.8828125000000000e-01   2.8326379506420807e+00  -1.3059521377545353e+00   4.1385900883966160e+00
   4.9609375000000000e-01   9.8517125102445935e-01  -1.4480579987488311e+00   2.4332292497732904e+00
