#                  Coord.                Numerical               Analytical                    Error
   9.7656250000000000e-04  -1.0000000000000295e+00  -1.0000000000000000e+00   2.9531932455029164e-14
   2.9296875000000000e-03  -1.0000000000000335e+00  -1.0000000000000000e+00   3.3528735343679728e-14
   4.8828125000000000e-03  -1.0000000000000850e+00  -1.0000000000000000e+00   8.5043083686286991e-14
   6.8359375000000000e-03  -1.0000000000000429e+00  -1.0000000000000000e+00   4.2854608750531042e-14
   8.7890625000000000e-03  -1.0000000000000961e+00  -1.0000000000000000e+00   9.6145313932538556e-14
   1.0742187500000000e-02  -9.9999999999993283e-01  -1.0000000000000000e+00   6.7168492989821971e-14
   1.2695312500000000e-02  -9.9999999999999789e-01  -1.0000000000000000e+00   2.1094237467877974e-15
   1.4648437500000000e-02  -1.0000000000000175e+00  -1.0000000000000000e+00   1.7541523789077473e-14
   1.6601562500000000e-02  -9.9999999999998457e-01  -1.0000000000000000e+00   1.5432100042289676e-14
   1.8554687500000000e-02  -1.0000000000000100e+00  -1.0000000000000000e+00   9.9920072216264089e-15
   2.0507812500000000e-02  -1.0000000000000013e+00  -1.0000000000000000e+00   1.3322676295501878e-15
   2.2460937500000000e-02  -1.0000000000000095e+00  -1.0000000000000000e+00   9.5479180117763462e-15
   2.4414062500000000e-02  -9.9999999999997302e-01  -1.0000000000000000e+00   2.6978419498391304e-14
   2.6367187500000000e-02  -1.0000000000000200e+00  -1.0000000000000000e+00   1.9984014443252818e-14
   2.8320312500000000e-02  -1.0000000000000098e+00  -1.0000000000000000e+00   9.7699626167013776e-15
   3.0273437500000000e-02  -1.0000000000000313e+00  -1.0000000000000000e+00   3.1308289294429414e-14
   3.2226562500000000e-02  -9.9999999999993183e-01  -1.0000000000000000e+00   6.8167693711984612e-14
   3.4179687500000000e-02  -9.9999999999996825e-01  -1.0000000000000000e+00   3.1752378504279477e-14
   3.6132812500000000e-02  -1.0000000000000564e+00  -1.0000000000000000e+00   5.6399329650957952e-14
   3.8085937500000000e-02  -9.9999999999999611e-01  -1.0000000000000000e+00   3.8857805861880479e-15
   4.0039062500000000e-02  -1.0000000000000278e+00  -1.0000000000000000e+00   2.7755575615628914e-14
   4.1992187500000000e-02  -9.9999999999999489e-01  -1.0000000000000000e+00   5.1070259132757201e-15
   4.3945312500000000e-02  -9.9999999999997002e-01  -1.0000000000000000e+00   2.9976021664879227e-14
   4.5898437500000000e-02  -9.9999999999999134e-01  -1.0000000000000000e+00   8.6597395920762210e-15
   4.7851562500000000e-02  -9.9999999999998246e-01  -1.0000000000000000e+00   1.7541523789077473e-14
   4.9804687500000000e-02  -1.0000000000000431e+00  -1.0000000000000000e+00   4.3076653355456074e-14
   5.1757812500000000e-02  -1.0000000000000342e+00  -1.0000000000000000e+00   3.4194869158454821e-14
   5.3710937500000000e-02  -9.9999999999995448e-01  -1.0000000000000000e+00   4.5519144009631418e-14
   5.5664062500000000e-02  -9.9999999999998557e-01  -1.0000000000000000e+00   1.4432899320127035e-14
   5.7617187500000000e-02  -1.0000000000000131e+00  -1.0000000000000000e+00   1.3100631690576847e-14
   5.9570312500000000e-02  -1.0000000000000042e+00  -1.0000000000000000e+00   4.2188474935755949e-15
   6.1523437500000000e-02  -1.0000000000000002e+00  -1.0000000000000000e+00   2.2204460492503131e-16
   6.3476562500000000e-02  -9.9999999999999345e-01  -1.0000000000000000e+00   6.5503158452884236e-15
   6.5429687500000000e-02  -9.9999999999999178e-01  -1.0000000000000000e+00   8.2156503822261584e-15
   6.7382812500000000e-02  -1.0000000000000231e+00  -1.0000000000000000e+00   2.3092638912203256e-14
   6.9335937500000000e-02  -1.0000000000000018e+00  -1.0000000000000000e+00   1.7763568394002505e-15
   7.1289062500000000e-02  -9.9999999999998668e-01  -1.0000000000000000e+00   1.3322676295501878e-14
   7.3242187500000000e-02  -1.0000000000000011e+00  -1.0000000000000000e+00   1.1102230246251565e-15
   7.5195312500000000e-02  -9.9999999999999778e-01  -1.0000000000000000e+00   2.2204460492503131e-15
   7.7148437500000000e-02  -1.0000000000000007e+00  -1.0000000000000000e+00   6.6613381477509392e-16
   7.9101562500000000e-02  -1.0000000000000056e+00  -1.0000000000000000e+00   5.5511151231257827e-15
   8.1054687500000000e-02  -9.9999999999999412e-01  -1.0000000000000000e+00   5.8841820305133297e-15
   8.3007812500000000e-02  -1.0000000000000140e+00  -1.0000000000000000e+00   1.3988810110276972e-14
   8.4960937500000000e-02  -1.0000000000000042e+00  -1.0000000000000000e+00   4.2188474935755949e-15
   8.6914062500000000e-02  -9.9999999999998601e-01  -1.0000000000000000e+00   1.3988810110276972e-14
   8.8867187500000000e-02  -1.0000000000000016e+00  -1.0000000000000000e+00   1.5543122344752192e-15
   9.0820312500000000e-02  -1.0000000000000044e+00  -1.0000000000000000e+00   4.4408920985006262e-15
   9.2773437500000000e-02  -9.9999999999998923e-01  -1.0000000000000000e+00   1.0769163338864018e-14
   9.4726562500000000e-02  -9.9999999999999856e-01  -1.0000000000000000e+00   1.4432899320127035e-15
   9.6679687500000000e-02  -1.0000000000000082e+00  -1.0000000000000000e+00   8.2156503822261584e-15
   9.8632812500000000e-02  -1.0000000000000089e+00  -1.0000000000000000e+00   8.8817841970012523e-15
   1.0058593750000000e-01  -9.9999999999999090e-01  -1.0000000000000000e+00   9.1038288019262836e-15
   1.0253906250000000e-01  -9.9999999999998956e-01  -1.0000000000000000e+00   1.0436096431476471e-14
   1.0449218750000000e-01  -9.9999999999999634e-01  -1.0000000000000000e+00   3.6637359812630166e-15
   1.0644531250000000e-01  -1.0000000000000100e+00  -1.0000000000000000e+00   9.9920072216264089e-15
   1.0839843750000000e-01  -1.0000000000000102e+00  -1.0000000000000000e+00   1.0214051826551440e-14
   1.1035156250000000e-01  -9.9999999999999123e-01  -1.0000000000000000e+00   8.7707618945387367e-15
   1.1230468750000000e-01  -9.9999999999998757e-01  -1.0000000000000000e+00   1.2434497875801753e-14
   1.1425781250000000e-01  -1.0000000000000018e+00  -1.0000000000000000e+00   1.7763568394002505e-15
   1.1621093750000000e-01  -1.0000000000000169e+00  -1.0000000000000000e+00   1.6875389974302379e-14
   1.1816406250000000e-01  -1.0000000000000233e+00  -1.0000000000000000e+00   2.3314683517128287e-14
   1.2011718750000000e-01  -9.9999999999997968e-01  -1.0000000000000000e+00   2.0317081350640365e-14
   1.2207031250000000e-01  -9.9999999999998634e-01  -1.0000000000000000e+00   1.3655743202889425e-14
   1.2402343750000000e-01  -9.9999999999998890e-01  -1.0000000000000000e+00   1.1102230246251565e-14
   2.1972656250000000e-01  -9.9999999999998279e-01  -1.0000000000000000e+00   1.7208456881689926e-14
   2.2167968750000000e-01  -1.0000000000000291e+00  -1.0000000000000000e+00   2.9087843245179101e-14
   2.2363281250000000e-01  -1.0000000000000089e+00  -1.0000000000000000e+00   8.8817841970012523e-15
   2.2558593750000000e-01  -9.9999999999995326e-01  -1.0000000000000000e+00   4.6740389336719090e-14
   2.2753906250000000e-01  -9.9999999999996370e-01  -1.0000000000000000e+00   3.6304292905242619e-14
   2.2949218750000000e-01  -9.9999999999999956e-01  -1.0000000000000000e+00   4.4408920985006262e-16
   2.3144531250000000e-01  -1.0000000000000469e+00  -1.0000000000000000e+00   4.6851411639181606e-14
   2.3339843750000000e-01  -1.0000000000000244e+00  -1.0000000000000000e+00   2.4424906541753444e-14
   2.3535156250000000e-01  -9.9999999999997435e-01  -1.0000000000000000e+00   2.5646151868841116e-14
   2.3730468750000000e-01  -9.9999999999995282e-01  -1.0000000000000000e+00   4.7184478546569153e-14
   2.3925781250000000e-01  -1.0000000000000024e+00  -1.0000000000000000e+00   2.4424906541753444e-15
   2.4121093750000000e-01  -1.0000000000000349e+00  -1.0000000000000000e+00   3.4861002973229915e-14
   2.4316406250000000e-01  -1.0000000000000424e+00  -1.0000000000000000e+00   4.2410519540680980e-14
   2.4511718750000000e-01  -9.9999999999999523e-01  -1.0000000000000000e+00   4.7739590058881731e-15
   2.4707031250000000e-01  -9.9999999999997802e-01  -1.0000000000000000e+00   2.1982415887578100e-14
   2.4902343750000000e-01  -1.0000000000000038e+00  -1.0000000000000000e+00   3.7747582837255322e-15
   1.8847656250000000e-01  -9.9999999999998812e-01  -1.0000000000000000e+00   1.1879386363489175e-14
   1.9042968750000000e-01  -1.0000000000000180e+00  -1.0000000000000000e+00   1.7985612998927536e-14
   1.9238281250000000e-01  -9.9999999999998668e-01  -1.0000000000000000e+00   1.3322676295501878e-14
   1.9433593750000000e-01  -9.9999999999998646e-01  -1.0000000000000000e+00   1.3544720900426910e-14
   1.9628906250000000e-01  -9.9999999999997879e-01  -1.0000000000000000e+00   2.1205259770340490e-14
   1.9824218750000000e-01  -9.9999999999998901e-01  -1.0000000000000000e+00   1.0991207943789050e-14
   2.0019531250000000e-01  -1.0000000000000384e+00  -1.0000000000000000e+00   3.8413716652030416e-14
   2.0214843750000000e-01  -1.0000000000000060e+00  -1.0000000000000000e+00   5.9952043329758453e-15
   2.0410156250000000e-01  -9.9999999999998512e-01  -1.0000000000000000e+00   1.4876988529977098e-14
   2.0605468750000000e-01  -9.9999999999996858e-01  -1.0000000000000000e+00   3.1419311596891930e-14
   2.0800781250000000e-01  -9.9999999999999989e-01  -1.0000000000000000e+00   1.1102230246251565e-16
   2.0996093750000000e-01  -1.0000000000000329e+00  -1.0000000000000000e+00   3.2862601528904634e-14
   2.1191406250000000e-01  -1.0000000000000302e+00  -1.0000000000000000e+00   3.0198066269804258e-14
   2.1386718750000000e-01  -9.9999999999999578e-01  -1.0000000000000000e+00   4.2188474935755949e-15
   2.1582031250000000e-01  -9.9999999999999534e-01  -1.0000000000000000e+00   4.6629367034256575e-15
   2.1777343750000000e-01  -9.9999999999999867e-01  -1.0000000000000000e+00   1.3322676295501878e-15
   1.5722656250000000e-01  -9.9999999999998956e-01  -1.0000000000000000e+00   1.0436096431476471e-14
   1.5917968750000000e-01  -1.0000000000000189e+00  -1.0000000000000000e+00   1.8873791418627661e-14
   1.6113281250000000e-01  -9.9999999999999090e-01  -1.0000000000000000e+00   9.1038288019262836e-15
   1.6308593750000000e-01  -9.9999999999998601e-01  -1.0000000000000000e+00   1.3988810110276972e-14
   1.6503906250000000e-01  -9.9999999999997791e-01  -1.0000000000000000e+00   2.2093438190040615e-14
   1.6699218750000000e-01  -9.9999999999998501e-01  -1.0000000000000000e+00   1.4988010832439613e-14
   1.6894531250000000e-01  -1.0000000000000329e+00  -1.0000000000000000e+00   3.2862601528904634e-14
   1.7089843750000000e-01  -1.0000000000000095e+00  -1.0000000000000000e+00   9.5479180117763462e-15
   1.7285156250000000e-01  -9.9999999999998923e-01  -1.0000000000000000e+00   1.0769163338864018e-14
   1.7480468750000000e-01  -9.9999999999998612e-01  -1.0000000000000000e+00   1.3877787807814457e-14
   1.7675781250000000e-01  -1.0000000000000060e+00  -1.0000000000000000e+00   5.9952043329758453e-15
   1.7871093750000000e-01  -1.0000000000000366e+00  -1.0000000000000000e+00   3.6637359812630166e-14
   1.8066406250000000e-01  -1.0000000000000238e+00  -1.0000000000000000e+00   2.3758772726978350e-14
   1.8261718750000000e-01  -9.9999999999998235e-01  -1.0000000000000000e+00   1.7652546091539989e-14
   1.8457031250000000e-01  -1.0000000000000060e+00  -1.0000000000000000e+00   5.9952043329758453e-15
   1.8652343750000000e-01  -9.9999999999999467e-01  -1.0000000000000000e+00   5.3290705182007514e-15
   1.2597656250000000e-01  -1.0000000000000002e+00  -1.0000000000000000e+00   2.2204460492503131e-16
   1.2792968750000000e-01  -1.0000000000000280e+00  -1.0000000000000000e+00   2.7977620220553945e-14
   1.2988281250000000e-01  -9.9999999999999678e-01  -1.0000000000000000e+00   3.2196467714129540e-15
   1.3183593750000000e-01  -9.9999999999998535e-01  -1.0000000000000000e+00   1.4654943925052066e-14
   1.3378906250000000e-01  -9.9999999999999289e-01  -1.0000000000000000e+00   7.1054273576010019e-15
   1.3574218750000000e-01  -1.0000000000000009e+00  -1.0000000000000000e+00   8.8817841970012523e-16
   1.3769531250000000e-01  -1.0000000000000262e+00  -1.0000000000000000e+00   2.6201263381153694e-14
   1.3964843750000000e-01  -1.0000000000000064e+00  -1.0000000000000000e+00   6.4392935428259079e-15
   1.4160156250000000e-01  -9.9999999999999656e-01  -1.0000000000000000e+00   3.4416913763379853e-15
   1.4355468750000000e-01  -9.9999999999998201e-01  -1.0000000000000000e+00   1.7985612998927536e-14
   1.4550781250000000e-01  -9.9999999999999534e-01  -1.0000000000000000e+00   4.6629367034256575e-15
   1.4746093750000000e-01  -1.0000000000000291e+00  -1.0000000000000000e+00   2.9087843245179101e-14
   1.4941406250000000e-01  -1.0000000000000158e+00  -1.0000000000000000e+00   1.5765166949677223e-14
   1.5136718750000000e-01  -9.9999999999997247e-01  -1.0000000000000000e+00   2.7533531010703882e-14
   1.5332031250000000e-01  -9.9999999999999956e-01  -1.0000000000000000e+00   4.4408920985006262e-16
   1.5527343750000000e-01  -9.9999999999999056e-01  -1.0000000000000000e+00   9.4368957093138306e-15
   3.4472656250000000e-01  -1.0000000000000198e+00  -1.0000000000000000e+00   1.9761969838327786e-14
   3.4667968750000000e-01  -1.0000000000000064e+00  -1.0000000000000000e+00   6.4392935428259079e-15
   3.4863281250000000e-01  -1.0000000000000542e+00  -1.0000000000000000e+00   5.4178883601707639e-14
   3.5058593750000000e-01  -1.0000000000000506e+00  -1.0000000000000000e+00   5.0626169922907138e-14
   3.5253906250000000e-01  -1.0000000000000506e+00  -1.0000000000000000e+00   5.0626169922907138e-14
   3.5449218750000000e-01  -9.9999999999999434e-01  -1.0000000000000000e+00   5.6621374255882984e-15
   3.5644531250000000e-01  -9.9999999999999878e-01  -1.0000000000000000e+00   1.2212453270876722e-15
   3.5839843750000000e-01  -9.9999999999998190e-01  -1.0000000000000000e+00   1.8096635301390052e-14
   3.6035156250000000e-01  -9.9999999999993006e-01  -1.0000000000000000e+00   6.9944050551384862e-14
   3.6230468750000000e-01  -9.9999999999993383e-01  -1.0000000000000000e+00   6.6169292267659330e-14
   3.6425781250000000e-01  -9.9999999999995248e-01  -1.0000000000000000e+00   4.7517545453956700e-14
   3.6621093750000000e-01  -1.0000000000000295e+00  -1.0000000000000000e+00   2.9531932455029164e-14
   3.6816406250000000e-01  -1.0000000000000564e+00  -1.0000000000000000e+00   5.6399329650957952e-14
   3.7011718750000000e-01  -1.0000000000000748e+00  -1.0000000000000000e+00   7.4829031859735551e-14
   3.7207031250000000e-01  -1.0000000000000862e+00  -1.0000000000000000e+00   8.6153306710912148e-14
   3.7402343750000000e-01  -1.0000000000000386e+00  -1.0000000000000000e+00   3.8635761256955448e-14
   3.1347656250000000e-01  -9.9999999999997380e-01  -1.0000000000000000e+00   2.6201263381153694e-14
   3.1542968750000000e-01  -9.9999999999996414e-01  -1.0000000000000000e+00   3.5860203695392556e-14
   3.1738281250000000e-01  -9.9999999999998546e-01  -1.0000000000000000e+00   1.4543921622589551e-14
   3.1933593750000000e-01  -9.9999999999995592e-01  -1.0000000000000000e+00   4.4075854077618715e-14
   3.2128906250000000e-01  -9.9999999999996414e-01  -1.0000000000000000e+00   3.5860203695392556e-14
   3.2324218750000000e-01  -9.9999999999998168e-01  -1.0000000000000000e+00   1.8318679906315083e-14
   3.2519531250000000e-01  -1.0000000000000273e+00  -1.0000000000000000e+00   2.7311486405778851e-14
   3.2714843750000000e-01  -1.0000000000000182e+00  -1.0000000000000000e+00   1.8207657603852567e-14
   3.2910156250000000e-01  -1.0000000000000020e+00  -1.0000000000000000e+00   1.9984014443252818e-15
   3.3105468750000000e-01  -1.0000000000000231e+00  -1.0000000000000000e+00   2.3092638912203256e-14
   3.3300781250000000e-01  -1.0000000000000184e+00  -1.0000000000000000e+00   1.8429702208777599e-14
   3.3496093750000000e-01  -9.9999999999995948e-01  -1.0000000000000000e+00   4.0523140398818214e-14
   3.3691406250000000e-01  -9.9999999999997879e-01  -1.0000000000000000e+00   2.1205259770340490e-14
   3.3886718750000000e-01  -9.9999999999996658e-01  -1.0000000000000000e+00   3.3417713041217212e-14
   3.4082031250000000e-01  -9.9999999999996725e-01  -1.0000000000000000e+00   3.2751579226442118e-14
   3.4277343750000000e-01  -9.9999999999999967e-01  -1.0000000000000000e+00   3.3306690738754696e-16
   2.8222656250000000e-01  -9.9999999999997990e-01  -1.0000000000000000e+00   2.0095036745715333e-14
   2.8417968750000000e-01  -9.9999999999996891e-01  -1.0000000000000000e+00   3.1086244689504383e-14
   2.8613281250000000e-01  -9.9999999999999389e-01  -1.0000000000000000e+00   6.1062266354383610e-15
   2.8808593750000000e-01  -1.0000000000000122e+00  -1.0000000000000000e+00   1.2212453270876722e-14
   2.9003906250000000e-01  -1.0000000000000180e+00  -1.0000000000000000e+00   1.7985612998927536e-14
   2.9199218750000000e-01  -9.9999999999998435e-01  -1.0000000000000000e+00   1.5654144647214707e-14
   2.9394531250000000e-01  -1.0000000000000091e+00  -1.0000000000000000e+00   9.1038288019262836e-15
   2.9589843750000000e-01  -1.0000000000000029e+00  -1.0000000000000000e+00   2.8865798640254070e-15
   2.9785156250000000e-01  -9.9999999999997014e-01  -1.0000000000000000e+00   2.9864999362416711e-14
   2.9980468750000000e-01  -9.9999999999996259e-01  -1.0000000000000000e+00   3.7414515929867775e-14
   3.0175781250000000e-01  -9.9999999999998213e-01  -1.0000000000000000e+00   1.7874590696465020e-14
   3.0371093750000000e-01  -1.0000000000000260e+00  -1.0000000000000000e+00   2.5979218776228663e-14
   3.0566406250000000e-01  -1.0000000000000395e+00  -1.0000000000000000e+00   3.9523939676655573e-14
   3.0761718750000000e-01  -1.0000000000000384e+00  -1.0000000000000000e+00   3.8413716652030416e-14
   3.0957031250000000e-01  -1.0000000000000575e+00  -1.0000000000000000e+00   5.7509552675583109e-14
   3.1152343750000000e-01  -1.0000000000000375e+00  -1.0000000000000000e+00   3.7525538232330291e-14
   2.5097656250000000e-01  -9.9999999999999456e-01  -1.0000000000000000e+00   5.4400928206632670e-15
   2.5292968750000000e-01  -1.0000000000000235e+00  -1.0000000000000000e+00   2.3536728122053319e-14
   2.5488281250000000e-01  -1.0000000000000047e+00  -1.0000000000000000e+00   4.6629367034256575e-15
   2.5683593750000000e-01  -9.9999999999995404e-01  -1.0000000000000000e+00   4.5963233219481481e-14
   2.5878906250000000e-01  -9.9999999999996392e-01  -1.0000000000000000e+00   3.6082248300317588e-14
   2.6074218750000000e-01  -1.0000000000000060e+00  -1.0000000000000000e+00   5.9952043329758453e-15
   2.6269531250000000e-01  -1.0000000000000484e+00  -1.0000000000000000e+00   4.8405723873656825e-14
   2.6464843750000000e-01  -1.0000000000000087e+00  -1.0000000000000000e+00   8.6597395920762210e-15
   2.6660156250000000e-01  -9.9999999999996980e-01  -1.0000000000000000e+00   3.0198066269804258e-14
   2.6855468750000000e-01  -9.9999999999998312e-01  -1.0000000000000000e+00   1.6875389974302379e-14
   2.7050781250000000e-01  -1.0000000000000115e+00  -1.0000000000000000e+00   1.1546319456101628e-14
   2.7246093750000000e-01  -9.9999999999999167e-01  -1.0000000000000000e+00   8.3266726846886741e-15
   2.7441406250000000e-01  -1.0000000000000300e+00  -1.0000000000000000e+00   2.9976021664879227e-14
   2.7636718750000000e-01  -1.0000000000000302e+00  -1.0000000000000000e+00   3.0198066269804258e-14
   2.7832031250000000e-01  -9.9999999999999201e-01  -1.0000000000000000e+00   7.9936057773011271e-15
   2.8027343750000000e-01  -1.0000000000000120e+00  -1.0000000000000000e+00   1.1990408665951691e-14
   3.7597656250000000e-01  -9.9999999999994482e-01  -1.0000000000000000e+00   5.5178084323870280e-14
   3.7792968750000000e-01  -9.9999999999991518e-01  -1.0000000000000000e+00   8.4821039081361960e-14
   3.7988281250000000e-01  -9.9999999999994260e-01  -1.0000000000000000e+00   5.7398530373120593e-14
   3.8183593750000000e-01  -9.9999999999996125e-01  -1.0000000000000000e+00   3.8746783559417963e-14
   3.8378906250000000e-01  -9.9999999999997913e-01  -1.0000000000000000e+00   2.0872192862952943e-14
   3.8574218750000000e-01  -1.0000000000000318e+00  -1.0000000000000000e+00   3.1752378504279477e-14
   3.8769531250000000e-01  -1.0000000000000331e+00  -1.0000000000000000e+00   3.3084646133829665e-14
   3.8964843750000000e-01  -1.0000000000000437e+00  -1.0000000000000000e+00   4.3742787170231168e-14
   3.9160156250000000e-01  -1.0000000000000393e+00  -1.0000000000000000e+00   3.9301895071730542e-14
   3.9355468750000000e-01  -1.0000000000000777e+00  -1.0000000000000000e+00   7.7715611723760958e-14
   3.9550781250000000e-01  -1.0000000000000320e+00  -1.0000000000000000e+00   3.1974423109204508e-14
   3.9746093750000000e-01  -9.9999999999989631e-01  -1.0000000000000000e+00   1.0369483049998962e-13
   3.9941406250000000e-01  -9.9999999999990263e-01  -1.0000000000000000e+00   9.7366559259626229e-14
   4.0136718750000000e-01  -9.9999999999993916e-01  -1.0000000000000000e+00   6.0840221749458578e-14
   4.0332031250000000e-01  -9.9999999999998990e-01  -1.0000000000000000e+00   1.0103029524088925e-14
   4.0527343750000000e-01  -9.9999999999998523e-01  -1.0000000000000000e+00   1.4765966227514582e-14
   4.0722656250000000e-01  -1.0000000000000144e+00  -1.0000000000000000e+00   1.4432899320127035e-14
   4.0917968750000000e-01  -1.0000000000000098e+00  -1.0000000000000000e+00   9.7699626167013776e-15
   4.1113281250000000e-01  -1.0000000000000615e+00  -1.0000000000000000e+00   6.1506355564233672e-14
   4.1308593750000000e-01  -1.0000000000000968e+00  -1.0000000000000000e+00   9.6811447747313650e-14
   4.1503906250000000e-01  -1.0000000000001037e+00  -1.0000000000000000e+00   1.0369483049998962e-13
   4.1699218750000000e-01  -9.9999999999996791e-01  -1.0000000000000000e+00   3.2085445411667024e-14
   4.1894531250000000e-01  -9.9999999999992339e-01  -1.0000000000000000e+00   7.6605388699135801e-14
   4.2089843750000000e-01  -9.9999999999996103e-01  -1.0000000000000000e+00   3.8968828164342995e-14
   4.2285156250000000e-01  -9.9999999999995193e-01  -1.0000000000000000e+00   4.8072656966269278e-14
   4.2480468750000000e-01  -9.9999999999996803e-01  -1.0000000000000000e+00   3.1974423109204508e-14
   4.2675781250000000e-01  -9.9999999999997591e-01  -1.0000000000000000e+00   2.4091839634365897e-14
   4.2871093750000000e-01  -1.0000000000000198e+00  -1.0000000000000000e+00   1.9761969838327786e-14
   4.3066406250000000e-01  -1.0000000000000269e+00  -1.0000000000000000e+00   2.6867397195928788e-14
   4.3261718750000000e-01  -1.0000000000000571e+00  -1.0000000000000000e+00   5.7065463465733046e-14
   4.3457031250000000e-01  -1.0000000000001048e+00  -1.0000000000000000e+00   1.0480505352461478e-13
   4.3652343750000000e-01  -1.0000000000000642e+00  -1.0000000000000000e+00   6.4170890823334048e-14
   4.3847656250000000e-01  -9.9999999999993572e-01  -1.0000000000000000e+00   6.4281913125796564e-14
   4.4042968750000000e-01  -9.9999999999989497e-01  -1.0000000000000000e+00   1.0502709812953981e-13
   4.4238281250000000e-01  -9.9999999999994338e-01  -1.0000000000000000e+00   5.6621374255882984e-14
   4.4433593750000000e-01  -9.9999999999997391e-01  -1.0000000000000000e+00   2.6090241078691179e-14
   4.4628906250000000e-01  -9.9999999999998079e-01  -1.0000000000000000e+00   1.9206858326015208e-14
   4.4824218750000000e-01  -1.0000000000000235e+00  -1.0000000000000000e+00   2.3536728122053319e-14
   4.5019531250000000e-01  -1.0000000000000324e+00  -1.0000000000000000e+00   3.2418512319054571e-14
   4.5214843750000000e-01  -1.0000000000000484e+00  -1.0000000000000000e+00   4.8405723873656825e-14
   4.5410156250000000e-01  -1.0000000000000397e+00  -1.0000000000000000e+00   3.9745984281580604e-14
   4.5605468750000000e-01  -1.0000000000000764e+00  -1.0000000000000000e+00   7.6383344094210770e-14
   4.5800781250000000e-01  -1.0000000000000329e+00  -1.0000000000000000e+00   3.2862601528904634e-14
   4.5996093750000000e-01  -9.9999999999989664e-01  -1.0000000000000000e+00   1.0336176359260207e-13
   4.6191406250000000e-01  -9.9999999999990219e-01  -1.0000000000000000e+00   9.7810648469476291e-14
   4.6386718750000000e-01  -9.9999999999993894e-01  -1.0000000000000000e+00   6.1062266354383610e-14
   4.6582031250000000e-01  -9.9999999999999023e-01  -1.0000000000000000e+00   9.7699626167013776e-15
   4.6777343750000000e-01  -9.9999999999998523e-01  -1.0000000000000000e+00   1.4765966227514582e-14
   4.6972656250000000e-01  -1.0000000000000144e+00  -1.0000000000000000e+00   1.4432899320127035e-14
   4.7167968750000000e-01  -1.0000000000000098e+00  -1.0000000000000000e+00   9.7699626167013776e-15
   4.7363281250000000e-01  -1.0000000000000615e+00  -1.0000000000000000e+00   6.1506355564233672e-14
   4.7558593750000000e-01  -1.0000000000000968e+00  -1.0000000000000000e+00   9.6811447747313650e-14
   4.7753906250000000e-01  -1.0000000000001037e+00  -1.0000000000000000e+00   1.0369483049998962e-13
   4.7949218750000000e-01  -9.9999999999996791e-01  -1.0000000000000000e+00   3.2085445411667024e-14
   4.8144531250000000e-01  -9.9999999999992339e-01  -1.0000000000000000e+00   7.6605388699135801e-14
   4.8339843750000000e-01  -9.9999999999996103e-01  -1.0000000000000000e+00   3.8968828164342995e-14
   4.8535156250000000e-01  -9.9999999999995193e-01  -1.0000000000000000e+00   4.8072656966269278e-14
   4.8730468750000000e-01  -9.9999999999996803e-01  -1.0000000000000000e+00   3.1974423109204508e-14
   4.8925781250000000e-01  -9.9999999999997591e-01  -1.0000000000000000e+00   2.4091839634365897e-14
   4.9121093750000000e-01  -1.0000000000000198e+00  -1.0000000000000000e+00   1.9761969838327786e-14
   4.9316406250000000e-01  -1.0000000000000269e+00  -1.0000000000000000e+00   2.6867397195928788e-14
   4.9511718750000000e-01  -1.0000000000000571e+00  -1.0000000000000000e+00   5.7065463465733046e-14
   4.9707031250000000e-01  -1.0000000000001048e+00  -1.0000000000000000e+00   1.0480505352461478e-13
   4.9902343750000000e-01  -1.0000000000000642e+00  -1.0000000000000000e+00   6.4170890823334048e-14
   5.0097656250000000e-01  -9.9999999999993572e-01  -1.0000000000000000e+00   6.4281913125796564e-14
   5.0292968750000000e-01  -9.9999999999989497e-01  -1.0000000000000000e+00   1.0502709812953981e-13
   5.0488281250000000e-01  -9.9999999999994338e-01  -1.0000000000000000e+00   5.6621374255882984e-14
   5.0683593750000000e-01  -9.9999999999997391e-01  -1.0000000000000000e+00   2.6090241078691179e-14
   5.0878906250000000e-01  -9.9999999999998079e-01  -1.0000000000000000e+00   1.9206858326015208e-14
   5.1074218750000000e-01  -1.0000000000000235e+00  -1.0000000000000000e+00   2.3536728122053319e-14
   5.1269531250000000e-01  -1.0000000000000324e+00  -1.0000000000000000e+00   3.2418512319054571e-14
   5.1464843750000000e-01  -1.0000000000000484e+00  -1.0000000000000000e+00   4.8405723873656825e-14
   5.1660156250000000e-01  -1.0000000000000397e+00  -1.0000000000000000e+00   3.9745984281580604e-14
   5.1855468750000000e-01  -1.0000000000000764e+00  -1.0000000000000000e+00   7.6383344094210770e-14
   5.2050781250000000e-01  -1.0000000000000329e+00  -1.0000000000000000e+00   3.2862601528904634e-14
   5.2246093750000000e-01  -9.9999999999989664e-01  -1.0000000000000000e+00   1.0336176359260207e-13
   5.2441406250000000e-01  -9.9999999999990219e-01  -1.0000000000000000e+00   9.7810648469476291e-14
   5.2636718750000000e-01  -9.9999999999993894e-01  -1.0000000000000000e+00   6.1062266354383610e-14
   5.2832031250000000e-01  -9.9999999999999023e-01  -1.0000000000000000e+00   9.7699626167013776e-15
   5.3027343750000000e-01  -9.9999999999998523e-01  -1.0000000000000000e+00   1.4765966227514582e-14
   5.3222656250000000e-01  -1.0000000000000144e+00  -1.0000000000000000e+00   1.4432899320127035e-14
   5.3417968750000000e-01  -1.0000000000000098e+00  -1.0000000000000000e+00   9.7699626167013776e-15
   5.3613281250000000e-01  -1.0000000000000615e+00  -1.0000000000000000e+00   6.1506355564233672e-14
   5.3808593750000000e-01  -1.0000000000000968e+00  -1.0000000000000000e+00   9.6811447747313650e-14
   5.4003906250000000e-01  -1.0000000000001037e+00  -1.0000000000000000e+00   1.0369483049998962e-13
   5.4199218750000000e-01  -9.9999999999996791e-01  -1.0000000000000000e+00   3.2085445411667024e-14
   5.4394531250000000e-01  -9.9999999999992339e-01  -1.0000000000000000e+00   7.6605388699135801e-14
   5.4589843750000000e-01  -9.9999999999996103e-01  -1.0000000000000000e+00   3.8968828164342995e-14
   5.4785156250000000e-01  -9.9999999999995182e-01  -1.0000000000000000e+00   4.8183679268731794e-14
   5.4980468750000000e-01  -9.9999999999996825e-01  -1.0000000000000000e+00   3.1752378504279477e-14
   5.5175781250000000e-01  -9.9999999999997624e-01  -1.0000000000000000e+00   2.3758772726978350e-14
   5.5371093750000000e-01  -1.0000000000000191e+00  -1.0000000000000000e+00   1.9095836023552692e-14
   5.5566406250000000e-01  -1.0000000000000266e+00  -1.0000000000000000e+00   2.6645352591003757e-14
   5.5761718750000000e-01  -1.0000000000000591e+00  -1.0000000000000000e+00   5.9063864910058328e-14
   5.5957031250000000e-01  -1.0000000000001041e+00  -1.0000000000000000e+00   1.0413891970983968e-13
   5.6152343750000000e-01  -1.0000000000000604e+00  -1.0000000000000000e+00   6.0396132539608516e-14
   5.6347656250000000e-01  -9.9999999999994149e-01  -1.0000000000000000e+00   5.8508753397745750e-14
   5.6542968750000000e-01  -9.9999999999990019e-01  -1.0000000000000000e+00   9.9809049913801573e-14
   5.6738281250000000e-01  -9.9999999999992795e-01  -1.0000000000000000e+00   7.2053474298172659e-14
   5.6933593750000000e-01  -9.9999999999997380e-01  -1.0000000000000000e+00   2.6201263381153694e-14
   5.7128906250000000e-01  -1.0000000000000067e+00  -1.0000000000000000e+00   6.6613381477509392e-15
   5.7324218750000000e-01  -1.0000000000000113e+00  -1.0000000000000000e+00   1.1324274851176597e-14
   5.7519531250000000e-01  -1.0000000000000053e+00  -1.0000000000000000e+00   5.3290705182007514e-15
   5.7714843750000000e-01  -1.0000000000000684e+00  -1.0000000000000000e+00   6.8389738316909643e-14
   5.7910156250000000e-01  -1.0000000000000591e+00  -1.0000000000000000e+00   5.9063864910058328e-14
   5.8105468750000000e-01  -1.0000000000000611e+00  -1.0000000000000000e+00   6.1062266354383610e-14
   5.8300781250000000e-01  -1.0000000000000155e+00  -1.0000000000000000e+00   1.5543122344752192e-14
   5.8496093750000000e-01  -9.9999999999991518e-01  -1.0000000000000000e+00   8.4821039081361960e-14
   5.8691406250000000e-01  -9.9999999999991640e-01  -1.0000000000000000e+00   8.3599793754274287e-14
   5.8886718750000000e-01  -9.9999999999989697e-01  -1.0000000000000000e+00   1.0302869668521453e-13
   5.9082031250000000e-01  -9.9999999999999678e-01  -1.0000000000000000e+00   3.2196467714129540e-15
   5.9277343750000000e-01  -1.0000000000000298e+00  -1.0000000000000000e+00   2.9753977059954195e-14
   5.9472656250000000e-01  -9.9999999999999623e-01  -1.0000000000000000e+00   3.7747582837255322e-15
   5.9667968750000000e-01  -1.0000000000000049e+00  -1.0000000000000000e+00   4.8849813083506888e-15
   5.9863281250000000e-01  -1.0000000000000702e+00  -1.0000000000000000e+00   7.0166095156309893e-14
   6.0058593750000000e-01  -1.0000000000000684e+00  -1.0000000000000000e+00   6.8389738316909643e-14
   6.0253906250000000e-01  -1.0000000000000797e+00  -1.0000000000000000e+00   7.9714013168086240e-14
   6.0449218750000000e-01  -9.9999999999998501e-01  -1.0000000000000000e+00   1.4988010832439613e-14
   6.0644531250000000e-01  -9.9999999999993117e-01  -1.0000000000000000e+00   6.8833827526759706e-14
   6.0839843750000000e-01  -9.9999999999998723e-01  -1.0000000000000000e+00   1.2767564783189300e-14
   6.1035156250000000e-01  -9.9999999999996103e-01  -1.0000000000000000e+00   3.8968828164342995e-14
   6.1230468750000000e-01  -9.9999999999999267e-01  -1.0000000000000000e+00   7.3274719625260332e-15
   6.1425781250000000e-01  -1.0000000000000675e+00  -1.0000000000000000e+00   6.7501559897209518e-14
   6.1621093750000000e-01  -9.9999999999994205e-01  -1.0000000000000000e+00   5.7953641885433171e-14
   6.1816406250000000e-01  -9.9999999999996791e-01  -1.0000000000000000e+00   3.2085445411667024e-14
   6.2011718750000000e-01  -9.9999999999996925e-01  -1.0000000000000000e+00   3.0753177782116836e-14
   6.2207031250000000e-01  -1.0000000000000047e+00  -1.0000000000000000e+00   4.6629367034256575e-15
   6.2402343750000000e-01  -1.0000000000000382e+00  -1.0000000000000000e+00   3.8191672047105385e-14
   6.2597656250000000e-01  -9.9999999999997335e-01  -1.0000000000000000e+00   2.6645352591003757e-14
   6.2792968750000000e-01  -9.9999999999991307e-01  -1.0000000000000000e+00   8.6930462828149757e-14
   6.2988281250000000e-01  -9.9999999999999212e-01  -1.0000000000000000e+00   7.8825834748386114e-15
   6.3183593750000000e-01  -1.0000000000001119e+00  -1.0000000000000000e+00   1.1191048088221578e-13
   6.3378906250000000e-01  -9.9999999999999822e-01  -1.0000000000000000e+00   1.7763568394002505e-15
   6.3574218750000000e-01  -1.0000000000001041e+00  -1.0000000000000000e+00   1.0413891970983968e-13
   6.3769531250000000e-01  -1.0000000000000007e+00  -1.0000000000000000e+00   6.6613381477509392e-16
   6.3964843750000000e-01  -1.0000000000000935e+00  -1.0000000000000000e+00   9.3480778673438181e-14
   6.4160156250000000e-01  -9.9999999999994915e-01  -1.0000000000000000e+00   5.0848214527832170e-14
   6.4355468750000000e-01  -1.0000000000000360e+00  -1.0000000000000000e+00   3.5971225997855072e-14
   6.4550781250000000e-01  -9.9999999999993450e-01  -1.0000000000000000e+00   6.5503158452884236e-14
   6.4746093750000000e-01  -9.9999999999999223e-01  -1.0000000000000000e+00   7.7715611723760958e-15
   6.4941406250000000e-01  -9.9999999999991407e-01  -1.0000000000000000e+00   8.5931262105987116e-14
   6.5136718750000000e-01  -1.0000000000000353e+00  -1.0000000000000000e+00   3.5305092183079978e-14
   6.5332031250000000e-01  -1.0000000000000893e+00  -1.0000000000000000e+00   8.9261931179862586e-14
   6.5527343750000000e-01  -9.9999999999995304e-01  -1.0000000000000000e+00   4.6962433941644122e-14
   6.5722656250000000e-01  -9.9999999999996270e-01  -1.0000000000000000e+00   3.7303493627405260e-14
   6.5917968750000000e-01  -9.9999999999994449e-01  -1.0000000000000000e+00   5.5511151231257827e-14
   6.6113281250000000e-01  -1.0000000000000056e+00  -1.0000000000000000e+00   5.5511151231257827e-15
   6.6308593750000000e-01  -9.9999999999998146e-01  -1.0000000000000000e+00   1.8540724511240114e-14
   6.6503906250000000e-01  -1.0000000000000406e+00  -1.0000000000000000e+00   4.0634162701280729e-14
   6.6699218750000000e-01  -9.9999999999995548e-01  -1.0000000000000000e+00   4.4519943287468777e-14
   6.6894531250000000e-01  -1.0000000000000200e+00  -1.0000000000000000e+00   1.9984014443252818e-14
   6.7089843750000000e-01  -1.0000000000000016e+00  -1.0000000000000000e+00   1.5543122344752192e-15
   6.7285156250000000e-01  -1.0000000000000915e+00  -1.0000000000000000e+00   9.1482377229112899e-14
   6.7480468750000000e-01  -1.0000000000000784e+00  -1.0000000000000000e+00   7.8381745538536052e-14
   6.7675781250000000e-01  -9.9999999999998257e-01  -1.0000000000000000e+00   1.7430501486614958e-14
   6.7871093750000000e-01  -9.9999999999991041e-01  -1.0000000000000000e+00   8.9594998087250133e-14
   6.8066406250000000e-01  -9.9999999999990652e-01  -1.0000000000000000e+00   9.3480778673438181e-14
   6.8261718750000000e-01  -9.9999999999992828e-01  -1.0000000000000000e+00   7.1720407390785113e-14
   6.8457031250000000e-01  -9.9999999999995670e-01  -1.0000000000000000e+00   4.3298697960381105e-14
   6.8652343750000000e-01  -1.0000000000000218e+00  -1.0000000000000000e+00   2.1760371282653068e-14
   7.1972656250000000e-01  -9.9999999999997213e-01  -1.0000000000000000e+00   2.7866597918091429e-14
   7.2167968750000000e-01  -9.9999999999986666e-01  -1.0000000000000000e+00   1.3333778525748130e-13
   7.2363281250000000e-01  -9.9999999999988942e-01  -1.0000000000000000e+00   1.1057821325266559e-13
   7.2558593750000000e-01  -1.0000000000000102e+00  -1.0000000000000000e+00   1.0214051826551440e-14
   7.2753906250000000e-01  -9.9999999999994804e-01  -1.0000000000000000e+00   5.1958437552457326e-14
   7.2949218750000000e-01  -1.0000000000000739e+00  -1.0000000000000000e+00   7.3940853440035426e-14
   7.3144531250000000e-01  -1.0000000000000082e+00  -1.0000000000000000e+00   8.2156503822261584e-15
   7.3339843750000000e-01  -1.0000000000001006e+00  -1.0000000000000000e+00   1.0058620603103918e-13
   7.3535156250000000e-01  -9.9999999999999445e-01  -1.0000000000000000e+00   5.5511151231257827e-15
   7.3730468750000000e-01  -1.0000000000000504e+00  -1.0000000000000000e+00   5.0404125317982107e-14
   7.3925781250000000e-01  -1.0000000000000722e+00  -1.0000000000000000e+00   7.2164496600635175e-14
   7.4121093750000000e-01  -9.9999999999993283e-01  -1.0000000000000000e+00   6.7168492989821971e-14
   7.4316406250000000e-01  -9.9999999999989975e-01  -1.0000000000000000e+00   1.0025313912365164e-13
   7.4511718750000000e-01  -9.9999999999990619e-01  -1.0000000000000000e+00   9.3813845580825728e-14
   7.4707031250000000e-01  -1.0000000000000391e+00  -1.0000000000000000e+00   3.9079850466805510e-14
   7.4902343750000000e-01  -9.9999999999996825e-01  -1.0000000000000000e+00   3.1752378504279477e-14
   6.8847656250000000e-01  -9.9999999999997891e-01  -1.0000000000000000e+00   2.1094237467877974e-14
   6.9042968750000000e-01  -1.0000000000000431e+00  -1.0000000000000000e+00   4.3076653355456074e-14
   6.9238281250000000e-01  -1.0000000000000491e+00  -1.0000000000000000e+00   4.9071857688431919e-14
   6.9433593750000000e-01  -1.0000000000001141e+00  -1.0000000000000000e+00   1.1413092693146609e-13
   6.9628906250000000e-01  -1.0000000000001144e+00  -1.0000000000000000e+00   1.1435297153639112e-13
   6.9824218750000000e-01  -9.9999999999999334e-01  -1.0000000000000000e+00   6.6613381477509392e-15
   7.0019531250000000e-01  -9.9999999999992251e-01  -1.0000000000000000e+00   7.7493567118835927e-14
   7.0214843750000000e-01  -9.9999999999991651e-01  -1.0000000000000000e+00   8.3488771451811772e-14
   7.0410156250000000e-01  -9.9999999999998823e-01  -1.0000000000000000e+00   1.1768364061026659e-14
   7.0605468750000000e-01  -9.9999999999994815e-01  -1.0000000000000000e+00   5.1847415249994810e-14
   7.0800781250000000e-01  -1.0000000000000331e+00  -1.0000000000000000e+00   3.3084646133829665e-14
   7.0996093750000000e-01  -9.9999999999998368e-01  -1.0000000000000000e+00   1.6320278461989801e-14
   7.1191406250000000e-01  -1.0000000000000622e+00  -1.0000000000000000e+00   6.2172489379008766e-14
   7.1386718750000000e-01  -1.0000000000000053e+00  -1.0000000000000000e+00   5.3290705182007514e-15
   7.1582031250000000e-01  -1.0000000000000764e+00  -1.0000000000000000e+00   7.6383344094210770e-14
   7.1777343750000000e-01  -1.0000000000001013e+00  -1.0000000000000000e+00   1.0125233984581428e-13
   9.6972656250000000e-01  -1.0000000000000295e+00  -1.0000000000000000e+00   2.9531932455029164e-14
   9.7167968750000000e-01  -9.9999999999991018e-01  -1.0000000000000000e+00   8.9817042692175164e-14
   9.7363281250000000e-01  -9.9999999999994016e-01  -1.0000000000000000e+00   5.9841021027295938e-14
   9.7558593750000000e-01  -1.0000000000000100e+00  -1.0000000000000000e+00   9.9920072216264089e-15
   9.7753906250000000e-01  -9.9999999999995814e-01  -1.0000000000000000e+00   4.1855408028368402e-14
   9.7949218750000000e-01  -1.0000000000000555e+00  -1.0000000000000000e+00   5.5511151231257827e-14
   9.8144531250000000e-01  -9.9999999999998124e-01  -1.0000000000000000e+00   1.8762769116165146e-14
   9.8339843750000000e-01  -1.0000000000000362e+00  -1.0000000000000000e+00   3.6193270602780103e-14
   9.8535156250000000e-01  -9.9999999999994837e-01  -1.0000000000000000e+00   5.1625370645069779e-14
   9.8730468750000000e-01  -9.9999999999999800e-01  -1.0000000000000000e+00   1.9984014443252818e-15
   9.8925781250000000e-01  -9.9999999999993749e-01  -1.0000000000000000e+00   6.2505556286396313e-14
   9.9121093750000000e-01  -9.9999999999997002e-01  -1.0000000000000000e+00   2.9976021664879227e-14
   9.9316406250000000e-01  -9.9999999999989964e-01  -1.0000000000000000e+00   1.0036416142611415e-13
   9.9511718750000000e-01  -9.9999999999996991e-01  -1.0000000000000000e+00   3.0087043967341742e-14
   9.9707031250000000e-01  -1.0000000000000433e+00  -1.0000000000000000e+00   4.3298697960381105e-14
   9.9902343750000000e-01  -9.9999999999998657e-01  -1.0000000000000000e+00   1.3433698597964394e-14
   9.3847656250000000e-01  -9.9999999999996836e-01  -1.0000000000000000e+00   3.1641356201816961e-14
   9.4042968750000000e-01  -1.0000000000000595e+00  -1.0000000000000000e+00   5.9507954119908391e-14
   9.4238281250000000e-01  -1.0000000000000591e+00  -1.0000000000000000e+00   5.9063864910058328e-14
   9.4433593750000000e-01  -1.0000000000001017e+00  -1.0000000000000000e+00   1.0169642905566434e-13
   9.4628906250000000e-01  -1.0000000000001008e+00  -1.0000000000000000e+00   1.0080825063596421e-13
   9.4824218750000000e-01  -1.0000000000000064e+00  -1.0000000000000000e+00   6.4392935428259079e-15
   9.5019531250000000e-01  -9.9999999999992939e-01  -1.0000000000000000e+00   7.0610184366159956e-14
   9.5214843750000000e-01  -9.9999999999989442e-01  -1.0000000000000000e+00   1.0558220964185239e-13
   9.5410156250000000e-01  -1.0000000000000064e+00  -1.0000000000000000e+00   6.4392935428259079e-15
   9.5605468750000000e-01  -9.9999999999994538e-01  -1.0000000000000000e+00   5.4622972811557702e-14
   9.5800781250000000e-01  -1.0000000000000295e+00  -1.0000000000000000e+00   2.9531932455029164e-14
   9.5996093750000000e-01  -1.0000000000000160e+00  -1.0000000000000000e+00   1.5987211554602254e-14
   9.6191406250000000e-01  -1.0000000000000306e+00  -1.0000000000000000e+00   3.0642155479654321e-14
   9.6386718750000000e-01  -1.0000000000000253e+00  -1.0000000000000000e+00   2.5313084961453569e-14
   9.6582031250000000e-01  -1.0000000000000440e+00  -1.0000000000000000e+00   4.3964831775156199e-14
   9.6777343750000000e-01  -1.0000000000000340e+00  -1.0000000000000000e+00   3.3972824553529790e-14
   9.0722656250000000e-01  -9.9999999999989841e-01  -1.0000000000000000e+00   1.0158540675320182e-13
   9.0917968750000000e-01  -9.9999999999992328e-01  -1.0000000000000000e+00   7.6716411001598317e-14
   9.1113281250000000e-01  -9.9999999999999689e-01  -1.0000000000000000e+00   3.1086244689504383e-15
   9.1308593750000000e-01  -9.9999999999993561e-01  -1.0000000000000000e+00   6.4392935428259079e-14
   9.1503906250000000e-01  -1.0000000000000129e+00  -1.0000000000000000e+00   1.2878587085651816e-14
   9.1699218750000000e-01  -9.9999999999997302e-01  -1.0000000000000000e+00   2.6978419498391304e-14
   9.1894531250000000e-01  -1.0000000000000548e+00  -1.0000000000000000e+00   5.4845017416482733e-14
   9.2089843750000000e-01  -9.9999999999999689e-01  -1.0000000000000000e+00   3.1086244689504383e-15
   9.2285156250000000e-01  -1.0000000000000830e+00  -1.0000000000000000e+00   8.3044682241961709e-14
   9.2480468750000000e-01  -1.0000000000000981e+00  -1.0000000000000000e+00   9.8143715376863838e-14
   9.2675781250000000e-01  -9.9999999999999922e-01  -1.0000000000000000e+00   7.7715611723760958e-16
   9.2871093750000000e-01  -9.9999999999986522e-01  -1.0000000000000000e+00   1.3478107518949400e-13
   9.3066406250000000e-01  -9.9999999999989120e-01  -1.0000000000000000e+00   1.0880185641326534e-13
   9.3261718750000000e-01  -9.9999999999996736e-01  -1.0000000000000000e+00   3.2640556923979602e-14
   9.3457031250000000e-01  -9.9999999999996458e-01  -1.0000000000000000e+00   3.5416114485542494e-14
   9.3652343750000000e-01  -1.0000000000000018e+00  -1.0000000000000000e+00   1.7763568394002505e-15
   8.7597656250000000e-01  -1.0000000000000322e+00  -1.0000000000000000e+00   3.2196467714129540e-14
   8.7792968750000000e-01  -9.9999999999996125e-01  -1.0000000000000000e+00   3.8746783559417963e-14
   8.7988281250000000e-01  -1.0000000000000933e+00  -1.0000000000000000e+00   9.3258734068513149e-14
   8.8183593750000000e-01  -1.0000000000001004e+00  -1.0000000000000000e+00   1.0036416142611415e-13
   8.8378906250000000e-01  -1.0000000000000664e+00  -1.0000000000000000e+00   6.6391336872584361e-14
   8.8574218750000000e-01  -9.9999999999992850e-01  -1.0000000000000000e+00   7.1498362785860081e-14
   8.8769531250000000e-01  -9.9999999999994948e-01  -1.0000000000000000e+00   5.0515147620444623e-14
   8.8964843750000000e-01  -1.0000000000000060e+00  -1.0000000000000000e+00   5.9952043329758453e-15
   8.9160156250000000e-01  -9.9999999999989997e-01  -1.0000000000000000e+00   1.0003109451872660e-13
   8.9355468750000000e-01  -9.9999999999999178e-01  -1.0000000000000000e+00   8.2156503822261584e-15
   8.9550781250000000e-01  -9.9999999999992617e-01  -1.0000000000000000e+00   7.3829831137572910e-14
   8.9746093750000000e-01  -1.0000000000000508e+00  -1.0000000000000000e+00   5.0848214527832170e-14
   8.9941406250000000e-01  -9.9999999999998901e-01  -1.0000000000000000e+00   1.0991207943789050e-14
   9.0136718750000000e-01  -1.0000000000001106e+00  -1.0000000000000000e+00   1.1057821325266559e-13
   9.0332031250000000e-01  -1.0000000000001321e+00  -1.0000000000000000e+00   1.3211653993039363e-13
   9.0527343750000000e-01  -1.0000000000000275e+00  -1.0000000000000000e+00   2.7533531010703882e-14
   8.4472656250000000e-01  -9.9999999999997180e-01  -1.0000000000000000e+00   2.8199664825478976e-14
   8.4667968750000000e-01  -9.9999999999986666e-01  -1.0000000000000000e+00   1.3333778525748130e-13
   8.4863281250000000e-01  -9.9999999999988942e-01  -1.0000000000000000e+00   1.1057821325266559e-13
   8.5058593750000000e-01  -1.0000000000000102e+00  -1.0000000000000000e+00   1.0214051826551440e-14
   8.5253906250000000e-01  -9.9999999999994804e-01  -1.0000000000000000e+00   5.1958437552457326e-14
   8.5449218750000000e-01  -1.0000000000000739e+00  -1.0000000000000000e+00   7.3940853440035426e-14
   8.5644531250000000e-01  -1.0000000000000082e+00  -1.0000000000000000e+00   8.2156503822261584e-15
   8.5839843750000000e-01  -1.0000000000001006e+00  -1.0000000000000000e+00   1.0058620603103918e-13
   8.6035156250000000e-01  -9.9999999999999445e-01  -1.0000000000000000e+00   5.5511151231257827e-15
   8.6230468750000000e-01  -1.0000000000000504e+00  -1.0000000000000000e+00   5.0404125317982107e-14
   8.6425781250000000e-01  -1.0000000000000722e+00  -1.0000000000000000e+00   7.2164496600635175e-14
   8.6621093750000000e-01  -9.9999999999993283e-01  -1.0000000000000000e+00   6.7168492989821971e-14
   8.6816406250000000e-01  -9.9999999999989975e-01  -1.0000000000000000e+00   1.0025313912365164e-13
   8.7011718750000000e-01  -9.9999999999990619e-01  -1.0000000000000000e+00   9.3813845580825728e-14
   8.7207031250000000e-01  -1.0000000000000391e+00  -1.0000000000000000e+00   3.9079850466805510e-14
   8.7402343750000000e-01  -9.9999999999996825e-01  -1.0000000000000000e+00   3.1752378504279477e-14
   8.1347656250000000e-01  -9.9999999999999689e-01  -1.0000000000000000e+00   3.1086244689504383e-15
   8.1542968750000000e-01  -1.0000000000000588e+00  -1.0000000000000000e+00   5.8841820305133297e-14
   8.1738281250000000e-01  -1.0000000000000293e+00  -1.0000000000000000e+00   2.9309887850104133e-14
   8.1933593750000000e-01  -1.0000000000000946e+00  -1.0000000000000000e+00   9.4591001698063337e-14
   8.2128906250000000e-01  -1.0000000000001403e+00  -1.0000000000000000e+00   1.4033219031261979e-13
   8.2324218750000000e-01  -1.0000000000000058e+00  -1.0000000000000000e+00   5.7731597280508140e-15
   8.2519531250000000e-01  -9.9999999999989730e-01  -1.0000000000000000e+00   1.0269562977782698e-13
   8.2714843750000000e-01  -9.9999999999991573e-01  -1.0000000000000000e+00   8.4265927569049381e-14
   8.2910156250000000e-01  -1.0000000000000040e+00  -1.0000000000000000e+00   3.9968028886505635e-15
   8.3105468750000000e-01  -9.9999999999994460e-01  -1.0000000000000000e+00   5.5400128928795311e-14
   8.3300781250000000e-01  -1.0000000000000264e+00  -1.0000000000000000e+00   2.6423307986078726e-14
   8.3496093750000000e-01  -9.9999999999998745e-01  -1.0000000000000000e+00   1.2545520178264269e-14
   8.3691406250000000e-01  -1.0000000000000639e+00  -1.0000000000000000e+00   6.3948846218409017e-14
   8.3886718750000000e-01  -1.0000000000000036e+00  -1.0000000000000000e+00   3.5527136788005009e-15
   8.4082031250000000e-01  -1.0000000000000764e+00  -1.0000000000000000e+00   7.6383344094210770e-14
   8.4277343750000000e-01  -1.0000000000001013e+00  -1.0000000000000000e+00   1.0125233984581428e-13
   7.8222656250000000e-01  -9.9999999999989841e-01  -1.0000000000000000e+00   1.0158540675320182e-13
   7.8417968750000000e-01  -9.9999999999992328e-01  -1.0000000000000000e+00   7.6716411001598317e-14
   7.8613281250000000e-01  -9.9999999999999689e-01  -1.0000000000000000e+00   3.1086244689504383e-15
   7.8808593750000000e-01  -9.9999999999993561e-01  -1.0000000000000000e+00   6.4392935428259079e-14
   7.9003906250000000e-01  -1.0000000000000127e+00  -1.0000000000000000e+00   1.2656542480726785e-14
   7.9199218750000000e-01  -9.9999999999997347e-01  -1.0000000000000000e+00   2.6534330288541241e-14
   7.9394531250000000e-01  -1.0000000000000551e+00  -1.0000000000000000e+00   5.5067062021407764e-14
   7.9589843750000000e-01  -9.9999999999999478e-01  -1.0000000000000000e+00   5.2180482157382357e-15
   7.9785156250000000e-01  -1.0000000000000846e+00  -1.0000000000000000e+00   8.4598994476436928e-14
   7.9980468750000000e-01  -1.0000000000001021e+00  -1.0000000000000000e+00   1.0214051826551440e-13
   8.0175781250000000e-01  -9.9999999999999323e-01  -1.0000000000000000e+00   6.7723604502134549e-15
   8.0371093750000000e-01  -9.9999999999985989e-01  -1.0000000000000000e+00   1.4011014570769476e-13
   8.0566406250000000e-01  -9.9999999999990574e-01  -1.0000000000000000e+00   9.4257934790675790e-14
   8.0761718750000000e-01  -9.9999999999997091e-01  -1.0000000000000000e+00   2.9087843245179101e-14
   8.0957031250000000e-01  -9.9999999999994083e-01  -1.0000000000000000e+00   5.9174887212520844e-14
   8.1152343750000000e-01  -1.0000000000000040e+00  -1.0000000000000000e+00   3.9968028886505635e-15
   7.5097656250000000e-01  -1.0000000000000322e+00  -1.0000000000000000e+00   3.2196467714129540e-14
   7.5292968750000000e-01  -9.9999999999996125e-01  -1.0000000000000000e+00   3.8746783559417963e-14
   7.5488281250000000e-01  -1.0000000000000933e+00  -1.0000000000000000e+00   9.3258734068513149e-14
   7.5683593750000000e-01  -1.0000000000001004e+00  -1.0000000000000000e+00   1.0036416142611415e-13
   7.5878906250000000e-01  -1.0000000000000664e+00  -1.0000000000000000e+00   6.6391336872584361e-14
   7.6074218750000000e-01  -9.9999999999992850e-01  -1.0000000000000000e+00   7.1498362785860081e-14
   7.6269531250000000e-01  -9.9999999999994948e-01  -1.0000000000000000e+00   5.0515147620444623e-14
   7.6464843750000000e-01  -1.0000000000000060e+00  -1.0000000000000000e+00   5.9952043329758453e-15
   7.6660156250000000e-01  -9.9999999999989997e-01  -1.0000000000000000e+00   1.0003109451872660e-13
   7.6855468750000000e-01  -9.9999999999999178e-01  -1.0000000000000000e+00   8.2156503822261584e-15
   7.7050781250000000e-01  -9.9999999999992617e-01  -1.0000000000000000e+00   7.3829831137572910e-14
   7.7246093750000000e-01  -1.0000000000000508e+00  -1.0000000000000000e+00   5.0848214527832170e-14
   7.7441406250000000e-01  -9.9999999999998901e-01  -1.0000000000000000e+00   1.0991207943789050e-14
   7.7636718750000000e-01  -1.0000000000001106e+00  -1.0000000000000000e+00   1.1057821325266559e-13
   7.7832031250000000e-01  -1.0000000000001321e+00  -1.0000000000000000e+00   1.3211653993039363e-13
   7.8027343750000000e-01  -1.0000000000000275e+00  -1.0000000000000000e+00   2.7533531010703882e-14
