#                  Coord.                Numerical               Analytical                    Error
   3.9062500000000000e-03  -3.0189077998434994e-07   3.1475566733351400e-12   3.0189392754102325e-07
   1.1718750000000000e-02   3.9108156957064038e-07   1.0648799034001359e-11   3.9107092077160638e-07
   1.9531250000000000e-02   3.7429903092669342e-07   6.9229952935014672e-12   3.7429210793139994e-07
   2.7343750000000000e-02  -2.7538421304285468e-07  -5.5431394991715890e-12   2.7537866990335551e-07
   3.5156250000000000e-02  -4.1052380812300771e-07  -1.3567760145056101e-11   4.1051024036286263e-07
   4.2968750000000000e-02   1.7505676520873200e-07  -6.9670096541137788e-12   1.7506373221838610e-07
   5.0781250000000000e-02   4.3001102129457733e-07   8.9284845454199116e-12   4.3000209281003193e-07
   5.8593750000000000e-02  -8.7208909392232765e-08   1.6923569581738292e-11   8.7225832961814503e-08
   6.6406250000000000e-02  -4.4673703742154319e-07   6.2618838097990018e-12   4.4674329930535299e-07
   7.4218750000000000e-02  -1.0384234202566921e-09  -1.3554536605523144e-11   1.0248688836511690e-09
   8.2031250000000000e-02   4.6289675119816237e-07  -2.0589269815193507e-11   4.6291734046797756e-07
   8.9843750000000000e-02   1.0448602531361894e-07  -4.3867942200836889e-12   1.0449041210783902e-07
   9.7656250000000000e-02  -4.6759129525664120e-07   1.9672256135632875e-11   4.6761096751277681e-07
   1.0546875000000000e-01  -2.3095241057749216e-07   2.4302694027329650e-11   2.3097671327151949e-07
   1.1328125000000000e-01   4.4103636310348792e-07   7.9262352378520017e-13   4.4103557047996413e-07
   1.2109375000000000e-01   3.7481828328592215e-07  -2.7491809914717150e-11   3.7484577509583688e-07
   1.2890625000000000e-01  -3.6289435334032678e-07  -2.7609069999611857e-11   3.6286674427032719e-07
   1.3671875000000000e-01  -5.1551549372034219e-07   5.2027143528829242e-12   5.1552069643469507e-07
   1.4453125000000000e-01   2.2186062444245236e-07   3.7117609820234970e-11   2.2182350683263214e-07
   1.5234375000000000e-01   6.2180846730196527e-07   2.9794440333414790e-11   6.2177867286163182e-07
   1.6015625000000000e-01  -2.3104060009673234e-08  -1.4398156201358987e-11   2.3089661853471875e-08
   1.6796875000000000e-01  -6.6074840627866487e-07  -4.8452813004433113e-11   6.6069995346566041e-07
   1.7578125000000000e-01  -2.0923569770370660e-07  -2.9815941083825672e-11   2.0920588176262277e-07
   1.8359375000000000e-01   6.0854428103280028e-07   2.7659174751812235e-11   6.0851662185804842e-07
   1.9140625000000000e-01   4.3574281397550598e-07   6.1068276120029583e-11   4.3568174569938597e-07
   1.9921875000000000e-01  -4.5983602978415374e-07   2.6240700758767860e-11   4.5986227048491251e-07
   2.0703125000000000e-01  -6.1086514743279375e-07  -4.5816301454029713e-11   6.1081933113133973e-07
   2.1484375000000000e-01   2.3223290208338915e-07  -7.4034718026443024e-11   2.3230693680141559e-07
   2.2265625000000000e-01   6.9496296864421974e-07  -1.7212947259733584e-11   6.9498018159147952e-07
   2.3046875000000000e-01   3.5624111054342028e-08   6.9492981739544348e-11   3.5554618072602483e-08
   2.3828125000000000e-01  -6.6572606036990619e-07   8.5724140712324595e-11   6.6581178451061848e-07
   2.4609375000000000e-01  -2.9225342367579498e-07   4.7868845719064741e-13   2.9225390236425218e-07
   2.5390625000000000e-01   5.2551866094485638e-07  -9.8843309014526773e-11   5.2561750425387088e-07
   2.6171875000000000e-01   4.8565430161828926e-07  -9.3598616028231191e-11   4.8574790023431745e-07
   2.6953125000000000e-01  -3.0236836306438236e-07   2.6491773980126446e-11   3.0239485483836248e-07
   2.7734375000000000e-01  -5.7638936176999705e-07   1.3318510648053785e-10   5.7652254687647756e-07
   2.8515625000000000e-01   4.4144980118139328e-08   9.4022382849492912e-11   4.4050957735289838e-08
   2.9296875000000000e-01   5.4782993881025429e-07  -6.6233144130447875e-11   5.4789617195438469e-07
   3.0078125000000000e-01   1.9259969004220059e-07  -1.7052660334794894e-10   1.9277021664554855e-07
   3.0859375000000000e-01  -4.1077949622331891e-07  -8.2157114554209658e-11   4.1069733910876472e-07
   3.1640625000000000e-01  -3.5621237656223154e-07   1.2081003082433356e-10   3.5633318659305587e-07
   3.2421875000000000e-01   2.0125247059348821e-07   2.0700902626873429e-10   2.0104546156721947e-07
   3.3203125000000000e-01   4.1243416775017496e-07   5.2029027041059405e-11   4.1238213872313391e-07
   3.3984375000000000e-01   2.7992912564555708e-08  -1.9108492898667419e-10   2.8183997493542383e-08
   3.4765625000000000e-01  -3.5268025612730766e-07  -2.3632607283491481e-10   3.5244393005447276e-07
   3.5546875000000000e-01  -2.2000227887545944e-07   3.1134852113799352e-12   2.2000539236067082e-07
   3.6328125000000000e-01   1.9612452553763488e-07   2.7569735516978631e-10   1.9584882818246509e-07
   3.7109375000000000e-01   3.2715676412434209e-07   2.4923638460471451e-10   3.2690752773973736e-07
   3.7890625000000000e-01   1.4823231167637257e-08  -9.0009151527791058e-11   1.4913240319165048e-08
   3.8671875000000000e-01  -3.2246342041412728e-07  -3.6976860802857633e-10   3.2209365180609871e-07
   3.9453125000000000e-01  -2.2449313435423448e-07  -2.3335552402670225e-10   2.2425977883020779e-07
   4.0234375000000000e-01   2.0600156329836944e-07   2.1401202139534311e-10   2.0578755127697411e-07
   4.1015625000000000e-01   3.7701490909862791e-07   4.6342796778115038e-10   3.7655148113084678e-07
   4.1796875000000000e-01  -5.0884991609947343e-09   1.7349254805069036e-10   5.2619917090454244e-09
   4.2578125000000000e-01  -4.2945314661598491e-07  -3.7702081568812759e-10   4.2907612580029679e-07
   4.3359375000000000e-01  -2.3184517596514573e-07  -5.4037904343146500e-10   2.3130479692171427e-07
   4.4140625000000000e-01   3.6203288672463606e-07  -5.2867205456726253e-11   3.6208575393009277e-07
   4.4921875000000000e-01   4.4628735640895825e-07   5.7467983908593630e-10   4.4571267656987234e-07
   4.5703125000000000e-01  -1.8312261958129982e-07   5.7688901192298947e-10   1.8369950859322281e-07
   4.6484375000000000e-01  -5.8310666750919462e-07  -1.4442053538983769e-10   5.8296224697380479e-07
   4.7265625000000000e-01  -7.2206393361272550e-08  -7.9299133167802076e-10   7.1413402029594532e-08
   4.8046875000000000e-01   6.0339259518734023e-07  -5.4177492661276138e-10   6.0393437011395304e-07
   4.8828125000000000e-01   3.4979006328434692e-07   4.2933744230524810e-10   3.4936072584204168e-07
   4.9609375000000000e-01  -4.9370457665400887e-07   1.0047483777885032e-09   4.9470932503179735e-07
   5.0390625000000000e-01  -5.8846575612268588e-07   3.9814543370494168e-10   5.8886390155639086e-07
   5.1171875000000000e-01   2.6953274594761844e-07  -8.0211868490103234e-10   2.7033486463251945e-07
   5.1953125000000000e-01   7.3386884176133261e-07  -1.1665690454718164e-09   7.3503541080680446e-07
   5.2734375000000000e-01   2.7892685348556539e-08  -1.0777023425913401e-10   2.8000455582815672e-08
   5.3515625000000000e-01  -7.5068411114125675e-07   1.2449178731414766e-09   7.5192902901439819e-07
   5.4296875000000000e-01  -3.4069976790460708e-07   1.2177576208601927e-09   3.4191752552546727e-07
   5.5078125000000000e-01   6.3044469726425254e-07  -3.6110159884815830e-10   6.3080579886310066e-07
   5.5859375000000000e-01   6.0716666985414389e-07  -1.7136864129351998e-09   6.0888035626707913e-07
   5.6640625000000000e-01  -3.9308054349603370e-07  -1.0826594096273945e-09   3.9199788408640632e-07
   5.7421875000000000e-01  -7.7507703360277968e-07   1.0219929258065613e-09   7.7609902652858629e-07
   5.8203125000000000e-01   8.2023857736031931e-08   2.1308904570621248e-09   7.9892967278969810e-08
   5.8984375000000000e-01   8.1243578286484567e-07   6.7846673707618784e-10   8.1175731612776948e-07
   5.9765625000000000e-01   2.4567234183315322e-07  -1.8547987646692895e-09   2.4752714059782251e-07
   6.0546875000000000e-01  -7.1315150200065301e-07  -2.3816749698758941e-09   7.1076982703077711e-07
   6.1328125000000000e-01  -5.3154636592186382e-07   6.9644125384924544e-11   5.3161601004724874e-07
   6.2109375000000000e-01   4.9673640971589063e-07   2.7883004712598426e-09   4.9394810924463081e-07
   6.2890625000000000e-01   7.2722152813942295e-07   2.3170763328471565e-09   7.2490445180657578e-07
   6.3671875000000000e-01  -2.0269381452633250e-07  -1.2048940204247611e-09   2.0148892050590773e-07
   6.4453125000000000e-01  -8.0263475988467524e-07  -3.6839802765641564e-09   7.9895077960811106e-07
   6.5234375000000000e-01  -1.1845983250469156e-07  -1.7685297433894811e-09   1.1669130276130208e-07
   6.6015625000000000e-01   7.4963202966135520e-07   2.7073238459688074e-09   7.4692470581538636e-07
   6.6796875000000000e-01   4.1503473675428840e-07   4.3267107745834290e-09   4.1070802597970497e-07
   6.7578125000000000e-01  -5.8097161159281407e-07   5.7771110660877595e-10   5.8154932269942289e-07
   6.8359375000000000e-01  -6.4263183539587828e-07  -4.4576165300279966e-09   6.3817421886585026e-07
   6.9140625000000000e-01   3.2592085117381562e-07  -4.4300049417354902e-09   3.3035085611555109e-07
   6.9921875000000000e-01   7.6987689989708633e-07   1.3559334662567737e-09   7.6852096643082961e-07
   7.0703125000000000e-01  -2.4160470969074881e-08   6.2036413631179723e-09   3.0364112332192851e-08
   7.1484375000000000e-01  -7.8115537132258554e-07   3.6647527076073880e-09   7.8482012403019295e-07
   7.2265625000000000e-01  -2.8045298473227081e-07  -4.0114072629180030e-09   2.7644157746935282e-07
   7.3046875000000000e-01   6.7692049701553983e-07  -7.5416819684256675e-09   6.8446217898396545e-07
   7.3828125000000000e-01   5.4535876940013216e-07  -1.7195958297599877e-09   5.4707836522989215e-07
   7.4609375000000000e-01  -4.7246089829214379e-07   7.1738342413642331e-09   4.7963473253350807e-07
   8.7890625000000000e-01   7.2283234043669767e-07   2.2255114406542234e-08   7.0057722603015542e-07
   8.8671875000000000e-01  -2.9878109169096418e-07  -5.0216292538424280e-09   2.9375946243712174e-07
   8.9453125000000000e-01  -8.1705117831684804e-07  -2.9303390873027101e-08   7.8774778744382093e-07
   9.0234375000000000e-01  -3.3689479035573897e-09  -1.7694489339448176e-08   1.4325541435890786e-08
   9.1015625000000000e-01   7.9193103914877375e-07   1.9179030773855874e-08   7.7275200837491786e-07
   9.1796875000000000e-01   2.8381393251479631e-07   3.5336047684997514e-08   2.4847788482979880e-07
   9.2578125000000000e-01  -6.6142759595044294e-07   6.2603213461761783e-09   6.6768791729661917e-07
   9.3359375000000000e-01  -5.0001128606652475e-07  -3.5144016491420635e-08   4.6486726957510408e-07
   9.4140625000000000e-01   4.5817172599934233e-07  -3.4856509659565972e-08   4.9302823565890832e-07
   9.4921875000000000e-01   6.2622470852077829e-07   1.2396194932750908e-08   6.1382851358802736e-07
   9.5703125000000000e-01  -2.2472709504794873e-07   4.9272675586429900e-08   2.7399977063437861e-07
   9.6484375000000000e-01  -6.5787883578151163e-07   2.4598793939610569e-08   6.8247762972112222e-07
   9.7265625000000000e-01   2.6482445596514203e-09  -3.6594151611772671e-08   3.9242396171424092e-08
   9.8046875000000000e-01   6.1006910111127231e-07  -5.6453023501397891e-08   6.6652212461267025e-07
   9.8828125000000000e-01   1.7745125840377510e-07  -2.5302077658712279e-09   1.7998146616964632e-07
   9.9609375000000000e-01  -5.1078551192491668e-07   6.1973928803652552e-08   5.7275944072856923e-07
   7.5390625000000000e-01  -7.3382302833122044e-07   7.9285202470854898e-09   7.4175154857830596e-07
   7.6171875000000000e-01   1.9578562334059892e-07  -1.6030518190310044e-09   1.9738867515962993e-07
   7.6953125000000000e-01   8.1879823278909022e-07  -1.0369785355983583e-08   8.2916801814507384e-07
   7.7734375000000000e-01   1.1523792809648394e-07  -6.7424740714616946e-09   1.2198040216794563e-07
   7.8515625000000000e-01  -7.8633831985922152e-07   6.2600626675969031e-09   7.9259838252681839e-07
   7.9296875000000000e-01  -4.1679852381515281e-07   1.2835908516878408e-08   4.2963443233203120e-07
   8.0078125000000000e-01   6.3834639377906389e-07   3.4085902398955423e-09   6.3493780353916831e-07
   8.0859375000000000e-01   6.6445359194034024e-07  -1.1828245148663845e-08   6.7628183708900406e-07
   8.1640625000000000e-01  -3.9387891334182386e-07  -1.3554174671154895e-08   3.8032473867066898e-07
   8.2421875000000000e-01  -8.1972600149508477e-07   2.4072969543744392e-09   8.2213329844945920e-07
   8.3203125000000000e-01   8.7960015477988768e-08   1.7388838165201113e-08   7.0571177312787652e-08
   8.3984375000000000e-01   8.5709059853870068e-07   1.1388654439426632e-08   8.4570194409927403e-07
   8.4765625000000000e-01   2.3285596208513867e-07  -1.0551097379406387e-08   2.4340705946454506e-07
   8.5546875000000000e-01  -7.6973592447696710e-07  -2.1490226459409262e-08   7.4824569801755789e-07
   8.6328125000000000e-01  -5.1808355088641660e-07  -5.3488844812392360e-09   5.1273466640517731e-07
   8.7109375000000000e-01   5.7224075137704138e-07   2.0124820924340290e-08   5.5211593045270105e-07
