#                  Coord.                Numerical               Analytical                    Error
   5.0390625000000000e-01   1.9754856852410352e+00   2.4591923536424920e-02   1.9508937617046103e+00
   5.1171875000000000e-01   1.7880690988429333e+00   2.1189154203504257e-01   1.5761775568078908e+00
   5.1953125000000000e-01   1.4494528478004582e+00   5.5052486082291663e-01   8.9892798697754162e-01
   5.2734375000000000e-01   1.0245486105732720e+00   9.7546703128240997e-01   4.9081579290861987e-02
   5.3515625000000000e-01   5.9489113998854448e-01   1.4051200570786155e+00   8.1022891709007105e-01
   5.4296875000000000e-01   2.4301121403094458e-01   1.7569813567748864e+00   1.5139701427439418e+00
   5.5078125000000000e-01   3.6507339786720668e-02   1.9634860261584530e+00   1.9269786863717324e+00
   5.5859375000000000e-01   1.5034037090372506e-02   1.9849807466677185e+00   1.9699467095773460e+00
   5.6640625000000000e-01   1.8266744964848566e-01   1.8173380716822334e+00   1.6346706220337477e+00
   5.7421875000000000e-01   5.0724384906437392e-01   1.4927489846581041e+00   9.8550513559373021e-01
   5.8203125000000000e-01   9.2645015736828185e-01   1.0735415409745217e+00   1.4709138360623986e-01
   5.8984375000000000e-01   1.3597960360851786e+00   6.4021254662337723e-01   7.1958348946180140e-01
   5.9765625000000000e-01   1.7240418983827150e+00   2.7597044772029555e-01   1.4480714506624195e+00
   6.0546875000000000e-01   1.9492226003895021e+00   5.0757527044985817e-02   1.8984650733445163e+00
   6.1328125000000000e-01   1.9921477195803643e+00   7.8194880209921935e-03   1.9843282315593722e+00
   6.2109375000000000e-01   1.8446610462526078e+00   1.5540135360549878e-01   1.6892596926471091e+00
   6.2890625000000000e-01   1.5348840343404995e+00   4.6516424532463074e-01   1.0697197890158687e+00
   6.3671875000000000e-01   1.1223502867855160e+00   8.7762705478223257e-01   2.4472323200328339e-01
   6.4453125000000000e-01   6.8639971555097068e-01   1.3135880901857346e+00   6.2718837463476396e-01
   6.5234375000000000e-01   3.1067509494600715e-01   1.6893334971755811e+00   1.3786584022295740e+00
   6.6015625000000000e-01   6.7293065745342481e-02   1.9327121114904051e+00   1.8654190457450626e+00
   6.6796875000000000e-01   3.0060247327168225e-03   1.9969900275321997e+00   1.9939840027994828e+00
   6.7578125000000000e-01   1.3017196750561266e-01   1.8698245089895000e+00   1.7396525414838875e+00
   6.8359375000000000e-01   4.2436785057365251e-01   1.5756340585135418e+00   1.1512662079398892e+00
   6.9140625000000000e-01   8.2909200496282009e-01   1.1709095423173235e+00   3.4181753735450338e-01
   6.9921875000000000e-01   1.2666300649369107e+00   7.3336673418148401e-01   5.3326333075542665e-01
   7.0703125000000000e-01   1.6529736088888474e+00   3.4702322270172181e-01   1.3059503861871256e+00
   7.1484375000000000e-01   1.9139372847670624e+00   8.6065235146717267e-02   1.8278720496203451e+00
   7.2265625000000000e-01   1.9994012516642492e+00   6.0229321694560412e-04   1.9987989584473036e+00
   7.3046875000000000e-01   1.8929506183986100e+00   1.0704511184531196e-01   1.7859055065532980e+00
   7.3828125000000000e-01   1.6150396558847628e+00   3.8495439051487867e-01   1.2300852653698842e+00
   7.4609375000000000e-01   1.2190454197353320e+00   7.8096559664041465e-01   4.3807982309491733e-01
   8.7890625000000000e-01   1.5533895016788696e-01   1.8445995759077083e+00   1.6892606257398213e+00
   8.8671875000000000e-01   7.8522370094072230e-03   1.9921807246572234e+00   1.9843284876478162e+00
   8.9453125000000000e-01   5.0776771802840251e-02   1.9492419279594850e+00   1.8984651561566448e+00
   9.0234375000000000e-01   2.7595811973812145e-01   1.7240283542612493e+00   1.4480702345231280e+00
   9.1015625000000000e-01   6.4020397315781896e-01   1.3597858323804390e+00   7.1958185922262008e-01
   9.1796875000000000e-01   1.0735498523930112e+00   9.2645672631760168e-01   1.4709312607540947e-01
   9.2578125000000000e-01   1.4927561604300321e+00   5.0724950363919052e-01   9.8550665679084160e-01
   9.3359375000000000e-01   1.8173325700092455e+00   1.8266092789963639e-01   1.6346716421096090e+00
   9.4140625000000000e-01   1.9849748024808720e+00   1.5018956300439923e-02   1.9699558461804321e+00
   9.4921875000000000e-01   1.9634924975984398e+00   3.6514437232435415e-02   1.9269780603660043e+00
   9.5703125000000000e-01   1.7569887935939574e+00   2.4301977805775854e-01   1.5139690155361989e+00
   9.6484375000000000e-01   1.4051088508361074e+00   5.9488153128356513e-01   8.1022731955254224e-01
   9.7265625000000000e-01   9.7545137910264157e-01   1.0245347056097922e+00   4.9083326507150637e-02
   9.8046875000000000e-01   5.5054714351380318e-01   1.4494766910789121e+00   8.9892954756510890e-01
   9.8828125000000000e-01   2.1193091099041017e-01   1.7881095268778813e+00   1.5761786158874711e+00
   9.9609375000000000e-01   2.4516924248825744e-02   1.9754084571334736e+00   1.9508915328846479e+00
   7.5390625000000000e-01   7.8095457015917680e-01   1.2190360985596245e+00   4.3808152840044767e-01
   7.6171875000000000e-01   3.8496033999542667e-01   1.6150469791704523e+00   1.2300866391750256e+00
   7.6953125000000000e-01   1.0704927069447662e-01   1.8929556693163974e+00   1.7859063986219208e+00
   7.7734375000000000e-01   5.9874808827163606e-04   1.9993977494213659e+00   1.9987990013330943e+00
   7.8515625000000000e-01   8.6062471390700390e-02   1.9139340607807280e+00   1.8278715893900277e+00
   7.9296875000000000e-01   3.4702640445770894e-01   1.6529754617118644e+00   1.3059490572541554e+00
   8.0078125000000000e-01   7.3336994448404147e-01   1.2666315913390060e+00   5.3326164685496458e-01
   8.0859375000000000e-01   1.1709080046614282e+00   8.2908874584599346e-01   3.4181925881543473e-01
   8.1640625000000000e-01   1.5756321600550387e+00   4.2436452100194832e-01   1.1512676390530903e+00
   8.2421875000000000e-01   1.8698280056765919e+00   1.3017463464155121e-01   1.7396533710350406e+00
   8.3203125000000000e-01   1.9969939760076996e+00   3.0098446555805181e-03   1.9939841313521192e+00
   8.3984375000000000e-01   1.9327064671839280e+00   6.7288513796822658e-02   1.8654179533871054e+00
   8.4765625000000000e-01   1.6893249059820543e+00   3.1066776114255268e-01   1.3786571448395017e+00
   8.5546875000000000e-01   1.3136002746648179e+00   6.8641355953927830e-01   6.2718671512553958e-01
   8.6328125000000000e-01   8.7764970295170597e-01   1.1223746695670735e+00   2.4472496661536758e-01
   8.7109375000000000e-01   4.6511595857327748e-01   1.5348372225370310e+00   1.0697212639637534e+00
   3.9062500000000000e-03   2.4516926452701093e-02   1.9754080764635802e+00   1.9508911500108792e+00
   1.1718750000000000e-02   2.1193091717901119e-01   1.7881084579649609e+00   1.5761775407859497e+00
   1.9531250000000000e-02   5.5054715249909958e-01   1.4494751391771232e+00   8.9892798667802365e-01
   2.7343750000000000e-02   9.7545138916007124e-01   1.0245329687176152e+00   4.9081579557543997e-02
   3.5156250000000000e-02   1.4051088600334096e+00   5.9487994292139457e-01   8.1022891711201506e-01
   4.2968750000000000e-02   1.7569888001644802e+00   2.4301864322514399e-01   1.5139701569393362e+00
   5.0781250000000000e-02   1.9634925002812749e+00   3.6513973841555636e-02   1.9269785264397192e+00
   5.8593750000000000e-02   1.9849748007612182e+00   1.5019253332279603e-02   1.9699555474289387e+00
   6.6406250000000000e-02   1.8173325642167777e+00   1.8266192831773576e-01   1.6346706358990419e+00
   7.4218750000000000e-02   1.4927561516768750e+00   5.0725101534186789e-01   9.8550513633500714e-01
   8.2031250000000000e-02   1.0735498423602818e+00   9.2645845902546031e-01   1.4709138333482152e-01
   8.9843750000000000e-02   6.4020396377199906e-01   1.3597874533765661e+00   7.1958348960456708e-01
   9.7656250000000000e-02   2.7595811280136873e-01   1.7240295522796822e+00   1.4480714394783134e+00
   1.0546875000000000e-01   5.0776768647237298e-02   1.9492424729550084e+00   1.8984657043077711e+00
   1.1328125000000000e-01   7.8522382485988335e-03   1.9921805119790152e+00   1.9843282737304164e+00
   1.2109375000000000e-01   1.5533895555018470e-01   1.8445986463945261e+00   1.6892596908443414e+00
   1.2890625000000000e-01   4.6511596707365188e-01   1.5348357546753846e+00   1.0697197876017328e+00
   1.3671875000000000e-01   8.7764971293505356e-01   1.1223729452177713e+00   2.4472323228271775e-01
   1.4453125000000000e-01   1.3136002842162657e+00   6.8641190981430955e-01   6.2718837440195618e-01
   1.5234375000000000e-01   1.6893249132685972e+00   3.1066650282444219e-01   1.3786584104441550e+00
   1.6015625000000000e-01   1.9327064708050408e+00   6.7287888509596328e-02   1.8654185822954443e+00
   1.6796875000000000e-01   1.9969939752671169e+00   3.0099724677968842e-03   1.9939840027993201e+00
   1.7578125000000000e-01   1.8698280007175943e+00   1.3017549101048409e-01   1.7396525097071103e+00
   1.8359375000000000e-01   1.5756321518306853e+00   4.2436594148645512e-01   1.1512662103442302e+00
   1.9140625000000000e-01   1.1709079947500456e+00   8.2909045768261680e-01   3.4181753706742879e-01
   1.9921875000000000e-01   7.3336993478806589e-01   1.2666332658184847e+00   5.3326333103041879e-01
   2.0703125000000000e-01   3.4702639683979042e-01   1.6529767772982753e+00   1.3059503804584849e+00
   2.1484375000000000e-01   8.6062467314361402e-02   1.9139347648532812e+00   1.8278722975389199e+00
   2.2265625000000000e-01   5.9874833558550857e-04   1.9993977067830540e+00   1.9987989584474684e+00
   2.3046875000000000e-01   1.0704927521704008e-01   1.8929548881547280e+00   1.7859056129376880e+00
   2.3828125000000000e-01   3.8496034792546702e-01   1.6150456094851693e+00   1.2300852615597022e+00
   2.4609375000000000e-01   7.8095457997568996e-01   1.2190344033596170e+00   4.3807982338392704e-01
   2.5390625000000000e-01   1.2190454295518873e+00   7.8096390144040695e-01   4.3808152811148038e-01
   2.6171875000000000e-01   1.6150396638148528e+00   3.8495302082955074e-01   1.2300866429853019e+00
   2.6953125000000000e-01   1.8929506229211848e+00   1.0704433068359165e-01   1.7859062922375930e+00
   2.7734375000000000e-01   1.9994012519115900e+00   6.0225057863616538e-04   1.9987990013329537e+00
   2.8515625000000000e-01   1.9139372806907928e+00   8.6065939219247323e-02   1.8278713414715455e+00
   2.9296875000000000e-01   1.6529736012709622e+00   3.4702453828808966e-01   1.3059490629828725e+00
   3.0078125000000000e-01   1.2666300552409495e+00   7.3336840866096287e-01   5.3326164657998665e-01
   3.0859375000000000e-01   8.2909199505142261e-01   1.1709112541540028e+00   3.4181925910258015e-01
   3.1640625000000000e-01   4.2436784234926200e-01   1.5756354789980485e+00   1.1512676366487864e+00
   3.2421875000000000e-01   1.3017196254657101e-01   1.8698253653584609e+00   1.7396534028118900e+00
   3.3203125000000000e-01   3.0060239921233158e-03   1.9969901553444149e+00   1.9939841313522917e+00
   3.3984375000000000e-01   6.7293069366511291e-02   1.9327114862031993e+00   1.8654184168366881e+00
   3.4765625000000000e-01   3.1067510223255557e-01   1.6893322388574707e+00   1.3786571366249152e+00
   3.5546875000000000e-01   6.8639972510241365e-01   1.3135864404607525e+00   6.2718671535833881e-01
   3.6328125000000000e-01   1.1223502967688781e+00   8.7762533043290214e-01   2.4472496633597596e-01
   3.7109375000000000e-01   1.5348840428409460e+00   4.6516277746294821e-01   1.0697212653779977e+00
   3.7890625000000000e-01   1.8446610516348212e+00   1.5540042409233956e-01   1.6892606275424815e+00
   3.8671875000000000e-01   1.9921477208118163e+00   7.8192753427872574e-03   1.9843284454690291e+00
   3.9453125000000000e-01   1.9492225972339299e+00   5.0758072040504865e-02   1.8984645251934249e+00
   4.0234375000000000e-01   1.7240418914459357e+00   2.7597164573872845e-01   1.4480702457072072e+00
   4.1015625000000000e-01   1.3597960266993179e+00   6.4021416761953076e-01   7.1958185907978711e-01
   4.1796875000000000e-01   9.2645014733554365e-01   1.0735432736824226e+00   1.4709312634687899e-01
   4.2578125000000000e-01   5.0724384031124115e-01   1.4927504963607319e+00   9.8550665604949073e-01
   4.3359375000000000e-01   1.8266744385604297e-01   1.8173390721003122e+00   1.6346716282442693e+00
   4.4140625000000000e-01   1.5034035371909163e-02   1.9849810436995545e+00   1.9699470083276454e+00
   4.4921875000000000e-01   3.6507342469301651e-02   1.9634855627675734e+00   1.9269782202982717e+00
   4.5703125000000000e-01   2.4301122060147959e-01   1.7569802219422626e+00   1.5139690013407829e+00
   4.6484375000000000e-01   5.9489114918586816e-01   1.4051184687164124e+00   8.1022731953054428e-01
   4.7265625000000000e-01   1.0245486206306844e+00   9.7546529439018337e-01   4.9083326240501046e-02
   4.8046875000000000e-01   1.4494528567856744e+00   5.5052330892116752e-01   8.9892954786450685e-01
   4.8828125000000000e-01   1.7880691050314670e+00   2.1189047312213882e-01   1.5761786319093281e+00
   4.9609375000000000e-01   1.9754856874459576e+00   2.4591542866533311e-02   1.9508941445794243e+00
