#                  Coord.                Numerical               Analytical                    Error
   3.9062500000000000e-03   7.6297392511646657e-16   9.9969881869620425e-01   9.9969881869620347e-01
   1.1718750000000000e-02  -4.9236264171755943e-16  -9.9969881869620425e-01   9.9969881869620381e-01
   1.9531250000000000e-02   3.4342027193802290e-16   9.9969881869620425e-01   9.9969881869620392e-01
   2.7343750000000000e-02   4.7997886633633241e-16  -9.9969881869620425e-01   9.9969881869620469e-01
   3.5156250000000000e-02   6.1398355259838902e-16   9.9969881869620425e-01   9.9969881869620358e-01
   4.2968750000000000e-02   7.4909648598699410e-16  -9.9969881869620425e-01   9.9969881869620503e-01
   5.0781250000000000e-02   8.8536575641027494e-16   9.9969881869620425e-01   9.9969881869620336e-01
   5.8593750000000000e-02   1.0189368489729225e-15  -9.9969881869620425e-01   9.9969881869620525e-01
   6.6406250000000000e-02   6.5619451793686397e-16   9.9969881869620425e-01   9.9969881869620358e-01
   7.4218750000000000e-02   1.7754542611497008e-15  -9.9969881869620425e-01   9.9969881869620603e-01
   8.2031250000000000e-02   5.8538036550857712e-15   9.9969881869620425e-01   9.9969881869619837e-01
   8.9843750000000000e-02   5.0045768960001245e-15  -9.9969881869620425e-01   9.9969881869620925e-01
   9.7656250000000000e-02  -2.2497474477897391e-15   9.9969881869620425e-01   9.9969881869620647e-01
   1.0546875000000000e-01  -2.1124178458088653e-15  -9.9969881869620425e-01   9.9969881869620214e-01
   1.1328125000000000e-01   5.9097957053982926e-15   9.9969881869620425e-01   9.9969881869619837e-01
   1.2109375000000000e-01   6.0472216615345902e-15  -9.9969881869620425e-01   9.9969881869621025e-01
   1.2890625000000000e-01  -1.6994171468951188e-15   9.9969881869620425e-01   9.9969881869620592e-01
   1.3671875000000000e-01  -1.5633404976131009e-15  -9.9969881869620425e-01   9.9969881869620270e-01
   1.4453125000000000e-01   6.4563670610267586e-15   9.9969881869620425e-01   9.9969881869619781e-01
   1.5234375000000000e-01   6.5892635001622658e-15  -9.9969881869620425e-01   9.9969881869621080e-01
   1.6015625000000000e-01  -1.1693734055182168e-15   9.9969881869620425e-01   9.9969881869620547e-01
   1.6796875000000000e-01  -1.0302127259059424e-15  -9.9969881869620425e-01   9.9969881869620325e-01
   1.7578125000000000e-01   7.0100704547179079e-15   9.9969881869620425e-01   9.9969881869619726e-01
   1.8359375000000000e-01   7.1488455433693159e-15  -9.9969881869620425e-01   9.9969881869621136e-01
   1.9140625000000000e-01  -6.0983997523680822e-16   9.9969881869620425e-01   9.9969881869620481e-01
   1.9921875000000000e-01  -4.7954544697609470e-16  -9.9969881869620425e-01   9.9969881869620381e-01
   2.0703125000000000e-01   7.5330795582225779e-15   9.9969881869620425e-01   9.9969881869619670e-01
   2.1484375000000000e-01   7.6681926659503549e-15  -9.9969881869620425e-01   9.9969881869621191e-01
   2.2265625000000000e-01  -7.2856729768900818e-17   9.9969881869620425e-01   9.9969881869620436e-01
   2.3046875000000000e-01   6.4376169378207074e-17  -9.9969881869620425e-01   9.9969881869620436e-01
   2.3828125000000000e-01   8.0820594190583039e-15   9.9969881869620425e-01   9.9969881869619615e-01
   2.4609375000000000e-01   8.2170759982914864e-15  -9.9969881869620425e-01   9.9969881869621247e-01
   2.5390625000000000e-01   4.6706479442193098e-16   9.9969881869620425e-01   9.9969881869620381e-01
   2.6171875000000000e-01   6.0458727905282391e-16  -9.9969881869620425e-01   9.9969881869620481e-01
   2.6953125000000000e-01   8.6303664570281863e-15   9.9969881869620425e-01   9.9969881869619559e-01
   2.7734375000000000e-01   8.7689488373687466e-15  -9.9969881869620425e-01   9.9969881869621302e-01
   2.8515625000000000e-01   1.0212979616287416e-15   9.9969881869620425e-01   9.9969881869620325e-01
   2.9296875000000000e-01   1.1590131545704827e-15  -9.9969881869620425e-01   9.9969881869620536e-01
   3.0078125000000000e-01   7.2129335219771051e-15   9.9969881869620425e-01   9.9969881869619703e-01
   3.0859375000000000e-01   1.1288103315953764e-14  -9.9969881869620425e-01   9.9969881869621557e-01
   3.1640625000000000e-01   1.7324241983205355e-14   9.9969881869620425e-01   9.9969881869618693e-01
   3.2421875000000000e-01   1.7457427484807137e-14  -9.9969881869620425e-01   9.9969881869622168e-01
   3.3203125000000000e-01   1.1686985167331964e-14   9.9969881869620425e-01   9.9969881869619259e-01
   3.3984375000000000e-01   7.8795356834131458e-15  -9.9969881869620425e-01   9.9969881869621213e-01
   3.4765625000000000e-01   4.0663518197028069e-15   9.9969881869620425e-01   9.9969881869620014e-01
   3.5546875000000000e-01   2.5572177695913923e-16  -9.9969881869620425e-01   9.9969881869620447e-01
   3.6328125000000000e-01  -7.5011332742026808e-15   9.9969881869620425e-01   9.9969881869621180e-01
   3.7109375000000000e-01  -3.4173862170015634e-15  -9.9969881869620425e-01   9.9969881869620081e-01
   3.7890625000000000e-01   1.6455404364064152e-14   9.9969881869620425e-01   9.9969881869618782e-01
   3.8671875000000000e-01   2.0536645690206732e-14  -9.9969881869620425e-01   9.9969881869622479e-01
   3.9453125000000000e-01   1.2770779607781870e-14   9.9969881869620425e-01   9.9969881869619148e-01
   4.0234375000000000e-01   8.9606315101544924e-15  -9.9969881869620425e-01   9.9969881869621324e-01
   4.1015625000000000e-01   5.1581936626919291e-15   9.9969881869620425e-01   9.9969881869619914e-01
   4.1796875000000000e-01   1.3526716105599367e-15  -9.9969881869620425e-01   9.9969881869620558e-01
   4.2578125000000000e-01  -6.3951722349996763e-15   9.9969881869620425e-01   9.9969881869621069e-01
   4.3359375000000000e-01  -2.3175930641198995e-15  -9.9969881869620425e-01   9.9969881869620192e-01
   4.4140625000000000e-01   1.7526670585069288e-14   9.9969881869620425e-01   9.9969881869618671e-01
   4.4921875000000000e-01   2.1604828055220780e-14  -9.9969881869620425e-01   9.9969881869622590e-01
   4.5703125000000000e-01   1.3859201052592606e-14   9.9969881869620425e-01   9.9969881869619037e-01
   4.6484375000000000e-01   1.0053293409499746e-14  -9.9969881869620425e-01   9.9969881869621435e-01
   4.7265625000000000e-01   6.2450243922423086e-15   9.9969881869620425e-01   9.9969881869619803e-01
   4.8046875000000000e-01   2.4392131033048739e-15  -9.9969881869620425e-01   9.9969881869620669e-01
   4.8828125000000000e-01  -5.3078595603330006e-15   9.9969881869620425e-01   9.9969881869620958e-01
   4.9609375000000000e-01  -1.2261362890741332e-15  -9.9969881869620425e-01   9.9969881869620303e-01
   5.0390625000000000e-01   1.8629547681111623e-14   9.9969881869620425e-01   9.9969881869618560e-01
   5.1171875000000000e-01   2.2708475984506499e-14  -9.9969881869620425e-01   9.9969881869622701e-01
   5.1953125000000000e-01   1.4952584649238095e-14   9.9969881869620425e-01   9.9969881869618926e-01
   5.2734375000000000e-01   1.1144845928513837e-14  -9.9969881869620425e-01   9.9969881869621535e-01
   5.3515625000000000e-01   7.3415407193132860e-15   9.9969881869620425e-01   9.9969881869619692e-01
   5.4296875000000000e-01   3.5345731805107590e-15  -9.9969881869620425e-01   9.9969881869620780e-01
   5.5078125000000000e-01  -4.2170289129583223e-15   9.9969881869620425e-01   9.9969881869620847e-01
   5.5859375000000000e-01  -1.4128081970994839e-16  -9.9969881869620425e-01   9.9969881869620414e-01
   5.6640625000000000e-01   1.9701633348285785e-14   9.9969881869620425e-01   9.9969881869618460e-01
   5.7421875000000000e-01   2.3780465297525248e-14  -9.9969881869620425e-01   9.9969881869622801e-01
   5.8203125000000000e-01   1.6037970240796285e-14   9.9969881869620425e-01   9.9969881869618826e-01
   5.8984375000000000e-01   1.2234375620451116e-14  -9.9969881869620425e-01   9.9969881869621646e-01
   5.9765625000000000e-01   8.4302992293288307e-15   9.9969881869620425e-01   9.9969881869619581e-01
   6.0546875000000000e-01   4.6230424537208627e-15  -9.9969881869620425e-01   9.9969881869620891e-01
   6.1328125000000000e-01  -3.1316437572480594e-15   9.9969881869620425e-01   9.9969881869620736e-01
   6.2109375000000000e-01   9.4593541363171423e-16  -9.9969881869620425e-01   9.9969881869620525e-01
   6.2890625000000000e-01   2.4741724247144059e-14   9.9969881869620425e-01   9.9969881869617949e-01
   6.3671875000000000e-01   2.0932250802943821e-14  -9.9969881869620425e-01   9.9969881869622523e-01
   6.4453125000000000e-01  -1.4426204021989438e-14   9.9969881869620425e-01   9.9969881869621868e-01
   6.5234375000000000e-01  -1.8235291875228810e-14  -9.9969881869620425e-01   9.9969881869618604e-01
   6.6015625000000000e-01   1.6157663981399055e-15   9.9969881869620425e-01   9.9969881869620258e-01
   6.6796875000000000e-01   1.3585505826033027e-14  -9.9969881869620425e-01   9.9969881869621779e-01
   6.7578125000000000e-01   3.3450296222771804e-14   9.9969881869620425e-01   9.9969881869617083e-01
   6.8359375000000000e-01   2.9646123303154925e-14  -9.9969881869620425e-01   9.9969881869623389e-01
   6.9140625000000000e-01  -5.7105479238679689e-15   9.9969881869620425e-01   9.9969881869620991e-01
   6.9921875000000000e-01  -9.5215632088941648e-15  -9.9969881869620425e-01   9.9969881869619470e-01
   7.0703125000000000e-01   1.0322218320839558e-14   9.9969881869620425e-01   9.9969881869619392e-01
   7.1484375000000000e-01   2.2286078924877607e-14  -9.9969881869620425e-01   9.9969881869622657e-01
   7.2265625000000000e-01   4.2142340671317562e-14   9.9969881869620425e-01   9.9969881869616206e-01
   7.3046875000000000e-01   3.8336433028224701e-14  -9.9969881869620425e-01   9.9969881869624255e-01
   7.3828125000000000e-01   2.9832790765531413e-15   9.9969881869620425e-01   9.9969881869620125e-01
   7.4609375000000000e-01  -8.2224297557885152e-16  -9.9969881869620425e-01   9.9969881869620347e-01
   8.7890625000000000e-01   2.9102828598997969e-14   9.9969881869620425e-01   9.9969881869617516e-01
   8.8671875000000000e-01   2.5297017310060536e-14  -9.9969881869620425e-01   9.9969881869622956e-01
   8.9453125000000000e-01  -1.0062353053688423e-14   9.9969881869620425e-01   9.9969881869621435e-01
   9.0234375000000000e-01  -1.3873271984559197e-14  -9.9969881869620425e-01   9.9969881869619037e-01
   9.1015625000000000e-01   5.9741241335467164e-15   9.9969881869620425e-01   9.9969881869619825e-01
   9.1796875000000000e-01   1.7938370328545639e-14  -9.9969881869620425e-01   9.9969881869622224e-01
   9.2578125000000000e-01   3.7791933286937863e-14   9.9969881869620425e-01   9.9969881869616650e-01
   9.3359375000000000e-01   3.3986411234805873e-14  -9.9969881869620425e-01   9.9969881869623822e-01
   9.4140625000000000e-01  -1.3633209239739441e-15   9.9969881869620425e-01   9.9969881869620558e-01
   9.4921875000000000e-01  -5.1683610309896434e-15  -9.9969881869620425e-01   9.9969881869619903e-01
   9.5703125000000000e-01   1.4685298630236347e-14   9.9969881869620425e-01   9.9969881869618960e-01
   9.6484375000000000e-01   2.6652725035381775e-14  -9.9969881869620425e-01   9.9969881869623090e-01
   9.7265625000000000e-01   4.6508360392641891e-14   9.9969881869620425e-01   9.9969881869615773e-01
   9.8046875000000000e-01   4.2699368893557948e-14  -9.9969881869620425e-01   9.9969881869624699e-01
   9.8828125000000000e-01   1.0991615711648342e-14   9.9969881869620425e-01   9.9969881869619326e-01
   9.9609375000000000e-01  -1.2552403870177834e-16  -9.9969881869620425e-01   9.9969881869620414e-01
   7.5390625000000000e-01   2.6920878851969446e-14   9.9969881869620425e-01   9.9969881869617738e-01
   7.6171875000000000e-01   2.3113718430516903e-14  -9.9969881869620425e-01   9.9969881869622734e-01
   7.6953125000000000e-01  -1.2244736220077197e-14   9.9969881869620425e-01   9.9969881869621646e-01
   7.7734375000000000e-01  -1.6051511050568875e-14  -9.9969881869620425e-01   9.9969881869618815e-01
   7.8515625000000000e-01   3.8081243988547136e-15   9.9969881869620425e-01   9.9969881869620048e-01
   7.9296875000000000e-01   1.5772274239698210e-14  -9.9969881869620425e-01   9.9969881869622002e-01
   8.0078125000000000e-01   3.5612345088413081e-14   9.9969881869620425e-01   9.9969881869616861e-01
   8.0859375000000000e-01   3.1804606367688824e-14  -9.9969881869620425e-01   9.9969881869623600e-01
   8.1640625000000000e-01  -3.5378499191518638e-15   9.9969881869620425e-01   9.9969881869620780e-01
   8.2421875000000000e-01  -7.3436612080892989e-15  -9.9969881869620425e-01   9.9969881869619692e-01
   8.3203125000000000e-01   1.2504312163253299e-14   9.9969881869620425e-01   9.9969881869619170e-01
   8.3984375000000000e-01   2.4466148981349098e-14  -9.9969881869620425e-01   9.9969881869622867e-01
   8.4765625000000000e-01   4.4310316450722048e-14   9.9969881869620425e-01   9.9969881869615995e-01
   8.5546875000000000e-01   4.0502866966803224e-14  -9.9969881869620425e-01   9.9969881869624477e-01
   8.6328125000000000e-01   5.1562662309051039e-15   9.9969881869620425e-01   9.9969881869619914e-01
   8.7109375000000000e-01   1.3545990423467619e-15  -9.9969881869620425e-01   9.9969881869620558e-01
