#                  Coord.                Numerical               Analytical                    Error
   3.9062500000000000e-03   1.4353930968247837e+83   1.3848706518606256e-02   1.4353930968247837e+83
   1.1718750000000000e-02  -7.4013741832943694e+82   2.7806596018086371e-01   7.4013741832943694e+82
   1.9531250000000000e-02  -3.8103146296873566e+82   5.2097357304864589e-01   3.8103146296873566e+82
   2.7343750000000000e-02   1.2564138314718443e+83   7.1066183102538194e-01   1.2564138314718443e+83
   3.5156250000000000e-02  -1.3542245083514784e+83   8.2488257933687570e-01   1.3542245083514784e+83
   4.2968750000000000e-02   6.1833946454154731e+82   8.5409133726418573e-01   6.1833946454154731e+82
   5.0781250000000000e-02   4.9573254182913609e+82   8.0190984076675276e-01   4.9573254182913609e+82
   5.8593750000000000e-02  -1.3008539990138494e+83   6.8308288064686595e-01   1.3008539990138494e+83
   6.6406250000000000e-02   1.3008875118297499e+83   5.1951642997491798e-01   1.3008875118297499e+83
   7.4218750000000000e-02  -4.9583142114801772e+82   3.3535463190858467e-01   4.9583142114801772e+82
   8.2031250000000000e-02  -6.1818162067430513e+82   1.5220504951106956e-01   6.1818162067430513e+82
   8.9843750000000000e-02   1.3540181078847454e+83  -1.4472802414929681e-02   1.3540181078847454e+83
   9.7656250000000000e-02  -1.2561724635550349e+83  -1.5711423141565481e-01   1.2561724635550349e+83
   1.0546875000000000e-01   3.8077289467384964e+82  -2.7568784423615983e-01   3.8077289467384964e+82
   1.1328125000000000e-01   7.4039128380675625e+82  -3.7547823691582105e-01   7.4039128380675625e+82
   1.2109375000000000e-01  -1.4356196810382713e+83  -4.6368714173618125e-01   1.4356196810382713e+83
   1.2890625000000000e-01   1.4356180532580621e+83  -5.4578067771907224e-01   1.4356180532580621e+83
   1.3671875000000000e-01  -7.4038744121779221e+82  -6.2254133422761593e-01   7.4038744121779221e+82
   1.4453125000000000e-01  -3.8077609158405522e+82  -6.8858951124887291e-01   3.8077609158405522e+82
   1.5234375000000000e-01   1.2561728259944673e+83  -7.3277007311745967e-01   1.2561728259944673e+83
   1.6015625000000000e-01  -1.3540159398410548e+83  -7.4034322355239279e-01   1.3540159398410548e+83
   1.6796875000000000e-01   6.1817866380297352e+82  -6.9648330588054741e-01   6.1817866380297352e+82
   1.7578125000000000e-01   4.9583390207068409e+82  -5.9027438691950584e-01   4.9583390207068409e+82
   1.8359375000000000e-01  -1.3008886144317809e+83  -4.1826822748860859e-01   1.3008886144317809e+83
   1.9140625000000000e-01   1.3008528963357491e+83  -1.8676313338998551e-01   1.3008528963357491e+83
   1.9921875000000000e-01  -4.9573006084693232e+82   8.7754819080328617e-02   4.9573006084693232e+82
   2.0703125000000000e-01  -6.1834242143111436e+82   3.8016303867960149e-01   6.1834242143111436e+82
   2.1484375000000000e-01   1.3542266764107375e+83   6.5997214312115760e-01   1.3542266764107375e+83
   2.2265625000000000e-01  -1.2564134690592035e+83   8.9568419737786797e-01   1.2564134690592035e+83
   2.3046875000000000e-01   3.8102826609840910e+82   1.0594040271829763e+00   3.8102826609840910e+82
   2.3828125000000000e-01   7.4014126089223595e+82   1.1308523450553714e+00   7.4014126089223595e+82
   2.4609375000000000e-01  -1.4353947245834797e+83   1.1000962840536010e+00   1.4353947245834797e+83
   2.5390625000000000e-01   1.4353930968247866e+83   9.6861299435757398e-01   1.4353930968247866e+83
   2.6171875000000000e-01  -7.4013741832942737e+82   7.4865725984215636e-01   7.4013741832942737e+82
   2.6953125000000000e-01  -3.8103146296873155e+82   4.6122873916485263e-01   3.8103146296873155e+82
   2.7734375000000000e-01   1.2564138314718472e+83   1.3315627318824869e-01   1.2564138314718472e+83
   2.8515625000000000e-01  -1.3542245083514803e+83  -2.0610543747588364e-01   1.3542245083514803e+83
   2.9296875000000000e-01   6.1833946454154273e+82  -5.2743924427913680e-01   6.1833946454154273e+82
   3.0078125000000000e-01   4.9573254182914027e+82  -8.0443915123334198e-01   4.9573254182914027e+82
   3.0859375000000000e-01  -1.3008539990138497e+83  -1.0150704080859707e+00   1.3008539990138497e+83
   3.1640625000000000e-01   1.3008875118297402e+83  -1.1426983760155902e+00   1.3008875118297402e+83
   3.2421875000000000e-01  -4.9583142114801866e+82  -1.1766971927736409e+00   4.9583142114801866e+82
   3.3203125000000000e-01  -6.1818162067430702e+82  -1.1128708008863943e+00   6.1818162067430702e+82
   3.3984375000000000e-01   1.3540181078847421e+83  -9.5383742039322206e-01   1.3540181078847421e+83
   3.4765625000000000e-01  -1.2561724635550349e+83  -7.0937977281924636e-01   1.2561724635550349e+83
   3.5546875000000000e-01   3.8077289467385719e+82  -3.9660312275621329e-01   3.8077289467385719e+82
   3.6328125000000000e-01   7.4039128380675773e+82  -3.9630590805785647e-02   7.4039128380675773e+82
   3.7109375000000000e-01  -1.4356196810382724e+83   3.3145486061333757e-01   1.4356196810382724e+83
   3.7890625000000000e-01   1.4356180532580621e+83   6.8262223801811306e-01   1.4356180532580621e+83
   3.8671875000000000e-01  -7.4038744121780178e+82   9.7887327181488681e-01   7.4038744121780178e+82
   3.9453125000000000e-01  -3.8077609158405522e+82   1.1879704679673584e+00   3.8077609158405522e+82
   4.0234375000000000e-01   1.2561728259944705e+83   1.2844631818960592e+00   1.2561728259944705e+83
   4.1015625000000000e-01  -1.3540159398410586e+83   1.2534052131570315e+00   1.3540159398410586e+83
   4.1796875000000000e-01   6.1817866380297851e+82   1.0931161216623362e+00   6.1817866380297851e+82
   4.2578125000000000e-01   4.9583390207068389e+82   8.1643108191175884e-01   4.9583390207068389e+82
   4.3359375000000000e-01  -1.3008886144317876e+83   4.5009670984881706e-01   1.3008886144317876e+83
   4.4140625000000000e-01   1.3008528963357429e+83   3.2261124523602587e-02   1.3008528963357429e+83
   4.4921875000000000e-01  -4.9573006084693912e+82  -3.9168320362189990e-01   4.9573006084693912e+82
   4.5703125000000000e-01  -6.1834242143111733e+82  -7.7437663272283708e-01   6.1834242143111733e+82
   4.6484375000000000e-01   1.3542266764107419e+83  -1.0721847066633223e+00   1.3542266764107419e+83
   4.7265625000000000e-01  -1.2564134690592038e+83  -1.2505415433391096e+00   1.2564134690592038e+83
   4.8046875000000000e-01   3.8102826609840802e+82  -1.2882409273800479e+00   3.8102826609840802e+82
   4.8828125000000000e-01   7.4014126089223514e+82  -1.1801317114888521e+00   7.4014126089223514e+82
   4.9609375000000000e-01  -1.4353947245834805e+83  -9.3789742256882958e-01   1.4353947245834805e+83
   5.0390625000000000e-01   1.4353930968247804e+83  -5.8884635799347307e-01   1.4353930968247804e+83
   5.1171875000000000e-01  -7.4013741832943397e+82  -1.7287246272400320e-01   7.4013741832943397e+82
   5.1953125000000000e-01  -3.8103146296873317e+82   2.6205592787655019e-01   3.8103146296873317e+82
   5.2734375000000000e-01   1.2564138314718445e+83   6.6537564149052386e-01   1.2564138314718445e+83
   5.3515625000000000e-01  -1.3542245083514781e+83   9.8977947062062488e-01   1.3542245083514781e+83
   5.4296875000000000e-01   6.1833946454154287e+82   1.1968005557401862e+00   6.1833946454154287e+82
   5.5078125000000000e-01   4.9573254182914540e+82   1.2615039344905217e+00   4.9573254182914540e+82
   5.5859375000000000e-01  -1.3008539990138432e+83   1.1757238888569701e+00   1.3008539990138432e+83
   5.6640625000000000e-01   1.3008875118297386e+83   9.4940822257646962e-01   1.3008875118297386e+83
   5.7421875000000000e-01  -4.9583142114801489e+82   6.0981204341787321e-01   4.9583142114801489e+82
   5.8203125000000000e-01  -6.1818162067430284e+82   1.9851803308794139e-01   6.1818162067430284e+82
   5.8984375000000000e-01   1.3540181078847270e+83  -2.3347029683624354e-01   1.3540181078847270e+83
   5.9765625000000000e-01  -1.2561724635550386e+83  -6.3204236236370870e-01   1.2561724635550386e+83
   6.0546875000000000e-01   3.8077289467384944e+82  -9.4694525420493625e-01   3.8077289467384944e+82
   6.1328125000000000e-01   7.4039128380675854e+82  -1.1384896082081946e+00   7.4039128380675854e+82
   6.2109375000000000e-01  -1.4356196810382724e+83  -1.1830532245315029e+00   1.4356196810382724e+83
   6.2890625000000000e-01   1.4356180532580653e+83  -1.0765475400284095e+00   1.4356180532580653e+83
   6.3671875000000000e-01  -7.4038744121779827e+82  -8.3526031467305684e-01   7.4038744121779827e+82
   6.4453125000000000e-01  -3.8077609158406223e+82  -4.9384728562892094e-01   3.8077609158406223e+82
   6.5234375000000000e-01   1.2561728259944738e+83  -1.0066422863793829e-01   1.2561728259944738e+83
   6.6015625000000000e-01  -1.3540159398410543e+83   2.8895765401285817e-01   1.3540159398410543e+83
   6.6796875000000000e-01   6.1817866380297945e+82   6.2055493379220794e-01   6.1817866380297945e+82
   6.7578125000000000e-01   4.9583390207068086e+82   8.4835560470013005e-01   4.9583390207068086e+82
   6.8359375000000000e-01  -1.3008886144317725e+83   9.4191755716466430e-01   1.3008886144317725e+83
   6.9140625000000000e-01   1.3008528963357439e+83   8.9057052464728514e-01   1.3008528963357439e+83
   6.9921875000000000e-01  -4.9573006084693299e+82   7.0496541397432189e-01   4.9573006084693299e+82
   7.0703125000000000e-01  -6.1834242143111328e+82   4.1546408979698413e-01   6.1834242143111328e+82
   7.1484375000000000e-01   1.3542266764107413e+83   6.7580199188427198e-02   1.3542266764107413e+83
   7.2265625000000000e-01  -1.2564134690592071e+83  -2.8486595556642513e-01   1.2564134690592071e+83
   7.3046875000000000e-01   3.8102826609839966e+82  -5.8785818673902890e-01   3.8102826609839966e+82
   7.3828125000000000e-01   7.4014126089223217e+82  -7.9533449970784342e-01   7.4014126089223217e+82
   7.4609375000000000e-01  -1.4353947245834810e+83  -8.7612943211732652e-01   1.4353947245834810e+83
   8.7890625000000000e-01   1.4356180532580621e+83  -5.0947420025184087e-01   1.4356180532580621e+83
   8.8671875000000000e-01  -7.4038744121779611e+82  -4.0015794467494015e-01   7.4038744121779611e+82
   8.9453125000000000e-01  -3.8077609158405502e+82  -2.4403556386395103e-01   3.8077609158405502e+82
   9.0234375000000000e-01   1.2561728259944700e+83  -7.9287737474007414e-02   1.2561728259944700e+83
   9.1015625000000000e-01  -1.3540159398410532e+83   5.6353629380153848e-02   1.3540159398410532e+83
   9.1796875000000000e-01   6.1817866380297756e+82   1.3282234205261875e-01   6.1817866380297756e+82
   9.2578125000000000e-01   4.9583390207068551e+82   1.3334818373528567e-01   4.9583390207068551e+82
   9.3359375000000000e-01  -1.3008886144317873e+83   5.7468965461408568e-02   1.3008886144317873e+83
   9.4140625000000000e-01   1.3008528963357450e+83  -7.9105590373883566e-02   1.3008528963357450e+83
   9.4921875000000000e-01  -4.9573006084693717e+82  -2.4770856065483526e-01   4.9573006084693717e+82
   9.5703125000000000e-01  -6.1834242143111625e+82  -4.1235691564837540e-01   6.1834242143111625e+82
   9.6484375000000000e-01   1.3542266764107389e+83  -5.3671312165066154e-01   1.3542266764107389e+83
   9.7265625000000000e-01  -1.2564134690592025e+83  -5.9102411497771778e-01   1.2564134690592025e+83
   9.8046875000000000e-01   3.8102826609840451e+82  -5.5771898722316449e-01   3.8102826609840451e+82
   9.8828125000000000e-01   7.4014126089223676e+82  -4.3462683775741678e-01   7.4014126089223676e+82
   9.9609375000000000e-01  -1.4353947245834818e+83  -2.3525524824606259e-01   1.4353947245834818e+83
   7.5390625000000000e-01   1.4353930968247848e+83  -8.1863295527607505e-01   1.4353930968247848e+83
   7.6171875000000000e-01  -7.4013741832942642e+82  -6.3243159278400740e-01   7.4013741832942642e+82
   7.6953125000000000e-01  -3.8103146296873708e+82  -3.4666020259846525e-01   3.8103146296873708e+82
   7.7734375000000000e-01   1.2564138314718480e+83  -5.3081073800635816e-03   1.2564138314718480e+83
   7.8515625000000000e-01  -1.3542245083514746e+83   3.3978906479839599e-01   1.3542245083514746e+83
   7.9296875000000000e-01   6.1833946454153977e+82   6.3715956982381583e-01   6.1833946454153977e+82
   8.0078125000000000e-01   4.9573254182913785e+82   8.4378707438602985e-01   4.9573254182913785e+82
   8.0859375000000000e-01  -1.3008539990138459e+83   9.3176727468657305e-01   1.3008539990138459e+83
   8.1640625000000000e-01   1.3008875118297429e+83   8.9243727197591849e-01   1.3008875118297429e+83
   8.2421875000000000e-01  -4.9583142114802378e+82   7.3729807107164202e-01   4.9583142114802378e+82
   8.3203125000000000e-01  -6.1818162067430796e+82   4.9558711828859986e-01   6.1818162067430796e+82
   8.3984375000000000e-01   1.3540181078847346e+83   2.0892853309428833e-01   1.3540181078847346e+83
   8.4765625000000000e-01  -1.2561724635550295e+83  -7.6005858737386980e-02   1.2561724635550295e+83
   8.5546875000000000e-01   3.8077289467385321e+82  -3.1554288999519214e-01   3.8077289467385321e+82
   8.6328125000000000e-01   7.4039128380675180e+82  -4.7635417685246406e-01   7.4039128380675180e+82
   8.7109375000000000e-01  -1.4356196810382670e+83  -5.4081863501345284e-01   1.4356196810382670e+83
