#                  Coord.                Numerical               Analytical                    Error
   3.9062500000000000e-03   2.7624030146511066e-05   9.8602582733578570e-01   9.8599820330563914e-01
   1.1718750000000000e-02  -1.0613917133995273e-05   1.3256461791548604e-01   1.3257523183262004e-01
   1.9531250000000000e-02  -2.7638574521332684e-05  -1.0249989129873782e+00   1.0249712744128570e+00
   2.7343750000000000e-02   5.1215664140801468e-06   4.4539714483147169e-02   4.4534592916733090e-02
   3.5156250000000000e-02   2.6397979636071914e-05   9.9801267965735685e-01   9.9798628167772074e-01
   4.2968750000000000e-02  -4.0441235802798177e-07  -1.9910091484733630e-01   1.9910051043497828e-01
   5.0781250000000000e-02  -2.4224100648570645e-05  -9.1163309764173095e-01   9.1160887354108233e-01
   5.8593750000000000e-02  -3.3866776723000187e-06   3.1416860137993369e-01   3.1417198805760599e-01
   6.6406250000000000e-02   2.1444343386479678e-05   7.7816155539377740e-01   7.7814011105039094e-01
   7.4218750000000000e-02   6.2073386403479724e-06  -3.7662237979456281e-01   3.7662858713320319e-01
   8.2031250000000000e-02  -1.8359757842081629e-05  -6.1448525182203872e-01   6.1446689206419669e-01
   8.9843750000000000e-02  -8.0987418814211988e-06   3.7870487418990578e-01   3.7871297293178718e-01
   9.7656250000000000e-02   1.5223798786097412e-05   4.4038914420965619e-01   4.4037392041087009e-01
   1.0546875000000000e-01   9.1629036587723665e-06  -3.1905758751713154e-01   3.1906675042079030e-01
   1.1328125000000000e-01  -1.2231468723364391e-05  -2.7645168690818289e-01   2.7643945543945952e-01
   1.2109375000000000e-01  -9.5381220721981420e-06   2.0309450624624187e-01   2.0310404436831406e-01
   1.2890625000000000e-01   9.5173106183713686e-06   1.4171219438488669e-01   1.4170267707426831e-01
   1.3671875000000000e-01   9.3773073053734464e-06  -4.2585359166456734e-02   4.2594736473762107e-02
   1.4453125000000000e-01  -7.1600481642312788e-06  -5.1371614932771287e-02   5.1364454884607058e-02
   1.5234375000000000e-01  -8.8308330977714601e-06  -1.4560002574769940e-01   1.4559119491460162e-01
   1.6015625000000000e-01   5.1914945838646577e-06   1.4844975041152727e-02   1.4839783546568862e-02
   1.6796875000000000e-01   8.0345375639985687e-06   3.4151216198047019e-01   3.4150412744290620e-01
   1.7578125000000000e-01  -3.6075222996776792e-06  -3.4491899067157612e-02   3.4488291544857934e-02
   1.8359375000000000e-01  -7.1027284244474633e-06  -5.2468768051466785e-01   5.2468057778624344e-01
   1.9140625000000000e-01   2.3792559930484043e-06   1.0529006139690507e-01   1.0528768214091203e-01
   1.9921875000000000e-01   6.1255079789448034e-06   6.7690899008364691e-01   6.7690286457566795e-01
   2.0703125000000000e-01  -1.4631103005260372e-06  -2.1558425005819773e-01   2.1558278694789720e-01
   2.1484375000000000e-01  -5.1693881905959552e-06  -7.8472678336750323e-01   7.8472161397931262e-01
   2.2265625000000000e-01   8.0878830748960117e-07   3.4886288519546677e-01   3.4886207640715927e-01
   2.3046875000000000e-01   4.2799800571629459e-06   8.4131517294062108e-01   8.4131089296056394e-01
   2.3828125000000000e-01  -3.6487826916469803e-07  -4.8632273344028032e-01   4.8632236856201116e-01
   2.4609375000000000e-01  -3.4855164501327407e-06  -8.4731809811911141e-01   8.4731461260266128e-01
   2.5390625000000000e-01   8.2223364015324604e-08   6.0982408201142102e-01   6.0982399978805701e-01
   2.6171875000000000e-01   2.8001465778416195e-06   8.1050815303589896e-01   8.1050535288932113e-01
   2.6953125000000000e-01   8.4267566523004475e-08  -7.0474818220739888e-01   7.0474826647496536e-01
   2.7734375000000000e-01  -2.2263650626735005e-06  -7.4428405764576933e-01   7.4428183128070668e-01
   2.8515625000000000e-01  -1.7438343993052672e-07   7.6226639881583125e-01   7.6226657319927116e-01
   2.9296875000000000e-01   1.7565799991363317e-06   6.6524156786303312e-01   6.6523981128303400e-01
   3.0078125000000000e-01   2.2099267472238404e-07  -7.8061855829317961e-01   7.8061877928585433e-01
   3.0859375000000000e-01  -1.3745231643808937e-06  -5.9022604222687891e-01   5.9022466770371451e-01
   3.1640625000000000e-01  -2.4757685725952007e-07   7.6516279782653196e-01   7.6516304540338920e-01
   3.2421875000000000e-01   1.0576747029655847e-06   5.3338086303736598e-01   5.3337980536266305e-01
   3.3203125000000000e-01   2.6534509366353588e-07  -7.2717435882259429e-01   7.2717462416768797e-01
   3.3984375000000000e-01  -7.8179154169547196e-07  -5.0372233587298587e-01   5.0372155408144415e-01
   3.4765625000000000e-01  -2.7136403074956637e-07   6.8160042307452495e-01   6.8160069443855575e-01
   3.5546875000000000e-01   5.2780353378431011e-07   5.0368968277606752e-01   5.0368915497253375e-01
   3.6328125000000000e-01   2.4976325762276238e-07  -6.4418074046811735e-01   6.4418099023137498e-01
   3.7109375000000000e-01  -2.8988854073307150e-07  -5.2894577768047157e-01   5.2894548779193085e-01
   3.7890625000000000e-01  -1.7780517208822937e-07   6.2847770136575776e-01   6.2847787917092990e-01
   3.8671875000000000e-01   8.1953271996545707e-08   5.6946642390350888e-01   5.6946634195023693e-01
   3.9453125000000000e-01   3.7174024579756181e-08  -6.4339081951501409e-01   6.4339085668903861e-01
   4.0234375000000000e-01   6.1194127624041594e-08  -6.1169692982474699e-01   6.1169699101887465e-01
   4.1015625000000000e-01   1.7154264514824900e-07   6.9164303317147968e-01   6.9164286162883448e-01
   4.1796875000000000e-01  -9.1226391170218115e-08   6.4132941912119779e-01   6.4132951034758900e-01
   4.2578125000000000e-01  -4.1575990771098288e-07  -7.6952910080727832e-01   7.6952868504737060e-01
   4.3359375000000000e-01  -3.6762096121924059e-08  -6.4611694182649082e-01   6.4611690506439468e-01
   4.4140625000000000e-01   6.2534272881447772e-07   8.6794694396249927e-01   8.6794631861977045e-01
   4.4921875000000000e-01   3.4042674861395690e-07   6.1812976664965924e-01   6.1812942622291067e-01
   4.5703125000000000e-01  -7.0024731701691228e-07  -9.7445053333888476e-01   9.7444983309156774e-01
   4.6484375000000000e-01  -7.8611220258208134e-07  -5.5498556343725158e-01   5.5498477732504903e-01
   4.7265625000000000e-01   5.3391342074387181e-07   1.0758357904017024e+00   1.0758352564882816e+00
   4.8046875000000000e-01   1.2738979942600903e-06   4.5982432425293118e-01   4.5982305035493692e-01
   4.8828125000000000e-01  -4.9731329831250301e-08  -1.1606574268281344e+00   1.1606573770968047e+00
   4.9609375000000000e-01  -1.6409435231298466e-06  -3.4009567223971415e-01   3.4009403129619104e-01
   5.0390625000000000e-01  -7.5797538872166324e-07   1.2211066585903585e+00   1.2211074165657472e+00
   5.1171875000000000e-01   1.6885918748931069e-06   2.0550758437044384e-01   2.0550589577856895e-01
   5.1953125000000000e-01   1.7914085983514149e-06  -1.2538524129248771e+00   1.2538542043334755e+00
   5.2734375000000000e-01  -1.2318645166361726e-06  -6.5679510477863912e-02   6.5678278613347282e-02
   5.3515625000000000e-01  -2.8390207275117351e-06   1.2597197249641452e+00   1.2597225639848728e+00
   5.4296875000000000e-01   1.6186394107906692e-07  -7.1901804674058448e-02   7.1901966537999532e-02
   5.5078125000000000e-01   3.5975428432842917e-06  -1.2423788468761225e+00   1.2423824444189657e+00
   5.5859375000000000e-01   1.4951489008111285e-06   2.0312443365547406e-01   2.0312293850657326e-01
   5.6640625000000000e-01  -3.7282948553059636e-06   1.2064681757991462e+00   1.2064719040940015e+00
   5.7421875000000000e-01  -3.5409944872426301e-06  -3.2741965045629523e-01   3.2741610946180799e-01
   5.8203125000000000e-01   2.9394187158245095e-06  -1.1557065361144230e+00   1.1557094755331387e+00
   5.8984375000000000e-01   5.6072656697771133e-06   4.4688032343682460e-01   4.4687471617115482e-01
   5.9765625000000000e-01  -1.0761322772545337e-06   1.0915298336485377e+00   1.0915309097808150e+00
   6.0546875000000000e-01  -7.2032100656308671e-06  -5.6463541864987443e-01   5.6462821543980879e-01
   6.1328125000000000e-01  -1.8044475302601692e-06  -1.0126201190540915e+00   1.0126183146065613e+00
   6.2109375000000000e-01   7.8055572693681893e-06   6.8297795285297436e-01   6.8297014729570504e-01
   6.2890625000000000e-01   5.3966889512599313e-06   9.1542990357113430e-01   9.1542450688218302e-01
   6.3671875000000000e-01  -6.9737636061278312e-06  -8.0179113525213419e-01   8.0178416148852805e-01
   6.4453125000000000e-01  -9.1634790314118599e-06  -7.9551822146697238e-01   7.9550905798794092e-01
   6.5234375000000000e-01   4.4652314660521989e-06   9.1770997391369979e-01   9.1770550868223377e-01
   6.6015625000000000e-01   1.2409960842846001e-05   6.4929090036206627e-01   6.4927849040122343e-01
   6.6796875000000000e-01  -3.2236378761691496e-07  -1.0242282277198362e+00   1.0242279053560486e+00
   6.7578125000000000e-01  -1.4402814408973574e-05  -4.7564021730915640e-01   4.7562581449474745e-01
   6.8359375000000000e-01  -5.0920400314197817e-06   1.1126841123049522e+00   1.1126892043449836e+00
   6.9140625000000000e-01   1.4511766964070508e-05   2.7703358221296037e-01   2.7701907044599627e-01
   6.9921875000000000e-01   1.1123537588557351e-05  -1.1738174340696146e+00   1.1738285576072032e+00
   7.0703125000000000e-01  -1.2343297173542973e-05  -5.9784437148575689e-02   5.9772093851402149e-02
   7.1484375000000000e-01  -1.6916881314706715e-05   1.1994574439696795e+00   1.1994743608509941e+00
   7.2265625000000000e-01   7.8370756736043894e-06  -1.6651175752249237e-01   1.6651959459816598e-01
   7.3046875000000000e-01   2.1552547439979212e-05  -1.1839097937912286e+00   1.1839313463386687e+00
   7.3828125000000000e-01  -1.3034081424475021e-06   3.9015992028901431e-01   3.9016122369715678e-01
   7.4609375000000000e-01  -2.4202112201913315e-05   1.1247499891818915e+00   1.1247741912940934e+00
   8.7890625000000000e-01  -2.2216517035655455e-05  -7.2924464595590499e-01   7.2922242943886939e-01
   8.8671875000000000e-01  -3.3440114085444655e-05   5.0016332512000894e-01   5.0019676523409440e-01
   8.9453125000000000e-01   1.4183023109761017e-05   5.1882032838946046e-01   5.1880614536635072e-01
   9.0234375000000000e-01   3.6944192952887152e-05  -6.2902209828944500e-01   6.2905904248239786e-01
   9.1015625000000000e-01  -5.4303666360832695e-06  -2.7522802149102743e-01   2.7522259112439135e-01
   9.1796875000000000e-01  -3.7950613144176735e-05   7.0865145436712884e-01   7.0868940498027300e-01
   9.2578125000000000e-01  -3.2524181916532310e-06   1.2691869801055111e-02   1.2695122219246764e-02
   9.3359375000000000e-01   3.6609781931375885e-05  -7.3275541055566462e-01   7.3279202033759605e-01
   9.4140625000000000e-01   1.1174844256704120e-05   2.5191790391634683e-01   2.5190672907209011e-01
   9.4921875000000000e-01  -3.3282188473143672e-05   6.9941373373089466e-01   6.9944701591936775e-01
   9.5703125000000000e-01  -1.7808837163095184e-05  -5.0044109207522636e-01   5.0042328323806329e-01
   9.6484375000000000e-01   2.8467028181355429e-05  -6.1187373116680110e-01   6.1190219819498248e-01
   9.7265625000000000e-01   2.2821672151998252e-05   7.1518270666610151e-01   7.1515988499394956e-01
   9.8046875000000000e-01  -2.2725681703164384e-05   4.7871055412545449e-01   4.7873327980715763e-01
   9.8828125000000000e-01  -2.6079100967402017e-05  -8.8079925266180858e-01   8.8077317356084117e-01
   9.9609375000000000e-01   1.6611481733533077e-05  -3.1328539493215196e-01   3.1330200641388550e-01
   7.5390625000000000e-01  -6.6072408190848998e-06  -5.9880550853275971e-01   5.9879890129194058e-01
   7.6171875000000000e-01   2.4271563915427807e-05  -1.0229446263063855e+00   1.0229688978703009e+00
   7.6953125000000000e-01   1.4996966599280870e-05   7.8075735871612006e-01   7.8074236174952083e-01
   7.7734375000000000e-01  -2.1504696461261488e-05   8.8243296216346456e-01   8.8245446685992579e-01
   7.8515625000000000e-01  -2.2856903160591039e-05  -9.2592689749146517e-01   9.2590404058830456e-01
   7.9296875000000000e-01   1.6027811867848758e-05  -7.0943783126397597e-01   7.0945385907584380e-01
   8.0078125000000000e-01   2.9220849850520999e-05   1.0263003259481864e+00   1.0262711050983360e+00
   8.0859375000000000e-01  -8.3295667061068591e-06   5.1179527456334517e-01   5.1180360413005133e-01
   8.1640625000000000e-01  -3.3307497107741782e-05  -1.0760447699001094e+00   1.0760114624030017e+00
   8.2421875000000000e-01  -8.1719978586737227e-07  -2.9849987115581988e-01   2.9849905395603404e-01
   8.3203125000000000e-01   3.4626848634577402e-05   1.0714664729300192e+00   1.0714318460813845e+00
   8.3984375000000000e-01   1.0474324425914993e-05   7.9502742027630441e-02   7.9492267703204528e-02
   8.4765625000000000e-01  -3.3035156601408292e-05  -1.0110493553244331e+00   1.0110163201678317e+00
   8.5546875000000000e-01  -1.9674547573706069e-05   1.3436024268238222e-01   1.3437991722995593e-01
   8.6328125000000000e-01   2.8733602620444706e-05   8.9570909993832293e-01   8.9568036633570247e-01
   8.7109375000000000e-01   2.7551040014232319e-05  -3.3152685373528062e-01   3.3155440477529485e-01
