# Ref time     : 0.0000000e+00
# Ref step     : 0

# Mass_Psi     : total ELBDM mass
# MomX/Y/Z_Psi : total ELBDM momentum
# Ekin_Psi     : total ELBDM kinetic energy
# Epot_Psi     : total ELBDM potential energy
# Esel_Psi     : total ELBDM self-interaction energy
# Etot_Psi     : total ELBDM energy

# AErr         : absolute error --> (now - ref)
# RErr         : relative error --> (now - ref) / abs(ref)
#---------------------------------------------------------------------------------------------------------------------------------------------------------------------------------------

#        [ 1]        [ 2]            [ 3]            [ 4]            [ 5]            [ 6]            [ 7]            [ 8]            [ 9]            [10]            [11]            [12]            [13]            [14]            [15]            [16]            [17]            [18]            [19]            [20]            [21]            [22]            [23]            [24]            [25]            [26]            [27]            [28]            [29]            [30]            [31]            [32]            [33]            [34]            [35]            [36]            [37]            [38]            [39]            [40]            [41]            [42]            [43]            [44]            [45]            [46]            [47]            [48]            [49]            [50]            [51]            [52]            [53]            [54]            [55]            [56]            [57]            [58]            [59]            [60]            [61]            [62]            [63]            [64]            [65]            [66]            [67]            [68]            [69]            [70]            [71]            [72]            [73]            [74]            [75]            [76]            [77]            [78]            [79]            [80]
#        Time        Step        Mass_Psi   Mass_Psi_AErr   Mass_Psi_RErr        MomX_Psi   MomX_Psi_AErr   MomX_Psi_RErr        MomY_Psi   MomY_Psi_AErr   MomY_Psi_RErr        MomZ_Psi   MomZ_Psi_AErr   MomZ_Psi_RErr        Ekin_Psi   Ekin_Psi_AErr   Ekin_Psi_RErr        Epot_Psi   Epot_Psi_AErr   Epot_Psi_RErr        Esel_Psi   Esel_Psi_AErr   Esel_Psi_RErr        Etot_Psi   Etot_Psi_AErr   Etot_Psi_RErr
0.0000000e+00           0   1.5625000e-02   0.0000000e+00   0.0000000e+00   3.3534005e-03   0.0000000e+00   0.0000000e+00   0.0000000e+00   0.0000000e+00            -nan   0.0000000e+00   0.0000000e+00            -nan   4.3822953e-04   0.0000000e+00   0.0000000e+00   0.0000000e+00   0.0000000e+00            -nan   0.0000000e+00   0.0000000e+00            -nan   4.3822953e-04   0.0000000e+00   0.0000000e+00
1.0879732e-03           1   1.5625000e-02  -2.8308952e-13  -1.8117730e-11   3.3534005e-03  -1.1617270e-13  -3.4643252e-11   0.0000000e+00   0.0000000e+00            -nan   0.0000000e+00   0.0000000e+00            -nan   4.3822953e-04  -2.4872628e-14  -5.6757078e-11   0.0000000e+00   0.0000000e+00            -nan   0.0000000e+00   0.0000000e+00            -nan   4.3822953e-04  -2.4872628e-14  -5.6757078e-11
2.1759465e-03           2   1.5625000e-02  -5.6382850e-13  -3.6085024e-11   3.3534005e-03  -2.3233368e-13  -6.9283011e-11   0.0000000e+00   0.0000000e+00            -nan   0.0000000e+00   0.0000000e+00            -nan   4.3822953e-04  -4.9835787e-14  -1.1372074e-10   0.0000000e+00   0.0000000e+00            -nan   0.0000000e+00   0.0000000e+00            -nan   4.3822953e-04  -4.9835787e-14  -1.1372074e-10
3.2639197e-03           3   1.5625000e-02  -8.4254131e-13  -5.3922644e-11   3.3534005e-03  -3.4832554e-13  -1.0387233e-10   0.0000000e+00   0.0000000e+00            -nan   0.0000000e+00   0.0000000e+00            -nan   4.3822953e-04  -7.4762408e-14  -1.7060103e-10   0.0000000e+00   0.0000000e+00            -nan   0.0000000e+00   0.0000000e+00            -nan   4.3822953e-04  -7.4762408e-14  -1.7060103e-10
4.3518930e-03           4   1.5625000e-02  -1.1234624e-12  -7.1901596e-11   3.3534005e-03  -4.6430654e-13  -1.3845842e-10   0.0000000e+00   0.0000000e+00            -nan   0.0000000e+00   0.0000000e+00            -nan   4.3822953e-04  -9.9771591e-14  -2.2766971e-10   0.0000000e+00   0.0000000e+00            -nan   0.0000000e+00   0.0000000e+00            -nan   4.3822953e-04  -9.9771591e-14  -2.2766971e-10
5.4398662e-03           5   1.5625000e-02  -1.4003677e-12  -8.9623531e-11   3.3534005e-03  -5.7973288e-13  -1.7287911e-10   0.0000000e+00   0.0000000e+00            -nan   0.0000000e+00   0.0000000e+00            -nan   4.3822953e-04  -1.2469523e-13  -2.8454319e-10   0.0000000e+00   0.0000000e+00            -nan   0.0000000e+00   0.0000000e+00            -nan   4.3822953e-04  -1.2469523e-13  -2.8454319e-10
6.5278395e-03           6   1.5625000e-02  -1.6810928e-12  -1.0758994e-10   3.3534005e-03  -6.9600228e-13  -2.0755120e-10   0.0000000e+00   0.0000000e+00            -nan   0.0000000e+00   0.0000000e+00            -nan   4.3822953e-04  -1.4955208e-13  -3.4126427e-10   0.0000000e+00   0.0000000e+00            -nan   0.0000000e+00   0.0000000e+00            -nan   4.3822953e-04  -1.4955208e-13  -3.4126427e-10
7.6158127e-03           7   1.5625000e-02  -1.9619289e-12  -1.2556345e-10   3.3534005e-03  -8.1159905e-13  -2.4202270e-10   0.0000000e+00   0.0000000e+00            -nan   0.0000000e+00   0.0000000e+00            -nan   4.3822953e-04  -1.7449741e-13  -3.9818724e-10   0.0000000e+00   0.0000000e+00            -nan   0.0000000e+00   0.0000000e+00            -nan   4.3822953e-04  -1.7449741e-13  -3.9818724e-10
8.7037860e-03           8   1.5625000e-02  -2.2385149e-12  -1.4326496e-10   3.3534005e-03  -9.2778996e-13  -2.7667139e-10   0.0000000e+00   0.0000000e+00            -nan   0.0000000e+00   0.0000000e+00            -nan   4.3822953e-04  -1.9944837e-13  -4.5512307e-10   0.0000000e+00   0.0000000e+00            -nan   0.0000000e+00   0.0000000e+00            -nan   4.3822953e-04  -1.9944837e-13  -4.5512307e-10
9.7917592e-03           9   1.5625000e-02  -2.5217658e-12  -1.6139301e-10   3.3534005e-03  -1.0435906e-12  -3.1120368e-10   0.0000000e+00   0.0000000e+00            -nan   0.0000000e+00   0.0000000e+00            -nan   4.3822953e-04  -2.2432718e-13  -5.1189425e-10   0.0000000e+00   0.0000000e+00            -nan   0.0000000e+00   0.0000000e+00            -nan   4.3822953e-04  -2.2432718e-13  -5.1189425e-10
1.0879732e-02          10   1.5625000e-02  -2.8003190e-12  -1.7922042e-10   3.3534005e-03  -1.1597936e-12  -3.4585598e-10   0.0000000e+00   0.0000000e+00            -nan   0.0000000e+00   0.0000000e+00            -nan   4.3822953e-04  -2.4925016e-13  -5.6876625e-10   0.0000000e+00   0.0000000e+00            -nan   0.0000000e+00   0.0000000e+00            -nan   4.3822953e-04  -2.4925016e-13  -5.6876625e-10
1.1967706e-02          11   1.5625000e-02  -3.0785877e-12  -1.9702961e-10   3.3534005e-03  -1.2762721e-12  -3.8059041e-10   0.0000000e+00   0.0000000e+00            -nan   0.0000000e+00   0.0000000e+00            -nan   4.3822953e-04  -2.7422948e-13  -6.2576677e-10   0.0000000e+00   0.0000000e+00            -nan   0.0000000e+00   0.0000000e+00            -nan   4.3822953e-04  -2.7422948e-13  -6.2576677e-10
1.3055679e-02          12   1.5625000e-02  -3.3617484e-12  -2.1515190e-10   3.3534005e-03  -1.3921785e-12  -4.1515425e-10   0.0000000e+00   0.0000000e+00            -nan   0.0000000e+00   0.0000000e+00            -nan   4.3822953e-04  -2.9919182e-13  -6.8272858e-10   0.0000000e+00   0.0000000e+00            -nan   0.0000000e+00   0.0000000e+00            -nan   4.3822953e-04  -2.9919182e-13  -6.8272858e-10
1.4143652e-02          13   1.5625000e-02  -3.6378383e-12  -2.3282165e-10   3.3534005e-03  -1.5081304e-12  -4.4973168e-10   0.0000000e+00   0.0000000e+00            -nan   0.0000000e+00   0.0000000e+00            -nan   4.3822953e-04  -3.2408538e-13  -7.3953340e-10   0.0000000e+00   0.0000000e+00            -nan   0.0000000e+00   0.0000000e+00            -nan   4.3822953e-04  -3.2408538e-13  -7.3953340e-10
1.5231625e-02          14   1.5625000e-02  -3.9189624e-12  -2.5081359e-10   3.3534005e-03  -1.6239197e-12  -4.8426061e-10   0.0000000e+00   0.0000000e+00            -nan   0.0000000e+00   0.0000000e+00            -nan   4.3822953e-04  -3.4902528e-13  -7.9644400e-10   0.0000000e+00   0.0000000e+00            -nan   0.0000000e+00   0.0000000e+00            -nan   4.3822953e-04  -3.4902528e-13  -7.9644400e-10
1.6319599e-02          15   1.5625000e-02  -4.1970923e-12  -2.6861391e-10   3.3534005e-03  -1.7399606e-12  -5.1886454e-10   0.0000000e+00   0.0000000e+00            -nan   0.0000000e+00   0.0000000e+00            -nan   4.3822953e-04  -3.7388229e-13  -8.5316545e-10   0.0000000e+00   0.0000000e+00            -nan   0.0000000e+00   0.0000000e+00            -nan   4.3822953e-04  -3.7388229e-13  -8.5316545e-10
1.7407572e-02          16   1.5625000e-02  -4.4777324e-12  -2.8657487e-10   3.3534005e-03  -1.8557937e-12  -5.5340653e-10   0.0000000e+00   0.0000000e+00            -nan   0.0000000e+00   0.0000000e+00            -nan   4.3822953e-04  -3.9882437e-13  -9.1008099e-10   0.0000000e+00   0.0000000e+00            -nan   0.0000000e+00   0.0000000e+00            -nan   4.3822953e-04  -3.9882437e-13  -9.1008099e-10
1.8495545e-02          17   1.5625000e-02  -4.7597967e-12  -3.0462699e-10   3.3534005e-03  -1.9722830e-12  -5.8814419e-10   0.0000000e+00   0.0000000e+00            -nan   0.0000000e+00   0.0000000e+00            -nan   4.3822953e-04  -4.2376183e-13  -9.6698602e-10   0.0000000e+00   0.0000000e+00            -nan   0.0000000e+00   0.0000000e+00            -nan   4.3822953e-04  -4.2376183e-13  -9.6698602e-10
1.9583518e-02          18   1.5625000e-02  -5.0366551e-12  -3.2234593e-10   3.3534005e-03  -2.0881036e-12  -6.2268243e-10   0.0000000e+00   0.0000000e+00            -nan   0.0000000e+00   0.0000000e+00            -nan   4.3822953e-04  -4.4870059e-13  -1.0238940e-09   0.0000000e+00   0.0000000e+00            -nan   0.0000000e+00   0.0000000e+00            -nan   4.3822953e-04  -4.4870059e-13  -1.0238940e-09
2.0671492e-02          19   1.5625000e-02  -5.3187871e-12  -3.4040237e-10   3.3534005e-03  -2.2033785e-12  -6.5705798e-10   0.0000000e+00   0.0000000e+00            -nan   0.0000000e+00   0.0000000e+00            -nan   4.3822953e-04  -4.7363898e-13  -1.0808011e-09   0.0000000e+00   0.0000000e+00            -nan   0.0000000e+00   0.0000000e+00            -nan   4.3822953e-04  -4.7363898e-13  -1.0808011e-09
2.1759465e-02          20   1.5625000e-02  -5.5969014e-12  -3.5820169e-10   3.3534005e-03  -2.3192134e-12  -6.9160049e-10   0.0000000e+00   0.0000000e+00            -nan   0.0000000e+00   0.0000000e+00            -nan   4.3822953e-04  -4.9854359e-13  -1.1376312e-09   0.0000000e+00   0.0000000e+00            -nan   0.0000000e+00   0.0000000e+00            -nan   4.3822953e-04  -4.9854359e-13  -1.1376312e-09
2.2847438e-02          21   1.5625000e-02  -5.8758883e-12  -3.7605685e-10   3.3534005e-03  -2.4353419e-12  -7.2623055e-10   0.0000000e+00   0.0000000e+00            -nan   0.0000000e+00   0.0000000e+00            -nan   4.3822953e-04  -5.2345519e-13  -1.1944772e-09   0.0000000e+00   0.0000000e+00            -nan   0.0000000e+00   0.0000000e+00            -nan   4.3822953e-04  -5.2345519e-13  -1.1944772e-09
2.3935411e-02          22   1.5625000e-02  -6.1561346e-12  -3.9399262e-10   3.3534005e-03  -2.5510167e-12  -7.6072533e-10   0.0000000e+00   0.0000000e+00            -nan   0.0000000e+00   0.0000000e+00            -nan   4.3822953e-04  -5.4839819e-13  -1.2513949e-09   0.0000000e+00   0.0000000e+00            -nan   0.0000000e+00   0.0000000e+00            -nan   4.3822953e-04  -5.4839819e-13  -1.2513949e-09
2.5023385e-02          23   1.5625000e-02  -6.4362196e-12  -4.1191806e-10   3.3534005e-03  -2.6674453e-12  -7.9544489e-10   0.0000000e+00   0.0000000e+00            -nan   0.0000000e+00   0.0000000e+00            -nan   4.3822953e-04  -5.7334286e-13  -1.3083163e-09   0.0000000e+00   0.0000000e+00            -nan   0.0000000e+00   0.0000000e+00            -nan   4.3822953e-04  -5.7334286e-13  -1.3083163e-09
2.6111358e-02          24   1.5625000e-02  -6.7155170e-12  -4.2979309e-10   3.3534005e-03  -2.7834865e-12  -8.3004895e-10   0.0000000e+00   0.0000000e+00            -nan   0.0000000e+00   0.0000000e+00            -nan   4.3822953e-04  -5.9826211e-13  -1.3651798e-09   0.0000000e+00   0.0000000e+00            -nan   0.0000000e+00   0.0000000e+00            -nan   4.3822953e-04  -5.9826211e-13  -1.3651798e-09
2.7199331e-02          25   1.5625000e-02  -6.9945143e-12  -4.4764892e-10   3.3534005e-03  -2.8998540e-12  -8.6475027e-10   0.0000000e+00   0.0000000e+00            -nan   0.0000000e+00   0.0000000e+00            -nan   4.3822953e-04  -6.2323269e-13  -1.4221604e-09   0.0000000e+00   0.0000000e+00            -nan   0.0000000e+00   0.0000000e+00            -nan   4.3822953e-04  -6.2323269e-13  -1.4221604e-09
2.8287304e-02          26   1.5625000e-02  -7.2744796e-12  -4.6556670e-10   3.3534005e-03  -3.0151632e-12  -8.9913603e-10   0.0000000e+00   0.0000000e+00            -nan   0.0000000e+00   0.0000000e+00            -nan   4.3822953e-04  -6.4814853e-13  -1.4790161e-09   0.0000000e+00   0.0000000e+00            -nan   0.0000000e+00   0.0000000e+00            -nan   4.3822953e-04  -6.4814853e-13  -1.4790161e-09
2.9375278e-02          27   1.5625000e-02  -7.5553817e-12  -4.8354443e-10   3.3534005e-03  -3.1313285e-12  -9.3377709e-10   0.0000000e+00   0.0000000e+00            -nan   0.0000000e+00   0.0000000e+00            -nan   4.3822953e-04  -6.7302907e-13  -1.5357912e-09   0.0000000e+00   0.0000000e+00            -nan   0.0000000e+00   0.0000000e+00            -nan   4.3822953e-04  -6.7302907e-13  -1.5357912e-09
3.0463251e-02          28   1.5625000e-02  -7.8342523e-12  -5.0139215e-10   3.3534005e-03  -3.2469197e-12  -9.6824691e-10   0.0000000e+00   0.0000000e+00            -nan   0.0000000e+00   0.0000000e+00            -nan   4.3822953e-04  -6.9798220e-13  -1.5927320e-09   0.0000000e+00   0.0000000e+00            -nan   0.0000000e+00   0.0000000e+00            -nan   4.3822953e-04  -6.9798220e-13  -1.5927320e-09
3.1551224e-02          29   1.5625000e-02  -8.1151891e-12  -5.1937210e-10   3.3534005e-03  -3.3624579e-12  -1.0027010e-09   0.0000000e+00   0.0000000e+00            -nan   0.0000000e+00   0.0000000e+00            -nan   4.3822953e-04  -7.2291907e-13  -1.6496357e-09   0.0000000e+00   0.0000000e+00            -nan   0.0000000e+00   0.0000000e+00            -nan   4.3822953e-04  -7.2291907e-13  -1.6496357e-09
3.2639197e-02          30   1.5625000e-02  -8.3928472e-12  -5.3714222e-10   3.3534005e-03  -3.4788396e-12  -1.0374065e-09   0.0000000e+00   0.0000000e+00            -nan   0.0000000e+00   0.0000000e+00            -nan   4.3822953e-04  -7.4788380e-13  -1.7066029e-09   0.0000000e+00   0.0000000e+00            -nan   0.0000000e+00   0.0000000e+00            -nan   4.3822953e-04  -7.4788380e-13  -1.7066029e-09
3.3727171e-02          31   1.5625000e-02  -8.6730328e-12  -5.5507410e-10   3.3534005e-03  -3.5947465e-12  -1.0719705e-09   0.0000000e+00   0.0000000e+00            -nan   0.0000000e+00   0.0000000e+00            -nan   4.3822953e-04  -7.7283432e-13  -1.7635378e-09   0.0000000e+00   0.0000000e+00            -nan   0.0000000e+00   0.0000000e+00            -nan   4.3822953e-04  -7.7283432e-13  -1.7635378e-09
3.4815144e-02          32   1.5625000e-02  -8.9528159e-12  -5.7298022e-10   3.3534005e-03  -3.7111811e-12  -1.1066919e-09   0.0000000e+00   0.0000000e+00            -nan   0.0000000e+00   0.0000000e+00            -nan   4.3822953e-04  -7.9775010e-13  -1.8203933e-09   0.0000000e+00   0.0000000e+00            -nan   0.0000000e+00   0.0000000e+00            -nan   4.3822953e-04  -7.9775010e-13  -1.8203933e-09
3.5903117e-02          33   1.5625000e-02  -9.2341690e-12  -5.9098682e-10   3.3534005e-03  -3.8266994e-12  -1.1411400e-09   0.0000000e+00   0.0000000e+00            -nan   0.0000000e+00   0.0000000e+00            -nan   4.3822953e-04  -8.2260300e-13  -1.8771054e-09   0.0000000e+00   0.0000000e+00            -nan   0.0000000e+00   0.0000000e+00            -nan   4.3822953e-04  -8.2260300e-13  -1.8771054e-09
3.6991090e-02          34   1.5625000e-02  -9.5101756e-12  -6.0865124e-10   3.3534005e-03  -3.9428751e-12  -1.1757841e-09   0.0000000e+00   0.0000000e+00            -nan   0.0000000e+00   0.0000000e+00            -nan   4.3822953e-04  -8.4757234e-13  -1.9340831e-09   0.0000000e+00   0.0000000e+00            -nan   0.0000000e+00   0.0000000e+00            -nan   4.3822953e-04  -8.4757234e-13  -1.9340831e-09
3.8079064e-02          35   1.5625000e-02  -9.7924498e-12  -6.2671679e-10   3.3534005e-03  -4.0593150e-12  -1.2105071e-09   0.0000000e+00   0.0000000e+00            -nan   0.0000000e+00   0.0000000e+00            -nan   4.3822953e-04  -8.7246795e-13  -1.9908926e-09   0.0000000e+00   0.0000000e+00            -nan   0.0000000e+00   0.0000000e+00            -nan   4.3822953e-04  -8.7246795e-13  -1.9908926e-09
3.9167037e-02          36   1.5625000e-02  -1.0071215e-11  -6.4455774e-10   3.3534005e-03  -4.1748289e-12  -1.2449539e-09   0.0000000e+00   0.0000000e+00            -nan   0.0000000e+00   0.0000000e+00            -nan   4.3822953e-04  -8.9737619e-13  -2.0477310e-09   0.0000000e+00   0.0000000e+00            -nan   0.0000000e+00   0.0000000e+00            -nan   4.3822953e-04  -8.9737619e-13  -2.0477310e-09
4.0255010e-02          37   1.5625000e-02  -1.0351112e-11  -6.6247119e-10   3.3534005e-03  -4.2902045e-12  -1.2793594e-09   0.0000000e+00   0.0000000e+00            -nan   0.0000000e+00   0.0000000e+00            -nan   4.3822953e-04  -9.2238055e-13  -2.1047887e-09   0.0000000e+00   0.0000000e+00            -nan   0.0000000e+00   0.0000000e+00            -nan   4.3822953e-04  -9.2238055e-13  -2.1047887e-09
4.1342983e-02          38   1.5625000e-02  -1.0629201e-11  -6.8026884e-10   3.3534005e-03  -4.4063650e-12  -1.3139990e-09   0.0000000e+00   0.0000000e+00            -nan   0.0000000e+00   0.0000000e+00            -nan   4.3822953e-04  -9.4726099e-13  -2.1615636e-09   0.0000000e+00   0.0000000e+00            -nan   0.0000000e+00   0.0000000e+00            -nan   4.3822953e-04  -9.4726099e-13  -2.1615636e-09
4.2430957e-02          39   1.5625000e-02  -1.0909149e-11  -6.9818551e-10   3.3534005e-03  -4.5221166e-12  -1.3485167e-09   0.0000000e+00   0.0000000e+00            -nan   0.0000000e+00   0.0000000e+00            -nan   4.3822953e-04  -9.7222328e-13  -2.2185252e-09   0.0000000e+00   0.0000000e+00            -nan   0.0000000e+00   0.0000000e+00            -nan   4.3822953e-04  -9.7222328e-13  -2.2185252e-09
4.3518930e-02          40   1.5625000e-02  -1.1190651e-11  -7.1620165e-10   3.3534005e-03  -4.6384576e-12  -1.3832102e-09   0.0000000e+00   0.0000000e+00            -nan   0.0000000e+00   0.0000000e+00            -nan   4.3822953e-04  -9.9710756e-13  -2.2753089e-09   0.0000000e+00   0.0000000e+00            -nan   0.0000000e+00   0.0000000e+00            -nan   4.3822953e-04  -9.9710756e-13  -2.2753089e-09
4.4606903e-02          41   1.5625000e-02  -1.1470925e-11  -7.3413919e-10   3.3534005e-03  -4.7544230e-12  -1.4177916e-09   0.0000000e+00   0.0000000e+00            -nan   0.0000000e+00   0.0000000e+00            -nan   4.3822953e-04  -1.0221288e-12  -2.3324052e-09   0.0000000e+00   0.0000000e+00            -nan   0.0000000e+00   0.0000000e+00            -nan   4.3822953e-04  -1.0221288e-12  -2.3324052e-09
4.5694876e-02          42   1.5625000e-02  -1.1749558e-11  -7.5197171e-10   3.3534005e-03  -4.8705198e-12  -1.4524122e-09   0.0000000e+00   0.0000000e+00            -nan   0.0000000e+00   0.0000000e+00            -nan   4.3822953e-04  -1.0470331e-12  -2.3892344e-09   0.0000000e+00   0.0000000e+00            -nan   0.0000000e+00   0.0000000e+00            -nan   4.3822953e-04  -1.0470331e-12  -2.3892344e-09
4.6782849e-02          43   1.5625000e-02  -1.2029343e-11  -7.6987794e-10   3.3534005e-03  -4.9862944e-12  -1.4869367e-09   0.0000000e+00   0.0000000e+00            -nan   0.0000000e+00   0.0000000e+00            -nan   4.3822953e-04  -1.0718465e-12  -2.4458564e-09   0.0000000e+00   0.0000000e+00            -nan   0.0000000e+00   0.0000000e+00            -nan   4.3822953e-04  -1.0718465e-12  -2.4458564e-09
4.7870823e-02          44   1.5625000e-02  -1.2308651e-11  -7.8775364e-10   3.3534005e-03  -5.1022962e-12  -1.5215290e-09   0.0000000e+00   0.0000000e+00            -nan   0.0000000e+00   0.0000000e+00            -nan   4.3822953e-04  -1.0968407e-12  -2.5028908e-09   0.0000000e+00   0.0000000e+00            -nan   0.0000000e+00   0.0000000e+00            -nan   4.3822953e-04  -1.0968407e-12  -2.5028908e-09
4.8958796e-02          45   1.5625000e-02  -1.2588201e-11  -8.0564488e-10   3.3534005e-03  -5.2179155e-12  -1.5560073e-09   0.0000000e+00   0.0000000e+00            -nan   0.0000000e+00   0.0000000e+00            -nan   4.3822953e-04  -1.1217731e-12  -2.5597843e-09   0.0000000e+00   0.0000000e+00            -nan   0.0000000e+00   0.0000000e+00            -nan   4.3822953e-04  -1.1217731e-12  -2.5597843e-09
5.0046769e-02          46   1.5625000e-02  -1.2866385e-11  -8.2344864e-10   3.3534005e-03  -5.3344724e-12  -1.5907651e-09   0.0000000e+00   0.0000000e+00            -nan   0.0000000e+00   0.0000000e+00            -nan   4.3822953e-04  -1.1466523e-12  -2.6165564e-09   0.0000000e+00   0.0000000e+00            -nan   0.0000000e+00   0.0000000e+00            -nan   4.3822953e-04  -1.1466523e-12  -2.6165564e-09
5.1134742e-02          47   1.5625000e-02  -1.3148699e-11  -8.4151675e-10   3.3534005e-03  -5.4504192e-12  -1.6253410e-09   0.0000000e+00   0.0000000e+00            -nan   0.0000000e+00   0.0000000e+00            -nan   4.3822953e-04  -1.1716514e-12  -2.6736022e-09   0.0000000e+00   0.0000000e+00            -nan   0.0000000e+00   0.0000000e+00            -nan   4.3822953e-04  -1.1716514e-12  -2.6736022e-09
5.2222716e-02          48   1.5625000e-02  -1.3426942e-11  -8.5932428e-10   3.3534005e-03  -5.5665581e-12  -1.6599741e-09   0.0000000e+00   0.0000000e+00            -nan   0.0000000e+00   0.0000000e+00            -nan   4.3822953e-04  -1.1965856e-12  -2.7304998e-09   0.0000000e+00   0.0000000e+00            -nan   0.0000000e+00   0.0000000e+00            -nan   4.3822953e-04  -1.1965856e-12  -2.7304998e-09
5.3310689e-02          49   1.5625000e-02  -1.3709259e-11  -8.7739260e-10   3.3534005e-03  -5.6818842e-12  -1.6943649e-09   0.0000000e+00   0.0000000e+00            -nan   0.0000000e+00   0.0000000e+00            -nan   4.3822953e-04  -1.2215050e-12  -2.7873635e-09   0.0000000e+00   0.0000000e+00            -nan   0.0000000e+00   0.0000000e+00            -nan   4.3822953e-04  -1.2215050e-12  -2.7873635e-09
5.4398662e-02          50   1.5625000e-02  -1.3988932e-11  -8.9529162e-10   3.3534005e-03  -5.7980491e-12  -1.7290059e-09   0.0000000e+00   0.0000000e+00            -nan   0.0000000e+00   0.0000000e+00            -nan   4.3822953e-04  -1.2463829e-12  -2.8441327e-09   0.0000000e+00   0.0000000e+00            -nan   0.0000000e+00   0.0000000e+00            -nan   4.3822953e-04  -1.2463829e-12  -2.8441327e-09
5.5486635e-02          51   1.5625000e-02  -1.4266954e-11  -9.1308505e-10   3.3534005e-03  -5.9140128e-12  -1.7635868e-09   0.0000000e+00   0.0000000e+00            -nan   0.0000000e+00   0.0000000e+00            -nan   4.3822953e-04  -1.2713057e-12  -2.9010042e-09   0.0000000e+00   0.0000000e+00            -nan   0.0000000e+00   0.0000000e+00            -nan   4.3822953e-04  -1.2713057e-12  -2.9010042e-09
5.6574609e-02          52   1.5625000e-02  -1.4543203e-11  -9.3076502e-10   3.3534005e-03  -6.0297357e-12  -1.7980959e-09   0.0000000e+00   0.0000000e+00            -nan   0.0000000e+00   0.0000000e+00            -nan   4.3822953e-04  -1.2961979e-12  -2.9578059e-09   0.0000000e+00   0.0000000e+00            -nan   0.0000000e+00   0.0000000e+00            -nan   4.3822953e-04  -1.2961979e-12  -2.9578059e-09
5.7662582e-02          53   1.5625000e-02  -1.4824850e-11  -9.4879038e-10   3.3534005e-03  -6.1456413e-12  -1.8326595e-09   0.0000000e+00   0.0000000e+00            -nan   0.0000000e+00   0.0000000e+00            -nan   4.3822953e-04  -1.3212261e-12  -3.0149180e-09   0.0000000e+00   0.0000000e+00            -nan   0.0000000e+00   0.0000000e+00            -nan   4.3822953e-04  -1.3212261e-12  -3.0149180e-09
5.8750555e-02          54   1.5625000e-02  -1.5104846e-11  -9.6671016e-10   3.3534005e-03  -6.2614666e-12  -1.8671992e-09   0.0000000e+00   0.0000000e+00            -nan   0.0000000e+00   0.0000000e+00            -nan   4.3822953e-04  -1.3460472e-12  -3.0715575e-09   0.0000000e+00   0.0000000e+00            -nan   0.0000000e+00   0.0000000e+00            -nan   4.3822953e-04  -1.3460472e-12  -3.0715575e-09
5.9838528e-02          55   1.5625000e-02  -1.5385342e-11  -9.8466191e-10   3.3534005e-03  -6.3780478e-12  -1.9019643e-09   0.0000000e+00   0.0000000e+00            -nan   0.0000000e+00   0.0000000e+00            -nan   4.3822953e-04  -1.3710637e-12  -3.1286430e-09   0.0000000e+00   0.0000000e+00            -nan   0.0000000e+00   0.0000000e+00            -nan   4.3822953e-04  -1.3710637e-12  -3.1286430e-09
6.0926502e-02          56   1.5625000e-02  -1.5665188e-11  -1.0025720e-09   3.3534005e-03  -6.4935596e-12  -1.9364104e-09   0.0000000e+00   0.0000000e+00            -nan   0.0000000e+00   0.0000000e+00            -nan   4.3822953e-04  -1.3959744e-12  -3.1854869e-09   0.0000000e+00   0.0000000e+00            -nan   0.0000000e+00   0.0000000e+00            -nan   4.3822953e-04  -1.3959744e-12  -3.1854869e-09
6.2014475e-02          57   1.5625000e-02  -1.5945105e-11  -1.0204867e-09   3.3534005e-03  -6.6103130e-12  -1.9712268e-09   0.0000000e+00   0.0000000e+00            -nan   0.0000000e+00   0.0000000e+00            -nan   4.3822953e-04  -1.4208582e-12  -3.2422693e-09   0.0000000e+00   0.0000000e+00            -nan   0.0000000e+00   0.0000000e+00            -nan   4.3822953e-04  -1.4208582e-12  -3.2422693e-09
6.3102448e-02          58   1.5625000e-02  -1.6225826e-11  -1.0384529e-09   3.3534005e-03  -6.7255498e-12  -2.0055910e-09   0.0000000e+00   0.0000000e+00            -nan   0.0000000e+00   0.0000000e+00            -nan   4.3822953e-04  -1.4458566e-12  -3.2993135e-09   0.0000000e+00   0.0000000e+00            -nan   0.0000000e+00   0.0000000e+00            -nan   4.3822953e-04  -1.4458566e-12  -3.2993135e-09
6.4190421e-02          59   1.5625000e-02  -1.6503297e-11  -1.0562110e-09   3.3534005e-03  -6.8413357e-12  -2.0401189e-09   0.0000000e+00   0.0000000e+00            -nan   0.0000000e+00   0.0000000e+00            -nan   4.3822953e-04  -1.4707573e-12  -3.3561347e-09   0.0000000e+00   0.0000000e+00            -nan   0.0000000e+00   0.0000000e+00            -nan   4.3822953e-04  -1.4707573e-12  -3.3561347e-09
6.5278395e-02          60   1.5625000e-02  -1.6783535e-11  -1.0741462e-09   3.3534005e-03  -6.9574711e-12  -2.0747510e-09   0.0000000e+00   0.0000000e+00            -nan   0.0000000e+00   0.0000000e+00            -nan   4.3822953e-04  -1.4956586e-12  -3.4129571e-09   0.0000000e+00   0.0000000e+00            -nan   0.0000000e+00   0.0000000e+00            -nan   4.3822953e-04  -1.4956586e-12  -3.4129571e-09
6.6366368e-02          61   1.5625000e-02  -1.7062867e-11  -1.0920235e-09   3.3534005e-03  -7.0738242e-12  -2.1094481e-09   0.0000000e+00   0.0000000e+00            -nan   0.0000000e+00   0.0000000e+00            -nan   4.3822953e-04  -1.5205413e-12  -3.4697372e-09   0.0000000e+00   0.0000000e+00            -nan   0.0000000e+00   0.0000000e+00            -nan   4.3822953e-04  -1.5205413e-12  -3.4697372e-09
6.7454341e-02          62   1.5625000e-02  -1.7341587e-11  -1.1098615e-09   3.3534005e-03  -7.1894795e-12  -2.1439370e-09   0.0000000e+00   0.0000000e+00            -nan   0.0000000e+00   0.0000000e+00            -nan   4.3822953e-04  -1.5455720e-12  -3.5268550e-09   0.0000000e+00   0.0000000e+00            -nan   0.0000000e+00   0.0000000e+00            -nan   4.3822953e-04  -1.5455720e-12  -3.5268550e-09
6.8542314e-02          63   1.5625000e-02  -1.7619560e-11  -1.1276519e-09   3.3534005e-03  -7.3055815e-12  -2.1785592e-09   0.0000000e+00   0.0000000e+00            -nan   0.0000000e+00   0.0000000e+00            -nan   4.3822953e-04  -1.5704949e-12  -3.5837267e-09   0.0000000e+00   0.0000000e+00            -nan   0.0000000e+00   0.0000000e+00            -nan   4.3822953e-04  -1.5704949e-12  -3.5837267e-09
6.9630288e-02          64   1.5625000e-02  -1.7902145e-11  -1.1457373e-09   3.3534005e-03  -7.4212125e-12  -2.2130409e-09   0.0000000e+00   0.0000000e+00            -nan   0.0000000e+00   0.0000000e+00            -nan   4.3822953e-04  -1.5954221e-12  -3.6406085e-09   0.0000000e+00   0.0000000e+00            -nan   0.0000000e+00   0.0000000e+00            -nan   4.3822953e-04  -1.5954221e-12  -3.6406085e-09
7.0718261e-02          65   1.5625000e-02  -1.8180216e-11  -1.1635338e-09   3.3534005e-03  -7.5371506e-12  -2.2476142e-09   0.0000000e+00   0.0000000e+00            -nan   0.0000000e+00   0.0000000e+00            -nan   4.3822953e-04  -1.6202996e-12  -3.6973766e-09   0.0000000e+00   0.0000000e+00            -nan   0.0000000e+00   0.0000000e+00            -nan   4.3822953e-04  -1.6202996e-12  -3.6973766e-09
7.1806234e-02          66   1.5625000e-02  -1.8460716e-11  -1.1814858e-09   3.3534005e-03  -7.6530535e-12  -2.2821770e-09   0.0000000e+00   0.0000000e+00            -nan   0.0000000e+00   0.0000000e+00            -nan   4.3822953e-04  -1.6452577e-12  -3.7543286e-09   0.0000000e+00   0.0000000e+00            -nan   0.0000000e+00   0.0000000e+00            -nan   4.3822953e-04  -1.6452577e-12  -3.7543286e-09
7.2894207e-02          67   1.5625000e-02  -1.8741448e-11  -1.1994526e-09   3.3534005e-03  -7.7689439e-12  -2.3167361e-09   0.0000000e+00   0.0000000e+00            -nan   0.0000000e+00   0.0000000e+00            -nan   4.3822953e-04  -1.6701771e-12  -3.8111924e-09   0.0000000e+00   0.0000000e+00            -nan   0.0000000e+00   0.0000000e+00            -nan   4.3822953e-04  -1.6701771e-12  -3.8111924e-09
7.3982181e-02          68   1.5625000e-02  -1.9021472e-11  -1.2173742e-09   3.3534005e-03  -7.8849015e-12  -2.3513152e-09   0.0000000e+00   0.0000000e+00            -nan   0.0000000e+00   0.0000000e+00            -nan   4.3822953e-04  -1.6951265e-12  -3.8681248e-09   0.0000000e+00   0.0000000e+00            -nan   0.0000000e+00   0.0000000e+00            -nan   4.3822953e-04  -1.6951265e-12  -3.8681248e-09
7.5070154e-02          69   1.5625000e-02  -1.9299425e-11  -1.2351632e-09   3.3534005e-03  -8.0009823e-12  -2.3859310e-09   0.0000000e+00   0.0000000e+00            -nan   0.0000000e+00   0.0000000e+00            -nan   4.3822953e-04  -1.7200213e-12  -3.9249323e-09   0.0000000e+00   0.0000000e+00            -nan   0.0000000e+00   0.0000000e+00            -nan   4.3822953e-04  -1.7200213e-12  -3.9249323e-09
7.6158127e-02          70   1.5625000e-02  -1.9580230e-11  -1.2531347e-09   3.3534005e-03  -8.1167772e-12  -2.4204616e-09   0.0000000e+00   0.0000000e+00            -nan   0.0000000e+00   0.0000000e+00            -nan   4.3822953e-04  -1.7449540e-12  -3.9818265e-09   0.0000000e+00   0.0000000e+00            -nan   0.0000000e+00   0.0000000e+00            -nan   4.3822953e-04  -1.7449540e-12  -3.9818265e-09
7.7246100e-02          71   1.5625000e-02  -1.9861715e-11  -1.2711497e-09   3.3534005e-03  -8.2331555e-12  -2.4551662e-09   0.0000000e+00   0.0000000e+00            -nan   0.0000000e+00   0.0000000e+00            -nan   4.3822953e-04  -1.7699027e-12  -4.0387572e-09   0.0000000e+00   0.0000000e+00            -nan   0.0000000e+00   0.0000000e+00            -nan   4.3822953e-04  -1.7699027e-12  -4.0387572e-09
7.8334074e-02          72   1.5625000e-02  -2.0139137e-11  -1.2889048e-09   3.3534005e-03  -8.3491933e-12  -2.4897692e-09   0.0000000e+00   0.0000000e+00            -nan   0.0000000e+00   0.0000000e+00            -nan   4.3822953e-04  -1.7948428e-12  -4.0956682e-09   0.0000000e+00   0.0000000e+00            -nan   0.0000000e+00   0.0000000e+00            -nan   4.3822953e-04  -1.7948428e-12  -4.0956682e-09
7.9422047e-02          73   1.5625000e-02  -2.0418013e-11  -1.3067528e-09   3.3534005e-03  -8.4649223e-12  -2.5242802e-09   0.0000000e+00   0.0000000e+00            -nan   0.0000000e+00   0.0000000e+00            -nan   4.3822953e-04  -1.8197248e-12  -4.1524468e-09   0.0000000e+00   0.0000000e+00            -nan   0.0000000e+00   0.0000000e+00            -nan   4.3822953e-04  -1.8197248e-12  -4.1524468e-09
8.0510020e-02          74   1.5625000e-02  -2.0697931e-11  -1.3246676e-09   3.3534005e-03  -8.5812121e-12  -2.5589583e-09   0.0000000e+00   0.0000000e+00            -nan   0.0000000e+00   0.0000000e+00            -nan   4.3822953e-04  -1.8446525e-12  -4.2093294e-09   0.0000000e+00   0.0000000e+00            -nan   0.0000000e+00   0.0000000e+00            -nan   4.3822953e-04  -1.8446525e-12  -4.2093294e-09
8.1597993e-02          75   1.5625000e-02  -2.0980138e-11  -1.3427288e-09   3.3534005e-03  -8.6967816e-12  -2.5934217e-09   0.0000000e+00   0.0000000e+00            -nan   0.0000000e+00   0.0000000e+00            -nan   4.3822953e-04  -1.8695750e-12  -4.2662005e-09   0.0000000e+00   0.0000000e+00            -nan   0.0000000e+00   0.0000000e+00            -nan   4.3822953e-04  -1.8695750e-12  -4.2662005e-09
8.2685967e-02          76   1.5625000e-02  -2.1257806e-11  -1.3604996e-09   3.3534005e-03  -8.8129764e-12  -2.6280715e-09   0.0000000e+00   0.0000000e+00            -nan   0.0000000e+00   0.0000000e+00            -nan   4.3822953e-04  -1.8945508e-12  -4.3231929e-09   0.0000000e+00   0.0000000e+00            -nan   0.0000000e+00   0.0000000e+00            -nan   4.3822953e-04  -1.8945508e-12  -4.3231929e-09
8.3773940e-02          77   1.5625000e-02  -2.1538578e-11  -1.3784690e-09   3.3534005e-03  -8.9286282e-12  -2.6625595e-09   0.0000000e+00   0.0000000e+00            -nan   0.0000000e+00   0.0000000e+00            -nan   4.3822953e-04  -1.9194257e-12  -4.3799552e-09   0.0000000e+00   0.0000000e+00            -nan   0.0000000e+00   0.0000000e+00            -nan   4.3822953e-04  -1.9194257e-12  -4.3799552e-09
8.4861913e-02          78   1.5625000e-02  -2.1816774e-11  -1.3962735e-09   3.3534005e-03  -9.0449523e-12  -2.6972479e-09   0.0000000e+00   0.0000000e+00            -nan   0.0000000e+00   0.0000000e+00            -nan   4.3822953e-04  -1.9444177e-12  -4.4369846e-09   0.0000000e+00   0.0000000e+00            -nan   0.0000000e+00   0.0000000e+00            -nan   4.3822953e-04  -1.9444177e-12  -4.4369846e-09
8.5949886e-02          79   1.5625000e-02  -2.2095957e-11  -1.4141412e-09   3.3534005e-03  -9.1603313e-12  -2.7316545e-09   0.0000000e+00   0.0000000e+00            -nan   0.0000000e+00   0.0000000e+00            -nan   4.3822953e-04  -1.9693110e-12  -4.4937889e-09   0.0000000e+00   0.0000000e+00            -nan   0.0000000e+00   0.0000000e+00            -nan   4.3822953e-04  -1.9693110e-12  -4.4937889e-09
8.7037860e-02          80   1.5625000e-02  -2.2378177e-11  -1.4322034e-09   3.3534005e-03  -9.2768978e-12  -2.7664151e-09   0.0000000e+00   0.0000000e+00            -nan   0.0000000e+00   0.0000000e+00            -nan   4.3822953e-04  -1.9942693e-12  -4.5507415e-09   0.0000000e+00   0.0000000e+00            -nan   0.0000000e+00   0.0000000e+00            -nan   4.3822953e-04  -1.9942693e-12  -4.5507415e-09
8.8125833e-02          81   1.5625000e-02  -2.2655298e-11  -1.4499391e-09   3.3534005e-03  -9.3925701e-12  -2.8009091e-09   0.0000000e+00   0.0000000e+00            -nan   0.0000000e+00   0.0000000e+00            -nan   4.3822953e-04  -2.0191166e-12  -4.6074407e-09   0.0000000e+00   0.0000000e+00            -nan   0.0000000e+00   0.0000000e+00            -nan   4.3822953e-04  -2.0191166e-12  -4.6074407e-09
8.9213806e-02          82   1.5625000e-02  -2.2933908e-11  -1.4677701e-09   3.3534005e-03  -9.5083442e-12  -2.8354335e-09   0.0000000e+00   0.0000000e+00            -nan   0.0000000e+00   0.0000000e+00            -nan   4.3822953e-04  -2.0440955e-12  -4.6644403e-09   0.0000000e+00   0.0000000e+00            -nan   0.0000000e+00   0.0000000e+00            -nan   4.3822953e-04  -2.0440955e-12  -4.6644403e-09
9.0301779e-02          83   1.5625000e-02  -2.3218023e-11  -1.4859535e-09   3.3534005e-03  -9.6242532e-12  -2.8699982e-09   0.0000000e+00   0.0000000e+00            -nan   0.0000000e+00   0.0000000e+00            -nan   4.3822953e-04  -2.0689796e-12  -4.7212237e-09   0.0000000e+00   0.0000000e+00            -nan   0.0000000e+00   0.0000000e+00            -nan   4.3822953e-04  -2.0689796e-12  -4.7212237e-09
9.1389752e-02          84   1.5625000e-02  -2.3497702e-11  -1.5038529e-09   3.3534005e-03  -9.7397481e-12  -2.9044393e-09   0.0000000e+00   0.0000000e+00            -nan   0.0000000e+00   0.0000000e+00            -nan   4.3822953e-04  -2.0939783e-12  -4.7782683e-09   0.0000000e+00   0.0000000e+00            -nan   0.0000000e+00   0.0000000e+00            -nan   4.3822953e-04  -2.0939783e-12  -4.7782683e-09
9.2477726e-02          85   1.5625000e-02  -2.3776692e-11  -1.5217083e-09   3.3534005e-03  -9.8568163e-12  -2.9393496e-09   0.0000000e+00   0.0000000e+00            -nan   0.0000000e+00   0.0000000e+00            -nan   4.3822953e-04  -2.1188967e-12  -4.8351300e-09   0.0000000e+00   0.0000000e+00            -nan   0.0000000e+00   0.0000000e+00            -nan   4.3822953e-04  -2.1188967e-12  -4.8351300e-09
9.3565699e-02          86   1.5625000e-02  -2.4055660e-11  -1.5395623e-09   3.3534005e-03  -9.9725501e-12  -2.9738620e-09   0.0000000e+00   0.0000000e+00            -nan   0.0000000e+00   0.0000000e+00            -nan   4.3822953e-04  -2.1438328e-12  -4.8920318e-09   0.0000000e+00   0.0000000e+00            -nan   0.0000000e+00   0.0000000e+00            -nan   4.3822953e-04  -2.1438328e-12  -4.8920318e-09
9.4653672e-02          87   1.5625000e-02  -2.4333721e-11  -1.5573581e-09   3.3534005e-03  -1.0087930e-11  -3.0082687e-09   0.0000000e+00   0.0000000e+00            -nan   0.0000000e+00   0.0000000e+00            -nan   4.3822953e-04  -2.1686849e-12  -4.9487420e-09   0.0000000e+00   0.0000000e+00            -nan   0.0000000e+00   0.0000000e+00            -nan   4.3822953e-04  -2.1686849e-12  -4.9487420e-09
9.5741645e-02          88   1.5625000e-02  -2.4615405e-11  -1.5753859e-09   3.3534005e-03  -1.0204095e-11  -3.0429096e-09   0.0000000e+00   0.0000000e+00            -nan   0.0000000e+00   0.0000000e+00            -nan   4.3822953e-04  -2.1936928e-12  -5.0058077e-09   0.0000000e+00   0.0000000e+00            -nan   0.0000000e+00   0.0000000e+00            -nan   4.3822953e-04  -2.1936928e-12  -5.0058077e-09
9.6829619e-02          89   1.5625000e-02  -2.4891894e-11  -1.5930812e-09   3.3534005e-03  -1.0319908e-11  -3.0774456e-09   0.0000000e+00   0.0000000e+00            -nan   0.0000000e+00   0.0000000e+00            -nan   4.3822953e-04  -2.2186722e-12  -5.0628086e-09   0.0000000e+00   0.0000000e+00            -nan   0.0000000e+00   0.0000000e+00            -nan   4.3822953e-04  -2.2186722e-12  -5.0628086e-09
9.7917592e-02          90   1.5625000e-02  -2.5172333e-11  -1.6110293e-09   3.3534005e-03  -1.0435753e-11  -3.1119914e-09   0.0000000e+00   0.0000000e+00            -nan   0.0000000e+00   0.0000000e+00            -nan   4.3822953e-04  -2.2434496e-12  -5.1193483e-09   0.0000000e+00   0.0000000e+00            -nan   0.0000000e+00   0.0000000e+00            -nan   4.3822953e-04  -2.2434496e-12  -5.1193483e-09
9.9005565e-02          91   1.5625000e-02  -2.5451832e-11  -1.6289172e-09   3.3534005e-03  -1.0551975e-11  -3.1466491e-09   0.0000000e+00   0.0000000e+00            -nan   0.0000000e+00   0.0000000e+00            -nan   4.3822953e-04  -2.2685087e-12  -5.1765308e-09   0.0000000e+00   0.0000000e+00            -nan   0.0000000e+00   0.0000000e+00            -nan   4.3822953e-04  -2.2685087e-12  -5.1765308e-09
1.0009354e-01          92   1.5625000e-02  -2.5733825e-11  -1.6469648e-09   3.3534005e-03  -1.0667450e-11  -3.1810843e-09   0.0000000e+00   0.0000000e+00            -nan   0.0000000e+00   0.0000000e+00            -nan   4.3822953e-04  -2.2933708e-12  -5.2332640e-09   0.0000000e+00   0.0000000e+00            -nan   0.0000000e+00   0.0000000e+00            -nan   4.3822953e-04  -2.2933708e-12  -5.2332640e-09
1.0118151e-01          93   1.5625000e-02  -2.6013861e-11  -1.6648871e-09   3.3534005e-03  -1.0783681e-11  -3.2157450e-09   0.0000000e+00   0.0000000e+00            -nan   0.0000000e+00   0.0000000e+00            -nan   4.3822953e-04  -2.3182956e-12  -5.2901401e-09   0.0000000e+00   0.0000000e+00            -nan   0.0000000e+00   0.0000000e+00            -nan   4.3822953e-04  -2.3182956e-12  -5.2901401e-09
1.0226948e-01          94   1.5625000e-02  -2.6293655e-11  -1.6827939e-09   3.3534005e-03  -1.0900088e-11  -3.2504582e-09   0.0000000e+00   0.0000000e+00            -nan   0.0000000e+00   0.0000000e+00            -nan   4.3822953e-04  -2.3431801e-12  -5.3469242e-09   0.0000000e+00   0.0000000e+00            -nan   0.0000000e+00   0.0000000e+00            -nan   4.3822953e-04  -2.3431801e-12  -5.3469242e-09
1.0335746e-01          95   1.5625000e-02  -2.6572418e-11  -1.7006347e-09   3.3534005e-03  -1.1015496e-11  -3.2848733e-09   0.0000000e+00   0.0000000e+00            -nan   0.0000000e+00   0.0000000e+00            -nan   4.3822953e-04  -2.3681901e-12  -5.4039948e-09   0.0000000e+00   0.0000000e+00            -nan   0.0000000e+00   0.0000000e+00            -nan   4.3822953e-04  -2.3681901e-12  -5.4039948e-09
1.0444543e-01          96   1.5625000e-02  -2.6853348e-11  -1.7186143e-09   3.3534005e-03  -1.1132010e-11  -3.3196185e-09   0.0000000e+00   0.0000000e+00            -nan   0.0000000e+00   0.0000000e+00            -nan   4.3822953e-04  -2.3931191e-12  -5.4608806e-09   0.0000000e+00   0.0000000e+00            -nan   0.0000000e+00   0.0000000e+00            -nan   4.3822953e-04  -2.3931191e-12  -5.4608806e-09
1.0553340e-01          97   1.5625000e-02  -2.7130761e-11  -1.7363687e-09   3.3534005e-03  -1.1247751e-11  -3.3541331e-09   0.0000000e+00   0.0000000e+00            -nan   0.0000000e+00   0.0000000e+00            -nan   4.3822953e-04  -2.4180192e-12  -5.5177002e-09   0.0000000e+00   0.0000000e+00            -nan   0.0000000e+00   0.0000000e+00            -nan   4.3822953e-04  -2.4180192e-12  -5.5177002e-09
1.0662138e-01          98   1.5625000e-02  -2.7407417e-11  -1.7540747e-09   3.3534005e-03  -1.1363294e-11  -3.3885883e-09   0.0000000e+00   0.0000000e+00            -nan   0.0000000e+00   0.0000000e+00            -nan   4.3822953e-04  -2.4429534e-12  -5.5745978e-09   0.0000000e+00   0.0000000e+00            -nan   0.0000000e+00   0.0000000e+00            -nan   4.3822953e-04  -2.4429534e-12  -5.5745978e-09
1.0770935e-01          99   1.5625000e-02  -2.7691441e-11  -1.7722522e-09   3.3534005e-03  -1.1479503e-11  -3.4232425e-09   0.0000000e+00   0.0000000e+00            -nan   0.0000000e+00   0.0000000e+00            -nan   4.3822953e-04  -2.4678484e-12  -5.6314059e-09   0.0000000e+00   0.0000000e+00            -nan   0.0000000e+00   0.0000000e+00            -nan   4.3822953e-04  -2.4678484e-12  -5.6314059e-09
1.0879732e-01         100   1.5625000e-02  -2.7970628e-11  -1.7901202e-09   3.3534005e-03  -1.1595388e-11  -3.4578000e-09   0.0000000e+00   0.0000000e+00            -nan   0.0000000e+00   0.0000000e+00            -nan   4.3822953e-04  -2.4928380e-12  -5.6884299e-09   0.0000000e+00   0.0000000e+00            -nan   0.0000000e+00   0.0000000e+00            -nan   4.3822953e-04  -2.4928380e-12  -5.6884299e-09
