# Ref time     : 0.0000000e+00
# Ref step     : 0

# Mass_Psi     : total ELBDM mass
# MomX/Y/Z_Psi : total ELBDM momentum
# Ekin_Psi     : total ELBDM kinetic energy
# Epot_Psi     : total ELBDM potential energy
# Esel_Psi     : total ELBDM self-interaction energy
# Etot_Psi     : total ELBDM energy

# AErr         : absolute error --> (now - ref)
# RErr         : relative error --> (now - ref) / abs(ref)
#---------------------------------------------------------------------------------------------------------------------------------------------------------------------------------------

#        [ 1]        [ 2]            [ 3]            [ 4]            [ 5]            [ 6]            [ 7]            [ 8]            [ 9]            [10]            [11]            [12]            [13]            [14]            [15]            [16]            [17]            [18]            [19]            [20]            [21]            [22]            [23]            [24]            [25]            [26]            [27]            [28]            [29]            [30]            [31]            [32]            [33]            [34]            [35]            [36]            [37]            [38]            [39]            [40]            [41]            [42]            [43]            [44]            [45]            [46]            [47]            [48]            [49]            [50]            [51]            [52]            [53]            [54]            [55]            [56]            [57]            [58]            [59]            [60]            [61]            [62]            [63]            [64]            [65]            [66]            [67]            [68]            [69]            [70]            [71]            [72]            [73]            [74]            [75]            [76]            [77]            [78]            [79]            [80]
#        Time        Step        Mass_Psi   Mass_Psi_AErr   Mass_Psi_RErr        MomX_Psi   MomX_Psi_AErr   MomX_Psi_RErr        MomY_Psi   MomY_Psi_AErr   MomY_Psi_RErr        MomZ_Psi   MomZ_Psi_AErr   MomZ_Psi_RErr        Ekin_Psi   Ekin_Psi_AErr   Ekin_Psi_RErr        Epot_Psi   Epot_Psi_AErr   Epot_Psi_RErr        Esel_Psi   Esel_Psi_AErr   Esel_Psi_RErr        Etot_Psi   Etot_Psi_AErr   Etot_Psi_RErr
0.0000000e+00           0   9.7656250e-04   0.0000000e+00   0.0000000e+00   2.3009712e-01   0.0000000e+00   0.0000000e+00   0.0000000e+00   0.0000000e+00            -nan   0.0000000e+00   0.0000000e+00            -nan   2.7107678e+01   0.0000000e+00   0.0000000e+00   0.0000000e+00   0.0000000e+00            -nan   0.0000000e+00   0.0000000e+00            -nan   2.7107678e+01   0.0000000e+00   0.0000000e+00
3.0517578e-06           1   9.7656250e-04   0.0000000e+00   0.0000000e+00   2.3009712e-01   0.0000000e+00   0.0000000e+00   2.2388936e-33   2.2388936e-33             inf   9.6296497e-35   9.6296497e-35             inf   2.7107678e+01   0.0000000e+00   0.0000000e+00   0.0000000e+00   0.0000000e+00            -nan   0.0000000e+00   0.0000000e+00            -nan   2.7107678e+01   0.0000000e+00   0.0000000e+00
6.1035156e-06           2   9.7656250e-04   0.0000000e+00   0.0000000e+00   2.3009712e-01   0.0000000e+00   0.0000000e+00  -8.5342771e-33  -8.5342771e-33            -inf   3.7471374e-32   3.7471374e-32             inf   2.7107678e+01   0.0000000e+00   0.0000000e+00   0.0000000e+00   0.0000000e+00            -nan   0.0000000e+00   0.0000000e+00            -nan   2.7107678e+01   0.0000000e+00   0.0000000e+00
9.1552734e-06           3   9.7656250e-04   0.0000000e+00   0.0000000e+00   2.3009712e-01   0.0000000e+00   0.0000000e+00   1.4685216e-32   1.4685216e-32             inf  -8.4259435e-33  -8.4259435e-33            -inf   2.7107678e+01   0.0000000e+00   0.0000000e+00   0.0000000e+00   0.0000000e+00            -nan   0.0000000e+00   0.0000000e+00            -nan   2.7107678e+01   0.0000000e+00   0.0000000e+00
1.2207031e-05           4   9.7656250e-04   0.0000000e+00   0.0000000e+00   2.3009712e-01   0.0000000e+00   0.0000000e+00  -2.2364861e-32  -2.2364861e-32            -inf   2.2003750e-32   2.2003750e-32             inf   2.7107678e+01   0.0000000e+00   0.0000000e+00   0.0000000e+00   0.0000000e+00            -nan   0.0000000e+00   0.0000000e+00            -nan   2.7107678e+01   0.0000000e+00   0.0000000e+00
1.5258789e-05           5   9.7656250e-04   0.0000000e+00   0.0000000e+00   2.3009712e-01   0.0000000e+00   0.0000000e+00   1.5359291e-32   1.5359291e-32             inf  -6.1003831e-32  -6.1003831e-32            -inf   2.7107678e+01   7.1054274e-15   2.6211863e-16   0.0000000e+00   0.0000000e+00            -nan   0.0000000e+00   0.0000000e+00            -nan   2.7107678e+01   7.1054274e-15   2.6211863e-16
1.8310547e-05           6   9.7656250e-04   0.0000000e+00   0.0000000e+00   2.3009712e-01  -5.5511151e-17  -2.4125096e-16   8.0166834e-33   8.0166834e-33             inf  -2.9888025e-31  -2.9888025e-31            -inf   2.7107678e+01   3.5527137e-15   1.3105931e-16   0.0000000e+00   0.0000000e+00            -nan   0.0000000e+00   0.0000000e+00            -nan   2.7107678e+01   3.5527137e-15   1.3105931e-16
2.1362305e-05           7   9.7656250e-04   0.0000000e+00   0.0000000e+00   2.3009712e-01  -8.3266727e-17  -3.6187644e-16  -1.5585588e-31  -1.5585588e-31            -inf  -7.0900703e-31  -7.0900703e-31            -inf   2.7107678e+01   9.9475983e-14   3.6696608e-15   0.0000000e+00   0.0000000e+00            -nan   0.0000000e+00   0.0000000e+00            -nan   2.7107678e+01   9.9475983e-14   3.6696608e-15
2.4414062e-05           8   9.7656250e-04  -1.0842022e-19  -1.1102230e-16   2.3009712e-01  -2.4980018e-16  -1.0856293e-15  -5.7705676e-32  -5.7705676e-32            -inf  -5.0873439e-31  -5.0873439e-31            -inf   2.7107678e+01   9.9475983e-14   3.6696608e-15   0.0000000e+00   0.0000000e+00            -nan   0.0000000e+00   0.0000000e+00            -nan   2.7107678e+01   9.9475983e-14   3.6696608e-15
2.7465820e-05           9   9.7656250e-04  -1.0842022e-19  -1.1102230e-16   2.3009712e-01  -4.1633363e-16  -1.8093822e-15   2.3081067e-32   2.3081067e-32             inf   6.1011053e-31   6.1011053e-31             inf   2.7107678e+01   1.1013412e-13   4.0628387e-15   0.0000000e+00   0.0000000e+00            -nan   0.0000000e+00   0.0000000e+00            -nan   2.7107678e+01   1.1013412e-13   4.0628387e-15
3.0517578e-05          10   9.7656250e-04  -1.0842022e-19  -1.1102230e-16   2.3009712e-01  -6.3837824e-16  -2.7743861e-15  -5.1129829e-31  -5.1129829e-31            -inf   4.2914534e-31   4.2914534e-31             inf   2.7107678e+01   1.3855583e-13   5.1113132e-15   0.0000000e+00   0.0000000e+00            -nan   0.0000000e+00   0.0000000e+00            -nan   2.7107678e+01   1.3855583e-13   5.1113132e-15
