#                  Coord.                Numerical               Analytical                    Error
   3.9062500000000000e-03   6.2725010048246784e+90   1.6166669720987428e+00   6.2725010048246784e+90
   1.1718750000000000e-02  -2.9482069312486321e+90   1.1057254802622367e+00   2.9482069312486321e+90
   1.9531250000000000e-02  -2.0316142611598009e+90  -2.1697616586530277e-01   2.0316142611598009e+90
   2.7343750000000000e-02   5.7419173122557634e+90  -1.2975359343738246e+00   5.7419173122557634e+90
   3.5156250000000000e-02  -5.9740290636783129e+90  -1.3334171230552208e+00   5.9740290636783129e+90
   4.2968750000000000e-02   2.5984845006865700e+90  -3.7857134694746786e-01   2.5984845006865700e+90
   5.0781250000000000e-02   2.3483830999036884e+90   7.6587472740401485e-01   2.3483830999036884e+90
   5.8593750000000000e-02  -5.8871002344408592e+90   1.2316517994159273e+00   5.8871002344408592e+90
   6.6406250000000000e-02   5.8870272827918695e+90   7.4993987179775268e-01   5.8870272827918695e+90
   7.4218750000000000e-02  -2.3481684917918484e+90  -2.1227873655315288e-01   2.3481684917918484e+90
   8.2031250000000000e-02  -2.5988281433510103e+90  -8.9191961680035270e-01   2.5988281433510103e+90
   8.9843750000000000e-02   5.9744821521215340e+90  -8.3752425074349779e-01   5.9744821521215340e+90
   9.7656250000000000e-02  -5.7424552177784530e+90  -1.9925760759486857e-01   5.7424552177784530e+90
   1.0546875000000000e-01   2.0322087793388258e+90   4.7316895308982304e-01   2.0322087793388258e+90
   1.1328125000000000e-01   2.9475855223831016e+90   6.9714929852358809e-01   2.9475855223831016e+90
   1.2109375000000000e-01  -6.2718791059976332e+90   3.9603035142826282e-01   6.2718791059976332e+90
   1.2890625000000000e-01   6.2718787805819866e+90  -1.1962857344110869e-01   6.2718787805819866e+90
   1.3671875000000000e-01  -2.9475846942993935e+90  -4.4887206101071420e-01   2.9475846942993935e+90
   1.4453125000000000e-01  -2.0322097611833899e+90  -4.0351489752059044e-01   2.0322097611833899e+90
   1.5234375000000000e-01   5.7424558472982566e+90  -9.5570827124119170e-02   5.7424558472982566e+90
   1.6015625000000000e-01  -5.9744819012622208e+90   2.0759244410690783e-01   5.9744819012622208e+90
   1.6796875000000000e-01   2.5988269994661382e+90   3.0371957543428463e-01   2.5988269994661382e+90
   1.7578125000000000e-01   2.3481697432351897e+90   1.7745032378906345e-01   2.3481697432351897e+90
   1.8359375000000000e-01  -5.8870277819165225e+90  -3.6401841460835492e-02   5.8870277819165225e+90
   1.9140625000000000e-01   5.8870997353198293e+90  -1.7980221756495895e-01   5.8870997353198293e+90
   1.9921875000000000e-01  -2.3483818484630618e+90  -1.7755586120997524e-01   2.3483818484630618e+90
   2.0703125000000000e-01  -2.5984856445713357e+90  -6.0711219165353936e-02   2.5984856445713357e+90
   2.1484375000000000e-01   5.9740293145382358e+90   7.8811916605432866e-02   5.9740293145382358e+90
   2.2265625000000000e-01  -5.7419166827368589e+90   1.5184677634989860e-01   5.7419166827368589e+90
   2.3046875000000000e-01   2.0316132793157619e+90   1.1674222287767451e-01   2.0316132793157619e+90
   2.3828125000000000e-01   2.9482077593311949e+90  -3.5921823645784284e-03   2.9482077593311949e+90
   2.4609375000000000e-01  -6.2725013302398493e+90  -1.3100138011732929e-01   6.2725013302398493e+90
   2.5390625000000000e-01   6.2725010048246893e+90  -1.7064353457368894e-01   6.2725010048246893e+90
   2.6171875000000000e-01  -2.9482069312486235e+90  -7.3596477619165018e-02   2.9482069312486235e+90
   2.6953125000000000e-01  -2.0316142611597959e+90   1.1033809224800721e-01   2.0316142611597959e+90
   2.7734375000000000e-01   5.7419173122557643e+90   2.4226274687473515e-01   5.7419173122557643e+90
   2.8515625000000000e-01  -5.9740290636783056e+90   1.8825722577417159e-01   5.9740290636783056e+90
   2.9296875000000000e-01   2.5984845006865777e+90  -5.5775667012703312e-02   2.5984845006865777e+90
   3.0078125000000000e-01   2.3483830999036947e+90  -3.1836356439870611e-01   2.3483830999036947e+90
   3.0859375000000000e-01  -5.8871002344408592e+90  -3.5974596707266099e-01   5.8871002344408592e+90
   3.1640625000000000e-01   5.8870272827918777e+90  -7.8838367043133573e-02   5.8870272827918777e+90
   3.2421875000000000e-01  -2.3481684917918443e+90   3.5103302911281714e-01   2.3481684917918443e+90
   3.3203125000000000e-01  -2.5988281433510039e+90   5.7084670172079433e-01   2.5988281433510039e+90
   3.3984375000000000e-01   5.9744821521215169e+90   3.2554223646206837e-01   5.9744821521215169e+90
   3.4765625000000000e-01  -5.7424552177784413e+90  -2.7149336744101082e-01   5.7424552177784413e+90
   3.5546875000000000e-01   2.0322087793388233e+90  -7.5788574124907571e-01   2.0322087793388233e+90
   3.6328125000000000e-01   2.9475855223831034e+90  -6.7256231948051615e-01   2.9475855223831034e+90
   3.7109375000000000e-01  -6.2718791059976278e+90   2.1479085350884095e-02   6.2718791059976278e+90
   3.7890625000000000e-01   6.2718787805819820e+90   8.2209857275636189e-01   6.2718787805819820e+90
   3.8671875000000000e-01  -2.9475846942993822e+90   1.0447952010931016e+00   2.9475846942993822e+90
   3.9453125000000000e-01  -2.0322097611833829e+90   4.0513231540000921e-01   2.0322097611833829e+90
   4.0234375000000000e-01   5.7424558472982476e+90  -6.6831013178974896e-01   5.7424558472982476e+90
   4.1015625000000000e-01  -5.9744819012622145e+90  -1.3129968026666972e+00   5.9744819012622145e+90
   4.1796875000000000e-01   2.5988269994661419e+90  -9.3171111637329573e-01   2.5988269994661419e+90
   4.2578125000000000e-01   2.3481697432351861e+90   2.6040580042756606e-01   2.3481697432351861e+90
   4.3359375000000000e-01  -5.8870277819165026e+90   1.3407696195795282e+00   5.8870277819165026e+90
   4.4140625000000000e-01   5.8870997353198211e+90   1.4055913556655100e+00   5.8870997353198211e+90
   4.4921875000000000e-01  -2.3483818484630727e+90   3.3608634777061142e-01   2.3483818484630727e+90
   4.5703125000000000e-01  -2.5984856445713443e+90  -1.0543159844440326e+00   2.5984856445713443e+90
   4.6484375000000000e-01   5.9740293145382376e+90  -1.6530356184981922e+00   5.9740293145382376e+90
   4.7265625000000000e-01  -5.7419166827368399e+90  -9.5780395712359945e-01   5.7419166827368399e+90
   4.8046875000000000e-01   2.0316132793157624e+90   4.9655765397381929e-01   2.0316132793157624e+90
   4.8828125000000000e-01   2.9482077593311840e+90   1.5617493918471477e+00   2.9482077593311840e+90
   4.9609375000000000e-01  -6.2725013302398529e+90   1.4048832067776627e+00   6.2725013302398529e+90
   5.0390625000000000e-01   6.2725010048246757e+90   1.7361553061394172e-01   6.2725010048246757e+90
   5.1171875000000000e-01  -2.9482069312486298e+90  -1.1444412674648488e+00   2.9482069312486298e+90
   5.1953125000000000e-01  -2.0316142611597891e+90  -1.5327623643580457e+00   2.0316142611597891e+90
   5.2734375000000000e-01   5.7419173122557661e+90  -7.4639482460489925e-01   5.7419173122557661e+90
   5.3515625000000000e-01  -5.9740290636783183e+90   5.4088368081695948e-01   5.9740290636783183e+90
   5.4296875000000000e-01   2.5984845006865912e+90   1.3216468600033184e+00   2.5984845006865912e+90
   5.5078125000000000e-01   2.3483830999036974e+90   1.0571386736034629e+00   2.3483830999036974e+90
   5.5859375000000000e-01  -5.8871002344408646e+90   4.7426476096141437e-02   5.8871002344408646e+90
   5.6640625000000000e-01   5.8870272827918795e+90  -8.8088287467158322e-01   5.8870272827918795e+90
   5.7421875000000000e-01  -2.3481684917918461e+90  -1.0573089666404205e+00   2.3481684917918461e+90
   5.8203125000000000e-01  -2.5988281433509985e+90  -4.5177447279031491e-01   2.5988281433509985e+90
   5.8984375000000000e-01   5.9744821521215187e+90   3.8708825440666111e-01   5.9744821521215187e+90
   5.9765625000000000e-01  -5.7424552177784431e+90   8.2050766159683308e-01   5.7424552177784431e+90
   6.0546875000000000e-01   2.0322087793388251e+90   6.0399508865017759e-01   2.0322087793388251e+90
   6.1328125000000000e-01   2.9475855223831043e+90   3.0220068927412050e-03   2.9475855223831043e+90
   6.2109375000000000e-01  -6.2718791059976323e+90  -4.8749081529999411e-01   6.2718791059976323e+90
   6.2890625000000000e-01   6.2718787805819857e+90  -5.4342538805423979e-01   6.2718787805819857e+90
   6.3671875000000000e-01  -2.9475846942993890e+90  -2.1317748346378435e-01   2.9475846942993890e+90
   6.4453125000000000e-01  -2.0322097611833806e+90   1.9093801181569497e-01   2.0322097611833806e+90
   6.5234375000000000e-01   5.7424558472982711e+90   3.7123458389794373e-01   5.7424558472982711e+90
   6.6015625000000000e-01  -5.9744819012622226e+90   2.5466230674543483e-01   5.9744819012622226e+90
   6.6796875000000000e-01   2.5988269994661500e+90  -5.0005061777966446e-03   2.5988269994661500e+90
   6.7578125000000000e-01   2.3481697432351911e+90  -1.8995211626596478e-01   2.3481697432351911e+90
   6.8359375000000000e-01  -5.8870277819165261e+90  -1.9106770111260118e-01   5.8870277819165261e+90
   6.9140625000000000e-01   5.8870997353198284e+90  -6.1186430335372632e-02   5.8870997353198284e+90
   6.9921875000000000e-01  -2.3483818484630609e+90   6.4641804969507777e-02   2.3483818484630609e+90
   7.0703125000000000e-01  -2.5984856445713430e+90   9.3476514958910212e-02   2.5984856445713430e+90
   7.1484375000000000e-01   5.9740293145382421e+90   3.8353075681159324e-02   5.9740293145382421e+90
   7.2265625000000000e-01  -5.7419166827368698e+90  -1.8017911781198648e-02   5.7419166827368698e+90
   7.3046875000000000e-01   2.0316132793157630e+90  -1.3745899018109149e-02   2.0316132793157630e+90
   7.3828125000000000e-01   2.9482077593312012e+90   3.2827844054659640e-02   2.9482077593312012e+90
   7.4609375000000000e-01  -6.2725013302398411e+90   4.7189198655159255e-02   6.2725013302398411e+90
   8.7890625000000000e-01   6.2718787805819875e+90  -5.9236687191950554e-01   6.2718787805819875e+90
   8.8671875000000000e-01  -2.9475846942993849e+90   3.1930023077533487e-01   2.9475846942993849e+90
   8.9453125000000000e-01  -2.0322097611833795e+90   1.0971197700868678e+00   2.0322097611833795e+90
   9.0234375000000000e-01   5.7424558472982566e+90   1.0502947831874987e+00   5.7424558472982566e+90
   9.1015625000000000e-01  -5.9744819012622136e+90   1.1153973396700782e-01   5.9744819012622136e+90
   9.1796875000000000e-01   2.5988269994661455e+90  -1.0262248432816687e+00   2.5988269994661455e+90
   9.2578125000000000e-01   2.3481697432351911e+90  -1.4254915676321396e+00   2.3481697432351911e+90
   9.3359375000000000e-01  -5.8870277819165125e+90  -6.8607495553623343e-01   5.8870277819165125e+90
   9.4140625000000000e-01   5.8870997353198239e+90   6.6743329976098242e-01   5.8870997353198239e+90
   9.4921875000000000e-01  -2.3483818484630727e+90   1.5620559297406391e+00   2.3483818484630727e+90
   9.5703125000000000e-01  -2.5984856445713362e+90   1.2443205774709603e+00   2.5984856445713362e+90
   9.6484375000000000e-01   5.9740293145382349e+90  -7.6443414559770217e-02   5.9740293145382349e+90
   9.7265625000000000e-01  -5.7419166827368644e+90  -1.3667303612597077e+00   5.7419166827368644e+90
   9.8046875000000000e-01   2.0316132793157583e+90  -1.5977144028599777e+00   2.0316132793157583e+90
   9.8828125000000000e-01   2.9482077593311999e+90  -5.8363039399489691e-01   2.9482077593311999e+90
   9.9609375000000000e-01  -6.2725013302398574e+90   8.6803222041371819e-01   6.2725013302398574e+90
   7.5390625000000000e-01   6.2725010048246839e+90  -1.7377427646329217e-02   6.2725010048246839e+90
   7.6171875000000000e-01  -2.9482069312486127e+90  -1.1649236814863362e-01   2.9482069312486127e+90
   7.6953125000000000e-01  -2.0316142611597898e+90  -1.4066751232264352e-01   2.0316142611597898e+90
   7.7734375000000000e-01   5.7419173122557543e+90  -2.0895359371934329e-02   5.7419173122557543e+90
   7.8515625000000000e-01  -5.9740290636783165e+90   1.7856356547362545e-01   5.9740290636783165e+90
   7.9296875000000000e-01   2.5984845006865768e+90   2.8152428033738081e-01   2.5984845006865768e+90
   8.0078125000000000e-01   2.3483830999037065e+90   1.4617896369376654e-01   2.3483830999037065e+90
   8.0859375000000000e-01  -5.8871002344408592e+90  -1.7761815614639251e-01   5.8871002344408592e+90
   8.1640625000000000e-01   5.8870272827918741e+90  -4.3710808649963617e-01   5.8870272827918741e+90
   8.2421875000000000e-01  -2.3481684917918425e+90  -3.6482051194945858e-01   2.3481684917918425e+90
   8.3203125000000000e-01  -2.5988281433509931e+90   6.5375987662495430e-02   2.5988281433509931e+90
   8.3984375000000000e-01   5.9744821521215313e+90   5.4803694450497109e-01   5.9744821521215313e+90
   8.4765625000000000e-01  -5.7424552177784431e+90   6.5177790514988998e-01   5.7424552177784431e+90
   8.5546875000000000e-01   2.0322087793388285e+90   1.9418059888756797e-01   2.0322087793388285e+90
   8.6328125000000000e-01   2.9475855223830984e+90  -5.3311062419144883e-01   2.9475855223830984e+90
   8.7109375000000000e-01  -6.2718791059976332e+90  -9.3397532152901819e-01   6.2718791059976332e+90
