#                  Coord.                Numerical               Analytical                    Error
   3.9062500000000000e-03   2.0519472140701815e+21   2.1536912303271092e+00   2.0519472140701815e+21
   1.1718750000000000e-02   2.9614225516374393e+20   2.0880822157651853e+00   2.9614225516374393e+20
   1.9531250000000000e-02   6.2301564577419113e+20   2.0192885871242257e+00   6.2301564577419113e+20
   2.7343750000000000e-02   2.9843563481454750e+21   1.9477163932450363e+00   2.9843563481454750e+21
   3.5156250000000000e-02   2.8293175118390598e+21   1.8737847352929067e+00   2.8293175118390598e+21
   4.2968750000000000e-02   3.9696526120041356e+20   1.7979275398240664e+00   3.9696526120041356e+20
   5.0781250000000000e-02   7.1209602191111042e+20   1.7205949268458653e+00   7.1209602191111042e+20
   5.8593750000000000e-02   3.5724024421646792e+21   1.6422532282943756e+00   3.5724024421646792e+21
   6.6406250000000000e-02   3.6278695302357592e+21   1.5633826996403486e+00   3.6278695302357592e+21
   7.4218750000000000e-02   7.8750823578428323e+20   1.4844721130886573e+00   7.8750823578428323e+20
   8.2031250000000000e-02   3.1719560207809020e+20   1.4060097378015000e+00   3.1719560207809020e+20
   8.9843750000000000e-02   2.5325686286633549e+21   1.3284706878055370e+00   2.5325686286633549e+21
   9.7656250000000000e-02   2.6204385763754272e+21   1.2523012091010326e+00   2.6204385763754272e+21
   1.0546875000000000e-01   4.4415547875203927e+20   1.1779011130908823e+00   4.4415547875203927e+20
   1.1328125000000000e-01   4.3785960826542935e+20   1.1056061504031585e+00   4.3785960826542935e+20
   1.2109375000000000e-01   2.4158003753443975e+21   1.0356725529162811e+00   2.4158003753443975e+21
   1.2890625000000000e-01   2.4157993798733524e+21   9.6826615183525355e-01   2.4157993798733524e+21
   1.3671875000000000e-01   4.3785859458750061e+20   9.0345832713941077e-01   4.3785859458750061e+20
   1.4453125000000000e-01   4.4415378719721331e+20   8.4123051860375819e-01   4.4415378719721331e+20
   1.5234375000000000e-01   2.6204249590281824e+21   7.8148814349406159e-01   2.6204249590281824e+21
   1.6015625000000000e-01   2.5325489527269056e+21   7.2408359348979268e-01   2.5325489527269056e+21
   1.6796875000000000e-01   3.1718916156355831e+20   6.6884665447923952e-01   3.1718916156355831e+20
   1.7578125000000000e-01   7.8751430195626731e+20   6.1561938562593688e-01   7.8751430195626731e+20
   1.8359375000000000e-01   3.6278746347202302e+21   5.6429141229689150e-01   3.6278746347202302e+21
   1.9140625000000000e-01   3.5724055247592159e+21   5.1483093162812055e-01   3.5724055247592159e+21
   1.9921875000000000e-01   7.1209852765073808e+20   4.6730666414543420e-01   7.1209852765073808e+20
   2.0703125000000000e-01   3.9696307116434653e+20   4.2189660660217709e-01   3.9696307116434653e+20
   2.1484375000000000e-01   2.8293157899851457e+21   3.7888075354093431e-01   2.8293157899851457e+21
   2.2265625000000000e-01   2.9843626548816857e+21   3.3861685501480926e-01   2.9843626548816857e+21
   2.3046875000000000e-01   6.2302163320889095e+20   3.0150055798297959e-01   6.2302163320889095e+20
   2.3828125000000000e-01   2.9613777452651623e+20   2.6791364668147011e-01   2.9613777452651623e+20
   2.4609375000000000e-01   2.0519361896718690e+21   2.3816621102645055e-01   2.0519361896718690e+21
   2.5390625000000000e-01   2.0519353229277103e+21   2.1244008865325970e-01   2.0519353229277103e+21
   2.6171875000000000e-01   2.9613728415380334e+20   1.9074155463125897e-01   2.9613728415380334e+20
   2.6953125000000000e-01   6.2302458385502883e+20   1.7287078575743897e-01   6.2302458385502883e+20
   2.7734375000000000e-01   2.9843727192909425e+21   1.5841405970195260e-01   2.9843727192909425e+21
   2.8515625000000000e-01   2.8293269099876319e+21   1.4676208386243883e-01   2.8293269099876319e+21
   2.9296875000000000e-01   3.9696605684060271e+20   1.3715456693158060e-01   3.9696605684060271e+20
   3.0078125000000000e-01   7.1209664437224473e+20   1.2874756290684031e-01   7.1209664437224473e+20
   3.0859375000000000e-01   3.5724052182305939e+21   1.2069672764216582e-01   3.5724052182305939e+21
   3.1640625000000000e-01   3.6278728243983748e+21   1.1224693778606866e-01   3.6278728243983748e+21
   3.2421875000000000e-01   7.8751139070597058e+20   1.0281717073095531e-01   7.8751139070597058e+20
   3.3203125000000000e-01   3.1719176394133366e+20   9.2069433791374874e-02   3.1719176394133366e+20
   3.3984375000000000e-01   2.5325522262138285e+21   7.9951969923019894e-02   2.5325522262138285e+21
   3.4765625000000000e-01   2.6204200348308839e+21   6.6709842795437513e-02   2.6204200348308839e+21
   3.5546875000000000e-01   4.4414882896403825e+20   5.2859985339292384e-02   4.4414882896403825e+20
   3.6328125000000000e-01   4.3786378844746587e+20   3.9132373097366689e-02   4.3786378844746587e+20
   3.7109375000000000e-01   2.4158076195841009e+21   2.6383535545001821e-02   2.4158076195841009e+21
   3.7890625000000000e-01   2.4158058683662499e+21   1.5492500739687828e-02   2.4158058683662499e+21
   3.8671875000000000e-01   4.3786184981438412e+20   7.2519094850419389e-03   4.3786184981438412e+20
   3.9453125000000000e-01   4.4415047510421465e+20   2.2680235104721932e-03   4.4415047510421465e+20
   4.0234375000000000e-01   2.6204226107775438e+21   8.8250373619522780e-04   2.6204226107775438e+21
   4.1015625000000000e-01   2.5325530568619521e+21   3.1262256790086816e-03   2.5325530568619521e+21
   4.1796875000000000e-01   3.1719199853605945e+20   8.7113606143160022e-03   3.1719199853605945e+20
   4.2578125000000000e-01   7.8751189710078830e+20   1.7063025034123561e-02   7.8751189710078830e+20
   4.3359375000000000e-01   3.6278722805236142e+21   2.7386662571445633e-02   3.6278722805236142e+21
   4.4140625000000000e-01   3.5724025919631723e+21   3.8762682607190256e-02   3.5724025919631723e+21
   4.4921875000000000e-01   7.1209452530694672e+20   5.0256380026190046e-02   7.1209452530694672e+20
   4.5703125000000000e-01   3.9696803380689253e+20   6.1029279742054215e-02   3.9696803380689253e+20
   4.6484375000000000e-01   2.8293300207695655e+21   7.0438033780242576e-02   2.8293300207695655e+21
   4.7265625000000000e-01   2.9843711420784653e+21   7.8108827244936507e-02   2.9843711420784653e+21
   4.8046875000000000e-01   6.2302224935178233e+20   8.3978641189637299e-02   6.2302224935178233e+20
   4.8828125000000000e-01   2.9614071108244806e+20   8.8299178584660729e-02   2.9614071108244806e+20
   4.9609375000000000e-01   2.0519394577418328e+21   9.1604148554304543e-02   2.0519394577418328e+21
   5.0390625000000000e-01   2.0519354094239283e+21   9.4645244713768603e-02   2.0519354094239283e+21
   5.1171875000000000e-01   2.9613742470038290e+20   9.8305922623280195e-02   2.9613742470038290e+20
   5.1953125000000000e-01   6.2302296499084552e+20   1.0350450005275587e-01   6.2302296499084552e+20
   5.2734375000000000e-01   2.9843577576521445e+21   1.1109890074296287e-01   2.9843577576521445e+21
   5.3515625000000000e-01   2.8293066306362398e+21   1.2180450471276452e-01   2.8293066306362398e+21
   5.4296875000000000e-01   3.9695988215901297e+20   1.3613425530153306e-01   3.9695988215901297e+20
   5.5078125000000000e-01   7.1209952945709554e+20   1.5436679662791272e-01   7.1209952945709554e+20
   5.5859375000000000e-01   3.5724027670155493e+21   1.7654449253648652e-01   3.5724027670155493e+21
   5.6640625000000000e-01   3.6278702568443426e+21   2.0249927168493631e-01   3.6278702568443426e+21
   5.7421875000000000e-01   7.8751329619568899e+20   2.3190087720357808e-01   7.8751329619568899e+20
   5.8203125000000000e-01   3.1718978232764367e+20   2.6431968698212466e-01   3.1718978232764367e+20
   5.8984375000000000e-01   2.5325492146755139e+21   2.9929506409357720e-01   2.5325492146755139e+21
   5.9765625000000000e-01   2.6204256760324560e+21   3.3640026261668032e-01   2.6204256760324560e+21
   6.0546875000000000e-01   4.4415412911230091e+20   3.7529613801328460e-01   4.4415412911230091e+20
   6.1328125000000000e-01   4.3785707135407981e+20   4.1576802927352752e-01   4.3785707135407981e+20
   6.2109375000000000e-01   2.4157952374319402e+21   4.5774282874625194e-01   2.4157952374319402e+21
   6.2890625000000000e-01   2.4157944824499562e+21   5.0128603190227494e-01   2.4157944824499562e+21
   6.3671875000000000e-01   4.3785647500474529e+20   5.4658108153903495e-01   4.3785647500474529e+20
   6.4453125000000000e-01   4.4415722080903850e+20   5.9389528026879235e-01   4.4415722080903850e+20
   6.5234375000000000e-01   2.6204403351938552e+21   6.4353774186019508e-01   2.6204403351938552e+21
   6.6015625000000000e-01   2.5325674349274160e+21   6.9581521218336395e-01   2.5325674349274160e+21
   6.6796875000000000e-01   3.1719508653409416e+20   7.5099116266689903e-01   3.1719508653409416e+20
   6.7578125000000000e-01   7.8750904010309501e+20   8.0925249378230479e-01   7.8750904010309501e+20
   6.8359375000000000e-01   3.6278677884353947e+21   8.7068670242663604e-01   3.6278677884353947e+21
   6.9140625000000000e-01   3.5723991583168203e+21   9.3527071443647825e-01   3.5723991583168203e+21
   6.9921875000000000e-01   7.1209512512401388e+20   1.0028710022235174e+00   7.1209512512401388e+20
   7.0703125000000000e-01   3.9696420420768858e+20   1.0732532968429738e+00   3.9696420420768858e+20
   7.1484375000000000e-01   2.8293118384345228e+21   1.1460992990396717e+00   2.8293118384345228e+21
   7.2265625000000000e-01   2.9843499267073549e+21   1.2210273562528937e+00   2.9843499267073549e+21
   7.3046875000000000e-01   6.2301452712727242e+20   1.2976140912364005e+00   6.2301452712727242e+20
   7.3828125000000000e-01   2.9614435208117158e+20   1.3754143713187081e+00   2.9614435208117158e+20
   7.4609375000000000e-01   2.0519478744663683e+21   1.4539776823562645e+00   2.0519478744663683e+21
   8.7890625000000000e-01   2.4157881113439691e+21   2.5088228382100941e+00   2.4157881113439691e+21
   8.8671875000000000e-01   4.3785284446504878e+20   2.5325077045681201e+00   4.3785284446504878e+20
   8.9453125000000000e-01   4.4416057054661968e+20   2.5499488871486915e+00   4.4416057054661968e+20
   9.0234375000000000e-01   2.6204429807729791e+21   2.5610078987551548e+00   2.6204429807729791e+21
   9.1015625000000000e-01   2.5325640507979077e+21   2.5655994424018180e+00   2.5325640507979077e+21
   9.1796875000000000e-01   3.1719245464179612e+20   2.5636923451610905e+00   3.1719245464179612e+20
   9.2578125000000000e-01   7.8751129565397883e+20   2.5553093750666092e+00   7.8751129565397883e+20
   9.3359375000000000e-01   3.6278723705481252e+21   2.5405259877183601e+00   3.6278723705481252e+21
   9.4140625000000000e-01   3.5724053761087871e+21   2.5194680544995998e+00   3.5724053761087871e+21
   9.4921875000000000e-01   7.1209979245991087e+20   2.4923086412131923e+00   7.1209979245991087e+20
   9.5703125000000000e-01   3.9696009243398065e+20   2.4592639414656263e+00   3.9696009243398065e+20
   9.6484375000000000e-01   2.8293019303582761e+21   2.4205885245702659e+00   2.8293019303582761e+21
   9.7265625000000000e-01   2.9843440215550392e+21   2.3765701278813953e+00   2.9843440215550392e+21
   9.8046875000000000e-01   6.2301313358731516e+20   2.3275242968165748e+00   6.2301313358731516e+20
   9.8828125000000000e-01   2.9614296484815536e+20   2.2737892358853151e+00   2.9614296484815536e+20
   9.9609375000000000e-01   2.0519475947193298e+21   2.2157212620963187e+00   2.0519475947193298e+21
   7.5390625000000000e-01   2.0519483437560187e+21   1.5328597854244670e+00   2.0519483437560187e+21
   7.6171875000000000e-01   2.9614410516314122e+20   1.6116293565313873e+00   2.9614410516314122e+20
   7.6953125000000000e-01   6.2301186627843496e+20   1.6898700293794016e+00   6.2301186627843496e+20
   7.7734375000000000e-01   2.9843413369371634e+21   1.7671787997596706e+00   2.9843413369371634e+21
   7.8515625000000000e-01   2.8293018175286217e+21   1.8431620668903801e+00   2.8293018175286217e+21
   7.9296875000000000e-01   3.9696098633081533e+20   1.9174306783637418e+00   3.9696098633081533e+20
   8.0078125000000000e-01   7.1209837983758143e+20   1.9895952392475458e+00   7.1209837983758143e+20
   8.0859375000000000e-01   3.5724039726290572e+21   2.0592626922158117e+00   3.5724039726290572e+21
   8.1640625000000000e-01   3.6278722169183787e+21   2.1260348353215215e+00   3.6278722169183787e+21
   8.2421875000000000e-01   7.8751107170044084e+20   2.1895090787412448e+00   7.8751107170044084e+20
   8.3203125000000000e-01   3.1719462905132358e+20   2.2492814048039089e+00   3.1719462905132358e+20
   8.3984375000000000e-01   2.5325695650734901e+21   2.3049512258988845e+00   2.5325695650734901e+21
   8.4765625000000000e-01   2.6204460836320167e+21   2.3561276544043319e+00   2.6204460836320167e+21
   8.5546875000000000e-01   4.4416031052468034e+20   2.4024366125674810e+00   4.4416031052468034e+20
   8.6328125000000000e-01   4.3785407230820975e+20   2.4435282089750197e+00   4.3785407230820975e+20
   8.7109375000000000e-01   2.4157895344871362e+21   2.4790838723437796e+00   2.4157895344871362e+21
