#                  Coord.                Numerical               Analytical                    Error
   3.9062500000000000e-03   2.0270961260662625e+00   2.0229743183423294e+00   4.1218077239331130e-03
   1.1718750000000000e-02   2.0428288582076255e+00   2.0415300207296019e+00   1.2988374780236178e-03
   1.9531250000000000e-02   2.0491800387072412e+00   2.0474308875739573e+00   1.7491511332838883e-03
   2.7343750000000000e-02   2.0447217734428569e+00   2.0403944664757030e+00   4.3273069671538877e-03
   3.5156250000000000e-02   2.0226634364481515e+00   2.0203817707879606e+00   2.2816656601909457e-03
   4.2968750000000000e-02   1.9885927292020342e+00   1.9875886076049483e+00   1.0041215970859607e-03
   5.0781250000000000e-02   1.9461223112729102e+00   1.9424307204133078e+00   3.6915908596024671e-03
   5.8593750000000000e-02   1.8886723930037750e+00   1.8855254630639366e+00   3.1469299398383388e-03
   6.6406250000000000e-02   1.8183431732767745e+00   1.8176726001242256e+00   6.7057315254892558e-04
   7.4218750000000000e-02   1.7422248296415896e+00   1.7398363865152047e+00   2.3884431263849759e-03
   8.2031250000000000e-02   1.6565517232778342e+00   1.6531303546885645e+00   3.4213685892696688e-03
   8.9843750000000000e-02   1.5596144836633210e+00   1.5588052995335233e+00   8.0918412979769094e-04
   9.7656250000000000e-02   1.4591367155605546e+00   1.4582399008449181e+00   8.9681471563651805e-04
   1.0546875000000000e-01   1.3557820849296724e+00   1.3529323893337966e+00   2.8496955958758896e-03
   1.1328125000000000e-01   1.2456962803881384e+00   1.2444907914943331e+00   1.2054888938053399e-03
   1.2109375000000000e-01   1.1344181129799553e+00   1.1346187302852955e+00   2.0061730534015609e-04
   1.2890625000000000e-01   1.0266767502645950e+00   1.0250936436627711e+00   1.5831066018239248e-03
   1.3671875000000000e-01   9.1919394349970485e-01   9.1773470115196232e-01   1.4592423477425287e-03
   1.4453125000000000e-01   8.1382337831386287e-01   8.1435867735077672e-01   5.3529903691384995e-04
   1.5234375000000000e-01   7.1690115387480036e-01   7.1672352890912439e-01   1.7762496567597097e-04
   1.6015625000000000e-01   6.2770234198784502e-01   6.2646128161250658e-01   1.2410603753384430e-03
   1.6796875000000000e-01   5.4480454201816852e-01   5.4500385210615687e-01   1.9931008798834693e-04
   1.7578125000000000e-01   4.7279540413977622e-01   4.7350733174691612e-01   7.1192760713989500e-04
   1.8359375000000000e-01   4.1336949398422851e-01   4.1278175115405658e-01   5.8774283017193341e-04
   1.9140625000000000e-01   3.6359152825686930e-01   3.6323414459484166e-01   3.5738366202764382e-04
   1.9921875000000000e-01   3.2407449418885703e-01   3.2483262810844993e-01   7.5813391959289600e-04
   2.0703125000000000e-01   2.9697626369917446e-01   2.9709808396102677e-01   1.2182026185231232e-04
   2.1484375000000000e-01   2.7980765686542303e-01   2.7912793030103678e-01   6.7972656438625156e-04
   2.2265625000000000e-01   2.6949546607935726e-01   2.6965351756930495e-01   1.5805148994768592e-04
   2.3046875000000000e-01   2.6665753773869921e-01   2.6712923524066989e-01   4.7169750197068039e-04
   2.3828125000000000e-01   2.7048108349878874e-01   2.6984783817628316e-01   6.3324532250558230e-04
   2.4609375000000000e-01   2.7666587555463668e-01   2.7607326486303557e-01   5.9261069160110313e-04
   2.5390625000000000e-01   2.8384530971359828e-01   2.8417976030801545e-01   3.3445059441716829e-04
   2.6171875000000000e-01   2.9317666451724878e-01   2.9278479547878439e-01   3.9186903846438748e-04
   2.6953125000000000e-01   3.0196260197469410e-01   3.0086331881125422e-01   1.0992831634398792e-03
   2.7734375000000000e-01   3.0793076071907544e-01   3.0783233512510061e-01   9.8425593974826864e-05
   2.8515625000000000e-01   3.1377941271499737e-01   3.1359754745180723e-01   1.8186526319013963e-04
   2.9296875000000000e-01   3.1984570603407703e-01   3.1855750891540308e-01   1.2881971186739505e-03
   3.0078125000000000e-01   3.2413114575398499e-01   3.2356497362374781e-01   5.6617213023718582e-04
   3.0859375000000000e-01   3.2994333910668355e-01   3.2984939508689770e-01   9.3944019785852095e-05
   3.1640625000000000e-01   3.4021146005155006e-01   3.3890828622858737e-01   1.3031738229626888e-03
   3.2421875000000000e-01   3.5334101411608515e-01   3.5237798659748476e-01   9.6302751860039004e-04
   3.3203125000000000e-01   3.7198416340152135e-01   3.7189597159922261e-01   8.8191802298742683e-05
   3.3984375000000000e-01   4.0025233530283205e-01   3.9896704744144645e-01   1.2852878613855978e-03
   3.4765625000000000e-01   4.3620677818419029e-01   4.3484464897971109e-01   1.3621292044792011e-03
   3.5546875000000000e-01   4.8055961950732218e-01   4.8043620916268048e-01   1.2341034464169454e-04
   3.6328125000000000e-01   5.3747459168057499e-01   5.3623854158357565e-01   1.2360500969993415e-03
   3.7109375000000000e-01   6.0417935273025025e-01   6.0230578988552697e-01   1.8735628447232866e-03
   3.7890625000000000e-01   6.7852197029731021e-01   6.7824917990508138e-01   2.7279039222882773e-04
   3.8671875000000000e-01   7.6433540064221095e-01   7.6326494590636185e-01   1.0704547358491023e-03
   3.9453125000000000e-01   8.5865167109590013e-01   8.5618467909015572e-01   2.4669920057444061e-03
   4.0234375000000000e-01   9.5622907065647900e-01   9.5554112797368573e-01   6.8794268279326332e-04
   4.1015625000000000e-01   1.0603863081626290e+00   1.0596421949483432e+00   7.4411321428580202e-04
   4.1796875000000000e-01   1.1695872192261894e+00   1.1666464272442743e+00   2.9407919819151029e-03
   4.2578125000000000e-01   1.2761034443543782e+00   1.2746345040065503e+00   1.4689403478278518e-03
   4.3359375000000000e-01   1.3820715439998936e+00   1.3816728270334531e+00   3.9871696644055987e-04
   4.4140625000000000e-01   1.4888967913973314e+00   1.4858670672382783e+00   3.0297241590531154e-03
   4.4921875000000000e-01   1.5879192570740064e+00   1.5854051602527552e+00   2.5140968212511439e-03
   4.5703125000000000e-01   1.6788881431035165e+00   1.6785905913087023e+00   2.9755179481427696e-04
   4.6484375000000000e-01   1.7664730443797381e+00   1.7638677389682997e+00   2.6053054114383301e-03
   4.7265625000000000e-01   1.8433372826013015e+00   1.8398415098656260e+00   3.4957727356754731e-03
   4.8046875000000000e-01   1.9059449821621171e+00   1.9052935102444084e+00   6.5147191770864588e-04
   4.8828125000000000e-01   1.9609945377970814e+00   1.9591966355623631e+00   1.7979022347183182e-03
   4.9609375000000000e-01   2.0047519639224549e+00   2.0007293223874876e+00   4.0226415349673417e-03
   5.0390625000000000e-01   2.0307606840281727e+00   2.0292899175657775e+00   1.4707664623951899e-03
   5.1171875000000000e-01   2.0454789164176512e+00   2.0445107981296826e+00   9.6811828796861121e-04
   5.1953125000000000e-01   2.0501088722924510e+00   2.0462711275820000e+00   3.8377447104509521e-03
   5.2734375000000000e-01   2.0372023104851733e+00   2.0347065459595739e+00   2.4957645255994088e-03
   5.3515625000000000e-01   2.0107008023126971e+00   2.0102137255761541e+00   4.8707673654302397e-04
   5.4296875000000000e-01   1.9764267012350385e+00   1.9734476221490587e+00   2.9790790859798300e-03
   5.5078125000000000e-01   1.9286320040700531e+00   1.9253094318564636e+00   3.3225722135894475e-03
   5.5859375000000000e-01   1.8675281049173673e+00   1.8669237297438670e+00   6.0437517350031555e-04
   5.6640625000000000e-01   1.8013788286779124e+00   1.7996039945963216e+00   1.7748340815908481e-03
   5.7421875000000000e-01   1.7283754544282650e+00   1.7248066801171740e+00   3.5687743110910386e-03
   5.8203125000000000e-01   1.6453439138530650e+00   1.6440751092291677e+00   1.2688046238973349e-03
   5.8984375000000000e-01   1.5596964555246862e+00   1.5589756589247219e+00   7.2079659996426848e-04
   5.9765625000000000e-01   1.4740940803189706e+00   1.4710298554242425e+00   3.0642248947281292e-03
   6.0546875000000000e-01   1.3837633528432511e+00   1.3816469820658119e+00   2.1163707774392027e-03
   6.1328125000000000e-01   1.2923113652782816e+00   1.2920624751431098e+00   2.4889013517181979e-04
   6.2109375000000000e-01   1.2052769905548246e+00   1.2032876124754310e+00   1.9893780793935889e-03
   6.2890625000000000e-01   1.1187075299519051e+00   1.1160756789856383e+00   2.6318509662668355e-03
   6.3671875000000000e-01   1.0313802000508214e+00   1.0309088630503074e+00   4.7133700051404936e-04
   6.4453125000000000e-01   9.4883435280261164e-01   9.4800860417973720e-01   8.2574862287443374e-04
   6.5234375000000000e-01   8.6981755066426913e-01   8.6737006275019179e-01   2.4474879140773398e-03
   6.6015625000000000e-01   7.8986412991241517e-01   7.8881898534376904e-01   1.0451445686461280e-03
   6.6796875000000000e-01   7.1215736357606463e-01   7.1208673750986295e-01   7.0626066201673332e-05
   6.7578125000000000e-01   6.3852953956788583e-01   6.3689696313082178e-01   1.6325764370640483e-03
   6.8359375000000000e-01   5.6449024219010635e-01   5.6305551650936292e-01   1.4347256807434317e-03
   6.9140625000000000e-01   4.9043565653689708e-01   4.9053428434052904e-01   9.8627803631956557e-05
   6.9921875000000000e-01   4.2018742472100334e-01   4.1953948369451999e-01   6.4794102648335627e-04
   7.0703125000000000e-01   3.5186158970484011e-01   3.5055609234076834e-01   1.3054973640717615e-03
   7.1484375000000000e-01   2.8444217264859661e-01   2.8436220463050532e-01   7.9968018091292059e-05
   7.2265625000000000e-01   2.2199627688985910e-01   2.2201012711948415e-01   1.3850229625050892e-05
   7.3046875000000000e-01   1.6554983814862506e-01   1.6477461614466402e-01   7.7522200396104579e-04
   7.3828125000000000e-01   1.1429307007742048e-01   1.1407239617173792e-01   2.2067390568256129e-04
   7.4609375000000000e-01   7.1190168862970332e-02   7.1360516902861909e-02   1.7034803989157687e-04
   8.7890625000000000e-01   8.0780445887839281e-01   8.0617906424098562e-01   1.6253946374071848e-03
   8.8671875000000000e-01   8.9409304229876763e-01   8.9407682425762802e-01   1.6218041139604011e-05
   8.9453125000000000e-01   9.8455911437233645e-01   9.8295859288696630e-01   1.6005214853701544e-03
   9.0234375000000000e-01   1.0751890014203114e+00   1.0727105478618202e+00   2.4784535584911893e-03
   9.1015625000000000e-01   1.1634869623152242e+00   1.1631514022059859e+00   3.3556010923829760e-04
   9.1796875000000000e-01   1.2551881100986355e+00   1.2539719174365636e+00   1.2161926620719576e-03
   9.2578125000000000e-01   1.3478464578849991e+00   1.3446902066157547e+00   3.1562512692444589e-03
   9.3359375000000000e-01   1.4356687886999957e+00   1.4346266406938901e+00   1.0421480061055810e-03
   9.4140625000000000e-01   1.5236511647119440e+00   1.5228998820024064e+00   7.5128270953750409e-04
   9.4921875000000000e-01   1.6119068639748710e+00   1.6084433647569005e+00   3.4634992179705115e-03
   9.5703125000000000e-01   1.6921281579797196e+00   1.6900396481599129e+00   2.0885098198066832e-03
   9.6484375000000000e-01   1.7668349822119871e+00   1.7663686418054971e+00   4.6634040648996233e-04
   9.7265625000000000e-01   1.8393364846422555e+00   1.8360648304610503e+00   3.2716541812052302e-03
   9.8046875000000000e-01   1.9010236839444823e+00   1.8977783195112945e+00   3.2453644331877918e-03
   9.8828125000000000e-01   1.9508522281088576e+00   1.9502347373940379e+00   6.1749071481975726e-04
   9.9609375000000000e-01   1.9949087727889623e+00   1.9922896770588763e+00   2.6190957300860074e-03
   7.5390625000000000e-01   3.8294572448729337e-02   3.8023758295552934e-02   2.7081415317640328e-04
   7.6171875000000000e-01   1.5399148969286540e-02   1.5262806949822570e-02   1.3634201946396973e-04
   7.6953125000000000e-01   3.9975854763662473e-03   3.9950738920789628e-03   2.5115842872845337e-06
   7.7734375000000000e-01   4.9335572798347334e-03   4.7787488403303290e-03   1.5480843950440443e-04
   7.8515625000000000e-01   1.7713972260758559e-02   1.7768125398044635e-02   5.4153137286076097e-05
   7.9296875000000000e-01   4.2906882710507008e-02   4.2704696276631038e-02   2.0218643387596991e-04
   8.0078125000000000e-01   7.9423350703752185e-02   7.8944451812403255e-02   4.7889889134893060e-04
   8.0859375000000000e-01   1.2542265171512554e-01   1.2551773429931798e-01   9.5082584192440756e-05
   8.1640625000000000e-01   1.8145773207335050e-01   1.8121441930216053e-01   2.4331277118996852e-04
   8.2421875000000000e-01   2.4571158027024120e-01   2.4468455379213688e-01   1.0270264781043204e-03
   8.3203125000000000e-01   3.1472995389074498e-01   3.1454318666039427e-01   1.8676723035071507e-04
   8.3984375000000000e-01   3.8959667116044139e-01   3.8946811382260754e-01   1.2855733783384560e-04
   8.4765625000000000e-01   4.6978946176282177e-01   4.6828057591152139e-01   1.5088858513003789e-03
   8.5546875000000000e-01   5.5080201863336709e-01   5.5000136879911299e-01   8.0064983425409686e-04
   8.6328125000000000e-01   6.3387059856406902e-01   6.3387800118757187e-01   7.4026235028501475e-06
   8.7109375000000000e-01   7.2110259437018820e-01   7.1938202847060517e-01   1.7205658995830264e-03
