#                  Coord.                Numerical               Analytical                    Error
   3.9062500000000000e-03   1.2346294870000556e+00   1.2344544260011132e+00   1.7506099894237792e-04
   1.1718750000000000e-02   1.1106854347387585e+00   1.1105865244077049e+00   9.8910331053581046e-05
   1.9531250000000000e-02   1.0823170661630058e-01   1.0828378879336113e-01   5.2082177060555623e-05
   2.7343750000000000e-02  -9.8465623479430464e-01  -9.8451094561242847e-01   1.4528918187617368e-04
   3.5156250000000000e-02  -1.3108685174176027e+00  -1.3107565995504795e+00   1.1191786712316798e-04
   4.2968750000000000e-02  -6.1791059065239529e-01  -6.1791889122519927e-01   8.3005728039875493e-06
   5.0781250000000000e-02   5.5085867594646032e-01   5.5075295336434937e-01   1.0572258211094532e-04
   5.8593750000000000e-02   1.2895503785169378e+00   1.2894447295712177e+00   1.0564894572007155e-04
   6.6406250000000000e-02   1.0365975624641321e+00   1.0365767283263199e+00   2.0834137812286713e-05
   7.4218750000000000e-02  -5.5488424690225413e-04  -4.8911488295652020e-04   6.5769363945733929e-05
   8.2031250000000000e-02  -1.0225381260761708e+00  -1.0224529246442660e+00   8.5201431904824432e-05
   8.9843750000000000e-02  -1.2607420262634017e+00  -1.2607086683901050e+00   3.3357873296724350e-05
   9.7656250000000000e-02  -5.5484115936139400e-01  -5.5487309040165156e-01   3.1931040257560106e-05
   1.0546875000000000e-01   5.4822073601563437e-01   5.4816429032201974e-01   5.6445693614626258e-05
   1.1328125000000000e-01   1.2249332846451615e+00   1.2249024612389301e+00   3.0823406231395012e-05
   1.2109375000000000e-01   9.9042134808323701e-01   9.9042952838998943e-01   8.1803067524255368e-06
   1.2890625000000000e-01   3.8647600291085327e-02   3.8673332115710064e-02   2.5731824624737609e-05
   1.3671875000000000e-01  -9.2331262107467504e-01  -9.2329530080568967e-01   1.7320268985376863e-05
   1.4453125000000000e-01  -1.2011740189994966e+00  -1.2011723874284492e+00   1.6315710473779887e-06
   1.5234375000000000e-01  -6.0862556388279232e-01  -6.0862637004668330e-01   8.0616389097620811e-07
   1.6015625000000000e-01   4.1462207455299183e-01   4.1462701173056110e-01   4.9371775692752529e-06
   1.6796875000000000e-01   1.1293163756998128e+00   1.1293191058433618e+00   2.7301435490123538e-06
   1.7578125000000000e-01   1.0263350800371014e+00   1.0263208064820126e+00   1.4273555088761825e-05
   1.8359375000000000e-01   1.8580790896576507e-01   1.8577950922151207e-01   2.8399744253004844e-05
   1.9140625000000000e-01  -7.8392872477936149e-01  -7.8394827384200716e-01   1.9549062645674020e-05
   1.9921875000000000e-01  -1.1836889273864557e+00  -1.1836757482715359e+00   1.3179114919825707e-05
   2.0703125000000000e-01  -7.2750214594810569e-01  -7.2745967618000074e-01   4.2469768104957950e-05
   2.1484375000000000e-01   2.4940337256260958e-01   2.4944413345698646e-01   4.0760894376878909e-05
   2.2265625000000000e-01   1.0348109168477011e+00   1.0348141404188329e+00   3.2235711318051585e-06
   2.3046875000000000e-01   1.0622787671702683e+00   1.0622372346294897e+00   4.1532540778543847e-05
   2.3828125000000000e-01   3.2637882066514290e-01   3.2632036871281850e-01   5.8451952324400924e-05
   2.4609375000000000e-01  -6.2156677510929115e-01  -6.2159681048027615e-01   3.0035370985004306e-05
   2.5390625000000000e-01  -1.0924835970406843e+00  -1.0924606360433580e+00   2.2960997326348931e-05
   2.6171875000000000e-01  -7.7048689115718494e-01  -7.7042298364830120e-01   6.3907508883742636e-05
   2.6953125000000000e-01   7.3233201482017021e-02   7.3293053405272215e-02   5.9851923255194173e-05
   2.7734375000000000e-01   8.1236834747400677e-01   8.1237882489457491e-01   1.0477420568144602e-05
   2.8515625000000000e-01   9.4260299801042335e-01   9.4255047189866170e-01   5.2526111761652672e-05
   2.9296875000000000e-01   4.2889486302506896e-01   4.2881271437291785e-01   8.2148652151114998e-05
   3.0078125000000000e-01  -3.2063110929776517e-01  -3.2068198897421613e-01   5.0879676450954481e-05
   3.0859375000000000e-01  -7.8981958260683949e-01  -7.8979390960580709e-01   2.5673001032400222e-05
   3.1640625000000000e-01  -7.1377729575508608e-01  -7.1368578643101566e-01   9.1509324070426779e-05
   3.2421875000000000e-01  -2.0777044133521347e-01  -2.0767951684195257e-01   9.0924493260896577e-05
   3.3203125000000000e-01   3.7292437552979862e-01   3.7293913963849568e-01   1.4764108697051803e-05
   3.3984375000000000e-01   6.8594880436475991e-01   6.8586608481505507e-01   8.2719549704846074e-05
   3.4765625000000000e-01   5.8377699854245912e-01   5.8365574106766938e-01   1.2125747478974880e-04
   3.5546875000000000e-01   1.5105649236547175e-01   1.5099610013753326e-01   6.0392227938493859e-05
   3.6328125000000000e-01  -3.6579142295747702e-01  -3.6573357071013279e-01   5.7852247344225560e-05
   3.7109375000000000e-01  -6.7721314868366689e-01  -6.7707686344268914e-01   1.3628524097775152e-04
   3.7890625000000000e-01  -5.8711076137470941e-01  -5.8700773839798637e-01   1.0302297672304395e-04
   3.8671875000000000e-01  -1.1502300074712496e-01  -1.1504374007455803e-01   2.0739327433072496e-05
   3.9453125000000000e-01   4.7040714443314657e-01   4.7027340146179075e-01   1.3374297135582136e-04
   4.0234375000000000e-01   7.8029129750619197e-01   7.8015488565260005e-01   1.3641185359192232e-04
   4.1015625000000000e-01   5.6541216370585956e-01   5.6539087661659881e-01   2.1287089260746406e-05
   4.1796875000000000e-01  -6.7116965694627551e-02  -6.7000822903711565e-02   1.1614279091598512e-04
   4.2578125000000000e-01  -6.8119699116824539e-01  -6.8104055617833004e-01   1.5643498991535498e-04
   4.3359375000000000e-01  -8.1583706202590844e-01  -8.1577583385843999e-01   6.1228167468452277e-05
   4.4140625000000000e-01  -3.5194351367783622e-01  -3.5203287719326626e-01   8.9363515430040952e-05
   4.4921875000000000e-01   3.6745529177005093e-01   3.6729094662146888e-01   1.6434514858204574e-04
   4.5703125000000000e-01   7.9346964629703109e-01   7.9337331382386844e-01   9.6332473162652477e-05
   4.6484375000000000e-01   6.1121324080842321e-01   6.1127040281716727e-01   5.7162008744060522e-05
   4.7265625000000000e-01  -6.5813264579233713e-03  -6.4189826845763255e-03   1.6234377334704581e-04
   4.8046875000000000e-01  -5.5426305224022199e-01  -5.5413810691358933e-01   1.2494532663265279e-04
   4.8828125000000000e-01  -6.2258832628400018e-01  -6.2261196537862784e-01   2.3639094627658785e-05
   4.9609375000000000e-01  -2.2592007044537357e-01  -2.2607339788313954e-01   1.5332743776597102e-04
   5.0390625000000000e-01   2.5234718896532926e-01   2.5220085909287127e-01   1.4632987245799534e-04
   5.1171875000000000e-01   4.2560198842597463e-01   4.2559277245645288e-01   9.2159695217475246e-06
   5.1953125000000000e-01   2.3343982040533984e-01   2.3357960083211746e-01   1.3978042677761926e-04
   5.2734375000000000e-01  -5.9317064643464340e-02  -5.9151809601676250e-02   1.6525504178808992e-04
   5.3515625000000000e-01  -1.6211524616306783e-01  -1.6207338509985730e-01   4.1861063210524296e-05
   5.4296875000000000e-01  -4.3902842472587189e-02  -4.4026496149019767e-02   1.2365367643257796e-04
   5.5078125000000000e-01   7.5114524315908371e-02   7.4932969695014173e-02   1.8155462089419760e-04
   5.5859375000000000e-01  -2.6392720067058735e-03  -2.7146109265105789e-03   7.5338919804705373e-05
   5.6640625000000000e-01  -2.1177439924721458e-01  -2.1166988215354274e-01   1.0451709367184647e-04
   5.7421875000000000e-01  -2.7957253056475850e-01  -2.7937660756998628e-01   1.9592299477222408e-04
   5.8203125000000000e-01  -3.0673508471632749e-02  -3.0561903468836572e-02   1.1160500279617722e-04
   5.8984375000000000e-01   3.7668368427300636e-01   3.7660486691218559e-01   7.8817360820770954e-05
   5.9765625000000000e-01   5.5196825070455446e-01   5.5176253725112723e-01   2.0571345342723646e-04
   6.0546875000000000e-01   2.4681664323111707e-01   2.4666652196927566e-01   1.5012126184141272e-04
   6.1328125000000000e-01  -3.5554946646896024e-01  -3.5550504122103305e-01   4.4425247927193379e-05
   6.2109375000000000e-01  -7.4617911907290846e-01  -7.4597257491357083e-01   2.0654415933762937e-04
   6.2890625000000000e-01  -5.3549845912562832e-01  -5.3531309175137221e-01   1.8536737425611793e-04
   6.3671875000000000e-01   1.6101291587993982e-01   1.6100909443584940e-01   3.8214440904182911e-06
   6.4453125000000000e-01   7.7496675202438237e-01   7.7477037061881937e-01   1.9638140556299533e-04
   6.5234375000000000e-01   7.6490358262611458e-01   7.6468653641008799e-01   2.1704621602658403e-04
   6.6015625000000000e-01   1.0783424266965058e-01   1.0779120023498727e-01   4.3042434663312368e-05
   6.6796875000000000e-01  -6.5128705422560929e-01  -6.5111279521497500e-01   1.7425901063428118e-04
   6.7578125000000000e-01  -8.6093054183455331e-01  -8.6069059572155338e-01   2.3994611299993363e-04
   6.8359375000000000e-01  -3.3747369708338409e-01  -3.3738135762268739e-01   9.2339460696699849e-05
   6.9140625000000000e-01   4.6304692002326209e-01   4.6290650342285006e-01   1.4041660041202997e-04
   6.9921875000000000e-01   8.4110047412152977e-01   8.4084904134067484e-01   2.5143278085493215e-04
   7.0703125000000000e-01   4.7253503407071984e-01   4.7239455216960097e-01   1.4048190111887182e-04
   7.1484375000000000e-01  -3.0257464428347414e-01  -3.0247800710431483e-01   9.6637179159309028e-05
   7.2265625000000000e-01  -7.8406362204490732e-01  -7.8381235681179529e-01   2.5126523311203020e-04
   7.3046875000000000e-01  -5.4030180153918295e-01  -5.4011595993681338e-01   1.8584160236956304e-04
   7.3828125000000000e-01   2.0215061137518606e-01   2.0210690762630468e-01   4.3703748881379623e-05
   7.4609375000000000e-01   7.6085613190993451e-01   7.6061875958346037e-01   2.3737232647413897e-04
   8.7890625000000000e-01  -1.1161641638509054e+00  -1.1159140611846821e+00   2.5010266622338406e-04
   8.8671875000000000e-01  -2.5878763991552717e-01  -2.5871392064184995e-01   7.3719273677219643e-05
   8.9453125000000000e-01   8.2025588776114655e-01   8.2009309114985940e-01   1.6279661128715261e-04
   9.0234375000000000e-01   1.2320629460472772e+00   1.2318087850109563e+00   2.5416103632092124e-04
   9.1015625000000000e-01   6.3385381826974141e-01   6.3372589125676837e-01   1.2792701297303921e-04
   9.1796875000000000e-01  -4.8739839510463701e-01  -4.8729544570993372e-01   1.0294939470328890e-04
   9.2578125000000000e-01  -1.2144576659967743e+00  -1.2142202569553355e+00   2.3740904143876307e-04
   9.3359375000000000e-01  -9.5109150896202399e-01  -9.5092434948381332e-01   1.6715947821066557e-04
   9.4140625000000000e-01   9.1298493673679898e-02   9.1257880829912999e-02   4.0612843766898998e-05
   9.4921875000000000e-01   1.0664752356342995e+00   1.0662720356213209e+00   2.0320001297857715e-04
   9.5703125000000000e-01   1.1810516534635682e+00   1.1808636707541669e+00   1.8798270940134643e-04
   9.6484375000000000e-01   3.3712304790410752e-01   3.3710647098220453e-01   1.6576921902988762e-05
   9.7265625000000000e-01  -7.8859847930071303e-01  -7.8844108108085431e-01   1.5739821985871760e-04
   9.8046875000000000e-01  -1.2898064210757985e+00  -1.2896159573490147e+00   1.9046372678377388e-04
   9.8828125000000000e-01  -7.5890007067122300e-01  -7.5883578102841842e-01   6.4289642804582492e-05
   9.9609375000000000e-01   3.8592846920196178e-01   3.8582378138608758e-01   1.0468781587419373e-04
   7.5390625000000000e-01   6.1424132074463567e-01   6.1401810903968845e-01   2.2321170494721265e-04
   7.6171875000000000e-01  -1.2009120610529270e-01  -1.2010520120131571e-01   1.3995096023011744e-05
   7.6953125000000000e-01  -7.7965565148838789e-01  -7.7944583221873942e-01   2.0981926964847020e-04
   7.7734375000000000e-01  -7.4782062528493665e-01  -7.4756904574612182e-01   2.5157953881482786e-04
   7.8515625000000000e-01  -1.7132249672065947e-02  -1.7058172671145767e-02   7.4077000920179381e-05
   7.9296875000000000e-01   7.8263363361433869e-01   7.8246387888627567e-01   1.6975472806302072e-04
   8.0078125000000000e-01   9.2924303230594196e-01   9.2897589412354353e-01   2.6713818239842979e-04
   8.0859375000000000e-01   2.5255953609904935e-01   2.5242654467055886e-01   1.3299142849049206e-04
   8.1640625000000000e-01  -6.9225869959006958e-01  -6.9214131698462500e-01   1.1738260544458257e-04
   8.2421875000000000e-01  -1.0881588850930277e+00  -1.0878925566339592e+00   2.6632845906848779e-04
   8.3203125000000000e-01  -5.6386173929278671e-01  -5.6367698282469547e-01   1.8475646809124058e-04
   8.3984375000000000e-01   4.6786673011519708e-01   4.6780968078312396e-01   5.7049332073122461e-05
   8.4765625000000000e-01   1.1434508246354362e+00   1.1432016229786011e+00   2.4920165683517403e-04
   8.5546875000000000e-01   8.7788476723792264e-01   8.7765890492968168e-01   2.2586230824095388e-04
   8.6328125000000000e-01  -1.3007825442729948e-01  -1.3008688095773605e-01   8.6265304365673590e-06
   8.7109375000000000e-01  -1.0515130254627494e+00  -1.0512989698395754e+00   2.1405562317400317e-04
