#                  Coord.                Numerical               Analytical                    Error
   3.9062500000000000e-03   1.3086320861279204e+00   1.3068959199518519e+00   1.7361661760684211e-03
   1.1718750000000000e-02   1.1208325784079729e+00   1.1202220554150912e+00   6.1052299288166800e-04
   1.9531250000000000e-02   9.5248615993995855e-01   9.5191211433027312e-01   5.7404560968543628e-04
   2.7343750000000000e-02   8.0316862115400933e-01   8.0189814087793698e-01   1.2704802760723499e-03
   3.5156250000000000e-02   6.7024026227699629e-01   6.6968593428387413e-01   5.5432799312216119e-04
   4.2968750000000000e-02   5.5466119476336340e-01   5.5443771632050187e-01   2.2347844286152441e-04
   5.0781250000000000e-02   4.5588142073081095e-01   4.5505508595342470e-01   8.2633477738625061e-04
   5.8593750000000000e-02   3.7074163636559559e-01   3.7025829521092485e-01   4.8334115467074668e-04
   6.6406250000000000e-02   2.9871237191720051e-01   2.9865874757447325e-01   5.3624342727265351e-05
   7.4218750000000000e-02   2.3929346509207919e-01   2.3882253272318354e-01   4.7093236889564349e-04
   8.2031250000000000e-02   1.8971229813192206e-01   1.8932369751685713e-01   3.8860061506493238e-04
   8.9843750000000000e-02   1.4878218081103933e-01   1.4878675549409912e-01   4.5746830597825916e-06
   9.7656250000000000e-02   1.1614603328739156e-01   1.1591861598642234e-01   2.2741730096922930e-04
   1.0546875000000000e-01   8.9815587909943290e-02   8.9530646293661267e-02   2.8494161628202230e-04
   1.1328125000000000e-01   6.8542682315536577e-02   6.8551959253737776e-02   9.2769382011997914e-06
   1.2109375000000000e-01   5.2119315053979189e-02   5.2035250074562577e-02   8.4064979416612062e-05
   1.2890625000000000e-01   3.9345515229977424e-02   3.9156606500180373e-02   1.8890872979705070e-04
   1.3671875000000000e-01   2.9212597733411911e-02   2.9210707737148345e-02   1.8899962635661460e-06
   1.4453125000000000e-01   2.1617460988542548e-02   2.1602735651956424e-02   1.4725336586123711e-05
   1.5234375000000000e-01   1.5951504895023217e-02   1.5838172436165886e-02   1.1333245885733131e-04
   1.6015625000000000e-01   1.1521759521861590e-02   1.1511476235054868e-02   1.0283286806722289e-05
   1.6796875000000000e-01   8.2835350371836414e-03   8.2944306862848625e-03   1.0895649101221039e-05
   1.7578125000000000e-01   5.9862986466410516e-03   5.9247722664023559e-03   6.1526380238695680e-05
   1.8359375000000000e-01   4.2080497482983098e-03   4.1955226341816977e-03   1.2527114116612018e-05
   1.9140625000000000e-01   2.9299527891188406e-03   2.9452993644368502e-03   1.5346575318009661e-05
   1.9921875000000000e-01   2.0801084677766735e-03   2.0497514290765857e-03   3.0357038700087793e-05
   2.0703125000000000e-01   1.4249523499154811e-03   1.4141663239120926e-03   1.0786026003388504e-05
   2.1484375000000000e-01   9.5509473530204286e-04   9.6722245055960482e-04   1.2127715257561960e-05
   2.2265625000000000e-01   6.6950315861876504e-04   6.5581034218401739e-04   1.3692816434747652e-05
   2.3046875000000000e-01   4.4847327529724606e-04   4.4081585660959527e-04   7.6574186876507909e-06
   2.3828125000000000e-01   2.8594895912655585e-04   2.9374354829762758e-04   7.7945891710717256e-06
   2.4609375000000000e-01   1.9968309574295060e-04   1.9405518745629571e-04   5.6279082866548917e-06
   2.5390625000000000e-01   1.3192285709047675e-04   1.2710331873163903e-04   4.8195383588377162e-06
   2.6171875000000000e-01   7.8164699578477415e-05   8.2549878790110545e-05   4.3851792116331292e-06
   2.6953125000000000e-01   5.5297961659252199e-05   5.3172849584073447e-05   2.1251120751787520e-06
   2.7734375000000000e-01   3.6779018673525469e-05   3.3977929995419023e-05   2.8010886781064457e-06
   2.8515625000000000e-01   1.9295437416115973e-05   2.1546012299386197e-05   2.2505748832702236e-06
   2.9296875000000000e-01   1.4280096997706388e-05   1.3560053283948350e-05   7.2004371375803811e-07
   3.0078125000000000e-01   1.0010957441219684e-05   8.4662938022851773e-06   1.5446636389345071e-06
   3.0859375000000000e-01   4.1855819062856191e-06   5.2345325212148501e-06   1.0489506149292310e-06
   3.1640625000000000e-01   3.3969767518043547e-06   3.1903065083533212e-06   2.0667024345103342e-07
   3.2421875000000000e-01   2.7295433252327221e-06   1.8984895307679551e-06   8.3105379446476705e-07
   3.3203125000000000e-01   6.8988485061502475e-07   1.0831560443486448e-06   3.9327119373362001e-07
   3.3984375000000000e-01   6.1427110878051852e-07   5.7275754955429889e-07   4.1513559226219629e-08
   3.4765625000000000e-01   6.4388409573889214e-07   2.6289303612228789e-07   3.8099105961660425e-07
   3.5546875000000000e-01   4.2219138724040163e-08   9.1386164631646400e-08   4.9167025907606236e-08
   3.6328125000000000e-01   1.2980573801954996e-07   2.2153962963266275e-08   1.0765177505628369e-07
   3.7109375000000000e-01   9.2869791010482370e-08   3.5602231409280795e-08   5.7267559601201575e-08
   3.7890625000000000e-01   8.2468416573450233e-08   1.2414619588345219e-07   4.1677779310001952e-08
   3.8671875000000000e-01   6.7043693363881796e-07   2.9206614838265190e-07   3.7837078525616606e-07
   3.9453125000000000e-01   6.3717749903584953e-07   5.5940110153624212e-07   7.7776397499607407e-08
   4.0234375000000000e-01   5.0111656895964568e-07   9.7008794324347351e-07   4.6897137428382783e-07
   4.1015625000000000e-01   1.9999216496261583e-06   1.6051884702316955e-06   3.9473317939446280e-07
   4.1796875000000000e-01   3.4538193373713643e-06   2.6029190021576953e-06   8.5090033521366896e-07
   4.2578125000000000e-01   3.4441460409259120e-06   4.1884039819160944e-06   7.4425794099018248e-07
   4.3359375000000000e-01   5.9535614958081421e-06   6.7177105820025391e-06   7.6414908619439702e-07
   4.4140625000000000e-01   1.2564238439480807e-05   1.0742889571569686e-05   1.8213488679111205e-06
   4.4921875000000000e-01   1.7867260990682682e-05   1.7107573836908140e-05   7.5968715377454216e-07
   4.5703125000000000e-01   2.4195178532244701e-05   2.7086326262956604e-05   2.8911477307119035e-06
   4.6484375000000000e-01   4.3026783451376241e-05   4.2585571755187235e-05   4.4121169618900543e-07
   4.7265625000000000e-01   7.1145741544545804e-05   6.6429805118678795e-05   4.7159364258670089e-06
   4.8046875000000000e-01   1.0030555901212097e-04   1.0276404789478584e-04   2.4584888826648696e-06
   4.8828125000000000e-01   1.5191160518721259e-04   1.5761240481865926e-04   5.7007996314466724e-06
   4.9609375000000000e-01   2.4655620351933614e-04   2.3964312463572562e-04   6.9130788836105198e-06
   5.0390625000000000e-01   3.6694196988929705e-04   3.6120272438761297e-04   5.7392455016840797e-06
   5.1171875000000000e-01   5.2687793811461814e-04   5.3969518153510170e-04   1.2817243420483568e-05
   5.1953125000000000e-01   7.9736936542532685e-04   7.9939630451013105e-04   2.0269390848041925e-06
   5.2734375000000000e-01   1.1935869959795063e-03   1.1738071253351574e-03   1.9779870644348867e-05
   5.3515625000000000e-01   1.7010797046958276e-03   1.7086619894190857e-03   7.5822847232581096e-06
   5.4296875000000000e-01   2.4393298362193729e-03   2.4657148660484590e-03   2.6385029829086113e-05
   5.5078125000000000e-01   3.5485353824144419e-03   3.5274285927279362e-03   2.1106789686505759e-05
   5.5859375000000000e-01   5.0241065624826130e-03   5.0026830540264525e-03   2.1423508456160437e-05
   5.6640625000000000e-01   6.9842962774663165e-03   7.0335959715525486e-03   4.9299694086232110e-05
   5.7421875000000000e-01   9.7854449611205815e-03   9.8035100679979333e-03   1.8065106877351855e-05
   5.8203125000000000e-01   1.3603831870047127e-02   1.3546138960382445e-02   5.7692909664681935e-05
   5.8984375000000000e-01   1.8522571018655232e-02   1.8555777859990647e-02   3.3206841335415432e-05
   5.9765625000000000e-01   2.5097324179173063e-02   2.5198371773939868e-02   1.0104759476680519e-04
   6.0546875000000000e-01   3.3965934989694482e-02   3.3923093042988690e-02   4.2841946705791945e-05
   6.1328125000000000e-01   4.5315346826517708e-02   4.5273913952666417e-02   4.1432873851290908e-05
   6.2109375000000000e-01   5.9728809822518290e-02   5.9900474479370823e-02   1.7166465685253263e-04
   6.2890625000000000e-01   7.8482928745028865e-02   7.8567349661831237e-02   8.4420916802371848e-05
   6.3671875000000000e-01   1.0228045407843822e-01   1.0216062973424456e-01   1.1982434419366417e-04
   6.4453125000000000e-01   1.3155661003841299e-01   1.3169055756174552e-01   1.3394752333253934e-04
   6.5234375000000000e-01   1.6799126043646218e-01   1.6828884453201642e-01   2.9758409555424858e-04
   6.6015625000000000e-01   2.1327917611942587e-01   2.1319923305201577e-01   7.9943067410104263e-05
   6.6796875000000000e-01   2.6781108327282166e-01   2.6775991722963466e-01   5.1166043187000909e-05
   6.7578125000000000e-01   3.3294102824090815e-01   3.3337659757683913e-01   4.3556933593097424e-04
   6.8359375000000000e-01   4.1133618943454026e-01   4.1148525030712335e-01   1.4906087258309553e-04
   6.9140625000000000e-01   5.0379388135044900e-01   5.0350414842840041e-01   2.8973292204859113e-04
   6.9921875000000000e-01   6.1048106056254270e-01   6.1077528021468031e-01   2.9421965213760615e-04
   7.0703125000000000e-01   7.3404387752777689e-01   7.3449605598963807e-01   4.5217846186118571e-04
   7.1484375000000000e-01   8.7606079950527782e-01   8.7564304503879853e-01   4.1775446647929204e-04
   7.2265625000000000e-01   1.0350999007642141e+00   1.0348903920639581e+00   2.0950870025604473e-04
   7.3046875000000000e-01   1.2119829426620130e+00   1.2125264619626066e+00   5.4351930059359788e-04
   7.3828125000000000e-01   1.4087270828934573e+00   1.4083730748630849e+00   3.5400803037233253e-04
   7.4609375000000000e-01   1.6226621910003609e+00   1.6217123347708964e+00   9.4985622946452963e-04
   8.7890625000000000e-01   4.7292374179703520e+00   4.7256241202531131e+00   3.6132977172389502e-03
   8.8671875000000000e-01   4.6559751367753570e+00   4.6542360325070931e+00   1.7391042682639579e-03
   8.9453125000000000e-01   4.5472704507261241e+00   4.5443026914833364e+00   2.9677592427876931e-03
   9.0234375000000000e-01   4.4025549056239832e+00   4.3986126313847631e+00   3.9422742392201116e-03
   9.1015625000000000e-01   4.2227664951903146e+00   4.2207905396780721e+00   1.9759555122424999e-03
   9.1796875000000000e-01   4.0172211254727843e+00   4.0151474789747414e+00   2.0736464980428693e-03
   9.2578125000000000e-01   3.7901363340547669e+00   3.7865074980635076e+00   3.6288359912592938e-03
   9.3359375000000000e-01   3.5422498482330580e+00   3.5400203487071460e+00   2.2294995259120043e-03
   9.4140625000000000e-01   3.2823132149854839e+00   3.2809704103018404e+00   1.3428046836434504e-03
   9.4921875000000000e-01   3.0174579253887797e+00   3.0145916153415113e+00   2.8663100472683389e-03
   9.5703125000000000e-01   2.7481957427501595e+00   2.7458972241187123e+00   2.2985186314472550e-03
   9.6484375000000000e-01   2.4804257825454648e+00   2.4795318266756481e+00   8.9395586981666497e-04
   9.7265625000000000e-01   2.2216106455892821e+00   2.2196510990374283e+00   1.9595465518538191e-03
   9.8046875000000000e-01   1.9719515537397836e+00   1.9698327754726090e+00   2.1187782671745481e-03
   9.8828125000000000e-01   1.7337062439952138e+00   1.7330201896468753e+00   6.8605434833846068e-04
   9.9609375000000000e-01   1.5126505233516028e+00   1.5114977436909636e+00   1.1527796606392027e-03
   7.5390625000000000e-01   1.8510911935460901e+00   1.8512264391311533e+00   1.3524558506317064e-04
   7.6171875000000000e-01   2.0951730755507159e+00   2.0949559056992242e+00   2.1716985149167201e-04
   7.6953125000000000e-01   2.3519315997852628e+00   2.3502813079648308e+00   1.6502918204319705e-03
   7.7734375000000000e-01   2.6147730981265780e+00   2.6139328382567788e+00   8.4025986979918699e-04
   7.8515625000000000e-01   2.8822847978098016e+00   2.8820308202378846e+00   2.5397757191703008e-04
   7.9296875000000000e-01   3.1522096951508960e+00   3.1501587105359956e+00   2.0509846149003863e-03
   8.0078125000000000e-01   3.4156093374364542e+00   3.4134682436916890e+00   2.1410937447652323e-03
   8.0859375000000000e-01   3.6675253597936672e+00   3.6668143038700141e+00   7.1105592365316994e-04
   8.1640625000000000e-01   3.9069852517126225e+00   3.9049149990934540e+00   2.0702526191684889e-03
   8.2421875000000000e-01   4.1258266195918427e+00   4.1225304355664569e+00   3.2961840253857844e-03
   8.3203125000000000e-01   4.3162666442481363e+00   4.3146520116913765e+00   1.6146325567598652e-03
   8.3984375000000000e-01   4.4785462724757705e+00   4.4766928311478855e+00   1.8534413278850081e-03
   8.4765625000000000e-01   4.6085376523755537e+00   4.6046692010378933e+00   3.8684513376603391e-03
   8.5546875000000000e-01   4.6980865245066079e+00   4.6953632199589794e+00   2.7233045476284801e-03
   8.6328125000000000e-01   4.7481276737517213e+00   4.7464572029388901e+00   1.6704708128312262e-03
   8.7109375000000000e-01   4.7603232878480419e+00   4.7566321066504269e+00   3.6911811976150233e-03
