#                  Coord.                Numerical               Analytical                    Error
   3.9062500000000000e-03   1.1506853482816037e+00   1.1486249613057444e+00   2.0603869758593074e-03
   1.1718750000000000e-02   1.0821935438503976e+00   1.0801187335802787e+00   2.0748102701189097e-03
   1.9531250000000000e-02   2.0022326250792921e-01   1.9988137937905484e-01   3.4188312887437067e-04
   2.7343750000000000e-02  -8.3077870991713987e-01  -8.2916034127175386e-01   1.6183686453860036e-03
   3.5156250000000000e-02  -1.2307425079212391e+00  -1.2285991250109634e+00   2.1433829102757151e-03
   4.2968750000000000e-02  -7.0429211090645749e-01  -7.0344311421386474e-01   8.4899669259275168e-04
   5.0781250000000000e-02   3.3504665410068529e-01   3.3395698999672513e-01   1.0896641039601640e-03
   5.8593750000000000e-02   1.0940612504479887e+00   1.0920524241687675e+00   2.0088262792212763e-03
   6.6406250000000000e-02   1.0173040265128084e+00   1.0161117209990449e+00   1.1923055137634808e-03
   7.4218750000000000e-02   2.0076382956412198e-01   2.0133002492520669e-01   5.6619536108470925e-04
   8.2031250000000000e-02  -7.1437201346900958e-01  -7.1264767483466718e-01   1.7243386343424039e-03
   8.9843750000000000e-02  -1.0577924707820621e+00  -1.0564444783517977e+00   1.3479924302643997e-03
   9.7656250000000000e-02  -6.2915048158653297e-01  -6.2927866763521045e-01   1.2818604867748107e-04
   1.0546875000000000e-01   2.0011109923943743e-01   1.9874560242726941e-01   1.3654968121680211e-03
   1.1328125000000000e-01   8.1711431653749211e-01   8.1578122479317561e-01   1.3330917443165058e-03
   1.2109375000000000e-01   8.2937784066417941e-01   8.2920427102080629e-01   1.7356964337311709e-04
   1.2890625000000000e-01   3.0118849069290810e-01   3.0219956113546154e-01   1.0110704425534411e-03
   1.3671875000000000e-01  -3.6392872937235921e-01  -3.6273054919716391e-01   1.1981801751952958e-03
   1.4453125000000000e-01  -7.4028067413697984e-01  -7.3995233480656764e-01   3.2833933041220842e-04
   1.5234375000000000e-01  -6.3938881130942971e-01  -6.4011093076561798e-01   7.2211945618827489e-04
   1.6015625000000000e-01  -1.6770743057941959e-01  -1.6871235565676071e-01   1.0049250773411234e-03
   1.6796875000000000e-01   3.8399368738658918e-01   3.8363899426401382e-01   3.5469312257535579e-04
   1.7578125000000000e-01   7.0591553213388059e-01   7.0644940111608678e-01   5.3386898220619816e-04
   1.8359375000000000e-01   6.1128111022425735e-01   6.1209984703131404e-01   8.1873680705668583e-04
   1.9140625000000000e-01   1.2991851930548420e-01   1.3021919162583534e-01   3.0067232035113634e-04
   1.9921875000000000e-01  -4.7575848072547255e-01  -4.7620669993720904e-01   4.4821921173648915e-04
   2.0703125000000000e-01  -8.2116575639159906e-01  -8.2185170691035414e-01   6.8595051875508517e-04
   2.1484375000000000e-01  -6.3232969627148528e-01  -6.3255098356085315e-01   2.2128728936787745e-04
   2.2265625000000000e-01   2.6856215878021047e-02   2.7297002677085482e-02   4.4078679906443471e-04
   2.3046875000000000e-01   7.2980397647384998e-01   7.3043127329809199e-01   6.2729682424200739e-04
   2.3828125000000000e-01   9.5348016046390682e-01   9.5364442277987416e-01   1.6426231596733398e-04
   2.4609375000000000e-01   4.8107655254694970e-01   4.8060371861770157e-01   4.7283392924812873e-04
   2.5390625000000000e-01  -3.8064144474648054e-01  -3.8128101219130478e-01   6.3956744482424055e-04
   2.6171875000000000e-01  -9.9112131674649318e-01  -9.9128248051199863e-01   1.6116376550545652e-04
   2.6953125000000000e-01  -8.6685200585558864e-01  -8.6635293476651754e-01   4.9907108907110143e-04
   2.7734375000000000e-01  -8.4744633152744997e-02  -8.4048473470314466e-02   6.9615968243053050e-04
   2.8515625000000000e-01   7.5500460995918295e-01   7.5522686535305705e-01   2.2225539387410453e-04
   2.9296875000000000e-01   1.0025591959287077e+00   1.0020731760293247e+00   4.8601989938301671e-04
   3.0078125000000000e-01   4.8423900302911732e-01   4.8347780036769322e-01   7.6120266142409854e-04
   3.0859375000000000e-01  -3.6378065245049807e-01  -3.6411236180058648e-01   3.3170935008841607e-04
   3.1640625000000000e-01  -8.6780855905617349e-01  -8.6739198413432894e-01   4.1657492184454803e-04
   3.2421875000000000e-01  -6.7281042971765603e-01  -6.7201224370846524e-01   7.9818600919079330e-04
   3.3203125000000000e-01  -6.5945870749929414e-03  -6.1360196774230963e-03   4.5856739756984510e-04
   3.3984375000000000e-01   5.5742418264418059e-01   5.5712768865409312e-01   2.9649399008746524e-04
   3.4765625000000000e-01   6.0507881645936035e-01   6.0429462264609768e-01   7.8419381326266802e-04
   3.5546875000000000e-01   2.0077653788539351e-01   2.0021046189787922e-01   5.6607598751429178e-04
   3.6328125000000000e-01  -2.3778678435833187e-01  -2.3763367424763446e-01   1.5311011069740754e-04
   3.7109375000000000e-01  -3.5404281413586991e-01  -3.5332232150124254e-01   7.2049263462736768e-04
   3.7890625000000000e-01  -1.5376053849243426e-01  -1.5313001066151877e-01   6.3052783091549491e-04
   3.8671875000000000e-01   6.9973343844280000e-02   6.9953602939683598e-02   1.9740904596401987e-05
   3.9453125000000000e-01   7.5796259505688121e-02   7.5170932746940339e-02   6.2532675874778232e-04
   4.0234375000000000e-01  -8.0044095038460855e-02  -8.0688494856698920e-02   6.4439981823806447e-04
   4.1015625000000000e-01  -1.3396379436773917e-01  -1.3404431477450979e-01   8.0520406770617781e-05
   4.1796875000000000e-01   6.5800263619367819e-02   6.6328710379431582e-02   5.2844676006376379e-04
   4.2578125000000000e-01   3.5443667931234735e-01   3.5506031634289204e-01   6.2363703054468811e-04
   4.3359375000000000e-01   3.9078742928042509e-01   3.9092354043714417e-01   1.3611115671907648e-04
   4.4140625000000000e-01   2.0374970979567669e-02   1.9917936204030144e-02   4.5703477553752508e-04
   4.4921875000000000e-01  -5.0516502778492300e-01  -5.0576019030842745e-01   5.9516252350444443e-04
   4.5703125000000000e-01  -7.0400659036418711e-01  -7.0416478384463210e-01   1.5819348044499026e-04
   4.6484375000000000e-01  -3.0840488673314598e-01  -3.0798170710955841e-01   4.2317962358756622e-04
   4.7265625000000000e-01   4.3337491035921716e-01   4.3396156330396668e-01   5.8665294474952168e-04
   4.8046875000000000e-01   9.1186083954396635e-01   9.1203288890631540e-01   1.7204936234904711e-04
   4.8828125000000000e-01   6.7261805342716929e-01   6.7219630030083244e-01   4.2175312633685458e-04
   4.9609375000000000e-01  -1.5355213754276559e-01  -1.5417007902713639e-01   6.1794148437080421e-04
   5.0390625000000000e-01  -9.1165765629897744e-01  -9.1186870260299691e-01   2.1104630401946878e-04
   5.1171875000000000e-01  -9.5812464382163176e-01  -9.5769520334272096e-01   4.2944047891080306e-04
   5.1953125000000000e-01  -2.2154289654822196e-01  -2.2085402343964178e-01   6.8887310858017914e-04
   5.2734375000000000e-01   7.0855233503897264e-01   7.0885205296131992e-01   2.9971792234728678e-04
   5.3515625000000000e-01   1.0641699590954345e+00   1.0637645300827279e+00   4.0542901270668175e-04
   5.4296875000000000e-01   5.4980297070315987e-01   5.4902736341568337e-01   7.7560728747649854e-04
   5.5078125000000000e-01  -4.0077680401148807e-01  -4.0122252216327342e-01   4.4571815178534591e-04
   5.5859375000000000e-01  -9.9111853577132392e-01  -9.9079728033047110e-01   3.2125544085281899e-04
   5.6640625000000000e-01  -7.4034975542699677e-01  -7.3950569887124140e-01   8.4405655575536809e-04
   5.7421875000000000e-01   1.1215318260569540e-01   1.1278762040737791e-01   6.3443780168251362e-04
   5.8203125000000000e-01   8.2405260419511372e-01   8.2389225241976582e-01   1.6035177534790002e-04
   5.8984375000000000e-01   7.9629417180511597e-01   7.9543558432957440e-01   8.5858747554157233e-04
   5.9765625000000000e-01   8.4371392683671553e-02   8.3535239543374218e-02   8.3615314029733545e-04
   6.0546875000000000e-01  -6.6616834594951280e-01  -6.6624299555574384e-01   7.4649606231047549e-05
   6.1328125000000000e-01  -7.9477392595175633e-01  -7.9398097347849073e-01   7.9295247326560681e-04
   6.2109375000000000e-01  -2.0331026360203741e-01  -2.0229613151673684e-01   1.0141320853005731e-03
   6.2890625000000000e-01   5.6714464872369508e-01   5.6750753866920833e-01   3.6288994551325615e-04
   6.3671875000000000e-01   8.2039128641513059e-01   8.1975145444295761e-01   6.3983197217298837e-04
   6.4453125000000000e-01   3.2143356955179392e-01   3.2029787833780293e-01   1.1356912139909858e-03
   6.5234375000000000e-01  -4.9408423436654259e-01  -4.9475764376480091e-01   6.7340939825832891e-04
   6.6015625000000000e-01  -8.9870928786551207e-01  -8.9831428235683430e-01   3.9500550867777040e-04
   6.6796875000000000e-01  -5.1059313313323296e-01  -5.0942346343572509e-01   1.1696696975078691e-03
   6.7578125000000000e-01   3.6293467809929325e-01   3.6390331910658547e-01   9.6864100729221470e-04
   6.8359375000000000e-01   9.7545386311628934e-01   9.7537531238441366e-01   7.8550731875681734e-05
   6.9140625000000000e-01   7.7666305052160622e-01   7.7556500486422852e-01   1.0980456573776998e-03
   6.9921875000000000e-01  -1.0621176251965403e-01  -1.0742143820882216e-01   1.2096756891681326e-03
   7.0703125000000000e-01  -9.5410745374122996e-01  -9.5439064733706525e-01   2.8319359583528492e-04
   7.1484375000000000e-01  -1.0470263496821586e+00  -1.0461120442339213e+00   9.1430544823722926e-04
   7.2265625000000000e-01  -2.7182999225524385e-01  -2.7046563040665783e-01   1.3643618485860154e-03
   7.3046875000000000e-01   7.6316245271227512e-01   7.6382373346291432e-01   6.6128075063920377e-04
   7.3828125000000000e-01   1.2131467708260619e+00   1.2125280788851811e+00   6.1869194088082224e-04
   7.4609375000000000e-01   6.9040386868652770e-01   6.8900091331527302e-01   1.4029553712546772e-03
   8.7890625000000000e-01  -6.4378338708067406e-01  -6.4185824227203425e-01   1.9251448086398115e-03
   8.8671875000000000e-01   3.7072851479588342e-01   3.7190420486319159e-01   1.1756900673081661e-03
   8.9453125000000000e-01   1.0884855630385410e+00   1.0878737041304043e+00   6.1185890813675314e-04
   9.0234375000000000e-01   9.6670534018132948e-01   9.6471968714326861e-01   1.9856530380608639e-03
   9.1015625000000000e-01   1.0935397485841319e-01   1.0760651299169517e-01   1.7474618667180225e-03
   9.1796875000000000e-01  -8.2923125589237889e-01  -8.2923887870134505e-01   7.6228089661567466e-06
   9.2578125000000000e-01  -1.1440213451110330e+00  -1.1422018521452735e+00   1.8194929657595615e-03
   9.3359375000000000e-01  -6.0105914758442769e-01  -5.9889200781249241e-01   2.1671397719352781e-03
   9.4140625000000000e-01   3.9676752809372434e-01   3.9744171975620851e-01   6.7419166248416929e-04
   9.4921875000000000e-01   1.1097341268771352e+00   1.1082959062201627e+00   1.4382206569725220e-03
   9.5703125000000000e-01   1.0042341354330098e+00   1.0018639323383696e+00   2.3702030946401997e-03
   9.6484375000000000e-01   1.4707255165105526e-01   1.4577798062677735e-01   1.2945710242779074e-03
   9.7265625000000000e-01  -8.3520725924246886e-01  -8.3431313851289757e-01   8.9412072957129052e-04
   9.8046875000000000e-01  -1.2104895065569212e+00  -1.2081605721746715e+00   2.3289343822496811e-03
   9.8828125000000000e-01  -6.8562539799130995e-01  -6.8384396747920895e-01   1.7814305121010010e-03
   9.9609375000000000e-01   3.6162251287745817e-01   3.6135267144432531e-01   2.6984143313285580e-04
   7.5390625000000000e-01  -4.0459349108461329e-01  -4.0561327707368489e-01   1.0197859890715977e-03
   7.6171875000000000e-01  -1.1951603306591354e+00  -1.1949347255379021e+00   2.2560512123326326e-04
   7.6953125000000000e-01  -1.0372555637962984e+00  -1.0359531365484433e+00   1.3024272478550092e-03
   7.7734375000000000e-01  -4.7977878331654650e-02  -4.6658891988590079e-02   1.3189863430645710e-03
   7.8515625000000000e-01   9.8226739250050632e-01   9.8251566325896278e-01   2.4827075845645918e-04
   7.9296875000000000e-01   1.2272294813346927e+00   1.2261837565809262e+00   1.0457247537665193e-03
   8.0078125000000000e-01   4.9343923504576565e-01   4.9192535251390035e-01   1.5138825318652960e-03
   8.0859375000000000e-01  -6.2549687004702736e-01  -6.2625671007742489e-01   7.5984003039752945e-04
   8.1640625000000000e-01  -1.2326669427775481e+00  -1.2320329679664899e+00   6.3397481105820219e-04
   8.2421875000000000e-01  -8.5174453744836587e-01  -8.5018383578348833e-01   1.5607016648775396e-03
   8.3203125000000000e-01   1.9798455718229610e-01   1.9923735158311373e-01   1.2527944008176306e-03
   8.3984375000000000e-01   1.0715979939795892e+00   1.0715067053031502e+00   9.1288676439038596e-05
   8.4765625000000000e-01   1.0820484628617653e+00   1.0806197757094096e+00   1.4286871523556677e-03
   8.5546875000000000e-01   2.3976157702560830e-01   2.3809888257716122e-01   1.6626944484470774e-03
   8.6328125000000000e-01  -7.7541937078110579e-01  -7.7595438545953144e-01   5.3501467842564931e-04
   8.7109375000000000e-01  -1.1667787043876774e+00  -1.1656715159938704e+00   1.1071883938069682e-03
