#                  Coord.                Numerical               Analytical                    Error
   3.9062500000000000e-03   1.0315819231670758e+00   1.0267066145637027e+00   4.8753086033730408e-03
   1.1718750000000000e-02   1.0324378822666644e+00   1.0308618333999460e+00   1.5760488667184713e-03
   1.9531250000000000e-02   1.0213737075442362e+00   1.0194057283656142e+00   1.9679791786220147e-03
   2.7343750000000000e-02   9.9622959042988546e-01   9.9144323776108767e-01   4.7863526687977886e-03
   3.5156250000000000e-02   9.4918576208362260e-01   9.4689219615114550e-01   2.2935659324770930e-03
   4.2968750000000000e-02   8.8740429309562274e-01   8.8651322661579335e-01   8.9106647982939435e-04
   5.0781250000000000e-02   8.1561588715204258e-01   8.1189799493871662e-01   3.7178922133259684e-03
   5.8593750000000000e-02   7.2812691418845377e-01   7.2541508390052989e-01   2.7118302879238776e-03
   6.6406250000000000e-02   6.3037821412453676e-01   6.3011477834552254e-01   2.6343577901422055e-04
   7.4218750000000000e-02   5.3168457471153929e-01   5.2959618080291537e-01   2.0883939086239200e-03
   8.2031250000000000e-02   4.3025685969054173e-01   4.2784221162442082e-01   2.4146480661209058e-03
   8.9843750000000000e-02   3.2914578877244238e-01   3.2903006236369869e-01   1.1572640874368822e-04
   9.7656250000000000e-02   2.3799838691376585e-01   2.3732641866232607e-01   6.7196825143978067e-04
   1.0546875000000000e-01   1.5814202160309299e-01   1.5667809141077652e-01   1.4639301923164705e-03
   1.1328125000000000e-01   9.0749235209328469e-02   9.0609445196337152e-02   1.3979001299131710e-04
   1.2109375000000000e-01   4.2117290458678347e-02   4.2038075468025515e-02   7.9214990652831663e-05
   1.2890625000000000e-01   1.3554312266332677e-02   1.3119495336612866e-02   4.3481692971981088e-04
   1.3671875000000000e-01   5.0991618441577451e-03   5.1301495359607928e-03   3.0987691803047689e-05
   1.4453125000000000e-01   1.8730570841039566e-02   1.8395947705562497e-02   3.3462313547706971e-04
   1.5234375000000000e-01   5.2329171722780524e-02   5.2270840427686885e-02   5.8331295093638769e-05
   1.6015625000000000e-01   1.0469402553541388e-01   1.0516694372945480e-01   4.7291819404092494e-04
   1.6796875000000000e-01   1.7549153583911892e-01   1.7463458106738960e-01   8.5695477172931245e-04
   1.7578125000000000e-01   2.5815268795533514e-01   2.5748759733693166e-01   6.6509061840347439e-04
   1.8359375000000000e-01   3.4912784144615933e-01   3.4996663390859356e-01   8.3879246243423466e-04
   1.9140625000000000e-01   4.4885716259315617e-01   4.4793092553404201e-01   9.2623705911415444e-04
   1.9921875000000000e-01   5.4892502729795900e-01   5.4706772215671240e-01   1.8573051412466013e-03
   2.0703125000000000e-01   6.4248568956693730e-01   6.4310771846097747e-01   6.2202889404017192e-04
   2.1484375000000000e-01   7.3232904639595375e-01   7.3203489180723791e-01   2.9415458871584477e-04
   2.2265625000000000e-01   8.1301171571720754e-01   8.1027984659486041e-01   2.7318691223471303e-03
   2.3046875000000000e-01   8.7522572672160648e-01   8.7488703549355240e-01   3.3869122805407770e-04
   2.3828125000000000e-01   9.2304136135407067e-01   9.2364794350823309e-01   6.0658215416242722e-04
   2.4609375000000000e-01   9.5775777518153371e-01   9.5519433796005271e-01   2.5634372214810019e-03
   2.5390625000000000e-01   9.7065668263751581e-01   9.6904787169566620e-01   1.6088109418496144e-03
   2.6171875000000000e-01   9.6456695591946628e-01   9.6562456148191778e-01   1.0576055624514913e-03
   2.6953125000000000e-01   9.4754756226198444e-01   9.4619485613075605e-01   1.3527061312283983e-03
   2.7734375000000000e-01   9.1522735434755642e-01   9.1280208921246286e-01   2.4252651350935572e-03
   2.8515625000000000e-01   8.6746921521808396e-01   8.6814402575668381e-01   6.7481053859985707e-04
   2.9296875000000000e-01   8.1522661033143240e-01   8.1542391546916160e-01   1.9730513772919789e-04
   3.0078125000000000e-01   7.6042466361056493e-01   7.5817890922013009e-01   2.2457543904348398e-03
   3.0859375000000000e-01   7.0042321746560798e-01   7.0009482451179483e-01   3.2839295381315026e-04
   3.1640625000000000e-01   6.4363663841069385e-01   6.4481699290944272e-01   1.1803544987488701e-03
   3.2421875000000000e-01   5.9689501501488906e-01   5.9576721505836994e-01   1.1277999565191266e-03
   3.3203125000000000e-01   5.5729018238217587e-01   5.5597661801604625e-01   1.3135643661296159e-03
   3.3984375000000000e-01   5.2688644608859192e-01   5.2794340591667011e-01   1.0569598280781856e-03
   3.4765625000000000e-01   5.1320051021916602e-01   5.1352310483234209e-01   3.2259461317607485e-04
   3.5546875000000000e-01   5.1549420010508396e-01   5.1385696354884125e-01   1.6372365562427049e-03
   3.6328125000000000e-01   5.2940532574765042e-01   5.2934178152031475e-01   6.3544227335676773e-05
   3.7109375000000000e-01   5.5835411112671696e-01   5.5964175159312157e-01   1.2876404664046159e-03
   3.7890625000000000e-01   6.0478389073389416e-01   6.0374013679195726e-01   1.0437539419368980e-03
   3.8671875000000000e-01   6.6153457646071134e-01   6.6002598610968721e-01   1.5085903510241305e-03
   3.9453125000000000e-01   7.2522889987873851e-01   7.2640887437883239e-01   1.1799745000938833e-03
   4.0234375000000000e-01   8.0028865888916723e-01   8.0045303595532191e-01   1.6437706615468617e-04
   4.1015625000000000e-01   8.8194383886745420e-01   8.7952140088919784e-01   2.4224379782563643e-03
   4.1796875000000000e-01   9.6095150164313470e-01   9.6092000089139162e-01   3.1500751743074318e-05
   4.2578125000000000e-01   1.0407801494497084e+00   1.0420339609008611e+00   1.2538114511526643e-03
   4.3359375000000000e-01   1.1227151011455618e+00   1.1204477075837009e+00   2.2673935618608976e-03
   4.4140625000000000e-01   1.1958092513714826e+00   1.1940439106572707e+00   1.7653407142119715e-03
   4.4921875000000000e-01   1.2595957758295391e+00   1.2610777830185902e+00   1.4820071890511155e-03
   4.5703125000000000e-01   1.3213917460050975e+00   1.3202254495389385e+00   1.1662964661589559e-03
   4.6484375000000000e-01   1.3737704887988722e+00   1.3706069299059536e+00   3.1635588929186387e-03
   4.7265625000000000e-01   1.4112344194983686e+00   1.4117857083256666e+00   5.5128882729804651e-04
   4.8046875000000000e-01   1.4435609596990870e+00   1.4437478053792707e+00   1.8684568018367820e-04
   4.8828125000000000e-01   1.4704404386462355e+00   1.4668637364864441e+00   3.5767021597914450e-03
   4.9609375000000000e-01   1.4830483962009484e+00   1.4818368261376338e+00   1.2115700633146265e-03
   5.0390625000000000e-01   1.4886903367922795e+00   1.4896411885815688e+00   9.5085178928933090e-04
   5.1171875000000000e-01   1.4943697358856995e+00   1.4914524431977483e+00   2.9172926879512673e-03
   5.1953125000000000e-01   1.4916341491237770e+00   1.4885740466716042e+00   3.0601024521728082e-03
   5.2734375000000000e-01   1.4817418774998687e+00   1.4823620844885399e+00   6.2020698867115698e-04
   5.3515625000000000e-01   1.4757915330672255e+00   1.4741514906246742e+00   1.6400424425513371e-03
   5.4296875000000000e-01   1.4694454178786109e+00   1.4651869015708083e+00   4.2585163078026067e-03
   5.5078125000000000e-01   1.4573187449057960e+00   1.4565615818147271e+00   7.5716309106899082e-04
   5.5859375000000000e-01   1.4496311930810983e+00   1.4491679310141956e+00   4.6326206690272542e-04
   5.6640625000000000e-01   1.4480751281244395e+00   1.4436628486777916e+00   4.4122794466479043e-03
   5.7421875000000000e-01   1.4431018625179026e+00   1.4404505813351594e+00   2.6512811827432703e-03
   5.8203125000000000e-01   1.4396750053725444e+00   1.4396845731295000e+00   9.5677569555974173e-06
   5.8984375000000000e-01   1.4449018882454927e+00   1.4412883386187174e+00   3.6135496267752920e-03
   5.9765625000000000e-01   1.4493554804931894e+00   1.4449936223323712e+00   4.3618581608182438e-03
   6.0546875000000000e-01   1.4508647281909728e+00   1.4503923232031239e+00   4.7240498784884011e-04
   6.1328125000000000e-01   1.4593228798035185e+00   1.4569971011720053e+00   2.3257786315131757e-03
   6.2109375000000000e-01   1.4696291954485570e+00   1.4643044998604899e+00   5.3246955880670299e-03
   6.2890625000000000e-01   1.4736162932628281e+00   1.4718540111996419e+00   1.7622820631861824e-03
   6.3671875000000000e-01   1.4804454285986759e+00   1.4792768813418655e+00   1.1685472568103705e-03
   6.4453125000000000e-01   1.4916463683258523e+00   1.4863296019512289e+00   5.3167663746234162e-03
   6.5234375000000000e-01   1.4963203728395813e+00   1.4929088160192578e+00   3.4115568203234581e-03
   6.6015625000000000e-01   1.4996632113358488e+00   1.4990465606078647e+00   6.1665072798411380e-04
   6.6796875000000000e-01   1.5093839156149385e+00   1.5048870721100107e+00   4.4968435049277389e-03
   6.7578125000000000e-01   1.5155599531880717e+00   1.5106484779582274e+00   4.9114752298442532e-03
   6.8359375000000000e-01   1.5174724705548071e+00   1.5165743123948738e+00   8.9815815993321557e-04
   6.9140625000000000e-01   1.5261484420498230e+00   1.5228807243411389e+00   3.2677177086841702e-03
   6.9921875000000000e-01   1.5355685930293659e+00   1.5297054047651195e+00   5.8631882642463662e-03
   7.0703125000000000e-01   1.5390069420138837e+00   1.5370636837604201e+00   1.9432582534635312e-03
   7.1484375000000000e-01   1.5469207303399057e+00   1.5448160787420613e+00   2.1046515978444535e-03
   7.2265625000000000e-01   1.5587257351646473e+00   1.5526500389697031e+00   6.0756961949441912e-03
   7.3046875000000000e-01   1.5635543117869228e+00   1.5600769881925316e+00   3.4773235943912351e-03
   7.3828125000000000e-01   1.5678602979968403e+00   1.5664442637012979e+00   1.4160342955424898e-03
   7.4609375000000000e-01   1.5765094762647474e+00   1.5709603780307115e+00   5.5490982340358208e-03
   8.7890625000000000e-01   8.6312830858709755e-01   8.5801087976736756e-01   5.1174288197299855e-03
   8.8671875000000000e-01   8.0353833414874820e-01   8.0168587944223868e-01   1.8524547065095209e-03
   8.9453125000000000e-01   7.5712714496222000e-01   7.5460221086346513e-01   2.5249340987548718e-03
   9.0234375000000000e-01   7.2324705407763423e-01   7.1846403180014617e-01   4.7830222774880582e-03
   9.1015625000000000e-01   6.9662673625972449e-01   6.9453020476492155e-01   2.0965314948029334e-03
   9.1796875000000000e-01   6.8530996289464019e-01   6.8351403568896385e-01   1.7959272056763398e-03
   9.2578125000000000e-01   6.9000421661910327e-01   6.8550956659075912e-01   4.4946500283441493e-03
   9.3359375000000000e-01   7.0244701687071309e-01   6.9995077403874817e-01   2.4962428319649232e-03
   9.4140625000000000e-01   7.2691199112681582e-01   7.2560781288663834e-01   1.3041782401774782e-03
   9.4921875000000000e-01   7.6492678226544408e-01   7.6062190893149417e-01   4.3048733339499101e-03
   9.5703125000000000e-01   8.0578974974566708e-01   8.0257788955291609e-01   3.2118601927509927e-03
   9.6484375000000000e-01   8.4962254292247441e-01   8.4861087790131684e-01   1.0116650211575706e-03
   9.7265625000000000e-01   8.9947617419267212e-01   8.9554155125050316e-01   3.9346229421689527e-03
   9.8046875000000000e-01   9.4419538713945828e-01   9.4003270628440450e-01   4.1626808550537797e-03
   9.8828125000000000e-01   9.7982534176466374e-01   9.7875874681059782e-01   1.0665949540659136e-03
   9.9609375000000000e-01   1.0117005781664186e+00   1.0085791177932881e+00   3.1214603731304358e-03
   7.5390625000000000e-01   1.5778162315270718e+00   1.5727312935093707e+00   5.0849380177011572e-03
   7.6171875000000000e-01   1.5722843284911621e+00   1.5708051061034476e+00   1.4792223877144739e-03
   7.6953125000000000e-01   1.5687089881704770e+00   1.5642226002833461e+00   4.4863878871308494e-03
   7.7734375000000000e-01   1.5583416929143319e+00   1.5520714127159254e+00   6.2702801984064749e-03
   7.8515625000000000e-01   1.5358109531920732e+00   1.5335418557754192e+00   2.2690974166539313e-03
   7.9296875000000000e-01   1.5112375631933161e+00   1.5079826440205339e+00   3.2549191727822002e-03
   8.0078125000000000e-01   1.4815937962698369e+00   1.4749547323160743e+00   6.6390639537625695e-03
   8.0859375000000000e-01   1.4377578863907245e+00   1.4342811856088269e+00   3.4767007818976570e-03
   8.1640625000000000e-01   1.3883528108980223e+00   1.3860905148159095e+00   2.2622960821128135e-03
   8.2421875000000000e-01   1.3369451701017303e+00   1.3308503629328094e+00   6.0948071689208572e-03
   8.3203125000000000e-01   1.2739651823685769e+00   1.2693879891824447e+00   4.5771931861322557e-03
   8.3984375000000000e-01   1.2046434367212437e+00   1.2028938659876560e+00   1.7495707335877242e-03
   8.4765625000000000e-01   1.1378246639555938e+00   1.1329050303524117e+00   4.9196336031820387e-03
   8.5546875000000000e-01   1.0664122267418006e+00   1.0612657086687332e+00   5.1465180730674298e-03
   8.6328125000000000e-01   9.9174480075239069e-01   9.9006416014807896e-01   1.6806406043117228e-03
   8.7109375000000000e-01   9.2514453040839872e-01   9.2154655981510891e-01   3.5979705932898121e-03
