#                  Coord.                Numerical               Analytical                    Error
   3.9062500000000000e-03  -5.1092848740352959e-01  -5.1048767951568119e-01   4.4080788784839342e-04
   1.1718750000000000e-02   3.8402256625604131e-01   3.8418377617796984e-01   1.6120992192852901e-04
   1.9531250000000000e-02   9.6726499610356109e-01   9.6702509669496528e-01   2.3989940859581171e-04
   2.7343750000000000e-02   8.2793731609234289e-01   8.2750998823425315e-01   4.2732785808974327e-04
   3.5156250000000000e-02   1.1522383263997638e-01   1.1496709449073275e-01   2.5673814924362381e-04
   4.2968750000000000e-02  -6.2361445845873309e-01  -6.2349789160125890e-01   1.1656685747418738e-04
   5.0781250000000000e-02  -8.8113449554941281e-01  -8.8075627579214721e-01   3.7821975726559653e-04
   5.8593750000000000e-02  -5.3821142014214129e-01  -5.3789105580830487e-01   3.2036433383642038e-04
   6.6406250000000000e-02   1.1511639663364009e-01   1.1512107054466499e-01   4.6739110248911198e-06
   7.4218750000000000e-02   6.3659748389492088e-01   6.3629883146241617e-01   2.9865243250470908e-04
   8.2031250000000000e-02   7.2983740656562646e-01   7.2949393231132931e-01   3.4347425429714917e-04
   8.9843750000000000e-02   3.8451860070456934e-01   3.8441184637371822e-01   1.0675433085111097e-04
   9.7656250000000000e-02  -1.7212540363432949e-01  -1.7192436485094112e-01   2.0103878338836867e-04
   1.0546875000000000e-01  -6.2173728698219166e-01  -6.2141246745781342e-01   3.2481952437823924e-04
   1.1328125000000000e-01  -7.0813284045593883e-01  -7.0795710494345976e-01   1.7573551247906938e-04
   1.2109375000000000e-01  -3.5910788704837376e-01  -3.5921057973414261e-01   1.0269268576884594e-04
   1.2890625000000000e-01   2.5116824036480306e-01   2.5089405475954074e-01   2.7418560526232261e-04
   1.3671875000000000e-01   7.5462513078359805e-01   7.5441888526900613e-01   2.0624551459191842e-04
   1.4453125000000000e-01   7.8901717196043875e-01   7.8903873826708659e-01   2.1566306647846645e-05
   1.5234375000000000e-01   2.6228928815992808e-01   2.6249513048063144e-01   2.0584232070336439e-04
   1.6015625000000000e-01  -5.1494491219213145e-01  -5.1474648364555498e-01   1.9842854657647901e-04
   1.6796875000000000e-01  -9.8957189407278956e-01  -9.8954332747779949e-01   2.8566594990064864e-05
   1.7578125000000000e-01  -7.6299262303691107e-01  -7.6313284305973050e-01   1.4022002281943724e-04
   1.8359375000000000e-01   6.3769257559025863e-02   6.3605260955923351e-02   1.6399660310251196e-04
   1.9140625000000000e-01   9.0439556064627213e-01   9.0435294831827306e-01   4.2612327999069777e-05
   1.9921875000000000e-01   1.1059282247943303e+00   1.1060236555758525e+00   9.5430781522187758e-05
   2.0703125000000000e-01   4.6911287530075024e-01   4.6923437137609508e-01   1.2149607534484019e-04
   2.1484375000000000e-01  -5.5651009124530693e-01  -5.5648434513758172e-01   2.5746107725210798e-05
   2.2265625000000000e-01  -1.1924124593864043e+00  -1.1924949259560420e+00   8.2466569637729137e-05
   2.3046875000000000e-01  -9.3465237664316025e-01  -9.3474153902570967e-01   8.9162382549412555e-05
   2.3828125000000000e-01   3.8957012088159826e-02   3.8966805257801149e-02   9.7931696413228186e-06
   2.4609375000000000e-01   9.9356402069747707e-01   9.9366799183020393e-01   1.0397113272686553e-04
   2.5390625000000000e-01   1.2028535437912926e+00   1.2029375901349681e+00   8.4046343675536761e-05
   2.6171875000000000e-01   5.0933764571775486e-01   5.0929232288900317e-01   4.5322828751692690e-05
   2.6953125000000000e-01  -5.5926131612528618e-01  -5.5941443189562623e-01   1.5311577034005097e-04
   2.7734375000000000e-01  -1.1998208850316108e+00  -1.1999363317756795e+00   1.1544674406871458e-04
   2.8515625000000000e-01  -9.4299665413678957e-01  -9.4293661791824757e-01   6.0036218542003361e-05
   2.9296875000000000e-01   4.7632001639362764e-03   4.9773716095181542e-03   2.1417144558187780e-04
   3.0078125000000000e-01   9.3156540738392490e-01   9.3174933277708905e-01   1.8392539316414158e-04
   3.0859375000000000e-01   1.1568454274605764e+00   1.1568069380674668e+00   3.8489393109575332e-05
   3.1640625000000000e-01   5.2831179984809851e-01   5.2804615679159217e-01   2.6564305650633724e-04
   3.2421875000000000e-01  -4.7881102402955711e-01  -4.7908957921051731e-01   2.7855518096020493e-04
   3.3203125000000000e-01  -1.1189264829929151e+00  -1.1189553791436679e+00   2.8896150752855121e-05
   3.3984375000000000e-01  -9.2289182032089523e-01  -9.2260771907801487e-01   2.8410124288036354e-04
   3.4765625000000000e-01  -4.0131642702792125e-02  -3.9752852277336825e-02   3.7879042545529984e-04
   3.5546875000000000e-01   8.6976528913866191e-01   8.6990386425537769e-01   1.3857511671577782e-04
   3.6328125000000000e-01   1.1217322818268101e+00   1.1214785480072973e+00   2.5373381951276919e-04
   3.7109375000000000e-01   5.1854643300579495e-01   5.1808545061133482e-01   4.6098239446012990e-04
   3.7890625000000000e-01  -4.8841753422397327e-01  -4.8869388695886690e-01   2.7635273489362566e-04
   3.8671875000000000e-01  -1.1268735282077336e+00  -1.1267032808773081e+00   1.7024733042547702e-04
   3.9453125000000000e-01  -8.9167365611898974e-01  -8.9117050448122082e-01   5.0315163776892824e-04
   4.0234375000000000e-01   5.0707463441067191e-02   5.1129782615887361e-02   4.2231917482016962e-04
   4.1015625000000000e-01   9.6974221078137779e-01   9.6970984269133564e-01   3.2368090042145248e-05
   4.1796875000000000e-01   1.1322471203990454e+00   1.1317586201993191e+00   4.8850019972634939e-04
   4.2578125000000000e-01   3.8996644215997850e-01   3.8941508082934717e-01   5.5136133063132808e-04
   4.3359375000000000e-01  -6.8132344611037798e-01  -6.8146575589725178e-01   1.4230978687379547e-04
   4.4140625000000000e-01  -1.2250437564973329e+00  -1.2246330029618664e+00   4.1075353546649040e-04
   4.4921875000000000e-01  -7.9096590914260700e-01  -7.9032536813801268e-01   6.4054100459431940e-04
   4.5703125000000000e-01   2.8847064498460395e-01   2.8880296984334408e-01   3.3232485874012951e-04
   4.6484375000000000e-01   1.1516551280952410e+00   1.1513811129929614e+00   2.7401510227953452e-04
   4.7265625000000000e-01   1.0993608720188754e+00   1.0986875271795322e+00   6.7334483934322620e-04
   4.8046875000000000e-01   1.6533908803454300e-01   1.6482671691097214e-01   5.1237112357085945e-04
   4.8828125000000000e-01  -9.0426700567196927e-01  -9.0417327534488900e-01   9.3730327080265852e-05
   4.9609375000000000e-01  -1.2521392051385811e+00  -1.2514950407706900e+00   6.4416436789116460e-04
   5.0390625000000000e-01  -6.0319105460659173e-01  -6.0253047791422287e-01   6.6057669236885275e-04
   5.1171875000000000e-01   5.1568847636629522e-01   5.1579678372673698e-01   1.0830736044176170e-04
   5.1953125000000000e-01   1.2070010081428237e+00   1.2064451157711109e+00   5.5589237171282946e-04
   5.2734375000000000e-01   9.2963159620555558e-01   9.2886993472047563e-01   7.6166148507994524e-04
   5.3515625000000000e-01  -7.1960072412431242e-02  -7.2273972515894166e-02   3.1390010346292463e-04
   5.4296875000000000e-01  -9.8028559685659300e-01  -9.7986703150726961e-01   4.1856534932338541e-04
   5.5078125000000000e-01  -1.0761316679085093e+00  -1.0753251910917760e+00   8.0647681673329252e-04
   5.5859375000000000e-01  -3.1542136432362955e-01  -3.1492034316068812e-01   5.0102116294142851e-04
   5.6640625000000000e-01   6.5511296284992726e-01   6.5486509747881516e-01   2.4786537111209928e-04
   5.7421875000000000e-01   1.0442723427667129e+00   1.0434773978021450e+00   7.9494496456788966e-04
   5.8203125000000000e-01   5.6603672330074639e-01   5.6538116376934811e-01   6.5555953139828649e-04
   5.8984375000000000e-01  -3.4298653621308406e-01  -3.4292679240132296e-01   5.9743811761103771e-05
   5.9765625000000000e-01  -9.0871641775701206e-01  -9.0798482614356435e-01   7.3159161344771295e-04
   6.0546875000000000e-01  -6.7556467988831614e-01  -6.7479733379164630e-01   7.6734609666984088e-04
   6.1328125000000000e-01   1.2026358268040845e-01   1.2039350213691485e-01   1.2991945650640824e-04
   6.2109375000000000e-01   7.7034376027097928e-01   7.6971819048149359e-01   6.2556978948569153e-04
   6.2890625000000000e-01   7.1251613274365244e-01   7.1168366835480212e-01   8.3246438885031804e-04
   6.3671875000000000e-01   1.5227939447116035e-02   1.4918773752528468e-02   3.0916569458756642e-04
   6.4453125000000000e-01  -6.8931970581275337e-01  -6.8883498487230421e-01   4.8472094044915703e-04
   6.5234375000000000e-01  -7.6445989067528863e-01  -7.6361020712499705e-01   8.4968355029158005e-04
   6.6015625000000000e-01  -1.3353466343222739e-01  -1.3306730301275282e-01   4.6736041947456619e-04
   6.6796875000000000e-01   6.4613855971153444e-01   6.4581714742333263e-01   3.2141228820181666e-04
   6.7578125000000000e-01   8.7023816694900147e-01   8.6941739482776126e-01   8.2077212124020971e-04
   6.8359375000000000e-01   3.1285445603762907e-01   3.1225795752407576e-01   5.9649851355331185e-04
   6.9140625000000000e-01  -5.6039976888660914e-01  -5.6025370416736253e-01   1.4606471924660802e-04
   6.9921875000000000e-01  -9.8698046507448323e-01  -9.8623040365382098e-01   7.5006142066225134e-04
   7.0703125000000000e-01  -5.7220313150220481e-01  -5.7151345603377646e-01   6.8967546842835237e-04
   7.1484375000000000e-01   3.5595641374328701e-01   3.5598500558118573e-01   2.8591837898717110e-05
   7.2265625000000000e-01   1.0171244843962179e+00   1.0164789260045837e+00   6.4555839163427109e-04
   7.3046875000000000e-01   8.4472321291473762e-01   8.4397975526924873e-01   7.4345764548888749e-04
   7.3828125000000000e-01  -2.7526926759595616e-02  -2.7717834146151754e-02   1.9090738655613837e-04
   7.4609375000000000e-01  -8.7868668924560145e-01  -8.7816932073446574e-01   5.1736851113570737e-04
   8.7890625000000000e-01  -2.4528800035243631e-02  -2.5104339941893698e-02   5.7553990665006743e-04
   8.8671875000000000e-01  -2.2075193840337770e-01  -2.2092545297127159e-01   1.7351456789388431e-04
   8.9453125000000000e-01  -2.2801772431941481e-01  -2.2764599498538354e-01   3.7172933403126218e-04
   9.0234375000000000e-01   7.5976201849073249e-02   7.6541463423943565e-02   5.6526157487031548e-04
   9.1015625000000000e-01   4.6230234128231784e-01   4.6254789253898404e-01   2.4555125666619881e-04
   9.1796875000000000e-01   5.3140563991752721e-01   5.3112251315110770e-01   2.8312676641950585e-04
   9.2578125000000000e-01   1.1020662670329345e-01   1.0966371954944511e-01   5.4290715384834598e-04
   9.3359375000000000e-01  -5.2052655268210590e-01  -5.2084053750567993e-01   3.1398482357403168e-04
   9.4140625000000000e-01  -8.2059900517585094e-01  -8.2041609022437922e-01   1.8291495147171322e-04
   9.4921875000000000e-01  -4.6491816390616336e-01  -4.6441550740156146e-01   5.0265650460190603e-04
   9.5703125000000000e-01   3.2764203837934780e-01   3.2801660134470662e-01   3.7456296535881561e-04
   9.6484375000000000e-01   9.3220134341729333e-01   9.3212989151290848e-01   7.1451904384844944e-05
   9.7265625000000000e-01   8.3131590416815049e-01   8.3087628453954587e-01   4.3961962860461501e-04
   9.8046875000000000e-01   6.5512343184125799e-02   6.5092324050375433e-02   4.2001913375036559e-04
   9.8828125000000000e-01  -7.7751705677529970e-01  -7.7756407791733884e-01   4.7021142039138653e-05
   9.9609375000000000e-01  -1.0361114983534692e+00  -1.0357603700650315e+00   3.5112828843764099e-04
   7.5390625000000000e-01  -1.0124172329773682e+00  -1.0116599074924992e+00   7.5732548486895368e-04
   7.6171875000000000e-01  -3.3818345033314245e-01  -3.3785278773146332e-01   3.3066260167913253e-04
   7.6953125000000000e-01   5.7166113924227169e-01   5.7128590728796047e-01   3.7523195431121703e-04
   7.7734375000000000e-01   9.8130089262360531e-01   9.8056729896659289e-01   7.3359365701242130e-04
   7.8515625000000000e-01   6.0378440035529923e-01   6.0334668527903301e-01   4.3771507626622075e-04
   7.9296875000000000e-01  -1.9507454351925863e-01  -1.9483868615780484e-01   2.3585736145378955e-04
   8.0078125000000000e-01  -7.4844223889689676e-01  -7.4776015832326226e-01   6.8208057363450258e-04
   8.0859375000000000e-01  -6.6068895559069973e-01  -6.6017725676479944e-01   5.1169882590029747e-04
   8.1640625000000000e-01  -9.9108055408579920e-02  -9.9215770770784958e-02   1.0771536220503808e-04
   8.2421875000000000e-01   4.1683817712017190e-01   4.1622623133296932e-01   6.1194578720258352e-04
   8.3203125000000000e-01   4.9745050639846999e-01   4.9689668085913730e-01   5.5382553933269740e-04
   8.3984375000000000e-01   1.8863137390139995e-01   1.8862976488914932e-01   1.6090122506307036e-06
   8.4765625000000000e-01  -1.4687312401030458e-01  -1.4633863283784837e-01   5.3449117245621403e-04
   8.5546875000000000e-01  -2.1444687737259399e-01  -2.1387431385533975e-01   5.7256351725423760e-04
   8.6328125000000000e-01  -5.0877158610744252e-02  -5.0783448879676847e-02   9.3709731067405377e-05
   8.7109375000000000e-01   7.2157757279608686e-02   7.1702646697080791e-02   4.5511058252789560e-04
