#                  Coord.                Numerical               Analytical                    Error
   3.9062500000000000e-03   1.7138688474998970e-01   1.7117987536464543e-01   2.0700938534426450e-04
   1.1718750000000000e-02   2.2079441624246837e-01   2.2093368564581756e-01   1.3926940334918481e-04
   1.9531250000000000e-02   1.5077463020153592e-01   1.5114326004707299e-01   3.6862984553706624e-04
   2.7343750000000000e-02   5.2460580577796123e-03   5.5349908321262967e-03   2.8893277434668442e-04
   3.5156250000000000e-02  -1.3427856418549178e-01  -1.3431146941955416e-01   3.2905234062380329e-05
   4.2968750000000000e-02  -1.8777200656103749e-01  -1.8810047168170294e-01   3.2846512066544986e-04
   5.0781250000000000e-02  -1.2433987882264941e-01  -1.2468925164684462e-01   3.4937282419521265e-04
   5.8593750000000000e-02   1.1376041726915420e-02   1.1299617389747912e-02   7.6424337167507739e-05
   6.6406250000000000e-02   1.2406516578546123e-01   1.2432999973494314e-01   2.6483394948191574e-04
   7.4218750000000000e-02   1.3737770391332477e-01   1.3776495873488900e-01   3.8725482156423685e-04
   8.2031250000000000e-02   5.5182742195112489e-02   5.5365870661646395e-02   1.8312846653390641e-04
   8.9843750000000000e-02  -4.3331935814430900e-02  -4.3515588743682269e-02   1.8365292925136972e-04
   9.7656250000000000e-02  -7.6730666058125924e-02  -7.7135099194688556e-02   4.0443313656263191e-04
   1.0546875000000000e-01  -3.5940588772043570e-02  -3.6224338044329694e-02   2.8374927228612401e-04
   1.1328125000000000e-01   1.4298399254527472e-02   1.4389207173558379e-02   9.0807919030906972e-05
   1.2109375000000000e-01   1.0745112066840729e-02   1.1149919281713338e-02   4.0480721487260937e-04
   1.2890625000000000e-01  -3.5342481441120316e-02  -3.4963492600486222e-02   3.7898884063409383e-04
   1.3671875000000000e-01  -4.9999688610884573e-02  -4.9985909983101900e-02   1.3778627782672082e-05
   1.4453125000000000e-01   1.3577472074237984e-02   1.3190233199079070e-02   3.8723887515891391e-04
   1.5234375000000000e-01   1.0553062181323306e-01   1.0506632638900221e-01   4.6429542423084835e-04
   1.6015625000000000e-01   1.1789993454593589e-01   1.1777652943656640e-01   1.2340510936949267e-04
   1.6796875000000000e-01   4.3589523529995317e-03   4.7133980754382274e-03   3.5444572243869578e-04
   1.7578125000000000e-01  -1.4645632820735721e-01  -1.4591642888868675e-01   5.3989931867046148e-04
   1.8359375000000000e-01  -1.8005130400716041e-01  -1.7981178307291559e-01   2.3952093424481347e-04
   1.9140625000000000e-01  -3.5969230286325246e-02  -3.6272885750102679e-02   3.0365546377743302e-04
   1.9921875000000000e-01   1.6616850673908715e-01   1.6556618568979017e-01   6.0232104929697217e-04
   2.0703125000000000e-01   2.2414459520688945e-01   2.2378371957713053e-01   3.6087562975892218e-04
   2.1484375000000000e-01   5.7400489125785437e-02   5.7632237737192060e-02   2.3174861140662362e-04
   2.2265625000000000e-01  -1.8831016498312086e-01  -1.8766413492323641e-01   6.4603005988445039e-04
   2.3046875000000000e-01  -2.6406102535588549e-01  -2.6357678897578801e-01   4.8423638009748027e-04
   2.3828125000000000e-01  -6.8288456053330782e-02  -6.8424613423139963e-02   1.3615736980918114e-04
   2.4609375000000000e-01   2.2614148515564647e-01   2.2547637373337800e-01   6.6511142226846620e-04
   2.5390625000000000e-01   3.1950628410365134e-01   3.1890026436792629e-01   6.0601973572504964e-04
   2.6171875000000000e-01   8.5498910136650230e-02   8.5511774002284560e-02   1.2863865634329952e-05
   2.6953125000000000e-01  -2.7386010825722618e-01  -2.7321094712619032e-01   6.4916113103585804e-04
   2.7734375000000000e-01  -3.9853543392824020e-01  -3.9781746448084304e-01   7.1796944739715984e-04
   2.8515625000000000e-01  -1.2609279085325761e-01  -1.2595865147024479e-01   1.3413938301282124e-04
   2.9296875000000000e-01   3.1563813880033020e-01   3.1504389898817609e-01   5.9423981215411814e-04
   3.0078125000000000e-01   4.9597889342602391e-01   4.9516891220693438e-01   8.0998121908953946e-04
   3.0859375000000000e-01   1.9785454678195868e-01   1.9755300212603652e-01   3.0154465592216462e-04
   3.1640625000000000e-01  -3.3728411142632536e-01  -3.3678996128406585e-01   4.9415014225950848e-04
   3.2421875000000000e-01  -6.0189407383191362e-01  -6.0102355567197374e-01   8.7051815993988146e-04
   3.3203125000000000e-01  -3.0184240109803961e-01  -3.0136307953142955e-01   4.7932156661006919e-04
   3.3984375000000000e-01   3.2906309372305620e-01   3.2871359005671558e-01   3.4950366634062258e-04
   3.4765625000000000e-01   7.0727555417405508e-01   7.0638603188031923e-01   8.8952229373584490e-04
   3.5546875000000000e-01   4.3833882643032751e-01   4.3768486407800711e-01   6.5396235232040301e-04
   3.6328125000000000e-01  -2.8125978388915029e-01  -2.8109456822949302e-01   1.6521565965726959e-04
   3.7109375000000000e-01  -8.0193987083627416e-01  -8.0108160316114696e-01   8.5826767512720004e-04
   3.7890625000000000e-01  -6.0737926198785153e-01  -6.0657059309897809e-01   8.0866888887343169e-04
   3.8671875000000000e-01   1.8099732818625519e-01   1.8104476079826060e-01   4.7432612005404717e-05
   3.9453125000000000e-01   8.6938764442640659e-01   8.6861446116427210e-01   7.7318326213449140e-04
   4.0234375000000000e-01   8.0348884973815993e-01   8.0255727146442102e-01   9.3157827373890889e-04
   4.1015625000000000e-01  -1.5039521094439123e-02  -1.5314779904764229e-02   2.7525881032510607e-04
   4.1796875000000000e-01  -8.8518329369354620e-01  -8.8454604342684162e-01   6.3725026670458096e-04
   4.2578125000000000e-01  -1.0099204477416448e+00  -1.0089113986169378e+00   1.0090491247070066e-03
   4.3359375000000000e-01  -2.2335224815119420e-01  -2.2284862487340659e-01   5.0362327778760707e-04
   4.4140625000000000e-01   8.2063434523271883e-01   8.2018153911937097e-01   4.5280611334785892e-04
   4.4921875000000000e-01   1.1964864568686859e+00   1.1954573624503331e+00   1.0290944183528605e-03
   4.5703125000000000e-01   5.2750933567386915e-01   5.2679488407944464e-01   7.1445159442451445e-04
   4.6484375000000000e-01  -6.4978495997697550e-01  -6.4955591357897102e-01   2.2904639800447324e-04
   4.7265625000000000e-01  -1.3214631907066103e+00  -1.3204794258558177e+00   9.8376485079265663e-04
   4.8046875000000000e-01  -8.7238421479379791e-01  -8.7149577267956957e-01   8.8844211422833830e-04
   4.8828125000000000e-01   3.5789063567014695e-01   3.5791119458917847e-01   2.0558919031521405e-05
   4.9609375000000000e-01   1.3370580090070705e+00   1.3361903691469181e+00   8.6763986015236938e-04
   5.0390625000000000e-01   1.2121456303837499e+00   1.2111420593468358e+00   1.0035710369140638e-03
   5.1171875000000000e-01   4.9211860600055973e-02   4.8936619818424523e-02   2.7524078163145005e-04
   5.1953125000000000e-01  -1.1990060680464982e+00  -1.1983215340441331e+00   6.8453400236512252e-04
   5.2734375000000000e-01  -1.4820562265805872e+00  -1.4810109774768123e+00   1.0452491037749034e-03
   5.3515625000000000e-01  -5.3636404260903858e-01  -5.3585535724490485e-01   5.0868536413373189e-04
   5.4296875000000000e-01   8.8064628980329063e-01   8.8019605452996463e-01   4.5023527332599400e-04
   5.5078125000000000e-01   1.6074204360835576e+00   1.6064167315946967e+00   1.0037044888608904e-03
   5.5859375000000000e-01   1.0348634655842099e+00   1.0341678834730563e+00   6.9558211115361424e-04
   5.6640625000000000e-01  -3.8920157943117778e-01  -3.8901427284397261e-01   1.8730658720517157e-04
   5.7421875000000000e-01  -1.5211224612525915e+00  -1.5202422079081070e+00   8.8025334448449399e-04
   5.8203125000000000e-01  -1.4477863912907569e+00  -1.4469744424278868e+00   8.1194886287017098e-04
   5.8984375000000000e-01  -2.2134135426227752e-01  -2.2126917330350054e-01   7.2180958776979498e-05
   5.9765625000000000e-01   1.1875202275919028e+00   1.1868301847667548e+00   6.9004282514795179e-04
   6.0546875000000000e-01   1.6682428037539108e+00   1.6674001782901744e+00   8.4262546373636837e-04
   6.1328125000000000e-01   8.4819055927739850e-01   8.4789728913410256e-01   2.9327014329594281e-04
   6.2109375000000000e-01  -6.2600441835430654e-01  -6.2554294588990833e-01   4.6147246439820488e-04
   6.2890625000000000e-01  -1.6095838733064591e+00  -1.6087958709892727e+00   7.8800231718645364e-04
   6.3671875000000000e-01  -1.3548453587432023e+00  -1.3543947204418314e+00   4.5063830137093142e-04
   6.4453125000000000e-01  -7.5819040488068368e-02  -7.6047194490712372e-02   2.2815400264400432e-04
   6.5234375000000000e-01   1.2405747047797786e+00   1.2399108572645592e+00   6.6384751521941787e-04
   6.6015625000000000e-01   1.6049254282161765e+00   1.6044022088358618e+00   5.2321938031463233e-04
   6.6796875000000000e-01   7.6960041155451375e-01   7.6962919877754354e-01   2.8787223029791420e-05
   6.7578125000000000e-01  -6.1278316271761724e-01  -6.1228297299020307e-01   5.0018972741416867e-04
   6.8359375000000000e-01  -1.5084244400862838e+00  -1.5079091114451151e+00   5.1532864116876631e-04
   6.9140625000000000e-01  -1.2799293920737829e+00  -1.2798201262698730e+00   1.0926580390990814e-04
   6.9921875000000000e-01  -1.3495247226729637e-01  -1.3528652283916931e-01   3.3405057187294029e-04
   7.0703125000000000e-01   1.0650403183458637e+00   1.0645953166375837e+00   4.4500170827999064e-04
   7.1484375000000000e-01   1.4595536420073574e+00   1.4593808666683032e+00   1.7277533905413200e-04
   7.2265625000000000e-01   8.0565183063723023e-01   8.0585125247851663e-01   1.9942184128640683e-04
   7.3046875000000000e-01  -3.8410571117988135e-01  -3.8376360505962043e-01   3.4210612026092102e-04
   7.3828125000000000e-01  -1.2488188338206030e+00  -1.2486521033082176e+00   1.6673051238536019e-04
   7.4609375000000000e-01  -1.2051545590889736e+00  -1.2052735798153642e+00   1.1902072639058403e-04
   8.7890625000000000e-01   4.1101511528187956e-01   4.1106109825865150e-01   4.5982976771941075e-05
   8.8671875000000000e-01   6.4268863284919253e-01   6.4243849552786303e-01   2.5013732132950217e-04
   8.9453125000000000e-01   4.6218831823302520e-01   4.6184907746660958e-01   3.3924076641561607e-04
   9.0234375000000000e-01   2.2741098007754257e-02   2.2607959507619568e-02   1.3313850013468853e-04
   9.1015625000000000e-01  -3.8299947635337594e-01  -3.8280251440588114e-01   1.9696194749480034e-04
   9.1796875000000000e-01  -5.1592153575631450e-01  -5.1555511344705385e-01   3.6642230926065000e-04
   9.2578125000000000e-01  -3.2865697179065351e-01  -3.2843127231340274e-01   2.2569947725076256e-04
   9.3359375000000000e-01   2.8795930190214869e-02   2.8686090554098643e-02   1.0983963611622613e-04
   9.4140625000000000e-01   3.2417913428806422e-01   3.2382243993716453e-01   3.5669435089968893e-04
   9.4921875000000000e-01   3.9353485527318943e-01   3.9322965356748801e-01   3.0520170570141891e-04
   9.5703125000000000e-01   2.2945479133802937e-01   2.2945830817344276e-01   3.5168354133863211e-06
   9.6484375000000000e-01  -3.9070451684651952e-02  -3.8759604566328897e-02   3.1084711832305573e-04
   9.7265625000000000e-01  -2.4548669839895787e-01  -2.4512797249624663e-01   3.5872590271124327e-04
   9.8046875000000000e-01  -2.8787517277143448e-01  -2.8776923064724852e-01   1.0594212418596483e-04
   9.8828125000000000e-01  -1.7182225813631524e-01  -1.7205821654714559e-01   2.3595841083035030e-04
   9.9609375000000000e-01   1.6460749143405229e-02   1.6080101415783473e-02   3.8064772762175583e-04
   7.5390625000000000e-01  -3.3578341570021242e-01  -3.3602462350967721e-01   2.4120780946479403e-04
   7.6171875000000000e-01   7.1317785284780855e-01   7.1306243363053012e-01   1.1541921727842297e-04
   7.6953125000000000e-01   1.2162528377268393e+00   1.2163497027452521e+00   9.6865018412772841e-05
   7.7734375000000000e-01   8.6971086284147314e-01   8.6987997566846220e-01   1.6911282698905961e-04
   7.8515625000000000e-01  -3.4851298040604883e-02  -3.4806949419502922e-02   4.4348621101961139e-05
   7.9296875000000000e-01  -8.5421809963171602e-01  -8.5434190374416741e-01   1.2380411245138667e-04
   8.0078125000000000e-01  -1.0526731880099232e+00  -1.0528153522235257e+00   1.4216421360258025e-04
   8.0859375000000000e-01  -5.4850819784506566e-01  -5.4849395826997172e-01   1.4239575093943913e-05
   8.1640625000000000e-01   2.7236246525293928e-01   2.7254027763888433e-01   1.7781238594505311e-04
   8.2421875000000000e-01   8.5191887061041516e-01   8.5208126597103029e-01   1.6239536061513071e-04
   8.3203125000000000e-01   8.3889572602800178e-01   8.3885819039124609e-01   3.7535636755681168e-05
   8.3984375000000000e-01   2.9496218647469119e-01   2.9473047042644712e-01   2.3171604824406833e-04
   8.4765625000000000e-01  -3.8647879405308094e-01  -3.8669558048586322e-01   2.1678643278227883e-04
   8.5546875000000000e-01  -7.6440482255459685e-01  -7.6438860402643771e-01   1.6218528159139822e-05
   8.6328125000000000e-01  -6.3285412515876693e-01  -6.3259298303257072e-01   2.6114212619621213e-04
   8.7109375000000000e-01  -1.2401126075753505e-01  -1.2372757445846537e-01   2.8368629906967702e-04
