#                  Coord.                Numerical               Analytical                    Error
   3.9062500000000000e-03   9.9728370644075925e-01   9.9257213345328688e-01   4.7115729874723788e-03
   1.1718750000000000e-02   9.3948964227781750e-01   9.3779739159484832e-01   1.6922506829691875e-03
   1.9531250000000000e-02   8.8431549627994954e-01   8.8231776393203121e-01   1.9977323479183351e-03
   2.7343750000000000e-02   8.3026788243715077e-01   8.2608080154777275e-01   4.1870808893780254e-03
   3.5156250000000000e-02   7.7108353355565762e-01   7.6923685403253461e-01   1.8466795231230071e-03
   4.2968750000000000e-02   7.1326549674765094e-01   7.1216249096992223e-01   1.1030057777287050e-03
   5.0781250000000000e-02   6.5883353022256685e-01   6.5546066097993871e-01   3.3728692426281404e-03
   5.8593750000000000e-02   6.0187137154910131e-01   5.9993480662783738e-01   1.9365649212639280e-03
   6.6406250000000000e-02   5.4705942047246903e-01   5.4653684410671599e-01   5.2257636575303579e-04
   7.4218750000000000e-02   4.9876393209391701e-01   4.9629191774534892e-01   2.4720143485680857e-03
   8.2031250000000000e-02   4.5208049437474401e-01   4.5020582021123545e-01   1.8746741635085606e-03
   8.9843750000000000e-02   4.0937766584229374e-01   4.0916356678589949e-01   2.1409905639424576e-04
   9.7656250000000000e-02   3.7552908345329428e-01   3.7382947372326025e-01   1.6996097300340240e-03
   1.0546875000000000e-01   3.4627195713286163e-01   3.4455992068818342e-01   1.7120364446782110e-03
   1.1328125000000000e-01   3.2140140296366276e-01   3.2133957955189341e-01   6.1823411769357239e-05
   1.2109375000000000e-01   3.0488411944511568e-01   3.0375020410376141e-01   1.1339153413542635e-03
   1.2890625000000000e-01   2.9254943701365344e-01   2.9097818850270285e-01   1.5712485109505847e-03
   1.3671875000000000e-01   2.8185737671754968e-01   2.8186326260548145e-01   5.8858879317669199e-06
   1.4453125000000000e-01   2.7567689625187369e-01   2.7498628169295314e-01   6.9061455892055479e-04
   1.5234375000000000e-01   2.7028263467769115e-01   2.6878956724370917e-01   1.4930674339819761e-03
   1.6015625000000000e-01   2.6174248834009844e-01   2.6171919041238595e-01   2.3297927712495614e-05
   1.6796875000000000e-01   2.5264155777412745e-01   2.5237546954337509e-01   2.6608823075235932e-04
   1.7578125000000000e-01   2.4102380045156044e-01   2.3965620435369336e-01   1.3675960978670743e-03
   1.8359375000000000e-01   2.2305293065581952e-01   2.2287707925301753e-01   1.7585140280199085e-04
   1.9140625000000000e-01   2.0174644039443207e-01   2.0185533971290628e-01   1.0889931847421486e-04
   1.9921875000000000e-01   1.7799998670578554e-01   1.7694617531310983e-01   1.0538113926757131e-03
   2.0703125000000000e-01   1.4938830128090322e-01   1.4902592349698401e-01   3.6237778391920439e-04
   2.1484375000000000e-01   1.1913191888524825e-01   1.1942175541536251e-01   2.8983653011425969e-04
   2.2265625000000000e-01   9.0367333723770926e-02   8.9793312015407772e-02   5.7402170836315380e-04
   2.3046875000000000e-01   6.2366533872920966e-02   6.1977162157923975e-02   3.8937171499699164e-04
   2.3828125000000000e-01   3.7596335827227260e-02   3.7809317292965390e-02   2.1298146573812959e-04
   2.4609375000000000e-01   1.9113804063138954e-02   1.8943824476307922e-02   1.6997958683103234e-04
   2.5390625000000000e-01   6.8269134160276685e-03   6.6863082252504678e-03   1.4060519077720070e-04
   2.6171875000000000e-01   1.8052717663540703e-03   1.8600992234593910e-03   5.4827457105320740e-05
   2.6953125000000000e-01   4.8201203229100110e-03   4.7193740771589738e-03   1.0074624575103722e-04
   2.7734375000000000e-01   1.4696672779744966e-02   1.4918870458508912e-02   2.2219767876394646e-04
   2.8515625000000000e-01   3.1434886220925287e-02   3.1543769691642312e-02   1.0888347071702498e-04
   2.9296875000000000e-01   5.3533184467537076e-02   5.3196924276381702e-02   3.3626019115537420e-04
   3.0078125000000000e-01   7.7799400850040598e-02   7.8134477934461904e-02   3.3507708442130635e-04
   3.0859375000000000e-01   1.0399017416361277e-01   1.0443577711439284e-01   4.4560295078006906e-04
   3.1640625000000000e-01   1.3071087261998890e-01   1.3018988784552690e-01   5.2098477446199665e-04
   3.2421875000000000e-01   1.5368217347316371e-01   1.5367940885927994e-01   2.7646138837655876e-06
   3.3203125000000000e-01   1.7278399662580871e-01   1.7354277848928046e-01   7.5878186347175247e-04
   3.3984375000000000e-01   1.8921779905076941e-01   1.8889882759025495e-01   3.1897146051446112e-04
   3.4765625000000000e-01   1.9997806537329721e-01   1.9942161538683920e-01   5.5644998645801302e-04
   3.5546875000000000e-01   2.0471556356493867e-01   2.0535908662440844e-01   6.4352305946976940e-04
   3.6328125000000000e-01   2.0728056137661791e-01   2.0749516274577728e-01   2.1460136915937844e-04
   3.7109375000000000e-01   2.0788125477254743e-01   2.0706083194635172e-01   8.2042282619571028e-04
   3.7890625000000000e-01   2.0557663316309327e-01   2.0560497017356000e-01   2.8337010466727985e-05
   3.8671875000000000e-01   2.0419654186000283e-01   2.0483945492149724e-01   6.4291306149441563e-04
   3.9453125000000000e-01   2.0694579884380862e-01   2.0647524550919180e-01   4.7055333461681892e-04
   4.0234375000000000e-01   2.1274426058472629e-01   2.1206632815203050e-01   6.7793243269578807e-04
   4.1015625000000000e-01   2.2234096544301954e-01   2.2287681546405985e-01   5.3585002104031276e-04
   4.1796875000000000e-01   2.3946822747410593e-01   2.3978330981344823e-01   3.1508233934229857e-04
   4.2578125000000000e-01   2.6411612631615955e-01   2.6322031758621067e-01   8.9580872994887706e-04
   4.3359375000000000e-01   2.9330949026647218e-01   2.9317157589231929e-01   1.3791437415289209e-04
   4.4140625000000000e-01   3.2824727661649766e-01   3.2920520360593292e-01   9.5792698943525378e-04
   4.4921875000000000e-01   3.7088421053124532e-01   3.7054616466375023e-01   3.3804586749508481e-04
   4.5703125000000000e-01   4.1710830715883385e-01   4.1617609001153144e-01   9.3221714730240546e-04
   4.6484375000000000e-01   4.6405501798722609e-01   4.6494836221182706e-01   8.9334422460096707e-04
   4.7265625000000000e-01   5.1499569288215363e-01   5.1570567141281354e-01   7.0997853065990491e-04
   4.8046875000000000e-01   5.6859751515772827e-01   5.6738797644362138e-01   1.2095387141068947e-03
   4.8828125000000000e-01   6.1910097883941162e-01   6.1912076449163622e-01   1.9785652224602046e-05
   4.9609375000000000e-01   6.6876472358660077e-01   6.7027638525823652e-01   1.5116616716357445e-03
   5.0390625000000000e-01   7.2112967312689935e-01   7.2050464914779977e-01   6.2502397909958152e-04
   5.1171875000000000e-01   7.7088606577419372e-01   7.6973240413778254e-01   1.1536616364111740e-03
   5.1953125000000000e-01   8.1677638707930167e-01   8.1813504585357866e-01   1.3586587742769884e-03
   5.2734375000000000e-01   8.6556635239697266e-01   8.6608554048690967e-01   5.1918808993700605e-04
   5.3515625000000000e-01   9.1590263135215444e-01   9.1408832003887941e-01   1.8143113132750299e-03
   5.4296875000000000e-01   9.6255788025208655e-01   9.6270623053318660e-01   1.4835028110005144e-04
   5.5078125000000000e-01   1.0110795757129789e+00   1.0124885814442404e+00   1.4090057312614590e-03
   5.5859375000000000e-01   1.0653877615686789e+00   1.0639073708981113e+00   1.4803906705675995e-03
   5.6640625000000000e-01   1.1187960421742353e+00   1.1173071413359299e+00   1.4889008383054403e-03
   5.7421875000000000e-01   1.1715725062572955e+00   1.1728719016305305e+00   1.2993953732349794e-03
   5.8203125000000000e-01   1.2309956662529111e+00   1.2306103998546134e+00   3.8526639829772336e-04
   5.8984375000000000e-01   1.2929834682911923e+00   1.2903589967787090e+00   2.6244715124832396e-03
   5.9765625000000000e-01   1.3517366321151776e+00   1.3517996830414567e+00   6.3050926279117903e-05
   6.0546875000000000e-01   1.4138003731595503e+00   1.4144895505244202e+00   6.8917736486984182e-04
   6.1328125000000000e-01   1.4805824051182555e+00   1.4778973470791903e+00   2.6850580390651579e-03
   6.2109375000000000e-01   1.5431929850444408e+00   1.5414426181350604e+00   1.7503669093803520e-03
   6.2890625000000000e-01   1.6035678566408107e+00   1.6045333099854409e+00   9.6545334463016275e-04
   6.3671875000000000e-01   1.6683825627249564e+00   1.6665984701981640e+00   1.7840925267924579e-03
   6.4453125000000000e-01   1.7304378138788883e+00   1.7271136934472344e+00   3.3241204316538653e-03
   6.5234375000000000e-01   1.7855098639609031e+00   1.7856180788674254e+00   1.0821490652235255e-04
   6.6015625000000000e-01   1.8422943353120862e+00   1.8417225491719598e+00   5.7178614012642903e-04
   6.6796875000000000e-01   1.8991663554150371e+00   1.8951103172316630e+00   4.0560381833740777e-03
   6.7578125000000000e-01   1.9471850968719828e+00   1.9455309903604108e+00   1.6541065115720510e-03
   6.8359375000000000e-01   1.9926190830466688e+00   1.9927902322890230e+00   1.7114924235417384e-04
   6.9140625000000000e-01   2.0405320040569133e+00   2.0367370506417406e+00   3.7949534151726638e-03
   6.9921875000000000e-01   2.0809627146628733e+00   2.0772506692043375e+00   3.7120454585357621e-03
   7.0703125000000000e-01   2.1143242939067250e+00   2.1142286297316004e+00   9.5664175124632322e-05
   7.1484375000000000e-01   2.1504229714503147e+00   2.1475773136237173e+00   2.8456578265974031e-03
   7.2265625000000000e-01   2.1825579806002526e+00   2.1772055520921518e+00   5.3524285081008038e-03
   7.3046875000000000e-01   2.2044748716684972e+00   2.2030214748728532e+00   1.4533967956440463e-03
   7.3828125000000000e-01   2.2267298159450850e+00   2.2249322933430737e+00   1.7975226020112700e-03
   7.4609375000000000e-01   2.2488988723947574e+00   2.2428463707439374e+00   6.0525016508199414e-03
   8.7890625000000000e-01   1.9137766102264056e+00   1.9071175936391351e+00   6.6590165872704166e-03
   8.8671875000000000e-01   1.8563068940894292e+00   1.8534723771001047e+00   2.8345169893244648e-03
   8.9453125000000000e-01   1.8018000308957411e+00   1.7974731048708579e+00   4.3269260248832708e-03
   9.0234375000000000e-01   1.7464464173779395e+00   1.7395838832115653e+00   6.8625341663741679e-03
   9.1015625000000000e-01   1.6837900485687620e+00   1.6803076048453613e+00   3.4824437234006744e-03
   9.1796875000000000e-01   1.6233221148154824e+00   1.6201661414185367e+00   3.1559733969457326e-03
   9.2578125000000000e-01   1.5660956952757170e+00   1.5596749194188799e+00   6.4207758568370910e-03
   9.3359375000000000e-01   1.5034671895217842e+00   1.4993135879464947e+00   4.1536015752894340e-03
   9.4140625000000000e-01   1.4417928550536798e+00   1.4394953047721573e+00   2.2975502815225646e-03
   9.4921875000000000e-01   1.3860550641749705e+00   1.3805378097894110e+00   5.5172543855595002e-03
   9.5703125000000000e-01   1.3272919017430582e+00   1.3226398088047915e+00   4.6520929382667386e-03
   9.6484375000000000e-01   1.2676638850955446e+00   1.2658661619657854e+00   1.7977231297592322e-03
   9.7265625000000000e-01   1.2145040189842233e+00   1.2101449011739080e+00   4.3591178103152828e-03
   9.8046875000000000e-01   1.1601389223518683e+00   1.1552781805769410e+00   4.8607417749273463e-03
   9.8828125000000000e-01   1.1025907213443069e+00   1.1009679411553255e+00   1.6227801889814319e-03
   9.9609375000000000e-01   1.0499864006478499e+00   1.0468554515394788e+00   3.1309491083710839e-03
   7.5390625000000000e-01   2.2601798008421619e+00   2.2566767289482512e+00   3.5030718939106364e-03
   7.6171875000000000e-01   2.2676167024131417e+00   2.2663450875390452e+00   1.2716148740965494e-03
   7.6953125000000000e-01   2.2774861716670718e+00   2.2717856182474554e+00   5.7005534196163943e-03
   7.7734375000000000e-01   2.2784955330701337e+00   2.2729478009569828e+00   5.5477321131509605e-03
   7.8515625000000000e-01   2.2714022037267565e+00   2.2697980493451078e+00   1.6041543816487369e-03
   7.9296875000000000e-01   2.2669605066474880e+00   2.2623200897954190e+00   4.6404168520690625e-03
   8.0078125000000000e-01   2.2574493173867074e+00   2.2505143790862800e+00   6.9349383004273513e-03
   8.0859375000000000e-01   2.2371506441581626e+00   2.2343970902629975e+00   2.7535538951650729e-03
   8.1640625000000000e-01   2.2174500701296118e+00   2.2139993455413216e+00   3.4507245882902104e-03
   8.2421875000000000e-01   2.1966895543099243e+00   2.1893674051375163e+00   7.3221491724080323e-03
   8.3203125000000000e-01   2.1648767426084352e+00   2.1605644214258239e+00   4.3123211826112673e-03
   8.3984375000000000e-01   2.1303213320941392e+00   2.1276741443316602e+00   2.6471877624789641e-03
   8.4765625000000000e-01   2.0975815579345176e+00   2.0908066377446191e+00   6.7749201898985589e-03
   8.5546875000000000e-01   2.0558568050128980e+00   2.0501056740988401e+00   5.7511309140578781e-03
   8.6328125000000000e-01   2.0082191160572109e+00   2.0057570627538470e+00   2.4620533033639092e-03
   8.7109375000000000e-01   1.9636359783457267e+00   1.9579967931180633e+00   5.6391852276633792e-03
