#                  Coord.                Numerical               Analytical                    Error
   3.9062500000000000e-03  -1.1655095394953443e+00  -1.1635036590239964e+00   2.0058804713478651e-03
   1.1718750000000000e-02   3.6618438384067670e-01   3.6656244392162074e-01   3.7806008094404264e-04
   1.9531250000000000e-02   1.5062602900596729e+00   1.5047327649824083e+00   1.5275250772646132e-03
   2.7343750000000000e-02   1.4828082833887717e+00   1.4806699704201591e+00   2.1383129686125546e-03
   3.5156250000000000e-02   4.3253599009284249e-01   4.3154723568358316e-01   9.8875440925932923e-04
   4.2968750000000000e-02  -7.9852835973227188e-01  -7.9760378268513532e-01   9.2457704713655442e-04
   5.0781250000000000e-02  -1.3390908634561733e+00  -1.3370730194575555e+00   2.0178439986178187e-03
   5.8593750000000000e-02  -9.0731509523503051e-01  -9.0587734637611816e-01   1.4377488589123466e-03
   6.6406250000000000e-02   7.2873965871626867e-02   7.2600741404565544e-02   2.7322446706132264e-04
   7.4218750000000000e-02   8.6494074296379186e-01   8.6325573316046733e-01   1.6850098033245331e-03
   8.2031250000000000e-02   9.7010970853144884e-01   9.6843210634810872e-01   1.6776021833401211e-03
   8.9843750000000000e-02   4.2763533355462269e-01   4.2730741719576876e-01   3.2791635885393022e-04
   9.7656250000000000e-02  -3.0061830620480434e-01  -2.9940235124395559e-01   1.2159549608487530e-03
   1.0546875000000000e-01  -7.1069717213328532e-01  -7.0898948629313296e-01   1.7076858401523509e-03
   1.1328125000000000e-01  -5.9672624469265612e-01  -5.9592036385236136e-01   8.0588084029475926e-04
   1.2109375000000000e-01  -1.2973155540082409e-01  -1.3042997682714330e-01   6.9842142631920678e-04
   1.2890625000000000e-01   3.2668679282551805e-01   3.2512073249692836e-01   1.5660603285896912e-03
   1.3671875000000000e-01   4.8913570389802363e-01   4.8800985608662317e-01   1.1258478114004600e-03
   1.4453125000000000e-01   3.1848407708897597e-01   3.1869229198604632e-01   2.0821489707034679e-04
   1.5234375000000000e-01  -8.0981776399158545e-03  -6.7868172178616078e-03   1.3113604220542467e-03
   1.6015625000000000e-01  -2.5652691971020741e-01  -2.5523753978716412e-01   1.2893799230432879e-03
   1.6796875000000000e-01  -2.9460969900216066e-01  -2.9440559270133143e-01   2.0410630082923209e-04
   1.7578125000000000e-01  -1.4958170207778176e-01  -1.5058618547632580e-01   1.0044833985440316e-03
   1.8359375000000000e-01   4.7401703949747256e-02   4.6077444949563173e-02   1.3242590001840832e-03
   1.9140625000000000e-01   1.6702310220260463e-01   1.6650405697096507e-01   5.1904523163956440e-04
   1.9921875000000000e-01   1.5934815353720977e-01   1.6003984187484299e-01   6.9168833763322279e-04
   2.0703125000000000e-01   6.2745351467704769e-02   6.4012993078206001e-02   1.2676416105012328e-03
   2.1484375000000000e-01  -4.2859158819452903e-02  -4.2118416114764988e-02   7.4074270468791475e-04
   2.2265625000000000e-01  -9.4672649023261446e-02  -9.5072112353000407e-02   3.9946332973896104e-04
   2.3046875000000000e-01  -7.8878941657231527e-02  -8.0032424024609736e-02   1.1534823673782085e-03
   2.3828125000000000e-01  -2.4310412967345513e-02  -2.5196457741200426e-02   8.8604477385491320e-04
   2.4609375000000000e-01   2.6972745114873964e-02   2.7108881220431147e-02   1.3613610555718303e-04
   2.5390625000000000e-01   4.7776495832360377e-02   4.8780341544475733e-02   1.0038457121153560e-03
   2.6171875000000000e-01   3.6459931791245875e-02   3.7431796874690323e-02   9.7186508344444811e-04
   2.6953125000000000e-01   9.5578490340501310e-03   9.6565325453277402e-03   9.8683511277609243e-05
   2.7734375000000000e-01  -1.3447577507601616e-02  -1.4278465701953217e-02   8.3088819435160090e-04
   2.8515625000000000e-01  -2.1812181128225028e-02  -2.2821536242854695e-02   1.0093551146296668e-03
   2.9296875000000000e-01  -1.6269272599094831e-02  -1.6574656661377606e-02   3.0538406228277498e-04
   3.0078125000000000e-01  -4.5036398740148087e-03  -3.8594378283202638e-03   6.4420204569454491e-04
   3.0859375000000000e-01   5.4234236507438860e-03   6.4316435811473888e-03   1.0082199304035028e-03
   3.1640625000000000e-01   9.3195456510107855e-03   9.8043517801685021e-03   4.8480612915771659e-04
   3.2421875000000000e-01   7.4445588910289351e-03   6.9934845078206348e-03   4.5107438320830025e-04
   3.3203125000000000e-01   2.6617593269376849e-03   1.6858033130629046e-03   9.7595601387478028e-04
   3.3984375000000000e-01  -1.8623439743023218e-03  -2.4997566238728064e-03   6.3741264957048460e-04
   3.4765625000000000e-01  -4.1323699808790137e-03  -3.8737650141994970e-03   2.5860496667951677e-04
   3.5546875000000000e-01  -3.7393864492831774e-03  -2.8182607839268769e-03   9.2112566535630051e-04
   3.6328125000000000e-01  -1.5578530248209418e-03  -7.9137769806836332e-04   7.6647532675257852e-04
   3.7109375000000000e-01   9.0400952247415844e-04   8.3410764239308550e-04   6.9901880081072940e-05
   3.7890625000000000e-01   2.2704415173884218e-03   1.4219525496365606e-03   8.4848896775186118e-04
   3.8671875000000000e-01   1.9614692957007351e-03   1.0877829047942756e-03   8.7368639090645958e-04
   3.9453125000000000e-01   4.5880831828661039e-04   3.4536105394976005e-04   1.1344726433685034e-04
   4.0234375000000000e-01  -1.0410114853850461e-03  -2.8124904605779036e-04   7.5976243932725576e-04
   4.1015625000000000e-01  -1.4577843964502790e-03  -4.9906075233584722e-04   9.5872364411443180e-04
   4.1796875000000000e-01  -6.1263631115396344e-04  -3.2276137269993181e-04   2.8987493845403163e-04
   4.2578125000000000e-01   6.4374848530218687e-04  -1.2241265474579137e-05   6.5598975077676600e-04
   4.3359375000000000e-01   1.1424003355779699e-03   1.2087019211730972e-04   1.0215301434606601e-03
   4.4140625000000000e-01   4.3332524296564590e-04  -2.6428766643539557e-05   4.5975400960918545e-04
   4.4921875000000000e-01  -7.5210946483345031e-04  -2.1816508227119887e-04   5.3394438256225147e-04
   4.5703125000000000e-01  -1.1416752661935065e-03  -8.5738225069900961e-05   1.0559370411236055e-03
   4.6484375000000000e-01  -2.0826942152896155e-04   4.0914843531395661e-04   6.1741785684291811e-04
   4.7265625000000000e-01   1.1270567796373698e-03   7.3242883487466021e-04   3.9462794476270962e-04
   4.8046875000000000e-01   1.2811495025923519e-03   2.2394301163646132e-04   1.0572064909558907e-03
   4.8828125000000000e-01  -2.3478948042537223e-04  -9.9043402216598009e-04   7.5564454174060786e-04
   4.9609375000000000e-01  -1.8941568413285426e-03  -1.6522244859383088e-03   2.4193235539023378e-04
   5.0390625000000000e-01  -1.4681421166559128e-03  -4.4689936063924146e-04   1.0212427560166713e-03
   5.1171875000000000e-01   1.2905240973509757e-03   2.1534413879834152e-03   8.6291729063243949e-04
   5.1953125000000000e-01   3.5180785909242340e-03   3.4306022703862503e-03   8.7476320537983702e-05
   5.2734375000000000e-01   1.7755120829554549e-03   8.2466102602261600e-04   9.5085105693283893e-04
   5.3515625000000000e-01  -3.5248392773051043e-03  -4.4551145308807634e-03   9.3027525357565911e-04
   5.4296875000000000e-01  -6.8336790048297846e-03  -6.8871712404920665e-03   5.3492235662281826e-05
   5.5078125000000000e-01  -2.4785064480896124e-03  -1.6212056305992845e-03   8.5730081749032789e-04
   5.5859375000000000e-01   7.7454418719008489e-03   8.7026611885549013e-03   9.5721931665405241e-04
   5.6640625000000000e-01   1.3238728858886217e-02   1.3407336058605007e-02   1.6860719971878955e-04
   5.7421875000000000e-01   4.2334096098812501e-03   3.4770708805305335e-03   7.5633872935071660e-04
   5.8203125000000000e-01  -1.5031594783986579e-02  -1.5982231641721266e-02   9.5063685773468659e-04
   5.8984375000000000e-01  -2.5003490698616959e-02  -2.5252725970822849e-02   2.4923527220589020e-04
   5.9765625000000000e-01  -8.4971091009808375e-03  -7.8297692914791450e-03   6.6733980950169254e-04
   6.0546875000000000e-01   2.6544883626730686e-02   2.7472247943025985e-02   9.2736431629529895e-04
   6.1328125000000000e-01   4.5571225568455387e-02   4.5868892775752824e-02   2.9766720729743762e-04
   6.2109375000000000e-01   1.8225241526661988e-02   1.7620867119384542e-02   6.0437440727744568e-04
   6.2890625000000000e-01  -4.2928797293321996e-02  -4.3835402606021118e-02   9.0660531269912137e-04
   6.3671875000000000e-01  -7.9649939533667946e-02  -7.9972139730849018e-02   3.2220019718107173e-04
   6.4453125000000000e-01  -3.8832437314359425e-02  -3.8257383326273701e-02   5.7505398808572333e-04
   6.5234375000000000e-01   6.3033235898128481e-02   6.3940714523611761e-02   9.0747862548327951e-04
   6.6015625000000000e-01   1.3266622673308892e-01   1.3300725739796967e-01   3.4103066488075373e-04
   6.6796875000000000e-01   7.9137644981747857e-02   7.8561507716077256e-02   5.7613726567060097e-04
   6.7578125000000000e-01  -8.1816365094660726e-02  -8.2756761515903166e-02   9.4039642124243983e-04
   6.8359375000000000e-01  -2.0900521058148774e-01  -2.0937551204151530e-01   3.7030146002756115e-04
   6.9140625000000000e-01  -1.5161464960757870e-01  -1.5101834267426492e-01   5.9630693331377826e-04
   6.9921875000000000e-01   8.7637139050602525e-02   8.8646550827081880e-02   1.0094117764793548e-03
   7.0703125000000000e-01   3.0842209971774420e-01   3.0885012039389742e-01   4.2802067615321793e-04
   7.1484375000000000e-01   2.7074518950082588e-01   2.7012885360732780e-01   6.1633589349807671e-04
   7.2265625000000000e-01  -5.9981816388671338e-02  -6.1090741357836827e-02   1.1089249691654882e-03
   7.3046875000000000e-01  -4.2061683414527512e-01  -4.2114399403430047e-01   5.2715988902535260e-04
   7.3828125000000000e-01  -4.4806698492532132e-01  -4.4745223645702337e-01   6.1474846829795426e-04
   7.4609375000000000e-01  -3.0291682473835235e-02  -2.9063900868582061e-02   1.2277816052531747e-03
   8.7890625000000000e-01  -8.7781218746911693e-01  -8.7882993233982920e-01   1.0177448707122672e-03
   8.8671875000000000e-01  -1.9890010307026817e+00  -1.9882533950471826e+00   7.4763565549917921e-04
   8.9453125000000000e-01  -1.5148476369496242e+00  -1.5129127052211291e+00   1.9349317284951262e-03
   9.0234375000000000e-01   2.2331199960073861e-01   2.2482736816273885e-01   1.5153685620002411e-03
   9.1015625000000000e-01   1.8443467119151111e+00   1.8441382842816259e+00   2.0842763348527527e-04
   9.1796875000000000e-01   2.0280024295799466e+00   2.0261910565523702e+00   1.8113730275763906e-03
   9.2578125000000000e-01   6.0165821351644755e-01   5.9972491436380493e-01   1.9332991526426202e-03
   9.3359375000000000e-01  -1.3115658771660315e+00  -1.3119916561723661e+00   4.2577900633467003e-04
   9.4140625000000000e-01  -2.2020162587665135e+00  -2.2005365831773260e+00   1.4796755891874902e-03
   9.4921875000000000e-01  -1.3842033315394957e+00  -1.3820163307057278e+00   2.1870008337678826e-03
   9.5703125000000000e-01   4.7722619235095887e-01   4.7829910522630770e-01   1.0729128753488304e-03
   9.6484375000000000e-01   1.9275183024859339e+00   1.9265623748999512e+00   9.5592758598272987e-04
   9.7265625000000000e-01   1.8812616184412734e+00   1.8790512055504278e+00   2.2104128908455589e-03
   9.8046875000000000e-01   4.4044963591030151e-01   4.3881865272003839e-01   1.6309831902631133e-03
   9.8828125000000000e-01  -1.2480132202539869e+00  -1.2477096444681393e+00   3.0357578584760958e-04
   9.9609375000000000e-01  -1.9241327503818526e+00  -1.9221521951812908e+00   1.9805552005618399e-03
   7.5390625000000000e-01   5.1926635243304631e-01   5.1994406437872875e-01   6.7771194568244653e-04
   7.6171875000000000e-01   6.8315658410418489e-01   6.8258745551016187e-01   5.6912859402302729e-04
   7.6953125000000000e-01   2.1533369584903517e-01   2.1398761933950400e-01   1.3460765095311689e-03
   7.7734375000000000e-01  -5.5886105952982079e-01  -5.5974532237885810e-01   8.8426284903730945e-04
   7.8515625000000000e-01  -9.5192852787170690e-01  -9.5148223033598889e-01   4.4629753571800990e-04
   7.9296875000000000e-01  -5.1715071209198016e-01  -5.1571734875294306e-01   1.4333633390370970e-03
   8.0078125000000000e-01   4.7939563789334272e-01   4.8053316551684799e-01   1.1375276235052745e-03
   8.0859375000000000e-01   1.1972013930773882e+00   1.1969726177941105e+00   2.2877528327769348e-04
   8.1640625000000000e-01   9.2798199601468889e-01   9.2652784317790116e-01   1.4541528367877365e-03
   8.2421875000000000e-01  -2.2346324090327110e-01  -2.2487970893804377e-01   1.4164680347726610e-03
   8.3203125000000000e-01  -1.3296949715368158e+00  -1.3297929721176027e+00   9.8000580786905545e-05
   8.3984375000000000e-01  -1.3909874724310027e+00  -1.3896219324210892e+00   1.3655400099135129e-03
   8.4765625000000000e-01  -2.3430571845566564e-01  -2.3262636324893532e-01   1.6793552067303208e-03
   8.5546875000000000e-01   1.2477974556923961e+00   1.2483223521720461e+00   5.2489647965003883e-04
   8.6328125000000000e-01   1.7938824074141384e+00   1.7927481227530739e+00   1.1342846610644663e-03
   8.7109375000000000e-01   8.5446005414114501e-01   8.5258789546463498e-01   1.8721586765100273e-03
