#                  Coord.                Numerical               Analytical                    Error
   3.9062500000000000e-03   1.5231003166255011e-01   1.5167276138493477e-01   6.3727027761534272e-04
   1.1718750000000000e-02   5.3430391189770465e-01   5.3422428859145232e-01   7.9623306252329940e-05
   1.9531250000000000e-02   4.9416825981392637e-01   4.9476244146977882e-01   5.9418165585245486e-04
   2.7343750000000000e-02   9.0984509006072842e-02   9.1668228325991946e-02   6.8371931991910440e-04
   3.5156250000000000e-02  -3.5882593177900618e-01  -3.5876868335742657e-01   5.7248421579614295e-05
   4.2968750000000000e-02  -5.4326008274847792e-01  -5.4395121050576833e-01   6.9112775729041065e-04
   5.0781250000000000e-02  -3.6367701797912871e-01  -3.6447654810276275e-01   7.9953012363404019e-04
   5.8593750000000000e-02   4.0207000054300057e-02   4.0109477032691555e-02   9.7523021608501848e-05
   6.6406250000000000e-02   4.1388814481226810e-01   4.1467274646532287e-01   7.8460165305477281e-04
   7.4218750000000000e-02   5.4179846463497072e-01   5.4277959517424690e-01   9.8113053927617599e-04
   8.2031250000000000e-02   3.4721261010545185e-01   3.4743942676457462e-01   2.2681665912277493e-04
   8.9843750000000000e-02  -7.6979348175884921e-02  -7.7817498008762906e-02   8.3814983287798517e-04
   9.7656250000000000e-02  -4.9979404537820787e-01  -5.0100663408573753e-01   1.2125887075296604e-03
   1.0546875000000000e-01  -6.5250039265779902e-01  -6.5296557982737713e-01   4.6518716957810735e-04
   1.1328125000000000e-01  -3.8639717681907731e-01  -3.8558844638368223e-01   8.0873043539508860e-04
   1.2109375000000000e-01   1.9072264969679353e-01   1.9218345053024360e-01   1.4608008334500711e-03
   1.2890625000000000e-01   7.2198036098271312e-01   7.2279737952276335e-01   8.1701854005022945e-04
   1.3671875000000000e-01   8.0880857841783071e-01   8.0815415979066918e-01   6.5441862716153487e-04
   1.4453125000000000e-01   3.1204492647092041e-01   3.1037023120320756e-01   1.6746952677128557e-03
   1.5234375000000000e-01  -4.8314007058231739e-01  -4.8440309161488732e-01   1.2630210325699220e-03
   1.6015625000000000e-01  -1.0134612317555045e+00  -1.0131191920602085e+00   3.4203969529600364e-04
   1.6796875000000000e-01  -8.3904812112610461e-01  -8.3725915911558313e-01   1.7889620105214776e-03
   1.7578125000000000e-01  -1.2076552066839996e-02  -1.0326465252173875e-02   1.7500868146661207e-03
   1.8359375000000000e-01   8.9915703556400528e-01   8.9928569502616984e-01   1.2865946216455981e-04
   1.9140625000000000e-01   1.2002748701691905e+00   1.1985309415266492e+00   1.7439286425413592e-03
   1.9921875000000000e-01   6.0817619036624149e-01   6.0597569006346597e-01   2.2005003027755210e-03
   2.0703125000000000e-01  -4.8573141238174078e-01  -4.8645207901522169e-01   7.2066663348091531e-04
   2.1484375000000000e-01  -1.2682016802349909e+00  -1.2666970648982656e+00   1.5046153367253012e-03
   2.2265625000000000e-01  -1.1156548710943892e+00  -1.1131242487159752e+00   2.5306223784140602e-03
   2.3046875000000000e-01  -1.0031811966777325e-01  -9.8953490667085656e-02   1.3646290006875950e-03
   2.3828125000000000e-01   1.0253680605824489e+00   1.0242966376896072e+00   1.0714228928416780e-03
   2.4609375000000000e-01   1.3891681353793728e+00   1.3864992164232515e+00   2.6689189561213134e-03
   2.5390625000000000e-01   6.8568376832667144e-01   6.8371569235501417e-01   1.9680759716572682e-03
   2.6171875000000000e-01  -5.5844264980810443e-01  -5.5795168150960306e-01   4.9096829850137080e-04
   2.6953125000000000e-01  -1.3763282870575155e+00  -1.3737470338954096e+00   2.5812531621058898e-03
   2.7734375000000000e-01  -1.1209192825918191e+00  -1.1184731489136572e+00   2.4461336781618215e-03
   2.8515625000000000e-01   1.0156730841720779e-02   1.0323392791246043e-02   1.6666194952526421e-04
   2.9296875000000000e-01   1.1201850923048227e+00   1.1179119500068864e+00   2.2731422979362925e-03
   3.0078125000000000e-01   1.3285668549563487e+00   1.3258346660225477e+00   2.7321889338010052e-03
   3.0859375000000000e-01   4.8191304789345041e-01   4.8110161913496402e-01   8.1142875848638774e-04
   3.1640625000000000e-01  -7.2311445291919996e-01  -7.2132225471932154e-01   1.7921981998784142e-03
   3.2421875000000000e-01  -1.3120989123628632e+00  -1.3092986967276303e+00   2.8002156352329166e-03
   3.3203125000000000e-01  -8.3024439009008688e-01  -8.2888043586369842e-01   1.3639542263884641e-03
   3.3984375000000000e-01   2.9602046849626579e-01   2.9480706009598900e-01   1.2134084002767831e-03
   3.4765625000000000e-01   1.1299874836636306e+00   1.1273187387471155e+00   2.6687449165150312e-03
   3.5546875000000000e-01   1.0091167560991425e+00   1.0073396023010535e+00   1.7771537980890706e-03
   3.6328125000000000e-01   8.0217493468137779e-02   8.0828019202707241e-02   6.1052573456946146e-04
   3.7109375000000000e-01  -8.5558213036461062e-01  -8.5320026438614183e-01   2.3818659784687890e-03
   3.7890625000000000e-01  -1.0357302519738700e+00  -1.0336974337533995e+00   2.0328182204705225e-03
   3.8671875000000000e-01  -3.6455435216529475e-01  -3.6460210566775647e-01   4.7753502461722608e-05
   3.9453125000000000e-01   5.4828441130425898e-01   5.4628580695794959e-01   1.9986043463093850e-03
   4.0234375000000000e-01   9.4055836205532839e-01   9.3841281699309320e-01   2.1455450622351879e-03
   4.1015625000000000e-01   5.4019100649286089e-01   5.3975195128093412e-01   4.3905521192677543e-04
   4.1796875000000000e-01  -2.5068631272372921e-01  -2.4911328962191129e-01   1.5730231018179219e-03
   4.2578125000000000e-01  -7.5143313709633186e-01  -7.4929154293077205e-01   2.1415941655598125e-03
   4.3359375000000000e-01  -5.9491693629082043e-01  -5.9408277161322276e-01   8.3416467759767077e-04
   4.4140625000000000e-01   4.5001410130184882e-03   3.3554170535796870e-03   1.1447239594388012e-03
   4.4921875000000000e-01   5.0203821535918935e-01   4.9998519316833789e-01   2.0530221908514612e-03
   4.5703125000000000e-01   5.2070450777265276e-01   5.1956448580451475e-01   1.1400219681380053e-03
   4.6484375000000000e-01   1.3937103970818299e-01   1.4010837185058717e-01   7.3733214240417899e-04
   4.7265625000000000e-01  -2.5083009312941851e-01  -2.4892112822837917e-01   1.9089649010393395e-03
   4.8046875000000000e-01  -3.3650602876845598e-01  -3.3513415029219751e-01   1.3718784762584701e-03
   4.8828125000000000e-01  -1.3748332468154678e-01  -1.3783819222012172e-01   3.5486753857494335e-04
   4.9609375000000000e-01   8.1839361047502446e-02   8.0114815863325431e-02   1.7245451841770149e-03
   5.0390625000000000e-01   1.1156022996909926e-01   1.1001690668645973e-01   1.5433232826395221e-03
   5.1171875000000000e-01  -7.8331698135914452e-03  -7.8404895189052425e-03   7.3197053137973728e-06
   5.1953125000000000e-01  -7.0694952496254307e-02  -6.9191117943742261e-02   1.5038345525120456e-03
   5.2734375000000000e-01   4.2611657856748038e-02   4.4275196773044909e-02   1.6635389162968708e-03
   5.3515625000000000e-01   2.2044659140286960e-01   2.2080545515836533e-01   3.5886375549573635e-04
   5.4296875000000000e-01   2.3127938411949489e-01   2.3003915897904020e-01   1.2402251404546871e-03
   5.5078125000000000e-01  -2.2321078460302513e-02  -2.4051995032911774e-02   1.7309165726092611e-03
   5.5859375000000000e-01  -3.6629661076199704e-01  -3.6700160595185272e-01   7.0499518985567278e-04
   5.6640625000000000e-01  -4.8336685131188806e-01  -4.8244436818595388e-01   9.2248312593418147e-04
   5.7421875000000000e-01  -2.0190772805634538e-01  -2.0017383967983948e-01   1.7338883765058988e-03
   5.8203125000000000e-01   3.1697081717738607e-01   3.1801256275982132e-01   1.0417455824352495e-03
   5.8984375000000000e-01   6.7468495151778829e-01   6.7414347673004338e-01   5.4147478774491109e-04
   5.9765625000000000e-01   5.4929662007373425e-01   5.4764373436247571e-01   1.6528857112585449e-03
   6.0546875000000000e-01  -2.6132745177113725e-02  -2.7484374112993017e-02   1.3516289358792913e-03
   6.1328125000000000e-01  -6.5415082950646597e-01  -6.5405335601571235e-01   9.7473490753618997e-05
   6.2109375000000000e-01  -8.5466127747501763e-01  -8.5319577300484251e-01   1.4655044701751274e-03
   6.2890625000000000e-01  -4.3132931841458100e-01  -4.2972710094184730e-01   1.6022174727337024e-03
   6.3671875000000000e-01   3.5489166823590068e-01   3.5528384532431223e-01   3.9217708841154941e-04
   6.4453125000000000e-01   9.4678739884307461e-01   9.4563025861332584e-01   1.1571402297487765e-03
   6.5234375000000000e-01   8.8591514303182939e-01   8.8416346124148604e-01   1.7516817903433513e-03
   6.6015625000000000e-01   1.6380416936346359e-01   1.6291685843608136e-01   8.8731092738222883e-04
   6.6796875000000000e-01  -7.3444750122931546e-01  -7.3371700470855827e-01   7.3049652075718452e-04
   6.7578125000000000e-01  -1.1521448995470043e+00  -1.1503856284884748e+00   1.7592710585294657e-03
   6.8359375000000000e-01  -7.4055972894596711e-01  -7.3922712330671403e-01   1.3326056392530816e-03
   6.9140625000000000e-01   2.5088909720211433e-01   2.5067535656271756e-01   2.1374063939677557e-04
   6.9921875000000000e-01   1.1138940216443916e+00   1.1122928306616231e+00   1.6011909827684523e-03
   7.0703125000000000e-01   1.1859695990120438e+00   1.1843019106687165e+00   1.6676883433273115e-03
   7.1484375000000000e-01   3.6470290954466766e-01   3.6436113594355651e-01   3.4177360111115052e-04
   7.2265625000000000e-01  -7.7078145673375920e-01  -7.6950273108281830e-01   1.2787256509408929e-03
   7.3046875000000000e-01  -1.3635503980656365e+00  -1.3617110991766506e+00   1.8392988889859296e-03
   7.3828125000000000e-01  -9.3242320567624604e-01  -9.3155781680108307e-01   8.6538887516296459e-04
   7.4609375000000000e-01   2.2729313028033721e-01   2.2646511881091672e-01   8.2801146942049209e-04
   8.7890625000000000e-01  -2.5355202556618994e-01  -2.5244058198856756e-01   1.1114435776223841e-03
   8.8671875000000000e-01  -9.0031622413269741e-01  -8.9926061805386792e-01   1.0556060788294852e-03
   8.9453125000000000e-01  -7.4181268664275546e-01  -7.4171912307889798e-01   9.3563563857479437e-05
   9.0234375000000000e-01   1.7718369528308853e-02   1.6856159383985225e-02   8.6221014432362811e-04
   9.1015625000000000e-01   6.8341889858852201e-01   6.8244479291661397e-01   9.7410567190803210e-04
   9.1796875000000000e-01   6.9845032632813964e-01   6.9823764027358060e-01   2.1268605455904144e-04
   9.2578125000000000e-01   1.1024528309781817e-01   1.1090907842438089e-01   6.6379532656271611e-04
   9.3359375000000000e-01  -5.1767613802119450e-01  -5.1682405083693483e-01   8.5208718425966445e-04
   9.4140625000000000e-01  -6.3376952627796035e-01  -6.3353267744952912e-01   2.3684882843122423e-04
   9.4921875000000000e-01  -1.7647200539895797e-01  -1.7701410293366870e-01   5.4209753471073929e-04
   9.5703125000000000e-01   4.0985838461685620e-01   4.0912184541180885e-01   7.3653920504734849e-04
   9.6484375000000000e-01   5.9977256011655600e-01   5.9957256213412369e-01   1.9999798243230948e-04
   9.7265625000000000e-01   2.4873204950764857e-01   2.4923058880844076e-01   4.9853930079218900e-04
   9.8046875000000000e-01  -3.1055763935810798e-01  -3.0989913244013334e-01   6.5850691797464389e-04
   9.8828125000000000e-01  -5.8869707010869332e-01  -5.8856069989913284e-01   1.3637020956047685e-04
   9.9609375000000000e-01  -3.6493320965983633e-01  -3.6545566545859620e-01   5.2245579875986881e-04
   7.5390625000000000e-01   1.2368405398344353e+00   1.2350192590626350e+00   1.8212807718003265e-03
   7.6171875000000000e-01   1.3047424747154892e+00   1.3034536359194264e+00   1.2888387960627856e-03
   7.6953125000000000e-01   3.6025746865363911e-01   3.6056952314488022e-01   3.1205449124110940e-04
   7.7734375000000000e-01  -8.6725151628062436e-01  -8.6562863417406077e-01   1.6228821065635834e-03
   7.8515625000000000e-01  -1.4126372811910508e+00  -1.4110835125426904e+00   1.5537686483604318e-03
   7.9296875000000000e-01  -8.4590705912452724e-01  -8.4571514610156862e-01   1.9191302295862300e-04
   8.0078125000000000e-01   3.7552697952611003e-01   3.7424129194631484e-01   1.2856875797951917e-03
   8.0859375000000000e-01   1.2723499343844673e+00   1.2707100388828307e+00   1.6398955016365679e-03
   8.1640625000000000e-01   1.1374058712379831e+00   1.1367937765242031e+00   6.1209471377998703e-04
   8.2421875000000000e-01   1.0719890285116551e-01   1.0807812568254573e-01   8.7922283138021362e-04
   8.3203125000000000e-01  -9.6253778345510688e-01  -9.6097441492560209e-01   1.5633685295047828e-03
   8.3984375000000000e-01  -1.2113454788656808e+00  -1.2104432953580011e+00   9.0218350767967692e-04
   8.4765625000000000e-01  -4.7851987862292211e-01  -4.7899520253049843e-01   4.7532390757631937e-04
   8.5546875000000000e-01   5.8965577605536046e-01   5.8828945472406158e-01   1.3663213312988809e-03
   8.6328125000000000e-01   1.1059702760841543e+00   1.1049267097635620e+00   1.0435663205923262e-03
   8.7109375000000000e-01   6.8747355065594473e-01   6.8761208634898241e-01   1.3853569303767799e-04
