#                  Coord.                Numerical               Analytical                    Error
   3.9062500000000000e-03   9.3255240447596710e-01   9.3205972142196503e-01   4.9268305400207435e-04
   1.1718750000000000e-02   1.0477393105031512e+00   1.0476229296271242e+00   1.1638087602694469e-04
   1.9531250000000000e-02   3.5513707471659101e-01   3.5548686000737711e-01   3.4978529078610876e-04
   2.7343750000000000e-02  -5.3612439065071327e-01  -5.3562115155103796e-01   5.0323909967531222e-04
   3.5156250000000000e-02  -9.1730251280273145e-01  -9.1708229159974386e-01   2.2022120298759162e-04
   4.2968750000000000e-02  -5.5833077847622747e-01  -5.5857818901579770e-01   2.4741053957022530e-04
   5.0781250000000000e-02   1.5923974796382639e-01   1.5875204047576805e-01   4.8770748805834763e-04
   5.8593750000000000e-02   6.2606010809239288e-01   6.2576636715804090e-01   2.9374093435197146e-04
   6.6406250000000000e-02   5.3144245323595984e-01   5.3160213622229047e-01   1.5968298633062261e-04
   7.4218750000000000e-02   7.0875505202685929e-02   7.1340983118691123e-02   4.6547791600519417e-04
   8.2031250000000000e-02  -3.0459351632710474e-01  -3.0424405911652658e-01   3.4945721057816348e-04
   8.9843750000000000e-02  -3.2013697352785653e-01  -3.2022315294996412e-01   8.6179422107590664e-05
   9.7656250000000000e-02  -8.2786585935969187e-02  -8.3233368460934903e-02   4.4678252496571647e-04
   1.0546875000000000e-01   9.5951932759704983e-02   9.5550361142914556e-02   4.0157161679042763e-04
   1.1328125000000000e-01   4.5398981195729937e-02   4.5415230573826702e-02   1.6249378096765132e-05
   1.2109375000000000e-01  -1.0528805692850862e-01  -1.0485768296136885e-01   4.3037396713976883e-04
   1.2890625000000000e-01  -9.9341632902980342e-02  -9.8883103352911880e-02   4.5852955006846219e-04
   1.3671875000000000e-01   1.3801063329324770e-01   1.3807529891496859e-01   6.4665621720888522e-05
   1.4453125000000000e-01   3.8236121071852108e-01   3.8195512084065020e-01   4.0608987787088546e-04
   1.5234375000000000e-01   3.2059759127823118e-01   3.2007527920831741e-01   5.2231206991376622e-04
   1.6015625000000000e-01  -1.0824432923261068e-01  -1.0840999963466570e-01   1.6567040205502093e-04
   1.6796875000000000e-01  -5.8596855392940006e-01  -5.8561001287316994e-01   3.5854105623012167e-04
   1.7578125000000000e-01  -6.5959417797476272e-01  -6.5901402096686901e-01   5.8015700789371127e-04
   1.8359375000000000e-01  -1.6207358552989626e-01  -1.6178442843766935e-01   2.8915709222690489e-04
   1.9140625000000000e-01   5.7612088217092061e-01   5.7584751072248608e-01   2.7337144843453398e-04
   1.9921875000000000e-01   9.5054127187526305e-01   9.4992715997760946e-01   6.1411189765359087e-04
   2.0703125000000000e-01   5.8598654594968547e-01   5.8556168857312918e-01   4.2485737655628686e-04
   2.1484375000000000e-01  -3.0485844923313582e-01  -3.0471406295209874e-01   1.4438628103707885e-04
   2.2265625000000000e-01  -1.0394893776664162e+00  -1.0388859430318540e+00   6.0343463456224988e-04
   2.3046875000000000e-01  -1.0001346201032231e+00  -9.9958512255636611e-01   5.4949754685695851e-04
   2.3828125000000000e-01  -1.5832117887089137e-01  -1.5830266006060056e-01   1.8518810290801824e-05
   2.4609375000000000e-01   8.5809042257203694e-01   8.5755412524559238e-01   5.3629732644455697e-04
   2.5390625000000000e-01   1.2420477209698038e+00   1.2414118344922744e+00   6.3588647752932381e-04
   2.6171875000000000e-01   6.6028457335551372e-01   6.6009134423634985e-01   1.9322911916386243e-04
   2.6953125000000000e-01  -4.5351306649136514e-01  -4.5309811425843827e-01   4.1495223292686845e-04
   2.7734375000000000e-01  -1.2250004512226833e+00  -1.2243364423049139e+00   6.6400891776940973e-04
   2.8515625000000000e-01  -1.0380622241946280e+00  -1.0377163701290131e+00   3.4585406561493670e-04
   2.9296875000000000e-01  -3.9632247223361616e-02  -3.9891372182452506e-02   2.5912495909088951e-04
   3.0078125000000000e-01   9.7174853079563706e-01   9.7112218107859472e-01   6.2634971704234044e-04
   3.0859375000000000e-01   1.1926250030924650e+00   1.1921732414922723e+00   4.5176160019266831e-04
   3.1640625000000000e-01   4.6750020399077297e-01   4.6759564171472673e-01   9.5437723953761822e-05
   3.2421875000000000e-01  -5.9300136614745558e-01  -5.9246977459343830e-01   5.3159155401727443e-04
   3.3203125000000000e-01  -1.1258214043278547e+00  -1.1253263350646672e+00   4.9506926318754196e-04
   3.3984375000000000e-01  -7.2857831881772461e-01  -7.2852998835846172e-01   4.8330459262890813e-05
   3.4765625000000000e-01   2.2530883842511806e-01   2.2490962987367893e-01   3.9920855143912859e-04
   3.5546875000000000e-01   9.2490790276726242e-01   9.2443514410830152e-01   4.7275865896090341e-04
   3.6328125000000000e-01   8.1303177762516121e-01   8.1288276238261203e-01   1.4901524254917753e-04
   3.7109375000000000e-01   3.8257639524662490e-02   3.8513584491269306e-02   2.5594496660681643e-04
   3.7890625000000000e-01  -7.0533281899620970e-01  -7.0493673093901033e-01   3.9608805719937301e-04
   3.8671875000000000e-01  -7.9146263983214227e-01  -7.9126423032029758e-01   1.9840951184468825e-04
   3.9453125000000000e-01  -1.8875832879066179e-01  -1.8888118119719111e-01   1.2285240652931684e-04
   4.0234375000000000e-01   5.4292680476037636e-01   5.4264413318636595e-01   2.8267157401040688e-04
   4.1015625000000000e-01   7.6010677747437039e-01   7.5991568000305376e-01   1.9109747131662580e-04
   4.1796875000000000e-01   2.9155135921744252e-01   2.9157042928457144e-01   1.9070067128923451e-05
   4.2578125000000000e-01  -4.3328871876254627e-01  -4.3313703098018924e-01   1.5168778235702396e-04
   4.3359375000000000e-01  -7.7344790510339245e-01  -7.7331025275855181e-01   1.3765234484064415e-04
   4.4140625000000000e-01  -4.3096059701088274e-01  -4.3091333874653570e-01   4.7258264347038725e-05
   4.4921875000000000e-01   3.0324988981739165e-01   3.0322968259113148e-01   2.0207226260171574e-05
   4.5703125000000000e-01   8.0495224077407224e-01   8.0490470015190951e-01   4.7540622162722812e-05
   4.6484375000000000e-01   6.4220929515792968e-01   6.4213858274761360e-01   7.0712410316087215e-05
   4.7265625000000000e-01  -6.9378046392155945e-02  -6.9474473668509756e-02   9.6427276353810987e-05
   4.8046875000000000e-01  -7.6266622039694010e-01  -7.6273366694211575e-01   6.7446545175653405e-05
   4.8828125000000000e-01  -8.7455269355670651e-01  -8.7450361834206014e-01   4.9075214646365772e-05
   4.9609375000000000e-01  -2.9264366587244700e-01  -2.9245998946561486e-01   1.8367640683214503e-04
   5.0390625000000000e-01   5.5237882840981067e-01   5.5257229011704068e-01   1.9346170723000267e-04
   5.1171875000000000e-01   1.0122332063932906e+00   1.0122487902706427e+00   1.5583877352121078e-05
   5.1953125000000000e-01   7.1398562474983007e-01   7.1375815680215782e-01   2.2746794767225520e-04
   5.2734375000000000e-01  -1.4834776714668463e-01  -1.4866162079521353e-01   3.1385364852890008e-04
   5.3515625000000000e-01  -9.4221691294134702e-01  -9.4233976370229144e-01   1.2285076094442626e-04
   5.4296875000000000e-01  -1.0586355381591188e+00  -1.0584212062586738e+00   2.1433190044506389e-04
   5.5078125000000000e-01  -3.7539050252131362e-01  -3.7498321819013175e-01   4.0728433118186746e-04
   5.5859375000000000e-01   6.2548537203412047e-01   6.2574234585710531e-01   2.5697382298484062e-04
   5.6640625000000000e-01   1.1939875842262104e+00   1.1938488405320984e+00   1.3874369411204235e-04
   5.7421875000000000e-01   8.7427747907674713e-01   8.7382550507348178e-01   4.5197400326535409e-04
   5.8203125000000000e-01  -1.2592848949547314e-01  -1.2632584914498821e-01   3.9735964951506664e-04
   5.8984375000000000e-01  -1.0609094326192872e+00  -1.0609064068399827e+00   3.0257793044441428e-06
   5.9765625000000000e-01  -1.2036270398468709e+00  -1.2031992136939929e+00   4.2782615287806358e-04
   6.0546875000000000e-01  -4.1982754417253815e-01  -4.1931350896450853e-01   5.1403520802961733e-04
   6.1328125000000000e-01   7.0020507479328387e-01   7.0037929750340489e-01   1.7422271012101920e-04
   6.2109375000000000e-01   1.2848375380935286e+00   1.2845100565333416e+00   3.2748156018702623e-04
   6.2890625000000000e-01   8.6900264470555566e-01   8.6842596965910124e-01   5.7667504645442236e-04
   6.3671875000000000e-01  -2.2366955446894243e-01  -2.2403060852922707e-01   3.6105406028463793e-04
   6.4453125000000000e-01  -1.1285495221229840e+00  -1.1283922835273121e+00   1.5723859567184917e-04
   6.5234375000000000e-01  -1.1316564916450893e+00  -1.1310942240048538e+00   5.6226764023548093e-04
   6.6015625000000000e-01  -2.4509283752255975e-01  -2.4457228314558632e-01   5.2055437697343110e-04
   6.6796875000000000e-01   8.0827581694379780e-01   8.0833105629148772e-01   5.5239347689917118e-05
   6.7578125000000000e-01   1.1886871549721907e+00   1.1882235079399714e+00   4.6364703221923875e-04
   6.8359375000000000e-01   6.1866410587589638e-01   6.1804887359660932e-01   6.1523227928705904e-04
   6.9140625000000000e-01  -4.1165852874233533e-01  -4.1192986089946193e-01   2.7133215712660252e-04
   6.9921875000000000e-01  -1.0681859066763351e+00  -1.0678926341089385e+00   2.9327256739652974e-04
   7.0703125000000000e-01  -8.5584439623361475e-01  -8.5522195988839533e-01   6.2243634521941260e-04
   7.1484375000000000e-01   7.2265587318950941e-03   7.6780024077946424e-03   4.5144367589954829e-04
   7.2265625000000000e-01   8.0920964631267600e-01   8.0913206289677553e-01   7.7583415900472907e-05
   7.3046875000000000e-01   9.3974300936398047e-01   9.3920715148664935e-01   5.3585787733112511e-04
   7.3828125000000000e-01   3.5446093072791585e-01   3.5389976934159262e-01   5.6116138632322787e-04
   7.4609375000000000e-01  -4.4634123963894734e-01  -4.4648731956237797e-01   1.4607992343063092e-04
   8.7890625000000000e-01  -7.6970141894022948e-01  -7.6940189857422514e-01   2.9952036600433551e-04
   8.8671875000000000e-01  -4.1561124838748964e-02  -4.1749431465449842e-02   1.8830662670087789e-04
   8.9453125000000000e-01   7.9681990725067187e-01   7.9628082135958111e-01   5.3908589109075145e-04
   9.0234375000000000e-01   1.1044448081774647e+00   1.1039850262810567e+00   4.5978189640805134e-04
   9.1015625000000000e-01   5.8549253657438838e-01   5.8548877532752164e-01   3.7612468667402865e-06
   9.1796875000000000e-01  -4.2441295350425706e-01  -4.2394992130471171e-01   4.6303219954535457e-04
   9.2578125000000000e-01  -1.1647622946447607e+00  -1.1642089584490272e+00   5.5333619573350035e-04
   9.3359375000000000e-01  -1.0341298264595788e+00  -1.0339417325767064e+00   1.8809388287244211e-04
   9.4140625000000000e-01  -9.3917603877577277e-02  -9.4250805624980005e-02   3.3320174740272823e-04
   9.4921875000000000e-01   9.4173737239532707e-01   9.4116149369584101e-01   5.7587869948605430e-04
   9.5703125000000000e-01   1.2575046263528504e+00   1.2571656247016421e+00   3.3900165120837045e-04
   9.6484375000000000e-01   5.9642518033733172e-01   5.9660188214982501e-01   1.7670181249329620e-04
   9.7265625000000000e-01  -5.2030532927468676e-01  -5.1976904857430828e-01   5.3628070037847753e-04
   9.8046875000000000e-01  -1.2093728089940090e+00  -1.2089314363238357e+00   4.4137267017330117e-04
   9.8828125000000000e-01  -9.4090030525066592e-01  -9.4092075927393060e-01   2.0454023264671051e-05
   9.9609375000000000e-01   3.9915550496328223e-02   3.9462017141795543e-02   4.5353335453268001e-04
   7.5390625000000000e-01  -8.5488712677941270e-01  -8.5451914142426177e-01   3.6798535515092379e-04
   7.6171875000000000e-01  -6.1894875613128308e-01  -6.1836930057074202e-01   5.7945556054106451e-04
   7.6953125000000000e-01   2.4684027043189560e-02   2.5023913224144566e-02   3.3988618095500550e-04
   7.7734375000000000e-01   5.9118997213793667e-01   5.9104373990050441e-01   1.4623223743226443e-04
   7.8515625000000000e-01   7.1786154858643991e-01   7.1735936653044940e-01   5.0218205599050769e-04
   7.9296875000000000e-01   3.7650006872491693e-01   3.7603045011802710e-01   4.6961860688982116e-04
   8.0078125000000000e-01  -1.7421078609830942e-01  -1.7430163698301512e-01   9.0850884705701018e-05
   8.0859375000000000e-01  -5.9201538675714427e-01  -5.9167142076170587e-01   3.4396599543840001e-04
   8.1640625000000000e-01  -6.4495853247747426e-01  -6.4444323829808248e-01   5.1529417939177868e-04
   8.2421875000000000e-01  -3.0796494857804929e-01  -3.0766138455358361e-01   3.0356402446568564e-04
   8.3203125000000000e-01   2.3658115022519322e-01   2.3644716790451278e-01   1.3398232068043137e-04
   8.3984375000000000e-01   6.7530007958501126e-01   6.7482612367435291e-01   4.7395591065835241e-04
   8.4765625000000000e-01   7.1425154453368567e-01   7.1379141398520651e-01   4.6013054847915402e-04
   8.5546875000000000e-01   2.6789609002099757e-01   2.6780402062662756e-01   9.2069394370009050e-05
   8.6328125000000000e-01  -4.2675494465448061e-01  -4.2639715741731321e-01   3.5778723716739513e-04
   8.7109375000000000e-01  -9.0270460997556878e-01  -9.0216350478990437e-01   5.4110518566441446e-04
