#                  Coord.                Numerical               Analytical                    Error
   3.9062500000000000e-03  -1.9644011642986956e+00  -1.9626124225659280e+00   1.7887417327675514e-03
   1.1718750000000000e-02  -8.0902959192909285e-01  -8.0847694564720396e-01   5.5264628188889109e-04
   1.9531250000000000e-02   9.2688484721410791e-01   9.2575699176424564e-01   1.1278554498622695e-03
   2.7343750000000000e-02   1.8295500544065748e+00   1.8277426769058001e+00   1.8073775007747539e-03
   3.5156250000000000e-02   1.2237019482837597e+00   1.2227664263217117e+00   9.3552196204793603e-04
   4.2968750000000000e-02  -3.0937285588159558e-01  -3.0867145271440177e-01   7.0140316719380369e-04
   5.0781250000000000e-02  -1.4731408668785975e+00  -1.4714542951619904e+00   1.6865717166070215e-03
   5.8593750000000000e-02  -1.3606729834011166e+00  -1.3594649724695242e+00   1.2080109315923959e-03
   6.6406250000000000e-02  -1.7228300399271046e-01  -1.7255592638040052e-01   2.7292238769005550e-04
   7.4218750000000000e-02   1.0322593025867437e+00   1.0308020344044737e+00   1.4572681822699884e-03
   8.2031250000000000e-02   1.2770233996094280e+00   1.2756703610506970e+00   1.3530385587310345e-03
   8.9843750000000000e-02   4.6711764764962316e-01   4.6701039901565755e-01   1.0724863396560647e-04
   9.7656250000000000e-02  -6.1853109862494948e-01  -6.1736637895348179e-01   1.1647196714676955e-03
   1.0546875000000000e-01  -1.0629490098305019e+00  -1.0615703677088935e+00   1.3786421216084310e-03
   1.1328125000000000e-01  -5.8664089658580565e-01  -5.8623314736572762e-01   4.0774922007802417e-04
   1.2109375000000000e-01   2.9596535199264584e-01   2.9511169724964204e-01   8.5365474300380662e-04
   1.2890625000000000e-01   8.0431555538941701e-01   8.0300689256205027e-01   1.3086628273667467e-03
   1.3671875000000000e-01   5.7760562202980736e-01   5.7698881862401719e-01   6.1680340579017834e-04
   1.4453125000000000e-01  -8.2602737229782175e-02  -8.2042126384852906e-02   5.6061084492926849e-04
   1.5234375000000000e-01  -5.6171935986296972e-01  -5.6054138540172505e-01   1.1779744612446796e-03
   1.6015625000000000e-01  -4.9521133888744939e-01  -4.9447205371527503e-01   7.3928517217436429e-04
   1.6796875000000000e-01  -3.4605421556513360e-02  -3.4915107898283254e-02   3.0968634176989362e-04
   1.7578125000000000e-01   3.6610510516441241e-01   3.6508641508361500e-01   1.0186900807974131e-03
   1.8359375000000000e-01   3.8557608780632063e-01   3.8478092663236496e-01   7.9516117395567187e-04
   1.9140625000000000e-01   8.2534221087593562e-02   8.2641696074304716e-02   1.0747498671115352e-04
   1.9921875000000000e-01  -2.2487356632366451e-01  -2.2401639668503073e-01   8.5716963863377571e-04
   2.0703125000000000e-01  -2.7886665953288547e-01  -2.7805742956849289e-01   8.0922996439258821e-04
   2.1484375000000000e-01  -8.8877133072444436e-02  -8.8824663996797934e-02   5.2469075646502383e-05
   2.2265625000000000e-01   1.3153185634216663e-01   1.3082545240187426e-01   7.0640394029236608e-04
   2.3046875000000000e-01   1.9007624933698919e-01   1.8927542866543362e-01   8.0082067155556880e-04
   2.3828125000000000e-01   7.5322166983457034e-02   7.5141363559925789e-02   1.8080342353124501e-04
   2.4609375000000000e-01  -7.4188415968425098e-02  -7.3618397688523837e-02   5.7001827990126042e-04
   2.5390625000000000e-01  -1.2336614939399235e-01  -1.2258374312093465e-01   7.8240627305770083e-04
   2.6171875000000000e-01  -5.5794143676782593e-02  -5.5505396874810264e-02   2.8874680197232827e-04
   2.6953125000000000e-01   4.0985808111410282e-02   4.0540126506126560e-02   4.4568160528372230e-04
   2.7734375000000000e-01   7.6844938644104466e-02   7.6086641840114294e-02   7.5829680399017163e-04
   2.8515625000000000e-01   3.7583866305526237e-02   3.7201898063685464e-02   3.8196824184077299e-04
   2.9296875000000000e-01  -2.2573051077262068e-02  -2.2245184566889006e-02   3.2786651037306283e-04
   3.0078125000000000e-01  -4.6217851653936881e-02  -4.5492046879150747e-02   7.2580477478613459e-04
   3.0859375000000000e-01  -2.3479705855975475e-02  -2.3019180006272632e-02   4.6052584970284263e-04
   3.1640625000000000e-01   1.2589773319610361e-02   1.2374292329973773e-02   2.1548098963658849e-04
   3.2421875000000000e-01   2.6965165654608769e-02   2.6281280337277686e-02   6.8388531733108368e-04
   3.3203125000000000e-01   1.3770543210516184e-02   1.3245674346033891e-02   5.2486886448229256e-04
   3.3984375000000000e-01  -7.1607623562764955e-03  -7.0542398342494442e-03   1.0652252202705131e-04
   3.4765625000000000e-01  -1.5320050240292815e-02  -1.4690595440069001e-02   6.2945480022381407e-04
   3.5546875000000000e-01  -7.6669823745247334e-03  -7.0955463016369805e-03   5.7143607288775294e-04
   3.6328125000000000e-01   4.1259693405504803e-03   4.1218107689387530e-03   4.1585716117273352e-06
   3.7109375000000000e-01   8.5190396815189029e-03   7.9546736514104540e-03   5.6436603010844889e-04
   3.7890625000000000e-01   4.1419563499299761e-03   3.5411041662681930e-03   6.0085218366178307e-04
   3.8671875000000000e-01  -2.3332706540393489e-03  -2.4246357535454037e-03   9.1365099506054807e-05
   3.9453125000000000e-01  -4.6645426549131175e-03  -4.1746347363164384e-03   4.8990791859667912e-04
   4.0234375000000000e-01  -2.2915088460201405e-03  -1.6767116315719555e-03   6.1479721444818495e-04
   4.1015625000000000e-01   1.1589683796259520e-03   1.3399252202126073e-03   1.8095684058665532e-04
   4.1796875000000000e-01   2.4610442858719050e-03   2.0546537381416481e-03   4.0639054773025695e-04
   4.2578125000000000e-01   1.3691327423378530e-03   7.5476124671032053e-04   6.1437149562753245e-04
   4.3359375000000000e-01  -3.1236861465039345e-04  -5.7789040720437109e-04   2.6552179255397764e-04
   4.4140625000000000e-01  -1.0389899531591529e-03  -7.2548311275153637e-04   3.1350684040761651e-04
   4.4921875000000000e-01  -6.9981474395969245e-04  -9.9775033820855363e-05   6.0003971013883708e-04
   4.5703125000000000e-01  -1.1051334362310872e-04   2.3602134903168137e-04   3.4653469265479009e-04
   4.6484375000000000e-01   6.1171521462788370e-05  -1.4796417916741324e-04   2.0913570063020161e-04
   4.7265625000000000e-01  -1.7784480540261605e-04  -7.4716345123536690e-04   5.6931864583275086e-04
   4.8046875000000000e-01  -3.5153101430585032e-04  -7.7260982159674382e-04   4.2107880729089350e-04
   4.8828125000000000e-01  -8.9423396429644253e-06   8.6532752483724736e-05   9.5475092126689161e-05
   4.9609375000000000e-01   8.8701567731805375e-04   1.4085276420138788e-03   5.2151196469582507e-04
   5.0390625000000000e-01   1.8163037911873847e-03   2.3019054757683626e-03   4.8560168458097784e-04
   5.1171875000000000e-01   1.8744189917746512e-03   1.8989643907341668e-03   2.4545398959515546e-05
   5.1953125000000000e-01   3.2839185264088577e-04  -1.2699538061381062e-04   4.5538723325469640e-04
   5.2734375000000000e-01  -2.6116889909023611e-03  -3.1467834437721703e-03   5.3509445286980921e-04
   5.3515625000000000e-01  -5.3562475487637373e-03  -5.5022570988551055e-03   1.4600955009136819e-04
   5.4296875000000000e-01  -5.4721768597325582e-03  -5.1005531874241056e-03   3.7162367230845258e-04
   5.5078125000000000e-01  -1.2925162063234241e-03  -7.2822733768388489e-04   5.6428886863953923e-04
   5.5859375000000000e-01   6.2351448217672356e-03   6.4959783926992979e-03   2.6083357093206229e-04
   5.6640625000000000e-01   1.2932207318813060e-02   1.2657689200710148e-02   2.7451811810291250e-04
   5.7421875000000000e-01   1.3127780451654025e-02   1.2558069792841327e-02   5.6971065881269815e-04
   5.8203125000000000e-01   3.4498683240367090e-03   3.0896467632133555e-03   3.6022156082335345e-04
   5.8984375000000000e-01  -1.3417535489318011e-02  -1.3245411931284820e-02   1.7212355803319056e-04
   5.9765625000000000e-01  -2.7993240444574928e-02  -2.7439335929847701e-02   5.5390451472722702e-04
   6.0546875000000000e-01  -2.8217075173644371e-02  -2.7777321790427668e-02   4.3975338321670249e-04
   6.1328125000000000e-01  -7.5737488526830821e-03  -7.6473862800790354e-03   7.3637427395953359e-05
   6.2109375000000000e-01   2.7445085031147731e-02   2.6919384132279397e-02   5.2570089886833440e-04
   6.2890625000000000e-01   5.6643937204008815e-02   5.6140931812479512e-02   5.0300539152930285e-04
   6.3671875000000000e-01   5.5731251232233325e-02   5.5713335218914195e-02   1.7916013319130286e-05
   6.4453125000000000e-01   1.3237956962969200e-02   1.3730326031659384e-02   4.9236906869018493e-04
   6.5234375000000000e-01  -5.5360959157509382e-02  -5.4802747573076876e-02   5.5821158443250529e-04
   6.6015625000000000e-01  -1.0862551116327696e-01  -1.0851750938006044e-01   1.0800178321651588e-04
   6.6796875000000000e-01  -1.0079439817439928e-01  -1.0124945674968364e-01   4.5505857528435611e-04
   6.7578125000000000e-01  -1.5448361849708575e-02  -1.6060919455262609e-02   6.1255760555403369e-04
   6.8359375000000000e-01   1.1069001828670733e-01   1.1048534993239940e-01   2.0466835430792141e-04
   6.9140625000000000e-01   1.9662733499082588e-01   1.9703777409394846e-01   4.1043910312257847e-04
   6.9921875000000000e-01   1.6406206859627742e-01   1.6473224593817773e-01   6.7017734190030764e-04
   7.0703125000000000e-01  -8.6405658071717073e-04  -5.4644566951378459e-04   3.1761091120338614e-04
   7.1484375000000000e-01  -2.1502876305925084e-01  -2.1537836382238704e-01   3.4960076313619859e-04
   7.2265625000000000e-01  -3.3128323241213131e-01  -3.3201376492758350e-01   7.3053251545218689e-04
   7.3046875000000000e-01  -2.3280279240773916e-01  -2.3325975794755768e-01   4.5696553981852683e-04
   7.3828125000000000e-01   6.6533576300939812e-02   6.6791841644990330e-02   2.5826534405051782e-04
   7.4609375000000000e-01   3.9429031079553400e-01   3.9507624911293543e-01   7.8593831740142450e-04
   8.7890625000000000e-01   2.3262439513950992e-01   2.3127341453069128e-01   1.3509806088186360e-03
   8.8671875000000000e-01  -1.2224017360654016e+00  -1.2224708400629605e+00   6.9103997558883634e-05
   8.9453125000000000e-01  -1.8575877521754245e+00  -1.8562402051752160e+00   1.3475470002084489e-03
   9.0234375000000000e-01  -1.1111510171154069e+00  -1.1095116474276498e+00   1.6393696877570196e-03
   9.1015625000000000e-01   5.3828584600366636e-01   5.3877656320192757e-01   4.9071719826121463e-04
   9.1796875000000000e-01   1.8638017812712047e+00   1.8626625639536483e+00   1.1392173175563958e-03
   9.2578125000000000e-01   1.8118007512261327e+00   1.8099767178434605e+00   1.8240333826722299e-03
   9.3359375000000000e-01   3.5615823414507242e-01   3.5523099879399728e-01   9.2723535107513966e-04
   9.4140625000000000e-01  -1.4190275810622863e+00  -1.4182239917346486e+00   8.0358932763768820e-04
   9.4921875000000000e-01  -2.1310049155033730e+00  -2.1291376312568082e+00   1.8672842465647932e-03
   9.5703125000000000e-01  -1.1953444064707988e+00  -1.1940230884267933e+00   1.3213180440054817e-03
   9.6484375000000000e-01   6.7637637828888331e-01   6.7600108844553608e-01   3.7528984334722626e-04
   9.7265625000000000e-01   2.0148042547887930e+00   2.0130487588109145e+00   1.7554959778784962e-03
   9.8046875000000000e-01   1.7633410497193225e+00   1.7617190112170893e+00   1.6220385022331918e-03
   9.8828125000000000e-01   1.3545918193232004e-01   1.3536214106058128e-01   9.7040871738757195e-05
   9.9609375000000000e-01  -1.5550643346740989e+00  -1.5535668243320027e+00   1.4975103420962199e-03
   7.5390625000000000e-01   5.0886047224981468e-01   5.0948841130712086e-01   6.2793905730618160e-04
   7.6171875000000000e-01   2.6925172617246318e-01   2.6913015020618714e-01   1.2157596627604406e-04
   7.6953125000000000e-01  -2.2797122473229603e-01  -2.2879228413169508e-01   8.2105939939905448e-04
   7.7734375000000000e-01  -6.6371492642252028e-01  -6.6454279678723305e-01   8.2787036471276831e-04
   7.8515625000000000e-01  -6.9184089201471077e-01  -6.9191790387165852e-01   7.7011856947750701e-05
   7.9296875000000000e-01  -2.0417524993436853e-01  -2.0336460032299242e-01   8.1064961137611302e-04
   8.0078125000000000e-01   5.3107608961973907e-01   5.3211488893988701e-01   1.0387993201479429e-03
   8.0859375000000000e-01   9.9896981231284698e-01   9.9931003599486434e-01   3.4022368201735986e-04
   8.1640625000000000e-01   7.9187346515927426e-01   7.9114317464730233e-01   7.3029051197193162e-04
   8.2421875000000000e-01  -4.8826944199695965e-02  -5.0059104832797789e-02   1.2321606331018239e-03
   8.3203125000000000e-01  -9.8169339564326852e-01  -9.8235176148980852e-01   6.5836584653999886e-04
   8.3984375000000000e-01  -1.3036226710511729e+00  -1.3030623610340553e+00   5.6031001711764894e-04
   8.4765625000000000e-01  -6.7757024418082590e-01  -6.7619778053532542e-01   1.3724636455004768e-03
   8.5546875000000000e-01   5.4338730399535062e-01   5.4439612867115816e-01   1.0088246758075403e-03
   8.6328125000000000e-01   1.4925551472966854e+00   1.4922653727310924e+00   2.8977456559298176e-04
   8.7109375000000000e-01   1.4039881320224954e+00   1.4025677142249269e+00   1.4204177975685184e-03
