#                  Coord.                Numerical               Analytical                    Error
   3.9062500000000000e-03   1.9704079270306072e+00   1.9688858817388459e+00   1.5220452917612537e-03
   1.1718750000000000e-02   1.9832181420921475e+00   1.9828241875382746e+00   3.9395455387292166e-04
   1.9531250000000000e-02   1.9945227064643862e+00   1.9934031958319800e+00   1.1195106324062287e-03
   2.7343750000000000e-02   2.0024667417876363e+00   2.0007017137983678e+00   1.7650279892684750e-03
   3.5156250000000000e-02   2.0053825119844562e+00   2.0048101900341893e+00   5.7232195026690746e-04
   4.2968750000000000e-02   2.0064609087360972e+00   2.0058091883636830e+00   6.5172037241412184e-04
   5.0781250000000000e-02   2.0055043343625734e+00   2.0037519495291392e+00   1.7523848334342063e-03
   5.8593750000000000e-02   1.9995635690306204e+00   1.9986527689655589e+00   9.1080006506150113e-04
   6.6406250000000000e-02   1.9907600574999156e+00   1.9904823707063817e+00   2.7768679353390446e-04
   7.4218750000000000e-02   1.9806150536147971e+00   1.9791708425802867e+00   1.4442110345103121e-03
   8.2031250000000000e-02   1.9658914260529392e+00   1.9646180457803697e+00   1.2733802725695131e-03
   8.9843750000000000e-02   1.9468570834951200e+00   1.9467107500780672e+00   1.4633341705283520e-04
   9.7656250000000000e-02   1.9262664072712321e+00   1.9253451041975735e+00   9.2130307365856368e-04
   1.0546875000000000e-01   1.9019280906545997e+00   1.9004524659319346e+00   1.4756247226650476e-03
   1.1328125000000000e-01   1.8723314205830144e+00   1.8720261338755579e+00   3.0528670745644249e-04
   1.2109375000000000e-01   1.8405262076932265e+00   1.8401461947169551e+00   3.8001297627143771e-04
   1.2890625000000000e-01   1.8063930787205296e+00   1.8049995804928542e+00   1.3934982276753161e-03
   1.3671875000000000e-01   1.7675573951426304e+00   1.7668925648957341e+00   6.6483024689634185e-04
   1.4453125000000000e-01   1.7262844599266955e+00   1.7262533443209771e+00   3.1115605718445849e-05
   1.5234375000000000e-01   1.6846509423629767e+00   1.6836230487181625e+00   1.0278936448142595e-03
   1.6015625000000000e-01   1.6406517581636511e+00   1.6396344771348685e+00   1.0172810287825129e-03
   1.6796875000000000e-01   1.5949844356005118e+00   1.5949789872112496e+00   5.4483892621970398e-06
   1.7578125000000000e-01   1.5508874167956772e+00   1.5503631915495852e+00   5.2422524609196941e-04
   1.8359375000000000e-01   1.5076288548372678e+00   1.5064583111856782e+00   1.1705436515896395e-03
   1.9140625000000000e-01   1.4641202541793004e+00   1.4638460835548142e+00   2.7417062448620300e-04
   1.9921875000000000e-01   1.4230611225895431e+00   1.4229659009911575e+00   9.5221598385597517e-05
   2.0703125000000000e-01   1.3850934117474731e+00   1.3840682653925021e+00   1.0251463549710849e-03
   2.1484375000000000e-01   1.3478382855441975e+00   1.3471796132612841e+00   6.5867228291338620e-04
   2.2265625000000000e-01   1.3119888306803340e+00   1.3120830567945305e+00   9.4226114196516164e-05
   2.3046875000000000e-01   1.2789445344294168e+00   1.2783186056920286e+00   6.2592873738820387e-04
   2.3828125000000000e-01   1.2461311782613989e+00   1.2452050269742481e+00   9.2615128715078932e-04
   2.4609375000000000e-01   1.2118823571989010e+00   1.2118837534171485e+00   1.3962182474624996e-06
   2.5390625000000000e-01   1.1775234503789607e+00   1.1773832892958964e+00   1.4016108306424968e-04
   2.6171875000000000e-01   1.1416049877938588e+00   1.1407005397410628e+00   9.0444805279599194e-04
   2.6953125000000000e-01   1.1011612574507494e+00   1.1008935839748251e+00   2.6767347592437929e-04
   2.7734375000000000e-01   1.0569522210799147e+00   1.0571788090957408e+00   2.2658801582609023e-04
   2.8515625000000000e-01   1.0095829490462305e+00   1.0090242003238803e+00   5.5874872235017747e-04
   2.9296875000000000e-01   9.5674149575107303e-01   9.5623010239431816e-01   5.1139335675487452e-04
   3.0078125000000000e-01   8.9866875808685520e-01   8.9898903917357342e-01   3.2028108671822153e-04
   3.0859375000000000e-01   8.3797013693185929e-01   8.3791725880227164e-01   5.2878129587652367e-05
   3.1640625000000000e-01   7.7459041646223181e-01   7.7405253990842049e-01   5.3787655381132282e-04
   3.2421875000000000e-01   7.0867287703069315e-01   7.0881534992085538e-01   1.4247289016222631e-04
   3.3203125000000000e-01   6.4360035913694424e-01   6.4393350846453723e-01   3.3314932759298532e-04
   3.3984375000000000e-01   5.8163965842152643e-01   5.8133382719096671e-01   3.0583123055971662e-04
   3.4765625000000000e-01   5.2314432048194426e-01   5.2300747308531603e-01   1.3684739662822576e-04
   3.5546875000000000e-01   4.7047125921319188e-01   4.7085871426990522e-01   3.8745505671333724e-04
   3.6328125000000000e-01   4.2651732545023241e-01   4.2654894553698813e-01   3.1620086755723698e-05
   3.7109375000000000e-01   3.9164992606584426e-01   3.9134918933997481e-01   3.0073672586944378e-04
   3.7890625000000000e-01   3.6589130074358611e-01   3.6601443596574845e-01   1.2313522216234052e-04
   3.8671875000000000e-01   3.5045347056948362e-01   3.5069213277631062e-01   2.3866220682700057e-04
   3.9453125000000000e-01   3.4512765746900825e-01   3.4487487997021155e-01   2.5277749879670797e-04
   4.0234375000000000e-01   3.4764787925630158e-01   3.4740408091674990e-01   2.4379833955168184e-04
   4.1015625000000000e-01   3.5634748693175133e-01   3.5652718045760740e-01   1.7969352585606169e-04
   4.1796875000000000e-01   3.7007392284584445e-01   3.7000654694252455e-01   6.7375903319899511e-05
   4.2578125000000000e-01   3.8573667336499562e-01   3.8527341660308206e-01   4.6325676191355525e-04
   4.3359375000000000e-01   3.9969638049998296e-01   3.9961605008425466e-01   8.0330415728302462e-05
   4.4140625000000000e-01   4.1028995594927625e-01   4.1038776278979533e-01   9.7806840519076843e-05
   4.4921875000000000e-01   4.1563948718173410e-01   4.1521813925609186e-01   4.2134792564224588e-04
   4.5703125000000000e-01   4.1255362589367972e-01   4.1220979047239237e-01   3.4383542128735289e-04
   4.6484375000000000e-01   3.9997074972312058e-01   4.0010360390391064e-01   1.3285418079006517e-04
   4.7265625000000000e-01   3.7859211591136765e-01   3.7839757100879384e-01   1.9454490257381218e-04
   4.8046875000000000e-01   3.4784167521253484e-01   3.4740781326541748e-01   4.3386194711736437e-04
   4.8828125000000000e-01   3.0821555213628538e-01   3.0826508560022453e-01   4.9533463939155364e-05
   4.9609375000000000e-01   2.6281295964371643e-01   2.6284542201787714e-01   3.2462374160713292e-05
   5.0390625000000000e-01   2.1396107580944793e-01   2.1363922887856834e-01   3.2184693087958238e-04
   5.1171875000000000e-01   1.6361647026966955e-01   1.6356851708807910e-01   4.7953181590454363e-05
   5.1953125000000000e-01   1.1565070422420924e-01   1.1576659793739680e-01   1.1589371318755648e-04
   5.2734375000000000e-01   7.3472607189659395e-02   7.3338011325777636e-02   1.3459586388175904e-04
   5.3515625000000000e-01   3.9178973940100913e-02   3.9118376401936696e-02   6.0597538164217091e-05
   5.4296875000000000e-01   1.5405910520711642e-02   1.5454057977174064e-02   4.8147456462421800e-05
   5.5078125000000000e-01   4.0697025690699818e-03   4.0199909013458462e-03   4.9711667724135558e-05
   5.5859375000000000e-01   5.6839345927319016e-03   5.6908265907164397e-03   6.8919979845380799e-06
   5.6640625000000000e-01   2.0538298132787697e-02   2.0476041946391552e-02   6.2256186396145163e-05
   5.7421875000000000e-01   4.7676691508356767e-02   4.7524188883133214e-02   1.5250262522355229e-04
   5.8203125000000000e-01   8.5144638322990213e-02   8.5195558553195772e-02   5.0920230205558914e-05
   5.8984375000000000e-01   1.3130084676883957e-01   1.3119672437656182e-01   1.0412239227775011e-04
   5.9765625000000000e-01   1.8313830725959465e-01   1.8276523705904507e-01   3.7307020054958007e-04
   6.0546875000000000e-01   2.3692383570898332e-01   2.3688863610680280e-01   3.5199602180513434e-05
   6.1328125000000000e-01   2.9060417131761518e-01   2.9053927346480657e-01   6.4897852808609713e-05
   6.2109375000000000e-01   3.4146310147133296e-01   3.4090543478788110e-01   5.5766668345186288e-04
   6.2890625000000000e-01   3.8585104655595731e-01   3.8559995387780721e-01   2.5109267815009995e-04
   6.3671875000000000e-01   4.2285045822447215e-01   4.2282984686138597e-01   2.0611363086175949e-05
   6.4453125000000000e-01   4.5211887959847463e-01   4.5151419795027353e-01   6.0468164820109971e-04
   6.5234375000000000e-01   4.7183723999470129e-01   4.7134224062728675e-01   4.9499936741453920e-04
   6.6015625000000000e-01   4.8280181461922533e-01   4.8276884717267282e-01   3.2967446552512047e-05
   6.6796875000000000e-01   4.8748725838342016e-01   4.8694997848216903e-01   5.3727990125113090e-04
   6.7578125000000000e-01   4.8629177715752159e-01   4.8562557808615547e-01   6.6619907136611367e-04
   6.8359375000000000e-01   4.8105991807971643e-01   4.8096149650874664e-01   9.8421570969786654e-05
   6.9140625000000000e-01   4.7579794443587931e-01   4.7536497368338371e-01   4.3297075249559835e-04
   6.9921875000000000e-01   4.7204199479299219e-01   4.7128977600919936e-01   7.5221878379283513e-04
   7.0703125000000000e-01   4.7122690237539711e-01   4.7104720180848836e-01   1.7970056690874703e-04
   7.1484375000000000e-01   4.7698495910957600e-01   4.7663788999118117e-01   3.4706911839482713e-04
   7.2265625000000000e-01   4.9042783938399559e-01   4.8961687019148670e-01   8.1096919250889243e-04
   7.3046875000000000e-01   5.1126914997683970e-01   5.1100085797172923e-01   2.6829200511047091e-04
   7.3828125000000000e-01   5.4150142106402621e-01   5.4122277588991186e-01   2.7864517411435585e-04
   7.4609375000000000e-01   5.8102668419247605e-01   5.8013425560623055e-01   8.9242858624549726e-04
   8.7890625000000000e-01   1.4586602364384311e+00   1.4577708293794909e+00   8.8940705894025029e-04
   8.8671875000000000e-01   1.4927344922850294e+00   1.4923445377956774e+00   3.8995448935197352e-04
   8.9453125000000000e-01   1.5286201946013482e+00   1.5271906291852722e+00   1.4295654160760840e-03
   9.0234375000000000e-01   1.5638646021640765e+00   1.5626242971988316e+00   1.2403049652449649e-03
   9.1015625000000000e-01   1.5991302629517543e+00   1.5987709070690859e+00   3.5935588266844398e-04
   9.1796875000000000e-01   1.6367746840852500e+00   1.6355688169076230e+00   1.2058671776269403e-03
   9.2578125000000000e-01   1.6743306978980508e+00   1.6727874995211369e+00   1.5431983769138569e-03
   9.3359375000000000e-01   1.7105412872751422e+00   1.7100578577633176e+00   4.8342951182456240e-04
   9.4140625000000000e-01   1.7478195345802063e+00   1.7469109032578145e+00   9.0863132239182853e-04
   9.4921875000000000e-01   1.7845509534546120e+00   1.7828206263242230e+00   1.7303271303890089e-03
   9.5703125000000000e-01   1.8180111464026847e+00   1.8172469233357322e+00   7.6422306695245190e-04
   9.6484375000000000e-01   1.8502885938965195e+00   1.8496748360995412e+00   6.1375779697825372e-04
   9.7265625000000000e-01   1.8813772025830895e+00   1.8796470380428865e+00   1.7301645402030275e-03
   9.8046875000000000e-01   1.9079308874156928e+00   1.9067873937906095e+00   1.1434936250833694e-03
   9.8828125000000000e-01   1.9312275661171703e+00   1.9308144266112295e+00   4.1313950594079607e-04
   9.9609375000000000e-01   1.9530612604697033e+00   1.9515445521167605e+00   1.5167083529428194e-03
   7.5390625000000000e-01   6.2745746575894690e-01   6.2705283138657042e-01   4.0463437237647781e-04
   7.6171875000000000e-01   6.8106341380369695e-01   6.8084701847835782e-01   2.1639532533912487e-04
   7.6953125000000000e-01   7.4102970716866479e-01   7.4004976117113885e-01   9.7994599752593281e-04
   7.7734375000000000e-01   8.0362250520669121e-01   8.0298902582781206e-01   6.3347937887914263e-04
   7.8515625000000000e-01   8.6809016335461719e-01   8.6792369191767982e-01   1.6647143693737654e-04
   7.9296875000000000e-01   9.3418234922815213e-01   9.3317334153050369e-01   1.0090076976484452e-03
   8.0078125000000000e-01   9.9817252271051071e-01   9.9723194936721149e-01   9.4057334329922249e-04
   8.0859375000000000e-01   1.0590381719710997e+00   1.0588576338915969e+00   1.8053807950280110e-04
   8.1640625000000000e-01   1.1180579708430129e+00   1.1171332927461999e+00   9.2467809681306967e-04
   8.2421875000000000e-01   1.1727482948716113e+00   1.1714958304834966e+00   1.2524643881146602e-03
   8.3203125000000000e-01   1.2220455381399873e+00   1.2217345154838928e+00   3.1102265609450619e-04
   8.3984375000000000e-01   1.2687032351834431e+00   1.2679615272251996e+00   7.4170795824346492e-04
   8.4765625000000000e-01   1.3120267356244455e+00   1.3105597787338765e+00   1.4669568905689712e-03
   8.5546875000000000e-01   1.3506740318509589e+00   1.3501144927748110e+00   5.5953907614791909e-04
   8.6328125000000000e-01   1.3878685238604136e+00   1.3873357169166607e+00   5.3280694375290594e-04
   8.7109375000000000e-01   1.4245068274872568e+00   1.4229789938062094e+00   1.5278336810473636e-03
