#                  Coord.                Numerical               Analytical                    Error
   3.9062500000000000e-03  -4.4266162707589374e-01  -4.4294197079015013e-01   2.8034371425639248e-04
   1.1718750000000000e-02  -1.4368932789680144e+00  -1.4363049324313057e+00   5.8834653670869486e-04
   1.9531250000000000e-02  -1.2617348664587651e+00  -1.2607283080387106e+00   1.0065584200544819e-03
   2.7343750000000000e-02  -7.5293243701920143e-02  -7.4707247066288340e-02   5.8599663563180249e-04
   3.5156250000000000e-02   1.1449220784665628e+00   1.1445651753514920e+00   3.5690311507075023e-04
   4.2968750000000000e-02   1.4068845495038631e+00   1.4058554080650090e+00   1.0291414388541309e-03
   5.0781250000000000e-02   5.1781741641622581e-01   5.1697215389678930e-01   8.4526251943650710e-04
   5.8593750000000000e-02  -7.6699048561468219e-01  -7.6692815885870713e-01   6.2326755975061765e-05
   6.6406250000000000e-02  -1.3820103720922843e+00  -1.3810815891893189e+00   9.2878290296538601e-04
   7.4218750000000000e-02  -8.3995857264077600e-01  -8.3894238532792342e-01   1.0161873128525789e-03
   8.2031250000000000e-02   3.7437465180520402e-01   3.7461826893273192e-01   2.4361712752790643e-04
   8.9843750000000000e-02   1.2303562446470813e+00   1.2296265514976508e+00   7.2969314943049923e-04
   9.7656250000000000e-02   1.0281873445420122e+00   1.0271080444135323e+00   1.0793001284798986e-03
   1.0546875000000000e-01  -2.1952570074971589e-02  -2.2466937082033418e-02   5.1436700706182850e-04
   1.1328125000000000e-01  -1.0041046807199587e+00  -1.0036343394604417e+00   4.7034125951705974e-04
   1.2109375000000000e-01  -1.0943563408404628e+00  -1.0933188916505931e+00   1.0374491898696991e-03
   1.2890625000000000e-01  -2.5742592718927548e-01  -2.5670913189119915e-01   7.1679529807633369e-04
   1.3671875000000000e-01   7.5223339554270197e-01   7.5203846564687549e-01   1.9492989582647891e-04
   1.4453125000000000e-01   1.0665214235532983e+00   1.0656144085611234e+00   9.0701499217482606e-04
   1.5234375000000000e-01   4.5339920469753181e-01   4.5256760842572452e-01   8.3159627180728890e-04
   1.6015625000000000e-01  -5.1105333581255863e-01  -5.1111848251269976e-01   6.5146700141127667e-05
   1.6796875000000000e-01  -9.7744274570166045e-01  -9.7672739869343572e-01   7.1534700822473152e-04
   1.7578125000000000e-01  -5.7249732656636065e-01  -5.7163872204065558e-01   8.5860452570507562e-04
   1.8359375000000000e-01   3.0040079066440811e-01   3.0068263401178019e-01   2.8184334737207939e-04
   1.9140625000000000e-01   8.5414120620392842e-01   8.5365230325209018e-01   4.8890295183823262e-04
   1.9921875000000000e-01   6.2776216019829301e-01   6.2695717974751686e-01   8.0498045077614933e-04
   2.0703125000000000e-01  -1.2797838611109974e-01  -1.2841879735129888e-01   4.4041124019914002e-04
   2.1484375000000000e-01  -7.1443504118595358e-01  -7.1418382644449596e-01   2.5121474145761713e-04
   2.2265625000000000e-01  -6.3013846692010744e-01  -6.2945456666250366e-01   6.8390025760378670e-04
   2.3046875000000000e-01  -1.6499637059789185e-03  -1.1155448392622834e-03   5.3441886671663514e-04
   2.3828125000000000e-01   5.7238065466874832e-01   5.7235844338446873e-01   2.2211284279594068e-05
   2.4609375000000000e-01   5.8883059557574746e-01   5.8831862317249994e-01   5.1197240324751814e-04
   2.5390625000000000e-01   8.2939939325020973e-02   8.2376697597945067e-02   5.6324172707590547e-04
   2.6171875000000000e-01  -4.4523615094989588e-01  -4.4541546023474660e-01   1.7930928485071496e-04
   2.6953125000000000e-01  -5.1918755663026517e-01  -5.1888046387659204e-01   3.0709275367313271e-04
   2.7734375000000000e-01  -1.1595897029224239e-01  -1.1543098834242461e-01   5.2798194981777680e-04
   2.8515625000000000e-01   3.5075878320836829e-01   3.5110007507941732e-01   3.4129187104903203e-04
   2.9296875000000000e-01   4.4619024189821577e-01   4.4610090249740081e-01   8.9339400814958392e-05
   3.0078125000000000e-01   1.1643099558795544e-01   1.1599254964049974e-01   4.3844594745570675e-04
   3.0859375000000000e-01  -2.9357443245872084e-01  -2.9402549330130540e-01   4.5106084258456081e-04
   3.1640625000000000e-01  -3.9323769299045863e-01  -3.9335813968101935e-01   1.2044669056071600e-04
   3.2421875000000000e-01  -1.1352664934859902e-01  -1.1321938399935613e-01   3.0726534924288562e-04
   3.3203125000000000e-01   2.5503253555931915e-01   2.5553577178432474e-01   5.0323622500558773e-04
   3.3984375000000000e-01   3.6245666276775879e-01   3.6275959726468393e-01   3.0293449692514463e-04
   3.4765625000000000e-01   1.2935456111400748e-01   1.2920312158336214e-01   1.5143953064533644e-04
   3.5546875000000000e-01  -2.0366142289769351e-01  -2.0416071681405012e-01   4.9929391635661347e-04
   3.6328125000000000e-01  -3.2783962002578493e-01  -3.2828318572209314e-01   4.4356569630821241e-04
   3.7109375000000000e-01  -1.5580464333345517e-01  -1.5581534198607683e-01   1.0698652621654592e-05
   3.7890625000000000e-01   1.2462809318220686e-01   1.2507591964644019e-01   4.4782646423333072e-04
   3.8671875000000000e-01   2.5624770608522862e-01   2.5678220210098557e-01   5.3449601575694672e-04
   3.9453125000000000e-01   1.5492394206925630e-01   1.5508629882493594e-01   1.6235675567963237e-04
   4.0234375000000000e-01  -4.2701316780819343e-02  -4.3060876994181457e-02   3.5956021336211452e-04
   4.1015625000000000e-01  -1.4435421684135474e-01  -1.4493087743736557e-01   5.7666059601083064e-04
   4.1796875000000000e-01  -9.1985065238378377e-02  -9.2278657996504629e-02   2.9359275812625152e-04
   4.2578125000000000e-01   1.0910997656533805e-02   1.1159632884241403e-02   2.4863522770759809e-04
   4.3359375000000000e-01   3.7402023341924995e-02   3.7977387177382131e-02   5.7536383545713637e-04
   4.4140625000000000e-01  -2.2374551621964944e-02  -2.1974735098091568e-02   3.9981652387337599e-04
   4.4921875000000000e-01  -6.4962786348064516e-02  -6.5088022396616027e-02   1.2523604855151083e-04
   4.5703125000000000e-01  -4.1237021301694377e-03  -4.6629713729998213e-03   5.3926924283038361e-04
   4.6484375000000000e-01   1.2120487663817181e-01   1.2072319981945542e-01   4.8167681871638668e-04
   4.7265625000000000e-01   1.7858858267367420e-01   1.7858474157627827e-01   3.8410973959290828e-06
   4.8046875000000000e-01   7.9293306475388750e-02   7.9769806450329814e-02   4.7649997494106366e-04
   4.8828125000000000e-01  -1.2147640387860285e-01  -1.2093414693293709e-01   5.4225694566575888e-04
   4.9609375000000000e-01  -2.6304026131230246e-01  -2.6290480149198892e-01   1.3545982031354376e-04
   5.0390625000000000e-01  -2.1918696810751315e-01  -2.1957943849438619e-01   3.9247038687303948e-04
   5.1171875000000000e-01  -8.1547499816955193e-03  -8.7388571970210827e-03   5.8410721532556331e-04
   5.1953125000000000e-01   2.2250116101513850e-01   2.2223258716175254e-01   2.6857385338596718e-04
   5.2734375000000000e-01   3.1292751671505548e-01   3.1321648842815147e-01   2.8897171309599790e-04
   5.3515625000000000e-01   2.0502676570718564e-01   2.0563430446875425e-01   6.0753876156860454e-04
   5.4296875000000000e-01  -3.0213932939360588e-02  -2.9812007559075589e-02   4.0192538028499883e-04
   5.5078125000000000e-01  -2.5197728148835108e-01  -2.5214267517312583e-01   1.6539368477475058e-04
   5.5859375000000000e-01  -3.3575226673625214e-01  -3.3636086583281893e-01   6.0859909656679756e-04
   5.6640625000000000e-01  -2.3259707816765413e-01  -2.3312900733463907e-01   5.3192916698494019e-04
   5.7421875000000000e-01   1.2767116770985298e-02   1.2787258148545491e-02   2.0141377560192741e-05
   5.8203125000000000e-01   2.7786678447441115e-01   2.7844658481192119e-01   5.7980033751003912e-04
   5.8984375000000000e-01   4.1066849693663221e-01   4.1131933169345447e-01   6.5083475682226055e-04
   5.9765625000000000e-01   3.0778809885419106e-01   3.0793443555448241e-01   1.4633670029134960e-04
   6.0546875000000000e-01  -7.4404124025638438e-03  -7.9520866079194810e-03   5.1167420535563717e-04
   6.1328125000000000e-01  -3.6593442654790770e-01  -3.6667991279770540e-01   7.4548624979769995e-04
   6.2109375000000000e-01  -5.3441379957488533e-01  -5.3474198902071890e-01   3.2818944583357101e-04
   6.2890625000000000e-01  -3.6776449024498065e-01  -3.6736853345124820e-01   3.9595679373244375e-04
   6.3671875000000000e-01   6.8951852588659976e-02   6.9750246461065438e-02   7.9839387240546178e-04
   6.4453125000000000e-01   5.1129212900228849e-01   5.1180427115219496e-01   5.1214214990646934e-04
   6.5234375000000000e-01   6.5526010888208130e-01   6.5502945627144171e-01   2.3065261063959230e-04
   6.6015625000000000e-01   3.6849443411468730e-01   3.6770326264034647e-01   7.9117147434082380e-04
   6.6796875000000000e-01  -1.9642764865422901e-01  -1.9710373483313492e-01   6.7608617890591027e-04
   6.7578125000000000e-01  -6.7899910606258951e-01  -6.7897510921089610e-01   2.3996851693408594e-05
   6.8359375000000000e-01  -7.4133905546135315e-01  -7.4062879728411657e-01   7.1025817723657791e-04
   6.9140625000000000e-01  -3.0402578661715385e-01  -3.0323338873674682e-01   7.9239788040702530e-04
   6.9921875000000000e-01   3.7594805458944558e-01   3.7615062619821088e-01   2.0257160876530067e-04
   7.0703125000000000e-01   8.5231652529302482e-01   8.5176351205209055e-01   5.5301324093426363e-04
   7.1484375000000000e-01   7.8053114878747787e-01   7.7969728929341053e-01   8.3385949406733495e-04
   7.2265625000000000e-01   1.6551516136941302e-01   1.6509919494066649e-01   4.1596642874652812e-04
   7.3046875000000000e-01  -6.0976420269086495e-01  -6.0943101502692654e-01   3.3318766393841681e-04
   7.3828125000000000e-01  -1.0174302392997765e+00  -1.0166480786036303e+00   7.8216069614622796e-04
   7.4609375000000000e-01  -7.4308470864510634e-01  -7.4250758890745572e-01   5.7711973765062208e-04
   8.7890625000000000e-01   1.5032508344512294e+00   1.5029849648205114e+00   2.6586963071806302e-04
   8.8671875000000000e-01   1.1137538362800656e+00   1.1135320425968345e+00   2.2179368323116400e-04
   8.9453125000000000e-01  -1.2460877474314201e-01  -1.2466728813802051e-01   5.8513394878501046e-05
   9.0234375000000000e-01  -1.2921556993024588e+00  -1.2919816109885243e+00   1.7408831393450619e-04
   9.1015625000000000e-01  -1.4963724346718108e+00  -1.4960150023514567e+00   3.5743232035412298e-04
   9.1796875000000000e-01  -5.6111617718780415e-01  -5.6078618375360278e-01   3.2999343420136995e-04
   9.2578125000000000e-01   8.1496039760775552e-01   8.1499550516986763e-01   3.5107562112113300e-05
   9.3359375000000000e-01   1.5766033431127575e+00   1.5762332104473284e+00   3.7013266542906820e-04
   9.4140625000000000e-01   1.1258262135988635e+00   1.1252637504664862e+00   5.6246313237728884e-04
   9.4921875000000000e-01  -1.9942365840983906e-01  -1.9974146837370380e-01   3.1780996386474025e-04
   9.5703125000000000e-01  -1.3716307370057899e+00  -1.3713804342149598e+00   2.5030279083004814e-04
   9.6484375000000000e-01  -1.4716228139304635e+00  -1.4709226738684429e+00   7.0014006202057111e-04
   9.7265625000000000e-01  -4.1770741242222231e-01  -4.1709397118342845e-01   6.1344123879386592e-04
   9.8046875000000000e-01   9.5874447005468455e-01   9.5872592260546829e-01   1.8547449216255174e-05
   9.8828125000000000e-01   1.5666872465737731e+00   1.5659779346242315e+00   7.0931194954160226e-04
   9.9609375000000000e-01   9.2628621359319119e-01   9.2542620038189505e-01   8.6001321129614006e-04
   7.5390625000000000e-01   7.1894394403864567e-02   7.1812269597175071e-02   8.2124806689495844e-05
   7.6171875000000000e-01   8.9034126809760383e-01   8.8970509736101167e-01   6.3617073659216761e-04
   7.6953125000000000e-01   1.1300775177269318e+00   1.1294270248815379e+00   6.5049284539386854e-04
   7.7734375000000000e-01   5.7994207612635928e-01   5.7978635831150771e-01   1.5571781485157477e-04
   7.8515625000000000e-01  -4.1702943366111772e-01  -4.1661354287600860e-01   4.1589078510911870e-04
   7.9296875000000000e-01  -1.1700610063250176e+00  -1.1694456222106875e+00   6.1538411433015305e-04
   8.0078125000000000e-01  -1.1194317427000491e+00  -1.1191003560208626e+00   3.3138667918652942e-04
   8.0859375000000000e-01  -2.5623084475473779e-01  -2.5639341525961623e-01   1.6257050487844538e-04
   8.1640625000000000e-01   8.3377768443471667e-01   8.3330431160930263e-01   4.7337282541404235e-04
   8.2421875000000000e-01   1.3642375662842996e+00   1.3638332196027259e+00   4.0434668157374176e-04
   8.3203125000000000e-01   9.1836517091752301e-01   9.1829535731518164e-01   6.9813602341373127e-05
   8.3984375000000000e-01  -2.1959646962539536e-01  -2.1934438805549969e-01   2.5208156989567354e-04
   8.4765625000000000e-01  -1.2371545081060522e+00  -1.2368001949099332e+00   3.5431319611900491e-04
   8.5546875000000000e-01  -1.3734844683915770e+00  -1.3732579621014569e+00   2.2650629012010981e-04
   8.6328125000000000e-01  -4.9350471476508873e-01  -4.9350551612414256e-01   8.0135905383693640e-07
   8.7109375000000000e-01   7.8008115429617297e-01   7.7989301915758946e-01   1.8813513858351172e-04
