#                  Coord.                Numerical               Analytical                    Error
   3.9062500000000000e-03   1.4476856709423875e+00   1.4418966780088307e+00   5.7889929335568358e-03
   1.1718750000000000e-02   1.3994105605816851e+00   1.3985956903745169e+00   8.1487020716819458e-04
   1.9531250000000000e-02   1.3575488330072656e+00   1.3554572221435388e+00   2.0916108637267783e-03
   2.7343750000000000e-02   1.3203233411302022e+00   1.3143301284335065e+00   5.9932126966957266e-03
   3.5156250000000000e-02   1.2790157213563966e+00   1.2768538305635682e+00   2.1618907928284692e-03
   4.2968750000000000e-02   1.2450827757764591e+00   1.2444235340862393e+00   6.5924169021980283e-04
   5.0781250000000000e-02   1.2234754479558203e+00   1.2181728416536106e+00   5.3026063022096892e-03
   5.8593750000000000e-02   1.2028422585238425e+00   1.1989694069339025e+00   3.8728515899399962e-03
   6.6406250000000000e-02   1.1876658703234610e+00   1.1874182772963555e+00   2.4759302710553044e-04
   7.4218750000000000e-02   1.1878740850228595e+00   1.1838675641489382e+00   4.0065208739212821e-03
   8.2031250000000000e-02   1.1937893560624406e+00   1.1884120278114816e+00   5.3773282509590459e-03
   8.9843750000000000e-02   1.2018361669670052e+00   1.2008918879809924e+00   9.4427898601279203e-04
   9.7656250000000000e-02   1.2234150193299662e+00   1.2208863705686475e+00   2.5286487613187525e-03
   1.0546875000000000e-01   1.2538989003862631e+00   1.2477038026352552e+00   6.1950977510079053e-03
   1.1328125000000000e-01   1.2828933498059738e+00   1.2803720791347166e+00   2.5212706712571809e-03
   1.2109375000000000e-01   1.3189539918160265e+00   1.3176347024445625e+00   1.3192893714639720e-03
   1.2890625000000000e-01   1.3639495978910954e+00   1.3579580891619034e+00   5.9915087291919633e-03
   1.3671875000000000e-01   1.4040177603355428e+00   1.3995553352106025e+00   4.4624251249403279e-03
   1.4453125000000000e-01   1.4412160824069067e+00   1.4404301699439266e+00   7.8591246298009843e-04
   1.5234375000000000e-01   1.4831483546945625e+00   1.4784425998108728e+00   4.7057548836897389e-03
   1.6015625000000000e-01   1.5173858215795961e+00   1.5113950493931183e+00   5.9907721864778107e-03
   1.6796875000000000e-01   1.5382630476561063e+00   1.5371350323418767e+00   1.1280153142296800e-03
   1.7578125000000000e-01   1.5563515470456544e+00   1.5536679234439768e+00   2.6836236016776205e-03
   1.8359375000000000e-01   1.5656395039187827e+00   1.5592716086776832e+00   6.3678952410994860e-03
   1.9140625000000000e-01   1.5547872649853676e+00   1.5526039215492080e+00   2.1833434361595572e-03
   1.9921875000000000e-01   1.5334326477448483e+00   1.5327939555540084e+00   6.3869219083989570e-04
   2.0703125000000000e-01   1.5047347923149805e+00   1.4995095516362067e+00   5.2252406787738348e-03
   2.1484375000000000e-01   1.4563822519723586e+00   1.4529953288930046e+00   3.3869230793539540e-03
   2.2265625000000000e-01   1.3934422521930105e+00   1.3940782755300269e+00   6.3602333701640035e-04
   2.3046875000000000e-01   1.3270020832354825e+00   1.3241407937707956e+00   2.8612894646868892e-03
   2.3828125000000000e-01   1.2490380096491278e+00   1.2450638294427963e+00   3.9741802063315568e-03
   2.4609375000000000e-01   1.1584389847740024e+00   1.1591449857149756e+00   7.0600094097317267e-04
   2.5390625000000000e-01   1.0692128634635816e+00   1.0689980766225962e+00   2.1478684098541478e-04
   2.6171875000000000e-01   9.8084925098404985e-01   9.7744129306150285e-01   3.4079579225470003e-03
   2.6953125000000000e-01   8.8758946968068908e-01   8.8738103290752601e-01   2.0843677316306763e-04
   2.7734375000000000e-01   8.0012409509660154e-01   8.0169761016232421e-01   1.5735150657226749e-03
   2.8515625000000000e-01   7.2490370781917157e-01   7.2313772119920827e-01   1.7659866199633001e-03
   2.9296875000000000e-01   6.5555758681639287e-01   6.5421697902872755e-01   1.3406077876653155e-03
   3.0078125000000000e-01   5.9534977127278965e-01   5.9713430729396610e-01   1.7845360211764527e-03
   3.0859375000000000e-01   5.5349990925817405e-01   5.5369875604956897e-01   1.9884679139492434e-04
   3.1640625000000000e-01   5.2714754481958936e-01   5.2526853009504193e-01   1.8790147245474342e-03
   3.2421875000000000e-01   5.1219006425324698e-01   5.1270178082917128e-01   5.1171657592430364e-04
   3.3203125000000000e-01   5.1485517681301485e-01   5.1631897418374262e-01   1.4637973707277707e-03
   3.3984375000000000e-01   5.3736275239455489e-01   5.3587728720636008e-01   1.4854651881948122e-03
   3.4765625000000000e-01   5.7200390094568609e-01   5.7055831130279433e-01   1.4455896428917647e-03
   3.5546875000000000e-01   6.1766514772618730e-01   6.1897112267188625e-01   1.3059749456989511e-03
   3.6328125000000000e-01   6.7965355504741320e-01   6.7917329444571761e-01   4.8026060169559237e-04
   3.7109375000000000e-01   7.5177502221980730e-01   7.4871248453292050e-01   3.0625376868868015e-03
   3.7890625000000000e-01   8.2499023190670651e-01   8.2469072404943611e-01   2.9950785727039797e-04
   3.8671875000000000e-01   9.0346656306869311e-01   9.0385242931988130e-01   3.8586625118819384e-04
   3.9453125000000000e-01   9.8632792787676249e-01   9.8269553918447849e-01   3.6323886922839943e-03
   4.0234375000000000e-01   1.0602683621054343e+00   1.0576032010224294e+00   2.6651610830048522e-03
   4.1015625000000000e-01   1.1245610388613645e+00   1.1249913227799500e+00   4.3028391858546122e-04
   4.1796875000000000e-01   1.1845165239630842e+00   1.1814653398013917e+00   3.0511841616924773e-03
   4.2578125000000000e-01   1.2287010662188633e+00   1.2239779778144029e+00   4.7230884044604515e-03
   4.3359375000000000e-01   1.2505452403536701e+00   1.2499788515516934e+00   5.6638880197668051e-04
   4.4140625000000000e-01   1.2593394267266718e+00   1.2575465752379369e+00   1.7928514887348701e-03
   4.4921875000000000e-01   1.2510240231156784e+00   1.2454947360917197e+00   5.5292870239587177e-03
   4.5703125000000000e-01   1.2156209439122847e+00   1.2134445521887633e+00   2.1763917235213537e-03
   4.6484375000000000e-01   1.1624724086043885e+00   1.1618591625909123e+00   6.1324601347623187e-04
   4.7265625000000000e-01   1.0967872321672774e+00   1.0920370639668044e+00   4.7501682004729151e-03
   4.8046875000000000e-01   1.0095761019463911e+00   1.0060649513242470e+00   3.5111506221441324e-03
   4.8828125000000000e-01   9.0682683308825607e-01   9.0673286644129070e-01   9.3966646965371048e-05
   4.9609375000000000e-01   8.0030847888622558e-01   7.9741685690219433e-01   2.8916219840312563e-03
   5.0390625000000000e-01   6.8568662695565552e-01   6.8193610709435259e-01   3.7505198613029256e-03
   5.1171875000000000e-01   5.6464283516741720e-01   5.6439260319884177e-01   2.5023196857543173e-04
   5.1953125000000000e-01   4.5001862512460772e-01   4.4900180538056655e-01   1.0168197440411642e-03
   5.2734375000000000e-01   3.4268291108974047e-01   3.3992257215305333e-01   2.7603389366871456e-03
   5.3515625000000000e-01   2.4163360896207950e-01   2.4109383165940956e-01   5.3977730266993595e-04
   5.4296875000000000e-01   1.5610439136854543e-01   1.5608438305397188e-01   2.0008314573549679e-05
   5.5078125000000000e-01   8.9218854493976735e-02   8.7960915792758068e-02   1.2579387012186666e-03
   5.5859375000000000e-01   3.9566567039963529e-02   3.9178022891158550e-02   3.8854414880497984e-04
   5.6640625000000000e-01   1.1539060677112646e-02   1.1492790614297668e-02   4.6270062814978211e-05
   5.7421875000000000e-01   6.2431819385603306e-03   5.9055574542907071e-03   3.3762448426962344e-04
   5.8203125000000000e-01   2.2383287959868100e-02   2.2627679999462288e-02   2.4439203959418856e-04
   5.8984375000000000e-01   6.1598425880687244e-02   6.1076598527376173e-02   5.2182735331107039e-04
   5.9765625000000000e-01   1.2056440845740393e-01   1.1989809282759778e-01   6.6631562980615233e-04
   6.0546875000000000e-01   1.9625386893530505e-01   1.9701526264236036e-01   7.6139370705530229e-04
   6.1328125000000000e-01   2.9045903965403874e-01   2.8970335287624688e-01   7.5568677779186411e-04
   6.2109375000000000e-01   3.9672467469314632e-01   3.9468898004255853e-01   2.0356946505877827e-03
   6.2890625000000000e-01   5.0786624113213097e-01   5.0827154486881831e-01   4.0530373668734576e-04
   6.3671875000000000e-01   6.2699896847200398e-01   6.2646362556283952e-01   5.3534290916446015e-04
   6.4453125000000000e-01   7.4873566791814483e-01   7.4514598249914588e-01   3.5896854189989558e-03
   6.5234375000000000e-01   8.6134926907209597e-01   8.6023156822210634e-01   1.1177008499896335e-03
   6.6015625000000000e-01   9.6803410896221831e-01   9.6783177359805073e-01   2.0233536416758291e-04
   6.6796875000000000e-01   1.0688628511120903e+00   1.0644172249641641e+00   4.4456261479262071e-03
   6.7578125000000000e-01   1.1503451586448614e+00   1.1469649540932414e+00   3.3802045516200252e-03
   6.8359375000000000e-01   1.2133998150030816e+00   1.2130838418773107e+00   3.1597312577091863e-04
   6.9140625000000000e-01   1.2653374246769302e+00   1.2611109832246927e+00   4.2264414522374949e-03
   6.9921875000000000e-01   1.2956445379322663e+00   1.2901730537696123e+00   5.4714841626539723e-03
   7.0703125000000000e-01   1.3013783697755130e+00   1.3002088108105385e+00   1.1695589649745042e-03
   7.1484375000000000e-01   1.2951622541926517e+00   1.2919513750815692e+00   3.2108791110825319e-03
   7.2265625000000000e-01   1.2734110723586511e+00   1.2668716882461133e+00   6.5393841125378493e-03
   7.3046875000000000e-01   1.2296298392989353e+00   1.2270872482708002e+00   2.5425910281351438e-03
   7.3828125000000000e-01   1.1773077261265161e+00   1.1752426054281919e+00   2.0651206983242076e-03
   7.4609375000000000e-01   1.1206781513907904e+00   1.1143698975752760e+00   6.3082538155143641e-03
   8.7890625000000000e-01   1.0452139557883031e+00   1.0416625879454593e+00   3.5513678428438222e-03
   8.8671875000000000e-01   1.1239024028266735e+00   1.1228862174149616e+00   1.0161854117118896e-03
   8.9453125000000000e-01   1.2094280019709087e+00   1.2042328254974779e+00   5.1951764734308181e-03
   9.0234375000000000e-01   1.2882623526777455e+00   1.2830876407104104e+00   5.1747119673350994e-03
   9.1015625000000000e-01   1.3579724128002739e+00   1.3569397987654006e+00   1.0326140348733137e-03
   9.1796875000000000e-01   1.4276115835832353e+00   1.4234893052707225e+00   4.1222783125127727e-03
   9.2578125000000000e-01   1.4872398506748601e+00   1.4807498416818490e+00   6.4900089930111093e-03
   9.3359375000000000e-01   1.5289223733485937e+00   1.5271402078772267e+00   1.7821654713670032e-03
   9.4140625000000000e-01   1.5640658096330984e+00   1.5615572045201840e+00   2.5086051129143971e-03
   9.4921875000000000e-01   1.5902526335883878e+00   1.5834236737757204e+00   6.8289598126674012e-03
   9.5703125000000000e-01   1.5958733353739611e+00   1.5927071915533724e+00   3.1661438205887737e-03
   9.6484375000000000e-01   1.5909292136018742e+00   1.5899073571550835e+00   1.0218564467907587e-03
   9.7265625000000000e-01   1.5819351768704588e+00   1.5760124645735334e+00   5.9227122969254253e-03
   9.8046875000000000e-01   1.5571373192265696e+00   1.5524291992860271e+00   4.7081199405425433e-03
   9.8828125000000000e-01   1.5212455603997128e+00   1.5208915044601514e+00   3.5405593956139292e-04
   9.9609375000000000e-01   1.4874509721036531e+00   1.4833565607951642e+00   4.0944113084888656e-03
   7.5390625000000000e-01   1.0515845497687966e+00   1.0477387223105761e+00   3.8458274582204854e-03
   7.6171875000000000e-01   9.8004808453158887e-01   9.7870478588879339e-01   1.3432986427954763e-03
   7.6953125000000000e-01   9.1577357968424500e-01   9.1056604359313564e-01   5.2075360911093549e-03
   7.7734375000000000e-01   8.5104227130998344e-01   8.4643357217599968e-01   4.6086991339837624e-03
   7.8515625000000000e-01   7.9024192904034540e-01   7.8912240189625038e-01   1.1195271440950227e-03
   7.9296875000000000e-01   7.4499959165348195e-01   7.4106525785601951e-01   3.9343337974624415e-03
   8.0078125000000000e-01   7.0910416776894536e-01   7.0424991520451075e-01   4.8542525644346135e-03
   8.0859375000000000e-01   6.8138448393405315e-01   6.8017893987702638e-01   1.2055440570267750e-03
   8.1640625000000000e-01   6.7276776462474630e-01   6.6984918726862841e-01   2.9185773561178907e-03
   8.2421875000000000e-01   6.7873022061463639e-01   6.7374769826476166e-01   4.9825223498747295e-03
   8.3203125000000000e-01   6.9338305046404392e-01   6.9186059046734805e-01   1.5224599966958685e-03
   8.3984375000000000e-01   7.2584036385590511e-01   7.2369210944142848e-01   2.1482544144766358e-03
   8.4765625000000000e-01   7.7355030705132066e-01   7.6829200249501062e-01   5.2583045563100450e-03
   8.5546875000000000e-01   8.2654457190638941e-01   8.2429056230914388e-01   2.2540095972455321e-03
   8.6328125000000000e-01   8.9142497094708795e-01   8.8994179022747211e-01   1.4831807196158397e-03
   8.7109375000000000e-01   9.6865982226803993e-01   9.6317589592101260e-01   5.4839263470273236e-03
