#                  Coord.                Numerical               Analytical                    Error
   3.9062500000000000e-03  -8.3611992913592093e-01  -8.3480487214557353e-01   1.3150569903473963e-03
   1.1718750000000000e-02  -3.5805753394584228e-01  -3.5754408259047210e-01   5.1345135537017583e-04
   1.9531250000000000e-02   3.9234078687901808e-01   3.9162727067641395e-01   7.1351620260412529e-04
   2.7343750000000000e-02   7.8126331377594760e-01   7.8001147253891912e-01   1.2518412370284837e-03
   3.5156250000000000e-02   5.1933057203578392e-01   5.1867927286901661e-01   6.5129916676731625e-04
   4.2968750000000000e-02  -1.1928743134635056e-01  -1.1878624577606040e-01   5.0118557029016353e-04
   5.0781250000000000e-02  -5.7915759748110862e-01  -5.7800589837835870e-01   1.1516991027499257e-03
   5.8593750000000000e-02  -5.2174760127285313e-01  -5.2100194995594751e-01   7.4565131690562669e-04
   6.6406250000000000e-02  -8.3826882092094046e-02  -8.4130098077353277e-02   3.0321598525923088e-04
   7.4218750000000000e-02   3.0773213536348820e-01   3.0670267217943165e-01   1.0294631840565560e-03
   8.2031250000000000e-02   3.5118195922299117e-01   3.5037763895409746e-01   8.0432026889371011e-04
   8.9843750000000000e-02   1.1301697612731448e-01   1.1314165777239678e-01   1.2468164508229462e-04
   9.7656250000000000e-02  -1.0391268029721974e-01  -1.0301399631173007e-01   8.9868398548967332e-04
   1.0546875000000000e-01  -9.6988394739668748e-02  -9.6148976207716619e-02   8.3941853195212968e-04
   1.1328125000000000e-01   4.6196570976610896e-02   4.6234868272091501e-02   3.8297295480604898e-05
   1.2109375000000000e-01   8.2247587213268747e-02   8.1483563499052253e-02   7.6402371421649407e-04
   1.2890625000000000e-01  -9.0823195308557370e-02  -9.1682383064555575e-02   8.5918775599820585e-04
   1.3671875000000000e-01  -2.9730904894949173e-01  -2.9750167593608606e-01   1.9262698659433530e-04
   1.4453125000000000e-01  -2.5996374960275004e-01  -2.5934274933886448e-01   6.2100026388556273e-04
   1.5234375000000000e-01   8.7652638578695541e-02   8.8515846467518811e-02   8.6320788882326971e-04
   1.6015625000000000e-01   4.8004328895616866e-01   4.8038443037564776e-01   3.4114141947910737e-04
   1.6796875000000000e-01   5.3695416572714216e-01   5.3648806662844017e-01   4.6609909870198862e-04
   1.7578125000000000e-01   1.2904649233116883e-01   1.2819937840010512e-01   8.4711393106370880e-04
   1.8359375000000000e-01  -4.5934445638227506e-01  -4.5982692990851692e-01   4.8247352624186668e-04
   1.9140625000000000e-01  -7.4470500219605806e-01  -7.4441157480288955e-01   2.9342739316851052e-04
   1.9921875000000000e-01  -4.5917776131762889e-01  -4.5837799171765081e-01   7.9976959997807295e-04
   2.0703125000000000e-01   2.0392567509736723e-01   2.0453192411747970e-01   6.0624902011247039e-04
   2.1484375000000000e-01   7.3645419321149674e-01   7.3634931816414961e-01   1.0487504734713049e-04
   2.2265625000000000e-01   7.2797463670546958e-01   7.2726422187518536e-01   7.1041483028422281e-04
   2.3046875000000000e-01   1.9061133374329753e-01   1.8991724356063464e-01   6.9409018266289313e-04
   2.3828125000000000e-01  -4.6767465596121333e-01  -4.6776031892164893e-01   8.5662960435606283e-05
   2.4609375000000000e-01  -7.7540545274790618e-01  -7.7482739434303094e-01   5.7805840487523685e-04
   2.5390625000000000e-01  -5.4611703600945682e-01  -5.4538667764902582e-01   7.3035836043100488e-04
   2.6171875000000000e-01   2.3481712657785148e-02   2.3739753715121232e-02   2.5804105733608432e-04
   2.6953125000000000e-01   5.3831437577701657e-01   5.3790141518949375e-01   4.1296058752282594e-04
   2.7734375000000000e-01   6.8838795026468125e-01   6.8768291390976499e-01   7.0503635491625527e-04
   2.8515625000000000e-01   4.1940046320143509e-01   4.1901274159333812e-01   3.8772160809696921e-04
   2.9296875000000000e-01  -8.3585083866972831e-02  -8.3345938076681225e-02   2.3914579029160610e-04
   3.0078125000000000e-01  -5.3026073882337899e-01  -5.2963435077403476e-01   6.2638804934422865e-04
   3.0859375000000000e-01  -6.7377593829333204e-01  -6.7331632406025432e-01   4.5961423307772087e-04
   3.1640625000000000e-01  -4.2097737719168926e-01  -4.2106157638894487e-01   8.4199197255607761e-05
   3.2421875000000000e-01   1.1158595820132888e-01   1.1107080179053878e-01   5.1515641079009911e-04
   3.3203125000000000e-01   6.2480588551548311e-01   6.2433309330570419e-01   4.7279220977891612e-04
   3.3984375000000000e-01   7.7972611938860270e-01   7.7969714911273214e-01   2.8970275870565665e-05
   3.4765625000000000e-01   4.1857139094076073e-01   4.1897081215564569e-01   3.9942121488495408e-04
   3.5546875000000000e-01  -2.7732159021690617e-01  -2.7688208157586591e-01   4.3950864104025378e-04
   3.6328125000000000e-01  -8.5008949242618448e-01  -8.5000249132598948e-01   8.7001100194994407e-05
   3.7109375000000000e-01  -8.6432821167454410e-01  -8.6463796042481544e-01   3.0974875027134363e-04
   3.7890625000000000e-01  -2.4890759096887388e-01  -2.4929548329239740e-01   3.8789232352351433e-04
   3.8671875000000000e-01   5.9690339958111838e-01   5.9680708478568534e-01   9.6314795433039002e-05
   3.9453125000000000e-01   1.0599376237593174e+00   1.0602041498200092e+00   2.6652606069177409e-04
   4.0234375000000000e-01   7.6873482322777553e-01   7.6908391800211939e-01   3.4909477434386105e-04
   4.1015625000000000e-01  -1.0129894281458329e-01  -1.0122187245827760e-01   7.7070356305691812e-05
   4.1796875000000000e-01  -9.2963104538959851e-01  -9.2990571165365610e-01   2.7466626405758809e-04
   4.2578125000000000e-01  -1.1022308606307498e+00  -1.1025821548244565e+00   3.5129419370671933e-04
   4.3359375000000000e-01  -4.7469913412733161e-01  -4.7476030628123023e-01   6.1172153898614301e-05
   4.4140625000000000e-01   5.0912482383501112e-01   5.0944501953617038e-01   3.2019570115926488e-04
   4.4921875000000000e-01   1.1372242036152893e+00   1.1376330326264008e+00   4.0882901111150005e-04
   4.5703125000000000e-01   9.4982348562890817e-01   9.4990654950962616e-01   8.3063880717992866e-05
   4.6484375000000000e-01   7.5369744518818615e-02   7.4997710108712035e-02   3.7203441010658089e-04
   4.7265625000000000e-01  -8.6077851240845704e-01  -8.6129375919340811e-01   5.1524678495107334e-04
   4.8046875000000000e-01  -1.1847872620960702e+00  -1.1849518578255436e+00   1.6459572947336021e-04
   4.8828125000000000e-01  -6.5717592177786344e-01  -6.5677998206819044e-01   3.9593970967299885e-04
   4.9609375000000000e-01   3.5193011010278641e-01   3.5257927797144839e-01   6.4916786866198173e-04
   5.0390625000000000e-01   1.1198310913568839e+00   1.1201457190928794e+00   3.1462773599555405e-04
   5.1171875000000000e-01   1.0843010640696444e+00   1.0839429733594481e+00   3.5809071019632377e-04
   5.1953125000000000e-01   2.5418000947691483e-01   2.5340601362081538e-01   7.7399585609944088e-04
   5.2734375000000000e-01  -7.7979793215220417e-01  -7.8032092943941000e-01   5.2299728720583971e-04
   5.3515625000000000e-01  -1.2585913080289253e+00  -1.2583602040551998e+00   2.3110397372549940e-04
   5.4296875000000000e-01  -8.1074840324854069e-01  -8.0990008623727394e-01   8.4831701126675263e-04
   5.5078125000000000e-01   2.5427283562138148e-01   2.5503480397136480e-01   7.6196834998332186e-04
   5.5859375000000000e-01   1.1511891791879254e+00   1.1511792061984492e+00   9.9729894762479177e-06
   5.6640625000000000e-01   1.1958715904269863e+00   1.1950369201880113e+00   8.3467023897498827e-04
   5.7421875000000000e-01   3.3267024415321000e-01   3.3167979649938778e-01   9.9044765382222399e-04
   5.8203125000000000e-01  -7.9920933167876873e-01  -7.9950198429316011e-01   2.9265261439137547e-04
   5.8984375000000000e-01  -1.3360450424106616e+00  -1.3353384002458868e+00   7.0664216477478448e-04
   5.9765625000000000e-01  -8.5341631831924958e-01  -8.5225498378876885e-01   1.1613345304807288e-03
   6.0546875000000000e-01   2.9093955265574256e-01   2.9158228609509895e-01   6.4273343935639105e-04
   6.1328125000000000e-01   1.2180879694920503e+00   1.2176278521248496e+00   4.6011736720075191e-04
   6.2109375000000000e-01   1.2058889887586024e+00   1.2046544550019809e+00   1.2345337566215253e-03
   6.2890625000000000e-01   2.5826426956713089e-01   2.5727056789306202e-01   9.9370167406886978e-04
   6.3671875000000000e-01  -8.8836578787432730e-01  -8.8825304795250581e-01   1.1273992182148085e-04
   6.4453125000000000e-01  -1.3374673423577024e+00  -1.3362863088640988e+00   1.1810334936035449e-03
   6.5234375000000000e-01  -7.3813230642852856e-01  -7.3683938941886695e-01   1.2929170096616094e-03
   6.6015625000000000e-01   4.3495019329379991e-01   4.3525179813323145e-01   3.0160483943153515e-04
   6.6796875000000000e-01   1.2543619587912196e+00   1.2533667831503155e+00   9.9517564090412236e-04
   6.7578125000000000e-01   1.0745176698325360e+00   1.0730211984325531e+00   1.4964713999829904e-03
   6.8359375000000000e-01   4.5087894721519528e-02   4.4355416044026007e-02   7.3247867749352130e-04
   6.9140625000000000e-01  -1.0080921146801434e+00  -1.0074000796581748e+00   6.9203502196857336e-04
   6.9921875000000000e-01  -1.2432711410113777e+00  -1.2416979700733155e+00   1.5731709380621961e-03
   7.0703125000000000e-01  -4.7785517855609105e-01  -4.7672873619497358e-01   1.1264423611174745e-03
   7.1484375000000000e-01   6.6471714844743768e-01   6.6441079563186878e-01   3.0635281556889993e-04
   7.2265625000000000e-01   1.2583510299514240e+00   1.2568375622209516e+00   1.5134677304724509e-03
   7.3046875000000000e-01   8.2469931076361658e-01   8.2326027431139481e-01   1.4390364522217647e-03
   7.3828125000000000e-01  -2.7762363934755974e-01  -2.7774162791621221e-01   1.1798856865247176e-04
   7.4609375000000000e-01  -1.1452350925823263e+00  -1.1439075549315341e+00   1.3275376507921877e-03
   8.7890625000000000e-01   9.1189346027864593e-01   9.1030780280832901e-01   1.5856574703169146e-03
   8.8671875000000000e-01   4.4356498378042253e-01   4.4283471808018532e-01   7.3026570023720927e-04
   8.9453125000000000e-01  -3.8050851030710731e-01  -3.7975419289837326e-01   7.5431740873405095e-04
   9.0234375000000000e-01  -8.1727633500055041e-01  -8.1572101530099606e-01   1.5553196995543583e-03
   9.1015625000000000e-01  -4.9608075405535873e-01  -4.9510410527743792e-01   9.7664877792080773e-04
   9.1796875000000000e-01   2.6490895205547677e-01   2.6445372101414988e-01   4.5523104132688674e-04
   9.2578125000000000e-01   7.6143925723896388e-01   7.5997639748908963e-01   1.4628597498742568e-03
   9.3359375000000000e-01   5.4369211192667510e-01   5.4253192681295370e-01   1.1601851137214014e-03
   9.4140625000000000e-01  -1.8271838300473134e-01  -1.8255289083161805e-01   1.6549217311329079e-04
   9.4921875000000000e-01  -7.5042312638712749e-01  -7.4910448925396989e-01   1.3186371331576074e-03
   9.5703125000000000e-01  -6.3727040947846891e-01  -6.3599449769606098e-01   1.2759117824079347e-03
   9.6484375000000000e-01   6.2866987764658558e-02   6.2965518639627391e-02   9.8530874968832949e-05
   9.7265625000000000e-01   7.2648769031891081e-01   7.2535033520036296e-01   1.1373551185478448e-03
   9.8046875000000000e-01   7.6070662528569111e-01   7.5938053549244200e-01   1.3260897932491078e-03
   9.8828125000000000e-01   1.3072332881009885e-01   1.3039618308646142e-01   3.2714572363742866e-04
   9.9609375000000000e-01  -6.1520054944304980e-01  -6.1426894777402996e-01   9.3160166901984365e-04
   7.5390625000000000e-01  -1.0692179053644004e+00  -1.0675776623819269e+00   1.6402429824735609e-03
   7.6171875000000000e-01  -1.1701468954847405e-01  -1.1647858247199333e-01   5.3610707648071854e-04
   7.6953125000000000e-01   9.2380175243184126e-01   9.2276316976561434e-01   1.0385826662269171e-03
   7.7734375000000000e-01   1.1966604109278061e+00   1.1949440675177792e+00   1.7163434100269104e-03
   7.8515625000000000e-01   4.8423036402201719e-01   4.8332319399599816e-01   9.0717002601903296e-04
   7.9296875000000000e-01  -6.1518877001662164e-01  -6.1450388708053250e-01   6.8488293608914841e-04
   8.0078125000000000e-01  -1.1903083060904169e+00  -1.1886341683370578e+00   1.6741377533591173e-03
   8.0859375000000000e-01  -7.7709620068675966e-01  -7.7588997817616656e-01   1.2062225105931024e-03
   8.1640625000000000e-01   2.6130480361588582e-01   2.6100299813098987e-01   3.0180548489594505e-04
   8.2421875000000000e-01   1.0511725855377896e+00   1.0496412878876968e+00   1.5312976500927444e-03
   8.3203125000000000e-01   9.4806146484951392e-01   9.4664307164744543e-01   1.4183932020684908e-03
   8.3984375000000000e-01   7.0581342354774201e-02   7.0505189603224425e-02   7.6152751549776743e-05
   8.4765625000000000e-01  -8.2004545106892901e-01  -8.1873117669365025e-01   1.3142743752787567e-03
   8.5546875000000000e-01  -9.8066137209160142e-01  -9.7911840674666428e-01   1.5429653449371417e-03
   8.6328125000000000e-01  -3.1386086125095813e-01  -3.1343551655629509e-01   4.2534469466304348e-04
   8.7109375000000000e-01   5.7261596533759640e-01   5.7156767726506885e-01   1.0482880725275479e-03
