#                  Coord.                Numerical               Analytical                    Error
   3.9062500000000000e-03   7.5738969538236856e-01   7.5687666582373436e-01   5.1302955863419264e-04
   1.1718750000000000e-02   6.8251615044285607e-01   6.8230639409860083e-01   2.0975634425524081e-04
   1.9531250000000000e-02   6.1415103615169042e-01   6.1431202080034675e-01   1.6098464865632600e-04
   2.7343750000000000e-02   5.5380308477741469e-01   5.5356461287642400e-01   2.3847190099068882e-04
   3.5156250000000000e-02   5.0103861800706329e-01   5.0076771750807703e-01   2.7090049898625956e-04
   4.2968750000000000e-02   4.5651718292534332e-01   4.5669258723327411e-01   1.7540430793078210e-04
   5.0781250000000000e-02   4.2215706999579322e-01   4.2219032314639049e-01   3.3253150597267744e-05
   5.8593750000000000e-02   3.9843645778927994e-01   3.9817831397185566e-01   2.5814381742428338e-04
   6.6406250000000000e-02   3.8555103846213246e-01   3.8560120774210965e-01   5.0169279977196890e-05
   7.4218750000000000e-02   3.8515353580740413e-01   3.8536941579696588e-01   2.1587998956174026e-04
   8.2031250000000000e-02   3.9843158333130563e-01   3.9828053256477730e-01   1.5105076652832672e-04
   8.9843750000000000e-02   4.2508811694202497e-01   4.2493083717986757e-01   1.5727976215740291e-04
   9.7656250000000000e-02   4.6540360264331437e-01   4.6562508483017373e-01   2.2148218685935639e-04
   1.0546875000000000e-01   5.2027594747143624e-01   5.2029304729489323e-01   1.7099823456989682e-05
   1.1328125000000000e-01   5.8877131209316924e-01   5.8842075912303127e-01   3.5055297013797393e-04
   1.2109375000000000e-01   6.6899330511845367e-01   6.6900327321759434e-01   9.9680991406669861e-06
   1.2890625000000000e-01   7.6037022543685340e-01   7.6052407924750298e-01   1.5385381064958459e-04
   1.3671875000000000e-01   8.6139578681455897e-01   8.6096436469403015e-01   4.3142212052882378e-04
   1.4453125000000000e-01   9.6820432693745406e-01   9.6784317610095971e-01   3.6115083649435054e-04
   1.5234375000000000e-01   1.0781485941866809e+00   1.0782874254950272e+00   1.3883130834635438e-04
   1.6015625000000000e-01   1.1894904381749596e+00   1.1891287158895436e+00   3.6172228541597740e-04
   1.6796875000000000e-01   1.2977616836646915e+00   1.2970222333706289e+00   7.3945029406252694e-04
   1.7578125000000000e-01   1.3986723909597365e+00   1.3985815476478656e+00   9.0843311870925092e-05
   1.8359375000000000e-01   1.4907250335594315e+00   1.4905221326443714e+00   2.0290091506014463e-04
   1.9140625000000000e-01   1.5707509412609730e+00   1.5698058013698819e+00   9.4513989109112906e-04
   1.9921875000000000e-01   1.6342561065376531e+00   1.6337780688619852e+00   4.7803767566789723e-04
   2.0703125000000000e-01   1.6803766526268236e+00   1.6802907238132323e+00   8.5928813591262809e-05
   2.1484375000000000e-01   1.7086970236719241e+00   1.7078025979031910e+00   8.9442576873310919e-04
   2.2265625000000000e-01   1.7163084028041884e+00   1.7154526462833504e+00   8.5575652083802467e-04
   2.3046875000000000e-01   1.7032115437073587e+00   1.7031009440527958e+00   1.1059965456294840e-04
   2.3828125000000000e-01   1.6719888569158490e+00   1.6713349878260055e+00   6.5386908984343961e-04
   2.4609375000000000e-01   1.6224968394952071e+00   1.6214406710482194e+00   1.0561684469876376e-03
   2.5390625000000000e-01   1.5556020762409732e+00   1.5553393605352839e+00   2.6271570568936475e-04
   2.6171875000000000e-01   1.4758712804702310e+00   1.4754945129253187e+00   3.7676754491222653e-04
   2.6953125000000000e-01   1.3858134215187716e+00   1.3847931052259570e+00   1.0203162928146270e-03
   2.7734375000000000e-01   1.2868528218175044e+00   1.2864086932326100e+00   4.4412858489439877e-04
   2.8515625000000000e-01   1.1838243078137216e+00   1.1836540513488920e+00   1.7025646482959900e-04
   2.9296875000000000e-01   1.0806527815540543e+00   1.0798320058063018e+00   8.2077574775252238e-04
   3.0078125000000000e-01   9.7865443570057731e-01   9.7809319558284857e-01   5.6124011772873406e-04
   3.0859375000000000e-01   8.8138226350421911e-01   8.8130905592483266e-01   7.3207579386447286e-05
   3.1640625000000000e-01   7.9253630803403619e-01   7.9196732406735082e-01   5.6898396668536577e-04
   3.2421875000000000e-01   7.1268129875261610e-01   7.1209585440813494e-01   5.8544434448115634e-04
   3.3203125000000000e-01   6.4327269264296516e-01   6.4321857500041757e-01   5.4117642547590883e-05
   3.3984375000000000e-01   5.8669911765144467e-01   5.8634512921077264e-01   3.5398844067202617e-04
   3.4765625000000000e-01   5.4254689961138847e-01   5.4199327181704016e-01   5.5362779434831033e-04
   3.5546875000000000e-01   5.1030951982598682e-01   5.1024060559252027e-01   6.8914233466554897e-05
   3.6328125000000000e-01   4.9099644417806598e-01   4.9079995279115424e-01   1.9649138691174572e-04
   3.7109375000000000e-01   4.8363282428017612e-01   4.8311076376325829e-01   5.2206051691783273e-04
   3.7890625000000000e-01   4.8655410637870744e-01   4.8643766738513150e-01   1.1643899357594023e-04
   3.8671875000000000e-01   5.0004465137973320e-01   4.9996672406732645e-01   7.7927312406744775e-05
   3.9453125000000000e-01   5.2339893334546339e-01   5.2289025095384190e-01   5.0868239162149553e-04
   4.0234375000000000e-01   5.5470564095190389e-01   5.5447227006397071e-01   2.3337088793318195e-04
   4.1015625000000000e-01   5.9407884309449954e-01   5.9408861148962555e-01   9.7683951260085777e-06
   4.1796875000000000e-01   6.4171907105929837e-01   6.4123832087583654e-01   4.8075018346183107e-04
   4.2578125000000000e-01   6.9597253893426914e-01   6.9552602797133767e-01   4.4651096293146786e-04
   4.3359375000000000e-01   7.5660699885245530e-01   7.5661802881060602e-01   1.1029958150721164e-05
   4.4140625000000000e-01   8.2456758247539652e-01   8.2417769210185043e-01   3.8989037354608680e-04
   4.4921875000000000e-01   8.9849552074824324e-01   8.9778810936521780e-01   7.0741138302543582e-04
   4.5703125000000000e-01   9.7702377341400182e-01   9.7687141004832923e-01   1.5236336567259201e-04
   4.6484375000000000e-01   1.0608634276117075e+00   1.0606146844320368e+00   2.4874317967071846e-04
   4.7265625000000000e-01   1.1488049333290313e+00   1.1479119337204571e+00   8.9299960857425198e-04
   4.8046875000000000e-01   1.2378167853757636e+00   1.2373299499931885e+00   4.8683538257510151e-04
   4.8828125000000000e-01   1.3272503697882601e+00   1.3271036813439139e+00   1.4668844434617689e-04
   4.9609375000000000e-01   1.4160614694239546e+00   1.4151637139086428e+00   8.9775551531179332e-04
   5.0390625000000000e-01   1.5000804574122750e+00   1.4991953183721303e+00   8.8513904014475564e-04
   5.1171875000000000e-01   1.5769191901826285e+00   1.5767254042247694e+00   1.9378595785912722e-04
   5.1953125000000000e-01   1.6459529948623024e+00   1.6452310260251659e+00   7.2196883713648852e-04
   5.2734375000000000e-01   1.7034375139799209e+00   1.7022610663922753e+00   1.1764475876456792e-03
   5.3515625000000000e-01   1.7459530614096166e+00   1.7455615734716781e+00   3.9148793793852832e-04
   5.4296875000000000e-01   1.7736604231202444e+00   1.7731950481662440e+00   4.6537495400045259e-04
   5.5078125000000000e-01   1.7848824905419831e+00   1.7836447418060626e+00   1.2377487359205297e-03
   5.5859375000000000e-01   1.7765667345347793e+00   1.7758966174913982e+00   6.7011704338115763e-04
   5.6640625000000000e-01   1.7497491884904126e+00   1.7494938404180744e+00   2.5534807233817958e-04
   5.7421875000000000e-01   1.7056192294647561e+00   1.7045612261856120e+00   1.0580032791440708e-03
   5.8203125000000000e-01   1.6427055210251953e+00   1.6417996967908033e+00   9.0582423439200532e-04
   5.8984375000000000e-01   1.5626306683275586e+00   1.5624531867234190e+00   1.7748160413955105e-04
   5.9765625000000000e-01   1.4689763838779790e+00   1.4682523654210626e+00   7.2401845691638655e-04
   6.0546875000000000e-01   1.3623244967942358e+00   1.3613408288261291e+00   9.8366796810678281e-04
   6.1328125000000000e-01   1.2444196950929423e+00   1.2441899841223945e+00   2.2971097054780287e-04
   6.2109375000000000e-01   1.1198811073067698e+00   1.1195087263389170e+00   3.7238096785285890e-04
   6.2890625000000000e-01   9.9101243978659326e-01   9.9015329000009755e-01   8.5914978649570539e-04
   6.3671875000000000e-01   8.5937656420417841e-01   8.5904152772333664e-01   3.3503648084176607e-04
   6.4453125000000000e-01   7.2920047929775789e-01   7.2907453257941035e-01   1.2594671834753601e-04
   6.5234375000000000e-01   6.0365496598067825e-01   6.0306719717342960e-01   5.8776880724864533e-04
   6.6015625000000000e-01   4.8406250094965514e-01   4.8368817402538405e-01   3.7432692427108449e-04
   6.6796875000000000e-01   3.7342958098034257e-01   3.7340889519720299e-01   2.0685783139573477e-05
   6.7578125000000000e-01   2.7474703052323224e-01   2.7446087653523504e-01   2.8615398799719527e-04
   6.8359375000000000e-01   1.8909257900031509e-01   1.8880044957391343e-01   2.9212942640166606e-04
   6.9140625000000000e-01   1.1809273386590971e-01   1.1808024410391391e-01   1.2489761995804205e-05
   6.9921875000000000e-01   6.3712723960484996e-02   6.3627058076726972e-02   8.5665883758023753e-05
   7.0703125000000000e-01   2.6547804834606663e-02   2.6426060033600658e-02   1.2174480100600460e-04
   7.1484375000000000e-01   7.1192877236837026e-03   7.1114546090975238e-03   7.8331145861787119e-06
   7.2265625000000000e-01   6.0094541379374826e-03   5.9637322680104249e-03   4.5721869927057776e-05
   7.3046875000000000e-01   2.2892008440225708e-02   2.2913409806396497e-02   2.1401366170788888e-05
   7.3828125000000000e-01   5.7497158061920565e-02   5.7550799929871672e-02   5.3641867951106925e-05
   7.4609375000000000e-01   1.0926839970690022e-01   1.0914092711715552e-01   1.2747258974470099e-04
   8.7890625000000000e-01   1.7800659129066778e+00   1.7789659330913958e+00   1.0999798152819817e-03
   8.8671875000000000e-01   1.7970554393293492e+00   1.7967681244268652e+00   2.8731490248401492e-04
   8.9453125000000000e-01   1.7969513814541211e+00   1.7963801732569338e+00   5.7120819718736726e-04
   9.0234375000000000e-01   1.7795740229761385e+00   1.7783705921093427e+00   1.2034308667958626e-03
   9.1015625000000000e-01   1.7443147239157455e+00   1.7438171549808672e+00   4.9756893487828968e-04
   9.1796875000000000e-01   1.6945260273648894e+00   1.6942480040762538e+00   2.7802328863568704e-04
   9.2578125000000000e-01   1.6326009644474717e+00   1.6315581550447920e+00   1.0428094026797563e-03
   9.3359375000000000e-01   1.5586066923616111e+00   1.5579075221599421e+00   6.9917020166898602e-04
   9.4140625000000000e-01   1.4757007071834403e+00   1.4756085034306543e+00   9.2203752785957604e-05
   9.4921875000000000e-01   1.3877111073362134e+00   1.3870122948674728e+00   6.9881246874059499e-04
   9.5703125000000000e-01   1.2951888119522075e+00   1.2944032870788633e+00   7.8552487334415666e-04
   9.6484375000000000e-01   1.1999610483394725e+00   1.1999100890787169e+00   5.0959260755600866e-05
   9.7265625000000000e-01   1.1057543511104699e+00   1.1054399932999663e+00   3.1435781050359601e-04
   9.8046875000000000e-01   1.0133562140660495e+00   1.0126412222307490e+00   7.1499183530043808e-04
   9.8828125000000000e-01   9.2300668551242526e-01   9.2289435066826075e-01   1.1233484416450779e-04
   9.9609375000000000e-01   8.3733718672411961e-01   8.3733120662303540e-01   5.9801010842130964e-06
   7.5390625000000000e-01   1.7663226601348267e-01   1.7664235850634363e-01   1.0092492860963587e-05
   7.6171875000000000e-01   2.5858643466682846e-01   2.5872856264489003e-01   1.4212797806156807e-04
   7.6953125000000000e-01   3.5403830054446667e-01   3.5381052993495921e-01   2.2777060950746053e-04
   7.7734375000000000e-01   4.6026011262034516e-01   4.6005981195526335e-01   2.0030066508180955e-04
   7.8515625000000000e-01   5.7527454322412130e-01   5.7543181781426378e-01   1.5727459014247547e-04
   7.9296875000000000e-01   6.9795018730666092e-01   6.9769003271936780e-01   2.6015458729311547e-04
   8.0078125000000000e-01   8.2496896590342628e-01   8.2443263625321939e-01   5.3632965020689038e-04
   8.0859375000000000e-01   9.5312599145222543e-01   9.5312361438577753e-01   2.3770664479005887e-06
   8.1640625000000000e-01   1.0813415983908694e+00   1.0811307133889698e+00   2.1088500189958559e-04
   8.2421875000000000e-01   1.2066096437215748e+00   1.2057723572398087e+00   8.3728648176606413e-04
   8.3203125000000000e-01   1.3247188234013298e+00   1.3243748994270603e+00   3.4392397426952215e-04
   8.3984375000000000e-01   1.4344844502403098e+00   1.4343403512173818e+00   1.4409902292800147e-04
   8.4765625000000000e-01   1.5341801004898266e+00   1.5332231554819700e+00   9.5694500785659109e-04
   8.5546875000000000e-01   1.6195773537674085e+00   1.6188128643860753e+00   7.6448938133322208e-04
   8.6328125000000000e-01   1.6893678580876546e+00   1.6892179798068776e+00   1.4987828077694942e-04
   8.7109375000000000e-01   1.7437902558046827e+00   1.7429449826017962e+00   8.4527320288652064e-04
