#                  Coord.                Numerical               Analytical                    Error
   3.9062500000000000e-03   1.3427081740474900e+00   1.3415598013527270e+00   1.1483726947629780e-03
   1.1718750000000000e-02   1.3347082300129900e+00   1.3344173127802759e+00   2.9091723271412739e-04
   1.9531250000000000e-02   1.3281815312784360e+00   1.3278362816490521e+00   3.4524962938387027e-04
   2.7343750000000000e-02   1.3237700741721161e+00   1.3225570359738050e+00   1.2130381983110894e-03
   3.5156250000000000e-02   1.3197923373713589e+00   1.3190929477175719e+00   6.9938965378701923e-04
   4.2968750000000000e-02   1.3179266120012618e+00   1.3177472456738899e+00   1.7936632737192149e-04
   5.0781250000000000e-02   1.3196859427631211e+00   1.3186436645510855e+00   1.0422782120356189e-03
   5.8593750000000000e-02   1.3228465955921629e+00   1.3217633144540828e+00   1.0832811380800944e-03
   6.6406250000000000e-02   1.3272032316024709e+00   1.3269801925968583e+00   2.2303900561260193e-04
   7.4218750000000000e-02   1.3348262767022019e+00   1.3340888840015588e+00   7.3739270064310247e-04
   8.2031250000000000e-02   1.3441213566193702e+00   1.3428200288328442e+00   1.3013277865259187e-03
   8.9843750000000000e-02   1.3532766158257834e+00   1.3528417680449301e+00   4.3484778085334241e-04
   9.7656250000000000e-02   1.3641744519984982e+00   1.3637482331196806e+00   4.2621887881755249e-04
   1.0546875000000000e-01   1.3763422312620648e+00   1.3750388091795622e+00   1.3034220825025589e-03
   1.1328125000000000e-01   1.3868134245749781e+00   1.3860939916091768e+00   7.1943296580134763e-04
   1.2109375000000000e-01   1.3963509617131040e+00   1.3961548728100543e+00   1.9608890304967375e-04
   1.2890625000000000e-01   1.4054135884866710e+00   1.4043134569126969e+00   1.1001315739740392e-03
   1.3671875000000000e-01   1.4105037577518982e+00   1.4095200686266527e+00   9.8368912524549046e-04
   1.4453125000000000e-01   1.4107087534635463e+00   1.4106122076559158e+00   9.6545807630521452e-05
   1.5234375000000000e-01   1.4071115804464656e+00   1.4063665417668898e+00   7.4503867957576020e-04
   1.6015625000000000e-01   1.3966932695916749e+00   1.3955726667637609e+00   1.1206028279140412e-03
   1.6796875000000000e-01   1.3772639616718001e+00   1.3771241791533002e+00   1.3978251849988688e-04
   1.7578125000000000e-01   1.3504393283797114e+00   1.3501198985265648e+00   3.1942985314659111e-04
   1.8359375000000000e-01   1.3150229772564195e+00   1.3139660865043785e+00   1.0568907520409621e-03
   1.9140625000000000e-01   1.2687657307715181e+00   1.2684694947276647e+00   2.9623604385342617e-04
   1.9921875000000000e-01   1.2138604421766128e+00   1.2139111766555208e+00   5.0734478908021075e-05
   2.0703125000000000e-01   1.1518585774164978e+00   1.1510922262460745e+00   7.6635117042322953e-04
   2.1484375000000000e-01   1.0818227039440689e+00   1.0813448404956403e+00   4.7786344842859485e-04
   2.2265625000000000e-01   1.0062667698193106e+00   1.0065051076685445e+00   2.3833784923388279e-04
   2.3046875000000000e-01   9.2916312942010526e-01   9.2884737806621587e-01   3.1575135388939302e-04
   2.3828125000000000e-01   8.5153917899707066e-01   8.5098360973082476e-01   5.5556926624589220e-04
   2.4609375000000000e-01   7.7555360839359766e-01   7.7573432063772074e-01   1.8071224412308240e-04
   2.5390625000000000e-01   7.0585639836394665e-01   7.0598037999370966e-01   1.2398162976301474e-04
   2.6171875000000000e-01   6.4493655961553908e-01   6.4450656553988073e-01   4.2999407565835757e-04
   2.6953125000000000e-01   5.9390671394326500e-01   5.9384843556013334e-01   5.8278383131660227e-05
   2.7734375000000000e-01   5.5581066993290529e-01   5.5615356909769154e-01   3.4289916478624782e-04
   2.8515625000000000e-01   5.3319876473508887e-01   5.3306669640591509e-01   1.3206832917378453e-04
   2.9296875000000000e-01   5.2595387422480055e-01   5.2564586931441837e-01   3.0800491038218691e-04
   3.0078125000000000e-01   5.3408479745919168e-01   5.3431389350346303e-01   2.2909604427134855e-04
   3.0859375000000000e-01   5.5867328966736396e-01   5.5884610122066014e-01   1.7281155329618159e-04
   3.1640625000000000e-01   5.9879935817505547e-01   5.9839253507997991e-01   4.0682309507555914e-04
   3.2421875000000000e-01   6.5167768903618128e-01   6.5153005985889456e-01   1.4762917728672331e-04
   3.3203125000000000e-01   7.1605449264120913e-01   7.1633806687405621e-01   2.8357423284708361e-04
   3.3984375000000000e-01   7.9081203468604389e-01   7.9049043103168959e-01   3.2160365435429661e-04
   3.4765625000000000e-01   8.7194816069517611e-01   8.7135625557190821e-01   5.9190512326789957e-04
   3.5546875000000000e-01   9.5599937354590869e-01   9.5610261234440874e-01   1.0323879850004936e-04
   3.6328125000000000e-01   1.0419356638628123e+00   1.0417937792437724e+00   1.4188461903996696e-04
   3.7109375000000000e-01   1.1263864005923130e+00   1.1254831495363051e+00   9.0325105600785882e-04
   3.7890625000000000e-01   1.2046124870798942e+00   1.2042957714239244e+00   3.1671565596980145e-04
   3.8671875000000000e-01   1.2755157652029077e+00   1.2755011138650483e+00   1.4651337859383773e-05
   3.9453125000000000e-01   1.3375427938056623e+00   1.3365769366892490e+00   9.6585711641328231e-04
   4.0234375000000000e-01   1.3860694125976942e+00   1.3852659309258615e+00   8.0348167183275088e-04
   4.1015625000000000e-01   1.4196579391762099e+00   1.4196270340495456e+00   3.0905126664260152e-05
   4.1796875000000000e-01   1.4388740418106314e+00   1.4380830414118384e+00   7.9100039879298478e-04
   4.2578125000000000e-01   1.4406267815342542e+00   1.4394654258643649e+00   1.1613556698892857e-03
   4.3359375000000000e-01   1.4232709136552000e+00   1.4230562875936905e+00   2.1462606150945973e-04
   4.4140625000000000e-01   1.3891107030779231e+00   1.3886262550912263e+00   4.8444798669677880e-04
   4.4921875000000000e-01   1.3377070666311557e+00   1.3364661168612511e+00   1.2409497699046312e-03
   4.5703125000000000e-01   1.2678902664407314e+00   1.2674091343337719e+00   4.8113210695954756e-04
   4.6484375000000000e-01   1.1830413008381400e+00   1.1828404895680504e+00   2.0081127008952926e-04
   4.7265625000000000e-01   1.0857112278302730e+00   1.0846902369533378e+00   1.0209908769351905e-03
   4.8046875000000000e-01   9.7609268707928187e-01   9.7540649321649320e-01   6.8619386278867545e-04
   4.8828125000000000e-01   8.5796083273254320e-01   8.5790640957243536e-01   5.4423160107841539e-05
   4.9609375000000000e-01   7.3611944566119447e-01   7.3550367866939392e-01   6.1576699180054817e-04
   5.0390625000000000e-01   6.1250884524402460e-01   6.1181285561314924e-01   6.9598963087535992e-04
   5.1171875000000000e-01   4.9068798667633357e-01   4.9063250314905094e-01   5.5483527282629286e-05
   5.1953125000000000e-01   3.7604197275653917e-01   3.7581096584786716e-01   2.3100690867200457e-04
   5.2734375000000000e-01   2.7158809656806260e-01   2.7110027848029411e-01   4.8781808776848790e-04
   5.3515625000000000e-01   1.8009428169428704e-01   1.8000515431660519e-01   8.9127377681852415e-05
   5.4296875000000000e-01   1.0566704718826700e-01   1.0563502240643662e-01   3.2024781830383708e-05
   5.5078125000000000e-01   5.0767896179070432e-02   5.0567556468141137e-02   2.0033971092929537e-04
   5.5859375000000000e-01   1.6777080763739440e-02   1.6731971701383484e-02   4.5109062355955243e-05
   5.6640625000000000e-01   5.3567903318189683e-03   5.3195266151273984e-03   3.7263716691569859e-05
   5.7421875000000000e-01   1.6767176994843366e-02   1.6727188385866162e-02   3.9988608977203216e-05
   5.8203125000000000e-01   5.0450196023434216e-02   5.0538403884856420e-02   8.8207861422204270e-05
   5.8984375000000000e-01   1.0566861290084772e-01   1.0554252639886502e-01   1.2608650198270288e-04
   5.9765625000000000e-01   1.7992114864110229e-01   1.7979188663268758e-01   1.2926200841470448e-04
   6.0546875000000000e-01   2.7049946486965976e-01   2.7069299394890656e-01   1.9352907924680141e-04
   6.1328125000000000e-01   3.7528846158953588e-01   3.7512613385141758e-01   1.6232773811830636e-04
   6.2109375000000000e-01   4.9000984762866479e-01   4.8958588484368837e-01   4.2396278497641715e-04
   6.2890625000000000e-01   6.1021327322787378e-01   6.1033395585944406e-01   1.2068263157027914e-04
   6.3671875000000000e-01   7.3366127376731516e-01   7.3355532403594292e-01   1.0594973137223462e-04
   6.4453125000000000e-01   8.5626259237398150e-01   8.5550894145577205e-01   7.5365091820944752e-04
   6.5234375000000000e-01   9.7286282479709207e-01   9.7266522160368774e-01   1.9760319340433874e-04
   6.6015625000000000e-01   1.0818510431537929e+00   1.0818239977523332e+00   2.7045401459702134e-05
   6.6796875000000000e-01   1.1811523689240810e+00   1.1802085098921169e+00   9.4385903196414489e-04
   6.7578125000000000e-01   1.2662152386847292e+00   1.2655330422437023e+00   6.8219644102684995e-04
   6.8359375000000000e-01   1.3360901396798863e+00   1.3360439092504777e+00   4.6230429408655738e-05
   6.9140625000000000e-01   1.3914441711530781e+00   1.3905353910518818e+00   9.0878010119621599e-04
   6.9921875000000000e-01   1.4294943077487730e+00   1.4283437879874938e+00   1.1505197612791118e-03
   7.0703125000000000e-01   1.4495634827098065e+00   1.4493238696316282e+00   2.3961307817832456e-04
   7.1484375000000000e-01   1.4545135714255331e+00   1.4538125535006612e+00   7.0101792487187176e-04
   7.2265625000000000e-01   1.4439936830768261e+00   1.4425846307768231e+00   1.4090523000029886e-03
   7.3046875000000000e-01   1.4173708282993558e+00   1.4168047885808650e+00   5.6603971849078505e-04
   7.3828125000000000e-01   1.3784414521271162e+00   1.3779791478162153e+00   4.6230431090088508e-04
   7.4609375000000000e-01   1.3292835989879810e+00   1.3279081854908830e+00   1.3754134970980214e-03
   8.7890625000000000e-01   8.4175002816009992e-01   8.4112225135760632e-01   6.2777680249359591e-04
   8.8671875000000000e-01   8.9891510863423141e-01   8.9886053123568554e-01   5.4577398545863076e-05
   8.9453125000000000e-01   9.6126027313419582e-01   9.6051347940092580e-01   7.4679373327002363e-04
   9.0234375000000000e-01   1.0243050754800538e+00   1.0234770511947104e+00   8.2802428534334283e-04
   9.1015625000000000e-01   1.0852655082164753e+00   1.0852378550213810e+00   2.7653195094234917e-05
   9.1796875000000000e-01   1.1440395535536236e+00   1.1435169657285957e+00   5.2258782502789813e-04
   9.2578125000000000e-01   1.1974123633155664e+00   1.1963940616534752e+00   1.0183016620912699e-03
   9.3359375000000000e-01   1.2425653512757484e+00   1.2424022811905835e+00   1.6307008516491805e-04
   9.4140625000000000e-01   1.2808253750459146e+00   1.2805868634379616e+00   2.3851160795307358e-04
   9.4921875000000000e-01   1.3116058958998760e+00   1.3105240093958583e+00   1.0818865040176373e-03
   9.5703125000000000e-01   1.3327724073312586e+00   1.3323001142163449e+00   4.7229311491370218e-04
   9.6484375000000000e-01   1.3464813403750124e+00   1.3464551753244769e+00   2.6165050535542633e-05
   9.7265625000000000e-01   1.3548436797888712e+00   1.3538973789820221e+00   9.4630080684909856e-04
   9.8046875000000000e-01   1.3566555205585951e+00   1.3557982629166927e+00   8.5725764190236475e-04
   9.8828125000000000e-01   1.3535063476737845e+00   1.3534791903006576e+00   2.7157373126973638e-05
   9.9609375000000000e-01   1.3489510051464983e+00   1.3483000175867752e+00   6.5098755972314848e-04
   7.5390625000000000e-01   1.2695352426029878e+00   1.2686414285394543e+00   8.9381406353350457e-04
   7.6171875000000000e-01   1.2027577599264976e+00   1.2024329065311239e+00   3.2485339537369207e-04
   7.6953125000000000e-01   1.1328089276301476e+00   1.1316952482380684e+00   1.1136793920791810e-03
   7.7734375000000000e-01   1.0600357654994492e+00   1.0589496891949119e+00   1.0860763045372757e-03
   7.8515625000000000e-01   9.8707075091550045e-01   9.8676925431511808e-01   3.0149660038236714e-04
   7.9296875000000000e-01   9.1849367617798683e-01   9.1771304061361425e-01   7.8063556437257819e-04
   8.0078125000000000e-01   8.5535732259639241e-01   8.5425080329289227e-01   1.1065193035001419e-03
   8.0859375000000000e-01   7.9902638706894002e-01   7.9867879957328536e-01   3.4758749565466651e-04
   8.1640625000000000e-01   7.5353333635260067e-01   7.5302983997402828e-01   5.0349637857238783e-04
   8.2421875000000000e-01   7.2001226429311194e-01   7.1898245071191413e-01   1.0298135811978026e-03
   8.3203125000000000e-01   6.9818461344184513e-01   6.9777565909854034e-01   4.0895434330479041e-04
   8.3984375000000000e-01   6.9044562715723690e-01   6.9013689700610936e-01   3.0873015112753421e-04
   8.4765625000000000e-01   6.9717660508244905e-01   6.9623066355912755e-01   9.4594152332150294e-04
   8.5546875000000000e-01   7.1612340754673276e-01   7.1563478716444018e-01   4.8862038229258165e-04
   8.6328125000000000e-01   7.4751014308231112e-01   7.4734939139048318e-01   1.6075169182794280e-04
   8.7109375000000000e-01   7.9071261045481134e-01   7.8984113856186511e-01   8.7147189294622951e-04
