#                  Coord.                Numerical               Analytical                    Error
   3.9062500000000000e-03   1.5041016745731550e-03   6.6075996951055129e-04   8.4334170506260373e-04
   1.1718750000000000e-02   7.2162302793911740e-04   1.3234108858644012e-04   5.8928193935267733e-04
   1.9531250000000000e-02  -1.1614516130813435e-03  -9.6046363501448647e-04   2.0098797806685702e-04
   2.7343750000000000e-02  -2.7671574240679675e-03  -1.9492430962697756e-03   8.1791432779819190e-04
   3.5156250000000000e-02  -2.4462339678826828e-03  -1.7470190901176627e-03   6.9921487776502004e-04
   4.2968750000000000e-02   4.0080040194806488e-04   3.4633583716862449e-04   5.4464564779440391e-05
   5.0781250000000000e-02   4.3921562818116933e-03   3.6297291739319569e-03   7.6242710787973638e-04
   5.8593750000000000e-02   6.4693775101314910e-03   5.6897550749175334e-03   7.7962243521395753e-04
   6.6406250000000000e-02   3.7203770199244479e-03   3.6324440395868888e-03   8.7932980337559162e-05
   7.4218750000000000e-02  -4.0073774383935223e-03  -3.3250337159683625e-03   6.8234372242515981e-04
   8.2031250000000000e-02  -1.2465003800911437e-02  -1.1638093359682250e-02   8.2691044122918701e-04
   8.9843750000000000e-02  -1.4336721669048369e-02  -1.4122022306231108e-02   2.1469936281726110e-04
   9.7656250000000000e-02  -4.1561311191245509e-03  -4.7457904688670838e-03   5.8965934974253287e-04
   1.0546875000000000e-01   1.5553309260081416e-02   1.4708793738297183e-02   8.4451552178423268e-04
   1.1328125000000000e-01   3.1991628438352016e-02   3.1675316781951991e-02   3.1631165640002429e-04
   1.2109375000000000e-01   2.8209876041572768e-02   2.8712513040589589e-02   5.0263699901682141e-04
   1.2890625000000000e-01  -3.2465852685586438e-03  -2.3986027390909613e-03   8.4798252946768253e-04
   1.3671875000000000e-01  -4.8071808495532553e-02  -4.7677444826213777e-02   3.9436366931877576e-04
   1.4453125000000000e-01  -7.2030698098470694e-02  -7.2465006812987356e-02   4.3430871451666242e-04
   1.5234375000000000e-01  -4.2819001126414236e-02  -4.3674284921753188e-02   8.5528379533895277e-04
   1.6015625000000000e-01   3.8635215421735730e-02   3.8177168484173046e-02   4.5804693756268389e-04
   1.6796875000000000e-01   1.2284745055598556e-01   1.2324125060523421e-01   3.9380004924864653e-04
   1.7578125000000000e-01   1.3501510836629932e-01   1.3590389558394408e-01   8.8878721764476531e-04
   1.8359375000000000e-01   3.2890621277724685e-02   3.3419109529403676e-02   5.2848825167899072e-04
   1.9140625000000000e-01  -1.3999527060100136e-01  -1.4036994215130791e-01   3.7467155030654342e-04
   1.9921875000000000e-01  -2.5820823102059931e-01  -2.5916989243424254e-01   9.6166141364323332e-04
   2.0703125000000000e-01  -1.9590540629445868e-01  -1.9653524999356112e-01   6.2984369910243365e-04
   2.1484375000000000e-01   5.8891812830637602e-02   5.9250278025776398e-02   3.5846519513879627e-04
   2.2265625000000000e-01   3.5101106942894100e-01   3.5208614036148139e-01   1.0750709325403895e-03
   2.3046875000000000e-01   4.3814532861690736e-01   4.3892985604336959e-01   7.8452742646223372e-04
   2.3828125000000000e-01   1.7816596420286379e-01   1.7785122502832137e-01   3.1473917454241662e-04
   2.4609375000000000e-01  -3.1144054780486163e-01  -3.1265220813910083e-01   1.2116603342391952e-03
   2.5390625000000000e-01  -6.7695358919413950e-01  -6.7795563915757384e-01   1.0020499634343372e-03
   2.6171875000000000e-01  -5.7071174328586471e-01  -5.7049829012108644e-01   2.1345316477827669e-04
   2.6953125000000000e-01   4.1573893086584546e-02   4.2913997555713859e-02   1.3401044691293135e-03
   2.7734375000000000e-01   7.6695223672897306e-01   7.6823030243929247e-01   1.2780657103194093e-03
   2.8515625000000000e-01   1.0193058635699770e+00   1.0192843623946128e+00   2.1501175364146974e-05
   2.9296875000000000e-01   4.8142410479645215e-01   4.8000744307308918e-01   1.4166617233629664e-03
   3.0078125000000000e-01  -5.6051954282869998e-01  -5.6210708598280612e-01   1.5875431541061413e-03
   3.0859375000000000e-01  -1.3354056238296175e+00  -1.3356803357381981e+00   2.7471190858063821e-04
   3.1640625000000000e-01  -1.1513934330587201e+00  -1.1499998231492821e+00   1.3936099094380427e-03
   3.2421875000000000e-01  -4.3668747311782774e-04   1.4490262939611286e-03   1.8857137670789564e-03
   3.3203125000000000e-01   1.3178721072751214e+00   1.3185413479001566e+00   6.6924062503526116e-04
   3.3984375000000000e-01   1.7450110186926664e+00   1.7437799358726462e+00   1.2310828200201573e-03
   3.4765625000000000e-01   8.1785375843110408e-01   8.1573841029330063e-01   2.1153481378034522e-03
   3.5546875000000000e-01  -8.6392339202205792e-01  -8.6505439835543685e-01   1.1310063333789255e-03
   3.6328125000000000e-01  -2.0123210069173609e+00  -2.0114130169702844e+00   9.0798994707652625e-04
   3.7109375000000000e-01  -1.6505671605792545e+00  -1.6483512140842904e+00   2.2159464949640384e-03
   3.7890625000000000e-01   4.6553115203466056e-02   4.8155245465033865e-02   1.6021302615678093e-03
   3.8671875000000000e-01   1.8025632577871258e+00   1.8021244981129501e+00   4.3875967417572603e-04
   3.9453125000000000e-01   2.2144797552117299e+00   2.2123381554186863e+00   2.1415997930436248e-03
   4.0234375000000000e-01   8.9834319094754445e-01   8.9632774464567233e-01   2.0154463018721147e-03
   4.1015625000000000e-01  -1.1491398029008228e+00  -1.1492849744550979e+00   1.4517155427506978e-04
   4.1796875000000000e-01  -2.3166208658153984e+00  -2.3147522784217602e+00   1.8685873936381547e-03
   4.2578125000000000e-01  -1.6754657079769719e+00  -1.6731678703886401e+00   2.2978375883317970e-03
   4.3359375000000000e-01   2.5887659122555950e-01   2.5964788826978896e-01   7.7129704422945755e-04
   4.4140625000000000e-01   1.9436100634224998e+00   1.9422016989183113e+00   1.4083645041884640e-03
   4.4921875000000000e-01   2.0644431910780456e+00   2.0620512541226588e+00   2.3919369553868641e-03
   4.5703125000000000e-01   5.8773086644308248e-01   5.8637514279688374e-01   1.3557236461987365e-03
   4.6484375000000000e-01  -1.2548729401523615e+00  -1.2540650931132284e+00   8.0784703913305833e-04
   4.7265625000000000e-01  -2.0073037122498869e+00  -2.0050327146344298e+00   2.2709976154571265e-03
   4.8046875000000000e-01  -1.1631591070905081e+00  -1.1613417002326036e+00   1.8174068579044356e-03
   4.8828125000000000e-01   4.9318286950603812e-01   4.9304122848681986e-01   1.4164101921826378e-04
   4.9609375000000000e-01   1.6069884511143728e+00   1.6050416152372819e+00   1.9468358770908800e-03
   5.0390625000000000e-01   1.3751793077598056e+00   1.3730837215323435e+00   2.0955862274620873e-03
   5.1171875000000000e-01   1.2776175982750637e-01   1.2726050291502591e-01   5.0125691248045778e-04
   5.1953125000000000e-01  -1.0529114842574048e+00  -1.0514442363322214e+00   1.4672479251833792e-03
   5.2734375000000000e-01  -1.2711076938372305e+00  -1.2689434291697288e+00   2.1642646675017474e-03
   5.3515625000000000e-01  -4.9719138205118918e-01  -4.9614557284361988e-01   1.0458092075693037e-03
   5.4296875000000000e-01   5.2706371021205101e-01   5.2616047837459379e-01   9.0323183745721902e-04
   5.5078125000000000e-01   9.8077888272168745e-01   9.7874464000916150e-01   2.0342427125259466e-03
   5.5859375000000000e-01   6.1666439701796694e-01   6.1523008209033503e-01   1.4343149276319078e-03
   5.6640625000000000e-01  -1.4097797289483605e-01  -1.4064518890111768e-01   3.3278399371836076e-04
   5.7421875000000000e-01  -6.4302290487804603e-01  -6.4127582247427073e-01   1.7470824037753019e-03
   5.8203125000000000e-01  -5.6039041786166455e-01  -5.5874688570492015e-01   1.6435321567443983e-03
   5.8984375000000000e-01  -7.7291543337024260e-02  -7.7115302284545884e-02   1.7624105247837640e-04
   5.9765625000000000e-01   3.5469280320183655e-01   3.5332962652329336e-01   1.3631766785431876e-03
   6.0546875000000000e-01   4.2152612550281837e-01   4.1984288010030602e-01   1.6832454025123567e-03
   6.1328125000000000e-01   1.5861170941437253e-01   1.5803275551970469e-01   5.7895389466783298e-04
   6.2109375000000000e-01  -1.5614336327273531e-01  -1.5519738562714014e-01   9.4597764559517517e-04
   6.2890625000000000e-01  -2.7331104030050712e-01  -2.7172265748073193e-01   1.5883828197751915e-03
   6.3671875000000000e-01  -1.5640317411846527e-01  -1.5554465164150852e-01   8.5852247695675232e-04
   6.4453125000000000e-01   4.4134710521019249e-02   4.3587429592422074e-02   5.4728092859717553e-04
   6.5234375000000000e-01   1.5502855224050838e-01   1.5362463263741144e-01   1.4039196030969370e-03
   6.6015625000000000e-01   1.1882608457117552e-01   1.1780417862446044e-01   1.0219059467150848e-03
   6.6796875000000000e-01   5.5935809214232024e-03   5.7928764243813068e-03   1.9929550295810436e-04
   6.7578125000000000e-01  -7.6975068647609168e-02  -7.5800193518058959e-02   1.1748751295502097e-03
   6.8359375000000000e-01  -7.6671027146080373e-02  -7.5577858030222558e-02   1.0931691158578144e-03
   6.9140625000000000e-01  -1.9814473060501603e-02  -1.9727329475692765e-02   8.7143584808838104e-05
   6.9921875000000000e-01   3.2982276908705033e-02   3.2047908934403693e-02   9.3436797430133944e-04
   7.0703125000000000e-01   4.3688161552754373e-02   4.2587255307260367e-02   1.1009062454940058e-03
   7.1484375000000000e-01   1.8435434021102565e-02   1.8119051622308799e-02   3.1638239879376584e-04
   7.2265625000000000e-01  -1.1672163839050259e-02  -1.0971302152256475e-02   7.0086168679378384e-04
   7.3046875000000000e-01  -2.2500812892022999e-02  -2.1432164432713435e-02   1.0686484593095645e-03
   7.3828125000000000e-01  -1.2765677019712540e-02  -1.2266227866263862e-02   4.9944915344867814e-04
   7.4609375000000000e-01   2.9312685806437422e-03   2.4514720220095215e-03   4.7979655863422069e-04
   8.7890625000000000e-01  -9.3176631968777679e-04  -8.5632675655301289e-05   8.4613364403247546e-04
   8.8671875000000000e-01  -6.3478057997357062e-04  -5.0374072818868884e-05   5.8440650715470169e-04
   8.9453125000000000e-01   1.8761333555772364e-04   3.2507900615917369e-06   1.8436254549613189e-04
   9.0234375000000000e-01   8.0242252685241988e-04   2.1836909773310956e-05   7.8058561707910893e-04
   9.1015625000000000e-01   6.9115027892430181e-04   6.1577783013765643e-06   6.8499250062292521e-04
   9.1796875000000000e-01  -2.2598723341094029e-05  -1.1424773476899787e-05   1.1173949864194242e-05
   9.2578125000000000e-01  -6.9625420785923708e-04  -4.0417015319456932e-06   6.9221250632729139e-04
   9.3359375000000000e-01  -7.3131859302932867e-04   2.8028236668443385e-05   7.5934682969777201e-04
   9.4140625000000000e-01  -9.7805322828992125e-05   5.6846512233237147e-05   1.5465183506222928e-04
   9.4921875000000000e-01   6.3087617319368405e-04   4.2922790106357293e-05   5.8795338308732673e-04
   9.5703125000000000e-01   7.7468170471128861e-04  -3.5780344394649544e-05   8.1046204910593814e-04
   9.6484375000000000e-01   1.6061715203172233e-04  -1.5079736462862673e-04   3.1141451666034904e-04
   9.7265625000000000e-01  -6.8107878217951723e-04  -2.1058170608435821e-04   4.7049707609515899e-04
   9.8046875000000000e-01  -9.3963961676325064e-04  -1.0112243684118256e-04   8.3851717992206812e-04
   9.8828125000000000e-01  -2.4406137513000026e-04   2.1266688102789826e-04   4.5672825615789849e-04
   9.9609375000000000e-01   9.2148348735865415e-04   5.7942437940865818e-04   3.4205910794999597e-04
   7.5390625000000000e-01   1.0715831314894453e-02   9.7063093862324017e-03   1.0095219286620511e-03
   7.6171875000000000e-01   7.6365621408327478e-03   6.9904417181224504e-03   6.4612042271029735e-04
   7.6953125000000000e-01  -4.4892294478793282e-05   2.2416577123711868e-04   2.6905806571591196e-04
   7.7734375000000000e-01  -4.8887317715904377e-03  -3.9624772499854211e-03   9.2625452160501661e-04
   7.8515625000000000e-01  -4.2731405325051458e-03  -3.5134945541086585e-03   7.5964597839648729e-04
   7.9296875000000000e-01  -6.0630289032093110e-04  -6.7321408804906684e-04   6.6911197728135741e-05
   8.0078125000000000e-01   2.2699806833291203e-03   1.4521247791887757e-03   8.1785590414034455e-04
   8.0859375000000000e-01   2.4309382140980107e-03   1.5925591889484813e-03   8.3837902514952937e-04
   8.1640625000000000e-01   6.2696278259610771e-04   5.0207020742147146e-04   1.2489257517463625e-04
   8.2421875000000000e-01  -1.1557259558055977e-03  -4.7155962510610536e-04   6.8416633069949225e-04
   8.3203125000000000e-01  -1.5382332710690561e-03  -6.5920562857633221e-04   8.7902764249272384e-04
   8.3984375000000000e-01  -5.7808027354708247e-04  -2.7686137904645464e-04   3.0121889450062783e-04
   8.4765625000000000e-01   6.5995277546759823e-04   1.3112514126296411e-04   5.2882763420463406e-04
   8.5546875000000000e-01   1.1310100007402291e-03   2.5056148043432996e-04   8.8044852030589910e-04
   8.6328125000000000e-01   5.8463264415455074e-04   1.2903086068364949e-04   4.5560178347090125e-04
   8.7109375000000000e-01  -3.8749263202120243e-04  -2.7716716404442476e-05   3.5977591561675993e-04
