#                  Coord.                Numerical               Analytical                    Error
   3.9062500000000000e-03   3.1012930098986108e-01   3.0960357312922415e-01   5.2572786063692645e-04
   1.1718750000000000e-02   7.0032133711652322e-01   6.9981596786826028e-01   5.0536924826294349e-04
   1.9531250000000000e-02   6.5392136230525399e-01   6.5384450860020571e-01   7.6853705048285370e-05
   2.7343750000000000e-02   2.2517385026230982e-01   2.2552537203602069e-01   3.5152177371086668e-04
   3.5156250000000000e-02  -3.3723130710569205e-01  -3.3680386689212366e-01   4.2744021356838635e-04
   4.2968750000000000e-02  -7.1350796360954483e-01  -7.1336488057405423e-01   1.4308303549059875e-04
   5.0781250000000000e-02  -6.6383830115175968e-01  -6.6404473777401507e-01   2.0643662225539039e-04
   5.8593750000000000e-02  -1.7420443736936903e-01  -1.7452334558766613e-01   3.1890821829710925e-04
   6.6406250000000000e-02   4.8344342843658339e-01   4.8329947780043325e-01   1.4395063615013637e-04
   7.4218750000000000e-02   8.6998900876794694e-01   8.7010140622708210e-01   1.1239745913516064e-04
   8.2031250000000000e-02   6.6609945893287670e-01   6.6630963972829949e-01   2.1018079542278745e-04
   8.9843750000000000e-02  -5.3009191673678784e-02  -5.2914522175724961e-02   9.4669497953822623e-05
   9.7656250000000000e-02  -7.9942109578575615e-01  -7.9950199766690200e-01   8.0901881145845067e-05
   1.0546875000000000e-01  -9.9608205172747954e-01  -9.9621241368637015e-01   1.3036195889060131e-04
   1.1328125000000000e-01  -4.3527831963061109e-01  -4.3529796444387553e-01   1.9644813264441119e-05
   1.2109375000000000e-01   5.0251390371777960e-01   5.0262379034707638e-01   1.0988662929678483e-04
   1.2890625000000000e-01   1.0968959228198978e+00   1.0969969877051289e+00   1.0106488523109469e-04
   1.3671875000000000e-01   8.5028558517352815e-01   8.5023270388287187e-01   5.2881290656281443e-05
   1.4453125000000000e-01  -8.3121413037788375e-02  -8.3304356069006366e-02   1.8294303121799138e-04
   1.5234375000000000e-01  -9.8071641914179686e-01  -9.8084537697577157e-01   1.2895783397470773e-04
   1.6015625000000000e-01  -1.1157656570578824e+00  -1.1156722060877300e+00   9.3450970152453294e-05
   1.6796875000000000e-01  -3.5611471593473287e-01  -3.5584094337037092e-01   2.7377256436195152e-04
   1.7578125000000000e-01   7.0448287710925739e-01   7.0469265897311606e-01   2.0978186385867126e-04
   1.8359375000000000e-01   1.2119078303720958e+00   1.2118223920248878e+00   8.5438347207977827e-05
   1.9140625000000000e-01   7.4571426952390607e-01   7.4536052070525149e-01   3.5374881865457564e-04
   1.9921875000000000e-01  -3.2853524974797604e-01  -3.2885962172870525e-01   3.2437198072921003e-04
   2.0703125000000000e-01  -1.1465127603288783e+00  -1.1464897165554422e+00   2.3043773436093318e-05
   2.1484375000000000e-01  -1.0442353256057055e+00  -1.0438386118763074e+00   3.9671372939809046e-04
   2.2265625000000000e-01  -9.9285800349437209e-02  -9.8839801552544265e-02   4.4599879689294353e-04
   2.3046875000000000e-01   9.2926288780524979e-01   9.2934948415050556e-01   8.6596345255762763e-05
   2.3828125000000000e-01   1.2143917550700478e+00   1.2140063328954367e+00   3.8542217461112749e-04
   2.4609375000000000e-01   5.2885872497133735e-01   5.2831276153754736e-01   5.4596343378998657e-04
   2.5390625000000000e-01  -5.7465755125711271e-01  -5.7488169320919624e-01   2.2414195208353416e-04
   2.6171875000000000e-01  -1.2137780587297484e+00  -1.2134601359149881e+00   3.1792281476028528e-04
   2.6953125000000000e-01  -8.8762260458867548e-01  -8.8702384951708768e-01   5.9875507158779762e-04
   2.7734375000000000e-01   1.2824539675895974e-01   1.2860676813719385e-01   3.6137137823410992e-04
   2.8515625000000000e-01   1.0173450650383882e+00   1.0171476953030556e+00   1.9736973533257540e-04
   2.9296875000000000e-01   1.0868770534382952e+00   1.0862900170378282e+00   5.8703640046697814e-04
   3.0078125000000000e-01   3.1544964110537221e-01   3.1498091390426014e-01   4.6872720111207355e-04
   3.0859375000000000e-01  -6.5561820575563612e-01  -6.5556714883909384e-01   5.1056916542280284e-05
   3.1640625000000000e-01  -1.0625312399935725e+00  -1.0620174642639857e+00   5.1377572958677398e-04
   3.2421875000000000e-01  -6.3243925628566722e-01  -6.3191297172194849e-01   5.2628456371872634e-04
   3.3203125000000000e-01   2.3198522992636900e-01   2.3207976662475105e-01   9.4536698382052808e-05
   3.3984375000000000e-01   8.2459323113579042e-01   8.2420012727594905e-01   3.9310385984137053e-04
   3.4765625000000000e-01   7.2539624386149715e-01   7.2487035366013786e-01   5.2589020135929143e-04
   3.5546875000000000e-01   1.0670605979682379e-01   1.0649097866399876e-01   2.1508113282503460e-04
   3.6328125000000000e-01  -4.7533310513736615e-01  -4.7508404833624657e-01   2.4905680111958484e-04
   3.7109375000000000e-01  -5.8292600107440062e-01  -5.8245089446833032e-01   4.7510660607030797e-04
   3.7890625000000000e-01  -2.3793927713922103e-01  -2.3764284131000907e-01   2.9643582921196066e-04
   3.8671875000000000e-01   1.7358906929630019e-01   1.7347967112376267e-01   1.0939817253752260e-04
   3.9453125000000000e-01   2.9976667382374922e-01   2.9937414385840194e-01   3.9252996534727691e-04
   4.0234375000000000e-01   1.3052224606830970e-01   1.3018521583717432e-01   3.3703023113537678e-04
   4.1015625000000000e-01  -5.9352767048791610e-02  -5.9365718056105077e-02   1.2951007313466434e-05
   4.1796875000000000e-01  -3.8340211198730545e-02  -3.8041725468677207e-02   2.9848573005333834e-04
   4.2578125000000000e-01   1.3236158283987609e-01   1.3270947403279443e-01   3.4789119291833703e-04
   4.3359375000000000e-01   1.8150677073929616e-01   1.8161460269230367e-01   1.0783195300750892e-04
   4.4140625000000000e-01  -5.0101580199828466e-02  -5.0314828412441504e-02   2.1324821261303750e-04
   4.4921875000000000e-01  -3.9109455699724893e-01  -3.9144244813048351e-01   3.4789113323457910e-04
   4.5703125000000000e-01  -4.7161444233042682e-01  -4.7179740097572809e-01   1.8295864530126771e-04
   4.6484375000000000e-01  -9.9796393176083742e-02  -9.9653550582834607e-02   1.4284259324913451e-04
   4.7265625000000000e-01   4.8775255496780690e-01   4.8810349386863544e-01   3.5093890082854573e-04
   4.8046875000000000e-01   7.7845382756877524e-01   7.7870633900584851e-01   2.5251143707327728e-04
   4.8828125000000000e-01   4.3833214510922791e-01   4.3825214404632745e-01   8.0001062900458830e-05
   4.9609375000000000e-01  -3.4011016796545235e-01  -3.4047106882019279e-01   3.6090085474044242e-04
   5.0390625000000000e-01  -9.4120199033465612e-01  -9.4153272210184213e-01   3.3073176718600994e-04
   5.1171875000000000e-01  -8.2914038595231510e-01  -8.2913046355906261e-01   9.9223932524816760e-06
   5.1953125000000000e-01  -2.6607889891996212e-02  -2.6238078740274780e-02   3.6981115172143170e-04
   5.2734375000000000e-01   8.5948202831619391e-01   8.5990375406794073e-01   4.2172575174681537e-04
   5.3515625000000000e-01   1.1132194585187758e+00   1.1133076703510818e+00   8.8211832306006599e-05
   5.4296875000000000e-01   4.9925717957572285e-01   4.9889960164057817e-01   3.5757793514468172e-04
   5.5078125000000000e-01  -5.2737155669642943e-01  -5.2789118956217163e-01   5.1963286574219225e-04
   5.5859375000000000e-01  -1.1718927938561927e+00  -1.1721158038377550e+00   2.2300998156232765e-04
   5.6640625000000000e-01  -9.2761209208281126e-01  -9.2730898753535973e-01   3.0310454745152704e-04
   5.7421875000000000e-01   2.5344195963722949e-02   2.5949843114523780e-02   6.0564715080083098e-04
   5.8203125000000000e-01   9.6287866930693544e-01   9.6326996751632854e-01   3.9129820939309834e-04
   5.8984375000000000e-01   1.1775882868842831e+00   1.1773966581133315e+00   1.9162877095157960e-04
   5.9765625000000000e-01   5.1404476115246200e-01   5.1338914848134365e-01   6.5561267111835519e-04
   6.0546875000000000e-01  -5.2579845364332400e-01  -5.2637472371437355e-01   5.7627007104954497e-04
   6.1328125000000000e-01  -1.1693629758903357e+00  -1.1693437114114251e+00   1.9264478910541172e-05
   6.2109375000000000e-01  -9.4802096330250740e-01  -9.4737448977569438e-01   6.4647352681301840e-04
   6.2890625000000000e-01  -3.3667080653630249e-02  -3.2914980711613140e-02   7.5209994201710928e-04
   6.3671875000000000e-01   8.9762665590242252e-01   8.9782961158182706e-01   2.0295567940453729e-04
   6.4453125000000000e-01   1.1639347389259895e+00   1.1633710095812650e+00   5.6372934472448399e-04
   6.5234375000000000e-01   5.7398822080457224e-01   5.7309917229660512e-01   8.8904850796711621e-04
   6.6015625000000000e-01  -4.3434876318439308e-01  -4.3480311294615531e-01   4.5434976176222941e-04
   6.6796875000000000e-01  -1.1141759588412943e+00  -1.1137693234932022e+00   4.0663534809204371e-04
   6.7578125000000000e-01  -9.6058005878826513e-01  -9.5961711829012941e-01   9.6294049813572258e-04
   6.8359375000000000e-01  -9.0869972959707029e-02  -9.0165245939815744e-02   7.0472701989128528e-04
   6.9140625000000000e-01   8.3572757074212400e-01   8.3554221923894090e-01   1.8535150318310656e-04
   6.9921875000000000e-01   1.1138645003512335e+00   1.1129073655291790e+00   9.5713482205450617e-04
   7.0703125000000000e-01   5.3618798642934062e-01   5.3526461718913809e-01   9.2336924020253175e-04
   7.1484375000000000e-01  -4.3870471737243599e-01  -4.3878350426554186e-01   7.8786893105864397e-05
   7.2265625000000000e-01  -1.0419833859773395e+00  -1.0411166411471702e+00   8.6674483016935255e-04
   7.3046875000000000e-01  -8.0599657179351669e-01  -8.0491329025740832e-01   1.0832815361083714e-03
   7.3828125000000000e-01   5.8227092831870053e-02   5.8586204329169000e-02   3.5911149729894731e-04
   7.4609375000000000e-01   8.3415090374147238e-01   8.3345375859914295e-01   6.9714514232943614e-04
   8.7890625000000000e-01  -9.8555868369493871e-01  -9.8450798764402736e-01   1.0506960509113483e-03
   8.8671875000000000e-01  -3.0250804418474997e-01  -3.0171471137948802e-01   7.9333280526194816e-04
   8.9453125000000000e-01   6.5272735669571191e-01   6.5260227388327552e-01   1.2508281243639452e-04
   9.0234375000000000e-01   1.0974609671497659e+00   1.0965583812026478e+00   9.0258594711811746e-04
   9.1015625000000000e-01   6.6902486520400972e-01   6.6813662440171540e-01   8.8824080229432667e-04
   9.1796875000000000e-01  -2.8463073308802467e-01  -2.8475806113175417e-01   1.2732804372950213e-04
   9.2578125000000000e-01  -1.0049127036348642e+00  -1.0042107091108738e+00   7.0199452399033468e-04
   9.3359375000000000e-01  -9.4292329058274715e-01  -9.4202524593482007e-01   8.9804464792708760e-04
   9.4140625000000000e-01  -1.7993162806078450e-01  -1.7960036961209425e-01   3.3125844869025256e-04
   9.4921875000000000e-01   6.7600532533239743e-01   6.7553120108133602e-01   4.7412425106141409e-04
   9.5703125000000000e-01   9.9350847357240168e-01   9.9268094149926811e-01   8.2753207313357446e-04
   9.6484375000000000e-01   5.9031985902766704e-01   5.8985349187296621e-01   4.6636715470083079e-04
   9.7265625000000000e-01  -1.8400720810086402e-01  -1.8375726121000249e-01   2.4994689086152433e-04
   9.8046875000000000e-01  -7.6479945140602734e-01  -7.6410500356930200e-01   6.9444783672534260e-04
   9.8828125000000000e-01  -7.9239870299300363e-01  -7.9187570759780779e-01   5.2299539519584659e-04
   9.9609375000000000e-01  -3.1644041379317667e-01  -3.1649969268242190e-01   5.9278889245228950e-05
   7.5390625000000000e-01   8.9197332411092334e-01   8.9080838181142763e-01   1.1649422994957082e-03
   7.6171875000000000e-01   2.1112194445629850e-01   2.1049449591716435e-01   6.2744853913415666e-04
   7.6953125000000000e-01  -6.0952036061491122e-01  -6.0905859242014782e-01   4.6176819476340114e-04
   7.7734375000000000e-01  -8.6746284521906469e-01  -8.6630434764432018e-01   1.1584975747445103e-03
   7.8515625000000000e-01  -3.5967356564020725e-01  -3.5881807018836331e-01   8.5549545184393505e-04
   7.9296875000000000e-01   4.4781156574372394e-01   4.4762433289494036e-01   1.8723284878358060e-04
   8.0078125000000000e-01   8.3298542990813895e-01   8.3191967471316686e-01   1.0657551949720956e-03
   8.0859375000000000e-01   4.5462563300400566e-01   4.5360291151434573e-01   1.0227214896599279e-03
   8.1640625000000000e-01  -3.4588179975536881e-01  -3.4598355709621714e-01   1.0175734084832966e-04
   8.2421875000000000e-01  -8.4562392053635926e-01  -8.4472763382552141e-01   8.9628671083785694e-04
   8.3203125000000000e-01  -5.8191394757992609e-01  -5.8079904723745723e-01   1.1149003424688608e-03
   8.3984375000000000e-01   2.3071827498231046e-01   2.3109679610115075e-01   3.7852111884029149e-04
   8.4765625000000000e-01   8.7948518384904240e-01   8.7881796118624000e-01   6.6722266280239140e-04
   8.5546875000000000e-01   7.7604969109318267e-01   7.7492533180696677e-01   1.1243592862159035e-03
   8.6328125000000000e-01  -2.1251464343342956e-02  -2.1868043333963159e-02   6.1657899062020349e-04
   8.7109375000000000e-01  -8.4472470540930644e-01  -8.4432310425068324e-01   4.0160115862319934e-04
