#                  Coord.                Numerical               Analytical                    Error
   3.9062500000000000e-03   4.8215961076262026e-01   4.8363894340929492e-01   1.4793326466746581e-03
   1.1718750000000000e-02   8.5784067333766179e-01   8.5752287952443851e-01   3.1779381322327716e-04
   1.9531250000000000e-02   6.6670840702418444e-01   6.6469811419808589e-01   2.0102928260985475e-03
   2.7343750000000000e-02  -3.6125120761288113e-02  -3.8099284504377121e-02   1.9741637430890080e-03
   3.5156250000000000e-02  -7.9292805817996503e-01  -7.9301612843196101e-01   8.8070251995975291e-05
   4.2968750000000000e-02  -1.0299412693593593e+00  -1.0279062788678672e+00   2.0349904914920280e-03
   5.0781250000000000e-02  -5.0242428627270685e-01  -4.9997847168074372e-01   2.4458145919631358e-03
   5.8593750000000000e-02   4.5561924245234764e-01   4.5627454617668090e-01   6.5530372433325601e-04
   6.6406250000000000e-02   1.1292592912861898e+00   1.1274297052114239e+00   1.8295860747659098e-03
   7.4218750000000000e-02   9.6607049439188919e-01   9.6327659553831690e-01   2.7938988535722853e-03
   8.2031250000000000e-02   4.3679220880541048e-02   4.2376164544943161e-02   1.3030563355978866e-03
   8.9843750000000000e-02  -9.4547863838077073e-01  -9.4407929304815319e-01   1.3993453326175409e-03
   9.7656250000000000e-02  -1.2220020741257067e+00  -1.2190569615291733e+00   2.9451125965334057e-03
   1.0546875000000000e-01  -5.5077561935322716e-01  -5.4884373026953770e-01   1.9318890836894642e-03
   1.1328125000000000e-01   5.4957916309173460e-01   5.4878015545540915e-01   7.9900763632545502e-04
   1.2109375000000000e-01   1.2123025831802507e+00   1.2094302829209294e+00   2.8723002593213920e-03
   1.2890625000000000e-01   9.2187386435894703e-01   9.1941943884095356e-01   2.4544255179934638e-03
   1.3671875000000000e-01  -7.0785899283834150e-02  -7.0674270453203278e-02   1.1162883063087214e-04
   1.4453125000000000e-01  -9.6351884399818100e-01  -9.6092672589868788e-01   2.5921180994931126e-03
   1.5234375000000000e-01  -1.0649309013662041e+00  -1.0621175296155878e+00   2.8133717506162448e-03
   1.6015625000000000e-01  -3.4585309402965903e-01  -3.4527784417095569e-01   5.7524985870333056e-04
   1.6796875000000000e-01   5.7301449990806086e-01   5.7085254872892777e-01   2.1619511791330925e-03
   1.7578125000000000e-01   9.6307826827076837e-01   9.6008327517695879e-01   2.9949930938095726e-03
   1.8359375000000000e-01   5.8152374106613181e-01   5.8032999518097672e-01   1.1937458851550842e-03
   1.9140625000000000e-01  -1.7988537729989740e-01  -1.7823638873051539e-01   1.6489885693820039e-03
   1.9921875000000000e-01  -6.8064197428568685e-01  -6.7762219930911838e-01   3.0197749765684678e-03
   2.0703125000000000e-01  -5.8142329166788387e-01  -5.7971527227392405e-01   1.7080193939598143e-03
   2.1484375000000000e-01  -7.7699127522275813e-02  -7.8813512436300859e-02   1.1143849140250461e-03
   2.2265625000000000e-01   3.4733980317075402e-01   3.4440978251688809e-01   2.9300206538659390e-03
   2.3046875000000000e-01   3.7984925322705532e-01   3.7773190993563371e-01   2.1173432914216028e-03
   2.3828125000000000e-01   1.1392648584272491e-01   1.1451970472786487e-01   5.9321888513995391e-04
   2.4609375000000000e-01  -1.1493359092772071e-01  -1.1216655621255296e-01   2.7670347151677460e-03
   2.5390625000000000e-01  -9.6292910728607573e-02  -9.3848886659656239e-02   2.4440240689513337e-03
   2.6171875000000000e-01   6.2747238008362238e-02   6.2656781666219880e-02   9.0456342142358759e-05
   2.6953125000000000e-01   9.4013930100086907e-02   9.1461586035527939e-02   2.5523440645589673e-03
   2.7734375000000000e-01  -1.0840523529824397e-01  -1.1111787077718736e-01   2.7126354789433899e-03
   2.8515625000000000e-01  -3.4356849221143487e-01  -3.4397836085170580e-01   4.0986864027092729e-04
   2.9296875000000000e-01  -2.9858603195243760e-01  -2.9629833872788941e-01   2.2876932245481929e-03
   3.0078125000000000e-01   1.0411677495649013e-01   1.0705499860859084e-01   2.9382236521007105e-03
   3.0859375000000000e-01   5.6300062122744998e-01   5.6392997682505375e-01   9.2935559760376485e-04
   3.1640625000000000e-01   6.3205794461502074e-01   6.3010645977246071e-01   1.9514848425600251e-03
   3.2421875000000000e-01   1.4350267276013046e-01   1.4039231453277154e-01   3.1103582273589170e-03
   3.3203125000000000e-01  -5.7592718505985374e-01  -5.7740289935473310e-01   1.4757142948793600e-03
   3.3984375000000000e-01  -9.2893671927742438e-01  -9.2741699748471373e-01   1.5197217927106488e-03
   3.4765625000000000e-01  -5.5263712608889404e-01  -5.4943564261157640e-01   3.2014834773176348e-03
   3.5546875000000000e-01   3.2854242701360109e-01   3.3057965369816866e-01   2.0372266845675724e-03
   3.6328125000000000e-01   1.0332428057742953e+00   1.0322681008853098e+00   9.7470488898543373e-04
   3.7109375000000000e-01   9.6327112546780747e-01   9.6010069703756906e-01   3.1704284302384034e-03
   3.7890625000000000e-01   1.1590454479494428e-01   1.1332870363171892e-01   2.5758411632253592e-03
   3.8671875000000000e-01  -8.7206442150656160e-01  -8.7174247283240713e-01   3.2194867415447082e-04
   3.9453125000000000e-01  -1.2133866442939132e+00  -1.2104075661096663e+00   2.9790781842469194e-03
   4.0234375000000000e-01  -6.0948852119014341e-01  -6.0645198235005993e-01   3.0365388400834803e-03
   4.1015625000000000e-01   4.8615823391933899e-01   4.8656858073677617e-01   4.1034681743717938e-04
   4.1796875000000000e-01   1.2129354185983932e+00   1.2103276773507237e+00   2.6077412476694928e-03
   4.2578125000000000e-01   9.9110226303820581e-01   9.8774087763124774e-01   3.3613854069580729e-03
   4.3359375000000000e-01  -4.4805364731718145e-03  -5.6503809872150597e-03   1.1698445140432452e-03
   4.4140625000000000e-01  -9.7898496590444517e-01  -9.7692778487277665e-01   2.0571810316685202e-03
   4.4921875000000000e-01  -1.1595285283543431e+00  -1.1560324366621129e+00   3.4960916922301966e-03
   4.5703125000000000e-01  -4.2147141214695438e-01  -4.1958449966836608e-01   1.8869124785882985e-03
   4.6484375000000000e-01   6.1731398922380065e-01   6.1595487023497686e-01   1.3591189888237931e-03
   4.7265625000000000e-01   1.1125013591773567e+00   1.1090910794126818e+00   3.4102797646748950e-03
   4.8046875000000000e-01   6.8932732725703572e-01   6.8683316369514846e-01   2.4941635618872526e-03
   4.8828125000000000e-01  -2.6214582037813916e-01  -2.6158256561807053e-01   5.6325476006863218e-04
   4.9609375000000000e-01  -9.3400909725294956e-01  -9.3091339949032859e-01   3.0956977626209747e-03
   5.0390625000000000e-01  -7.8756222864949332e-01  -7.8463107908205099e-01   2.9311495674423371e-03
   5.1171875000000000e-01   5.8078948995661239e-03   6.0737572341616969e-03   2.6586233459557299e-04
   5.1953125000000000e-01   7.3761644170274510e-01   7.3504869971169151e-01   2.5677419910535848e-03
   5.2734375000000000e-01   7.8590724137157719e-01   7.8275307494519941e-01   3.1541664263777802e-03
   5.3515625000000000e-01   1.4394691471896554e-01   1.4288669822095165e-01   1.0602164980138828e-03
   5.4296875000000000e-01  -5.9694634156868032e-01  -5.9507994927002938e-01   1.8663922986509318e-03
   5.5078125000000000e-01  -7.7962035881541558e-01  -7.7648032605483164e-01   3.1400327605839440e-03
   5.5859375000000000e-01  -2.5418619437576390e-01  -2.5243307081118888e-01   1.7531235645750209e-03
   5.6640625000000000e-01   5.0395601295784553e-01   5.0291042891530902e-01   1.0455840425365182e-03
   5.7421875000000000e-01   8.2020023456713909e-01   8.1731513676932988e-01   2.8850977978092107e-03
   5.8203125000000000e-01   4.0936733796944030e-01   4.0708341889076671e-01   2.2839190786735908e-03
   5.8984375000000000e-01  -3.8190045444022680e-01  -3.8172616578197704e-01   1.7428865824975492e-04
   5.9765625000000000e-01  -8.7629809512404722e-01  -8.7388846340022241e-01   2.4096317238248011e-03
   6.0546875000000000e-01  -6.4184109645595822e-01  -6.3923472330335129e-01   2.6063731526069223e-03
   6.1328125000000000e-01   1.4640586564118094e-01   1.4707763136543722e-01   6.7176572425628467e-04
   6.2109375000000000e-01   8.5192370311210563e-01   8.5016698427061077e-01   1.7567188414948642e-03
   6.2890625000000000e-01   8.9640541967596366e-01   8.9371055804766619e-01   2.6948616282974625e-03
   6.3671875000000000e-01   2.2464140373443287e-01   2.2322166114601474e-01   1.4197425884181214e-03
   6.4453125000000000e-01  -6.5189520414812840e-01  -6.5090834461657787e-01   9.8685953155053241e-04
   6.5234375000000000e-01  -1.0543073428020788e+00  -1.0517623568992134e+00   2.5449859028654487e-03
   6.6015625000000000e-01  -6.5947540672338356e-01  -6.5747677683289307e-01   1.9986298904904887e-03
   6.6796875000000000e-01   2.5189518568391417e-01   2.5171544282823910e-01   1.7974285567506909e-04
   6.7578125000000000e-01   1.0023854697209209e+00   1.0002031833406013e+00   2.1822863803195869e-03
   6.8359375000000000e-01   1.0212911025352327e+00   1.0189304080384094e+00   2.3606944968233012e-03
   6.9140625000000000e-01   2.7330017993135625e-01   2.7271917541659207e-01   5.8100451476417181e-04
   6.9921875000000000e-01  -7.0244917202315493e-01  -7.0079084450378937e-01   1.6583275193655655e-03
   7.0703125000000000e-01  -1.1790224594489565e+00  -1.1765381345826484e+00   2.4843248663080075e-03
   7.1484375000000000e-01  -7.8138239877469262e-01  -7.8016348567294214e-01   1.2189131017504851e-03
   7.2265625000000000e-01   2.1672755667879340e-01   2.1568462580855066e-01   1.0429308702427365e-03
   7.3046875000000000e-01   1.0744047000623327e+00   1.0720275995853663e+00   2.3771004769663762e-03
   7.3828125000000000e-01   1.1318799045589145e+00   1.1302072763777753e+00   1.6726281811392241e-03
   7.4609375000000000e-01   3.2397814956683757e-01   3.2439808381518864e-01   4.1993424835107263e-04
   8.7890625000000000e-01  -3.1072723902889038e-01  -3.1180555373381363e-01   1.0783147049232555e-03
   8.8671875000000000e-01   5.5815035439278204e-01   5.5735923555190048e-01   7.9111884088156614e-04
   8.9453125000000000e-01   9.5292824336147475e-01   9.5317028262316650e-01   2.4203926169175105e-04
   9.0234375000000000e-01   6.2369089651005261e-01   6.2466585463574020e-01   9.7495812568759721e-04
   9.1015625000000000e-01  -1.2327541176615853e-01  -1.2258965987825649e-01   6.8575188790204189e-04
   9.1796875000000000e-01  -7.1885695853057197e-01  -7.1918218088851371e-01   3.2522235794174570e-04
   9.2578125000000000e-01  -7.7249869922261793e-01  -7.7352298905239891e-01   1.0242898297809777e-03
   9.3359375000000000e-01  -3.1236900734984085e-01  -3.1303061031409773e-01   6.6160296425687992e-04
   9.4140625000000000e-01   3.0620563281440266e-01   3.0666321332566165e-01   4.5758051125899257e-04
   9.4921875000000000e-01   6.8486255584632882e-01   6.8608191791876161e-01   1.2193620724327836e-03
   9.5703125000000000e-01   6.2417070779221739e-01   6.2494896109547438e-01   7.7825330325698161e-04
   9.6484375000000000e-01   1.9300879410452565e-01   1.9245626067472996e-01   5.5253342979569298e-04
   9.7265625000000000e-01  -3.5012947296296337e-01  -3.5163771385982306e-01   1.5082408968596916e-03
   9.8046875000000000e-01  -6.9641480996353877e-01  -6.9747305786510239e-01   1.0582479015636137e-03
   9.8828125000000000e-01  -6.3045243087248226e-01  -6.2992649874298245e-01   5.2593212949980650e-04
   9.9609375000000000e-01  -1.5139147598340957e-01  -1.4958565973965884e-01   1.8058162437507297e-03
   7.5390625000000000e-01  -7.4466232660837772e-01  -7.4257894124157642e-01   2.0833853668013047e-03
   7.6171875000000000e-01  -1.2483009761799999e+00  -1.2463828119413656e+00   1.9181642386343345e-03
   7.6953125000000000e-01  -7.8472938882484666e-01  -7.8459279359158307e-01   1.3659523326359224e-04
   7.7734375000000000e-01   2.9233508562468913e-01   2.9066905512096841e-01   1.6660305037207168e-03
   7.8515625000000000e-01   1.1369745141196828e+00   1.1350223630463554e+00   1.9521510733273573e-03
   7.9296875000000000e-01   1.0802060266374480e+00   1.0796423444415566e+00   5.6368219589142399e-04
   8.0078125000000000e-01   1.7073700939516057e-01   1.7194235629532542e-01   1.2053469001648554e-03
   8.0859375000000000e-01  -8.5964770572280469e-01  -8.5783209087354073e-01   1.8156148492639579e-03
   8.1640625000000000e-01  -1.1876319633829366e+00  -1.1868036808169993e+00   8.2828256593736604e-04
   8.2421875000000000e-01  -5.6496870046272862e-01  -5.6574948431646110e-01   7.8078385373248071e-04
   8.3203125000000000e-01   4.8877551301923294e-01   4.8720319856613187e-01   1.5723144531010758e-03
   8.3984375000000000e-01   1.1220932739944214e+00   1.1211635229966794e+00   9.2975099774195158e-04
   8.4765625000000000e-01   8.4714357459766199e-01   8.4760011038908034e-01   4.5653579141835543e-04
   8.5546875000000000e-01  -8.1896937568310513e-02  -8.0597840934715545e-02   1.2990966335949677e-03
   8.6328125000000000e-01  -9.0519759400893340e-01  -9.0430089828597338e-01   8.9669572296002809e-04
   8.7109375000000000e-01  -9.8758783951601947e-01  -9.8786336587415635e-01   2.7552635813687942e-04
