#                  Coord.                Numerical               Analytical                    Error
   3.9062500000000000e-03   3.1874396784386994e-01   3.1874170981638233e-01   2.2580274876005113e-06
   1.1718750000000000e-02   2.2782679099284622e-01   2.2806167841448585e-01   2.3488742163962906e-04
   1.9531250000000000e-02  -3.3941850311965949e-03  -3.1343069637981905e-03   2.5987806739840441e-04
   2.7343750000000000e-02  -2.6093462171339932e-01  -2.6088765174432937e-01   4.6969969069943218e-05
   3.5156250000000000e-02  -3.9646270634896508e-01  -3.9667664498092359e-01   2.1393863195851015e-04
   4.2968750000000000e-02  -3.0474934064257747e-01  -3.0503397707372121e-01   2.8463643114373660e-04
   5.0781250000000000e-02  -3.1040316072558083e-03  -3.1997232152889154e-03   9.5691608033107115e-05
   5.8593750000000000e-02   3.4726201620848857e-01   3.4745025139495189e-01   1.8823518646332582e-04
   6.6406250000000000e-02   5.1913124687417556e-01   5.1944152992980974e-01   3.1028305563418623e-04
   7.4218750000000000e-02   3.6718261148718812e-01   3.6733547681754264e-01   1.5286533035452354e-04
   8.2031250000000000e-02  -5.2020173485395227e-02  -5.2172736912603698e-02   1.5256342720847138e-04
   8.9843750000000000e-02  -4.8678944170397176e-01  -4.8712350274255434e-01   3.3406103858257818e-04
   9.7656250000000000e-02  -6.4090810914640850e-01  -6.4112886697054228e-01   2.2075782413377709e-04
   1.0546875000000000e-01  -3.7709578101375280e-01  -3.7699611110110293e-01   9.9669912649869019e-05
   1.1328125000000000e-01   1.6830296921172247e-01   1.6865058230462332e-01   3.4761309290085030e-04
   1.2109375000000000e-01   6.5089706283705384e-01   6.5119311912471711e-01   2.9605628766327108e-04
   1.2890625000000000e-01   7.3545251308752435e-01   7.3542849581919501e-01   2.4017268329346031e-05
   1.3671875000000000e-01   3.2768423636845134e-01   3.2734474049668527e-01   3.3949587176607121e-04
   1.4453125000000000e-01  -3.3789343298613639e-01  -3.3826221674445123e-01   3.6878375831483901e-04
   1.5234375000000000e-01  -8.2794273704533561e-01  -8.2801739651567352e-01   7.4659470337912204e-05
   1.6015625000000000e-01  -7.9013976646914508e-01  -7.8984314057525962e-01   2.9662589388546046e-04
   1.6796875000000000e-01  -2.0512076508140870e-01  -2.0469829398524106e-01   4.2247109616763701e-04
   1.7578125000000000e-01   5.6757399825974764e-01   5.6776172964655924e-01   1.8773138681160706e-04
   1.8359375000000000e-01   1.0045970465169833e+00   1.0043837188692162e+00   2.1332764776715862e-04
   1.9140625000000000e-01   7.7213650387966548e-01   7.7169666252264313e-01   4.3984135702235250e-04
   1.9921875000000000e-01  -1.9094077846288360e-02  -1.9392924217189689e-02   2.9884637090132893e-04
   2.0703125000000000e-01  -8.5161421887762534e-01  -8.5152140924600983e-01   9.2809631615509147e-05
   2.1484375000000000e-01  -1.1360408120840391e+00  -1.1356332369824276e+00   4.0757510161149035e-04
   2.2265625000000000e-01  -6.3008659894191976e-01  -6.2969986058397809e-01   3.8673835794167388e-04
   2.3046875000000000e-01   3.5684711720007800e-01   3.5689805209623582e-01   5.0934896157817100e-05
   2.3828125000000000e-01   1.1446700314527247e+00   1.1443484821099312e+00   3.2154934279349234e-04
   2.4609375000000000e-01   1.1510152671931015e+00   1.1505838354619544e+00   4.3143173114712496e-04
   2.5390625000000000e-01   3.2528196183473945e-01   3.2508597922495375e-01   1.9598260978570536e-04
   2.6171875000000000e-01  -7.7703929193100940e-01  -7.7684964449273808e-01   1.8964743827132313e-04
   2.6953125000000000e-01  -1.3639924579230589e+00  -1.3635724858341847e+00   4.1997208887423199e-04
   2.7734375000000000e-01  -9.7863023743906807e-01  -9.7831196111809182e-01   3.1827632097625180e-04
   2.8515625000000000e-01   1.4105830967166022e-01   1.4102943088182959e-01   2.8878789830627527e-05
   2.9296875000000000e-01   1.1993648225503790e+00   1.1990162042130286e+00   3.4861833735044812e-04
   3.0078125000000000e-01   1.4076078022603764e+00   1.4072136036493443e+00   3.9419861103207054e-04
   3.0859375000000000e-01   5.7699433433702130e-01   5.7685912168963460e-01   1.3521264738669547e-04
   3.1640625000000000e-01  -7.0900885302564243e-01  -7.0878310601633465e-01   2.2574700930777514e-04
   3.2421875000000000e-01  -1.4996792760069044e+00  -1.4992699560869513e+00   4.0931991995307726e-04
   3.3203125000000000e-01  -1.1829488104607830e+00  -1.1826730990475716e+00   2.7571141321147685e-04
   3.3984375000000000e-01   3.3458402222571626e-02   3.3387434848313607e-02   7.0967374258018578e-05
   3.4765625000000000e-01   1.2486177369610716e+00   1.2482565489238109e+00   3.6118803726070681e-04
   3.5546875000000000e-01   1.5352341559039542e+00   1.5348642966295634e+00   3.6985927439081578e-04
   3.6328125000000000e-01   6.5413795550767972e-01   6.5404785750858774e-01   9.0097999091987013e-05
   3.7109375000000000e-01  -7.3877412354380834e-01  -7.3851452275619489e-01   2.5960078761344541e-04
   3.7890625000000000e-01  -1.5765140233233923e+00  -1.5761080403710241e+00   4.0598295236815574e-04
   3.8671875000000000e-01  -1.2026883699956237e+00  -1.2024512112973689e+00   2.3715869825480240e-04
   3.9453125000000000e-01   1.0485892553357989e-01   1.0474008116878814e-01   1.1884436479175919e-04
   4.0234375000000000e-01   1.3329486642210291e+00   1.3325699015666230e+00   3.7876265440606183e-04
   4.1015625000000000e-01   1.5189505029822277e+00   1.5186099768058123e+00   3.4052617641533445e-04
   4.1796875000000000e-01   5.1366562150788897e-01   5.1363315692298517e-01   3.2464584903801885e-05
   4.2578125000000000e-01  -8.8966595912533164e-01  -8.8936741504383032e-01   2.9854408150131739e-04
   4.3359375000000000e-01  -1.5783219480742172e+00  -1.5779295286736648e+00   3.9241940055245728e-04
   4.4140625000000000e-01  -1.0082107754710017e+00  -1.0080374765002653e+00   1.7329897073636857e-04
   4.4921875000000000e-01   3.5626687599867546e-01   3.5608605455617143e-01   1.8082144250403109e-04
   4.5703125000000000e-01   1.4141892297567806e+00   1.4138002579817708e+00   3.8897177500984981e-04
   4.6484375000000000e-01   1.3188865711868507e+00   1.3186035065096919e+00   2.8306467715877304e-04
   4.7265625000000000e-01   1.6463840011491271e-01   1.6468634607021396e-01   4.7945955301248455e-05
   4.8046875000000000e-01  -1.0952250813865825e+00  -1.0948876486380230e+00   3.3743274855946304e-04
   4.8828125000000000e-01  -1.4346811572684088e+00  -1.4343324257693999e+00   3.4873149900893630e-04
   4.9609375000000000e-01  -5.9771963640013859e-01  -5.9764302540878222e-01   7.6610991356362845e-05
   5.0390625000000000e-01   7.0095168029495980e-01   7.0069626915478100e-01   2.5541114017879618e-04
   5.1171875000000000e-01   1.3817550163079042e+00   1.3813800940791339e+00   3.7492222877033576e-04
   5.1953125000000000e-01   9.0216905652463764e-01   9.0198866664451338e-01   1.8038988012425428e-04
   5.2734375000000000e-01  -3.0296703553677073e-01  -3.0281070615402378e-01   1.5632938274695585e-04
   5.3515625000000000e-01  -1.2074739769896237e+00  -1.2071220004731793e+00   3.5197651644436334e-04
   5.4296875000000000e-01  -1.0691335009923633e+00  -1.0688902841460917e+00   2.4321684627159890e-04
   5.5078125000000000e-01  -4.5781934112810618e-02  -4.5845903549515732e-02   6.3969436705113569e-05
   5.5859375000000000e-01   9.6582639578114138e-01   9.6552567489155683e-01   3.0072088958454923e-04
   5.6640625000000000e-01   1.1142263137586865e+00   1.1139605357719045e+00   2.6577798678206754e-04
   5.7421875000000000e-01   3.1522999853241829e-01   3.1522208666313889e-01   7.9118692793977985e-06
   5.8203125000000000e-01  -7.0580511528596945e-01  -7.0556881002217786e-01   2.3630526379159189e-04
   5.8984375000000000e-01  -1.0678401892898810e+00  -1.0675861207270565e+00   2.5406856282450541e-04
   5.9765625000000000e-01  -4.9751260602949865e-01  -4.9746115672099062e-01   5.1449308508033642e-05
   6.0546875000000000e-01   4.6306736160080686e-01   4.6289321239683090e-01   1.7414920397595957e-04
   6.1328125000000000e-01   9.6421929480659674e-01   9.6400014237872134e-01   2.1915242787540201e-04
   6.2109375000000000e-01   6.0131582730575683e-01   6.0125079986356811e-01   6.5027442188725360e-05
   6.2890625000000000e-01  -2.5656324374601225e-01  -2.5643645477193994e-01   1.2678897407231160e-04
   6.3671875000000000e-01  -8.3161284828712911e-01  -8.3143379120947358e-01   1.7905707765553114e-04
   6.4453125000000000e-01  -6.4209772116810193e-01  -6.4203897997928827e-01   5.8741188813660195e-05
   6.5234375000000000e-01   9.2316043867539110e-02   9.2221203215874306e-02   9.4840651664804265e-05
   6.6015625000000000e-01   6.8831554713088416e-01   6.8818307257600497e-01   1.3247455487919169e-04
   6.6796875000000000e-01   6.3329043690081643e-01   6.3325672293412472e-01   3.3713966691717445e-05
   6.7578125000000000e-01   2.7974290993589182e-02   2.8056020242121945e-02   8.1729248532762949e-05
   6.8359375000000000e-01  -5.4708852848502865e-01  -5.4699470165346642e-01   9.3826831562227042e-05
   6.9140625000000000e-01  -5.8527141410175032e-01  -5.8527020763152504e-01   1.2064702252789772e-06
   6.9921875000000000e-01  -1.0171966120655773e-01  -1.0180355338218793e-01   8.3892175630193022e-05
   7.0703125000000000e-01   4.2220585948718553e-01   4.2213884437223853e-01   6.7015114946999965e-05
   7.1484375000000000e-01   5.1206036513510922e-01   5.1209082747220180e-01   3.0462337092584946e-05
   7.2265625000000000e-01   1.2994046454966379e-01   1.3003656380509934e-01   9.6099255435549980e-05
   7.3046875000000000e-01  -3.2882848108326074e-01  -3.2877483478602904e-01   5.3646297231702000e-05
   7.3828125000000000e-01  -4.3575929267134450e-01  -4.3581505116030972e-01   5.5758488965218511e-05
   7.4609375000000000e-01  -1.2651606986474728e-01  -1.2663116178491393e-01   1.1509192016664893e-04
   8.7890625000000000e-01  -3.7090330495933216e-02  -3.7068283389366213e-02   2.2047106567002484e-05
   8.8671875000000000e-01   1.8656227494925570e-02   1.8474548338399788e-02   1.8167915652578248e-04
   8.9453125000000000e-01   5.8835316451940067e-02   5.8605448703786006e-02   2.2986774815406119e-04
   9.0234375000000000e-01   3.0000381528529352e-03   2.9296804155269558e-03   7.0357737325979410e-05
   9.1015625000000000e-01  -1.1222553056268475e-01  -1.1206580743230257e-01   1.5972313038217778e-04
   9.1796875000000000e-01  -1.6397740669741021e-01  -1.6372373211212879e-01   2.5367458528141595e-04
   9.2578125000000000e-01  -7.1052330995670598e-02  -7.0932411816762575e-02   1.1991917890802339e-04
   9.3359375000000000e-01   1.1438039622523910e-01   1.1425392398338727e-01   1.2647224185183270e-04
   9.4140625000000000e-01   2.4394584792360879e-01   2.4368101983941140e-01   2.6482808419739379e-04
   9.4921875000000000e-01   2.0232963356281369e-01   2.0216414630089055e-01   1.6548726192314178e-04
   9.5703125000000000e-01   7.1067167616898352e-03   7.1924964345479406e-03   8.5779672858105407e-05
   9.6484375000000000e-01  -2.0635797939650685e-01  -2.0609442623439603e-01   2.6355316211082447e-04
   9.7265625000000000e-01  -2.9164662402987451e-01  -2.9144296050444973e-01   2.0366352542477983e-04
   9.8046875000000000e-01  -1.9424232718632900e-01  -1.9428438703418419e-01   4.2059847855185906e-05
   9.8828125000000000e-01   2.3404018637335877e-02   2.3151569524622721e-02   2.5244911271315659e-04
   9.9609375000000000e-01   2.3345550502363918e-01   2.3322138301586728e-01   2.3412200777189751e-04
   7.5390625000000000e-01   2.7167988173246482e-01   2.7162558098223039e-01   5.4300750234437256e-05
   7.6171875000000000e-01   3.7817085451049193e-01   3.7824041956325932e-01   6.9565052767395219e-05
   7.6953125000000000e-01   1.1797207869401907e-01   1.1810673460019817e-01   1.3465590617910139e-04
   7.7734375000000000e-01  -2.3480225784542985e-01  -2.3473598077148095e-01   6.6277073948906029e-05
   7.8515625000000000e-01  -3.4306195341684109e-01  -3.4313787628337361e-01   7.5922866532518452e-05
   7.9296875000000000e-01  -1.2617026078151572e-01  -1.2632662905797434e-01   1.5636827645862383e-04
   8.0078125000000000e-01   1.8902836393509270e-01   1.8893889439923198e-01   8.9469535860725591e-05
   8.0859375000000000e-01   3.0801068328566245e-01   3.0808060987700270e-01   6.9926591340252475e-05
   8.1640625000000000e-01   1.4626447160278841e-01   1.4644005934530593e-01   1.7558774251752451e-04
   8.2421875000000000e-01  -1.1832415718609579e-01  -1.1820244238916353e-01   1.2171479693226517e-04
   8.3203125000000000e-01  -2.4166318376403334e-01  -2.4171431120230730e-01   5.1127438273956827e-05
   8.3984375000000000e-01  -1.4449877357438448e-01  -1.4468739537945108e-01   1.8862180506659665e-04
   8.4765625000000000e-01   4.2841121656105832e-02   4.2682101737688889e-02   1.5901991841694302e-04
   8.5546875000000000e-01   1.3812858071667847e-01   1.3814853058694335e-01   1.9949870264879266e-05
   8.6328125000000000e-01   8.7218228170019896e-02   8.7409874838429755e-02   1.9164666840985889e-04
   8.7109375000000000e-01  -1.1200687000211373e-02  -1.1003673554624728e-02   1.9701344558664506e-04
