#                  Coord.                Numerical               Analytical                    Error
   3.9062500000000000e-03   3.8919908830550609e-01   3.8610901515781754e-01   3.0900731476885546e-03
   1.1718750000000000e-02   3.8089102112457712e-01   3.7981603292850830e-01   1.0749881960688268e-03
   1.9531250000000000e-02   3.7583687223181317e-01   3.7613054049198746e-01   2.9366826017429570e-04
   2.7343750000000000e-02   3.7575956886125550e-01   3.7335161649552706e-01   2.4079523657284385e-03
   3.5156250000000000e-02   3.7157041364870230e-01   3.7004050861371185e-01   1.5299050349904530e-03
   4.2968750000000000e-02   3.6440723430205529e-01   3.6514675166630051e-01   7.3951736424521242e-04
   5.0781250000000000e-02   3.5948411923216717e-01   3.5810293096903745e-01   1.3811882631297179e-03
   5.8593750000000000e-02   3.5085639395680174e-01   3.4887880688587364e-01   1.9775870709280996e-03
   6.6406250000000000e-02   3.3734078227467618e-01   3.3798935086231174e-01   6.4856858763556735e-04
   7.4218750000000000e-02   3.2649397195125590e-01   3.2645573202354433e-01   3.8239927711569699e-05
   8.2031250000000000e-02   3.1763644393579804e-01   3.1572291677406772e-01   1.9135271617303218e-03
   8.9843750000000000e-02   3.0761087859342062e-01   3.0754176043843356e-01   6.9118154987057867e-05
   9.7656250000000000e-02   3.0271961426114630e-01   3.0382679046033728e-01   1.1071761991909845e-03
   1.0546875000000000e-01   3.0747862677484206e-01   3.0650293303378318e-01   9.7569374105888063e-04
   1.1328125000000000e-01   3.1839898125820804e-01   3.1735501290751900e-01   1.0439683506890396e-03
   1.2109375000000000e-01   3.3655071391258895e-01   3.3789294251680690e-01   1.3422286042179543e-03
   1.2890625000000000e-01   3.6863145476243564e-01   3.6924328154453767e-01   6.1182678210203179e-04
   1.3671875000000000e-01   4.1363925679791247e-01   4.1207461743206947e-01   1.5646393658430013e-03
   1.4453125000000000e-01   4.6625551358151779e-01   4.6656042422582888e-01   3.0491064431109605e-04
   1.5234375000000000e-01   5.3042895633248843e-01   5.3237917760081443e-01   1.9502212683260023e-03
   1.6015625000000000e-01   6.0983410186905584e-01   6.0874799197393714e-01   1.0861098951187032e-03
   1.6796875000000000e-01   6.9608723940273831e-01   6.9448327501257789e-01   1.6039643901604173e-03
   1.7578125000000000e-01   7.8615142635188251e-01   7.8808011615132756e-01   1.9286897994450491e-03
   1.8359375000000000e-01   8.8759394094939226e-01   8.8780144301552888e-01   2.0750206613662225e-04
   1.9140625000000000e-01   9.9513491016990685e-01   9.9176835173698330e-01   3.3665584329235498e-03
   1.9921875000000000e-01   1.0980254018826732e+00   1.0980442759483597e+00   1.8874065686569352e-05
   2.0703125000000000e-01   1.2033852929652435e+00   1.2047075460873624e+00   1.3222531221188660e-03
   2.1484375000000000e-01   1.3139591259203796e+00   1.3099091000495930e+00   4.0500258707865111e-03
   2.2265625000000000e-01   1.4151373506743099e+00   1.4119143305885538e+00   3.2230200857561453e-03
   2.3046875000000000e-01   1.5080509699251898e+00   1.5091300250780213e+00   1.0790551528314651e-03
   2.3828125000000000e-01   1.6036365395162886e+00   1.6001188669947288e+00   3.5176725215597671e-03
   2.4609375000000000e-01   1.6900379442805504e+00   1.6836049073252803e+00   6.4330369552700883e-03
   2.5390625000000000e-01   1.7594545546848190e+00   1.7584737455363695e+00   9.8080914844955736e-04
   2.6171875000000000e-01   1.8262571582655955e+00   1.8237709280544876e+00   2.4862302111079426e-03
   2.6953125000000000e-01   1.8870174694327873e+00   1.8787013827883692e+00   8.3160866444180748e-03
   2.7734375000000000e-01   1.9268657414881807e+00   1.9226317036816407e+00   4.2340378065399698e-03
   2.8515625000000000e-01   1.9569887850748251e+00   1.9550959398700614e+00   1.8928452047637379e-03
   2.9296875000000000e-01   1.9841864841299446e+00   1.9758043874063795e+00   8.3820967235650468e-03
   3.0078125000000000e-01   1.9920607493254265e+00   1.9846538669530198e+00   7.4068823724067201e-03
   3.0859375000000000e-01   1.9839821928440391e+00   1.9817372113335465e+00   2.2449815104925719e-03
   3.1640625000000000e-01   1.9743671705334442e+00   1.9673492613275547e+00   7.0179092058895165e-03
   3.2421875000000000e-01   1.9513694841439548e+00   1.9419866215662522e+00   9.3828625777025998e-03
   3.3203125000000000e-01   1.9097408818668888e+00   1.9063387695776763e+00   3.4021122892125000e-03
   3.3984375000000000e-01   1.8663121871183077e+00   1.8612688153423154e+00   5.0433717759923447e-03
   3.4765625000000000e-01   1.8174828630458333e+00   1.8077832188866940e+00   9.6996441591392646e-03
   3.5546875000000000e-01   1.7518445555406599e+00   1.7469910002358411e+00   4.8535553048187907e-03
   3.6328125000000000e-01   1.6832922202004823e+00   1.6800543046142522e+00   3.2379155862301001e-03
   3.7109375000000000e-01   1.6166890935293137e+00   1.6081334783229013e+00   8.5556152064123481e-03
   3.7890625000000000e-01   1.5383865170903579e+00   1.5323309169380632e+00   6.0556001522946712e-03
   3.8671875000000000e-01   1.4557033514912829e+00   1.4536387170163696e+00   2.0646344749133405e-03
   3.9453125000000000e-01   1.3794042729742417e+00   1.3728954610776980e+00   6.5088118965437314e-03
   4.0234375000000000e-01   1.2973982379614726e+00   1.2907571917729386e+00   6.6410461885340055e-03
   4.1015625000000000e-01   1.2093066812145901e+00   1.2076867370851931e+00   1.6199441293969219e-03
   4.1796875000000000e-01   1.1281464637011525e+00   1.1239640528413566e+00   4.1824108597958709e-03
   4.2578125000000000e-01   1.0461569717235115e+00   1.0397182475823199e+00   6.4387241411916207e-03
   4.3359375000000000e-01   9.5674128969021588e-01   9.5497962172092055e-01   1.7616679692953330e-03
   4.4140625000000000e-01   8.7184497022051333e-01   8.6974762829356789e-01   2.0973419269454396e-03
   4.4921875000000000e-01   7.8951424365870615e-01   7.8406843212561228e-01   5.4458115330938694e-03
   4.5703125000000000e-01   7.0027370727234350e-01   6.9811400676840130e-01   2.1597005039422079e-03
   4.6484375000000000e-01   6.1288570583210678e-01   6.1225373698802821e-01   6.3196884407856757e-04
   4.7265625000000000e-01   5.3095565626021046e-01   5.2710949423317166e-01   3.8461620270388019e-03
   4.8046875000000000e-01   4.4596777854983527e-01   4.4358622553249971e-01   2.3815530173355581e-03
   4.8828125000000000e-01   3.6283499589756868e-01   3.6287221364679223e-01   3.7217749223550367e-05
   4.9609375000000000e-01   2.8848187394947078e-01   2.8640615935833619e-01   2.0757145911345920e-03
   5.0390625000000000e-01   2.1786641469474410e-01   2.1581180496523053e-01   2.0546097295135735e-03
   5.1171875000000000e-01   1.5273104803434956e-01   1.5280455998173184e-01   7.3511947382282061e-05
   5.1953125000000000e-01   9.9800181354239986e-02   9.9078050189394834e-02   7.2213116484515227e-04
   5.2734375000000000e-01   5.7326165933676183e-02   5.6181239378982506e-02   1.1449265546936774e-03
   5.3515625000000000e-01   2.5428346231550866e-02   2.5398387957461487e-02   2.9958274089379733e-05
   5.4296875000000000e-01   7.8295545115169337e-03   7.6443582559182757e-03   1.8519625559865801e-04
   5.5078125000000000e-01   3.4799116958154157e-03   3.3865646049179837e-03   9.3347090897432077e-05
   5.5859375000000000e-01   1.2369645169727057e-02   1.2602296351118420e-02   2.3265118139136239e-04
   5.6640625000000000e-01   3.5127862773542962e-02   3.4776493407131265e-02   3.5136936641169680e-04
   5.7421875000000000e-01   6.8519381820271869e-02   6.8940753017719736e-02   4.2137119744786733e-04
   5.8203125000000000e-01   1.1278707940774367e-01   1.1374991105337770e-01   9.6283164563402968e-04
   5.8984375000000000e-01   1.6821338627070417e-01   1.6758851086064219e-01   6.2487541006198133e-04
   5.9765625000000000e-01   2.2872069583325341e-01   2.2869633562847033e-01   2.4360204783080430e-05
   6.0546875000000000e-01   2.9361827817617725e-01   2.9530030707384014e-01   1.6820288976628905e-03
   6.1328125000000000e-01   3.6610650163070457e-01   3.6573964854019714e-01   3.6685309050743520e-04
   6.2109375000000000e-01   4.3979520305579828e-01   4.3857228860415076e-01   1.2229144516475166e-03
   6.2890625000000000e-01   5.1105621285030889e-01   5.1265286890788953e-01   1.5966560575806366e-03
   6.3671875000000000e-01   5.8662542392108574e-01   5.8717608621834283e-01   5.5066229725708737e-04
   6.4453125000000000e-01   6.6406772416434734e-01   6.6168300503612087e-01   2.3847191282264646e-03
   6.5234375000000000e-01   7.3585092400737306e-01   7.3603194036596775e-01   1.8101635859468779e-04
   6.6015625000000000e-01   8.0884697107296744e-01   8.1033906770589170e-01   1.4920966329242669e-03
   6.6796875000000000e-01   8.8756310865616528e-01   8.8489668632816365e-01   2.6664223280016275e-03
   6.7578125000000000e-01   9.6237736644072114e-01   9.6007878289914894e-01   2.2985835415721967e-03
   6.8359375000000000e-01   1.0348433012486311e+00   1.0362441021960729e+00   1.4008009474417715e-03
   6.9140625000000000e-01   1.1155003311127929e+00   1.1136463664305238e+00   1.8539646822690603e-03
   6.9921875000000000e-01   1.1971475651646810e+00   1.1923597602861629e+00   4.7878048785181537e-03
   7.0703125000000000e-01   1.2726226567051315e+00   1.2722255779591187e+00   3.9707874601280224e-04
   7.1484375000000000e-01   1.3534774396990201e+00   1.3528233277122197e+00   6.5411198680043192e-04
   7.2265625000000000e-01   1.4395874475175565e+00   1.4334669337086163e+00   6.1205138089401867e-03
   7.3046875000000000e-01   1.5167788959537045e+00   1.5132242570131997e+00   3.5546389405047840e-03
   7.3828125000000000e-01   1.5911698379182331e+00   1.5909562076139139e+00   2.1363030431920116e-04
   7.4609375000000000e-01   1.6712138314894986e+00   1.6653703844457144e+00   5.8434470437842556e-03
   8.7890625000000000e-01   1.4986788413525833e+00   1.4902861825421434e+00   8.3926588104399347e-03
   8.8671875000000000e-01   1.3965530327859110e+00   1.3920104533801314e+00   4.5425794057796232e-03
   8.9453125000000000e-01   1.2921660919050475e+00   1.2901096006389929e+00   2.0564912660545609e-03
   9.0234375000000000e-01   1.1930819626113645e+00   1.1864529826304837e+00   6.6289799808807448e-03
   9.1015625000000000e-01   1.0880971031735811e+00   1.0829979691860385e+00   5.0991339875425812e-03
   9.1796875000000000e-01   9.8287567235241713e-01   9.8173332700290261e-01   1.1423453495145175e-03
   9.2578125000000000e-01   8.8911873876011427e-01   8.8460938590579874e-01   4.5093528543155292e-03
   9.3359375000000000e-01   7.9845678952232524e-01   7.9345741956526350e-01   4.9993699570617389e-03
   9.4140625000000000e-01   7.1072783145637308e-01   7.0990265965836807e-01   8.2517179800500884e-04
   9.4921875000000000e-01   6.3793908196636839e-01   6.3527717939360928e-01   2.6619025727591117e-03
   9.5703125000000000e-01   5.7494937022387660e-01   5.7054025066250835e-01   4.4091195613682466e-03
   9.6484375000000000e-01   5.1700046839177671e-01   5.1621443770290942e-01   7.8603068886728966e-04
   9.7265625000000000e-01   4.7369096170511971e-01   4.7234543982084787e-01   1.3455218842718386e-03
   9.8046875000000000e-01   4.4219738952907722e-01   4.3849243618789036e-01   3.7049533411868674e-03
   9.8828125000000000e-01   4.1460010831409366e-01   4.1375344362981231e-01   8.4666468428135078e-04
   9.9609375000000000e-01   3.9725144058076184e-01   3.9682713891893845e-01   4.2430166182338969e-04
   7.5390625000000000e-01   1.7419331674126690e+00   1.7350835203512696e+00   6.8496470613994553e-03
   7.6171875000000000e-01   1.7999595247982598e+00   1.7986870008324500e+00   1.2725239658097909e-03
   7.6953125000000000e-01   1.8592867942625577e+00   1.8548102802313284e+00   4.4765140312292839e-03
   7.7734375000000000e-01   1.9111503670469772e+00   1.9021779998287114e+00   8.9723672182657754e-03
   7.8515625000000000e-01   1.9432753691341815e+00   1.9396578596169047e+00   3.6175095172767957e-03
   7.9296875000000000e-01   1.9693473338983665e+00   1.9662976440617113e+00   3.0496898366552116e-03
   8.0078125000000000e-01   1.9906515938825144e+00   1.9813511018604764e+00   9.3004920220380871e-03
   8.0859375000000000e-01   1.9906303488138024e+00   1.9842935033098312e+00   6.3368455039711780e-03
   8.1640625000000000e-01   1.9771910122427052e+00   1.9748285520106048e+00   2.3624602321004051e-03
   8.2421875000000000e-01   1.9609270740170539e+00   1.9528888496885197e+00   8.0382243285341826e-03
   8.3203125000000000e-01   1.9270197622770138e+00   1.9186322763925181e+00   8.3874858844956712e-03
   8.3984375000000000e-01   1.8750671456620889e+00   1.8724364589739724e+00   2.6306866881165014e-03
   8.4765625000000000e-01   1.8208053211903092e+00   1.8148929942301633e+00   5.9123269601459860e-03
   8.5546875000000000e-01   1.7559109397484856e+00   1.7468023326092297e+00   9.1086071392558754e-03
   8.6328125000000000e-01   1.6727093074371286e+00   1.6691693044098352e+00   3.5400030272934035e-03
   8.7109375000000000e-01   1.5869197208675336e+00   1.5831982955409498e+00   3.7214253265838160e-03
