#                  Coord.                Numerical               Analytical                    Error
   3.9062500000000000e-03   1.1759083171468199e+00   1.1741065478640977e+00   1.8017692827221321e-03
   1.1718750000000000e-02   1.4546515312707204e+00   1.4531905104765552e+00   1.4610207941652131e-03
   1.9531250000000000e-02   6.0207745618506614e-01   6.0217698260487684e-01   9.9526419810702649e-05
   2.7343750000000000e-02  -7.1796991120342979e-01  -7.1642266518004982e-01   1.5472460233799668e-03
   3.5156250000000000e-02  -1.4627851538445953e+00  -1.4611216979743806e+00   1.6634558702146585e-03
   4.2968750000000000e-02  -1.0479720634001835e+00  -1.0475920237675320e+00   3.8003963265142993e-04
   5.0781250000000000e-02   1.7876913942918587e-01   1.7759825685458772e-01   1.1708825745981588e-03
   5.8593750000000000e-02   1.2236116545351641e+00   1.2219444071681056e+00   1.6672473670584775e-03
   6.6406250000000000e-02   1.2608438225009895e+00   1.2601073021446458e+00   7.3652035634363955e-04
   7.4218750000000000e-02   3.0049042542803805e-01   3.0124269265717118e-01   7.5226722913313004e-04
   8.2031250000000000e-02  -8.4316446292390745e-01  -8.4166088723719412e-01   1.5035756867133321e-03
   8.9843750000000000e-02  -1.2443765990061348e+00  -1.2434449549181410e+00   9.3164408799384368e-04
   9.7656250000000000e-02  -6.2747643547943843e-01  -6.2784788370201583e-01   3.7144822257739740e-04
   1.0546875000000000e-01   4.4010167330940375e-01   4.3886546528727549e-01   1.2362080221282601e-03
   1.1328125000000000e-01   1.0624289116270225e+00   1.0614615434479238e+00   9.6736817909870432e-04
   1.2109375000000000e-01   7.7386541687819399e-01   7.7395356158715267e-01   8.8144708958681761e-05
   1.2890625000000000e-01  -1.0762036478963409e-01  -1.0667909594255795e-01   9.4126884707614045e-04
   1.3671875000000000e-01  -8.0531482018879819e-01  -8.0443153374004062e-01   8.8328644875756979e-04
   1.4453125000000000e-01  -7.6770523162236903e-01  -7.6763383171215926e-01   7.1399910209768436e-05
   1.5234375000000000e-01  -1.0739677179232529e-01  -1.0808445257388576e-01   6.8768078156046519e-04
   1.6015625000000000e-01   5.5731294770428996e-01   5.5658248132514965e-01   7.3046637914031542e-04
   1.6796875000000000e-01   6.7274330277873129e-01   6.7263451078084813e-01   1.0879199788316196e-04
   1.7578125000000000e-01   2.0938504415757708e-01   2.0990967869137245e-01   5.2463453379536507e-04
   1.8359375000000000e-01  -3.7053668704448423e-01  -3.6995973254709452e-01   5.7695449738970339e-04
   1.9140625000000000e-01  -5.6018205303449653e-01  -5.6012387457677615e-01   5.8178457720381438e-05
   1.9921875000000000e-01  -2.4398550244268302e-01  -2.4445578388666783e-01   4.7028144398481020e-04
   2.0703125000000000e-01   2.4911297491060519e-01   2.4863925141998289e-01   4.7372349062230201e-04
   2.1484375000000000e-01   4.7679530305672424e-01   4.7683032105627282e-01   3.5017999548581091e-05
   2.2265625000000000e-01   2.7116838426198692e-01   2.7168523657410137e-01   5.1685231211445748e-04
   2.3046875000000000e-01  -1.5238649093465359e-01  -1.5193271826013383e-01   4.5377267451976455e-04
   2.3828125000000000e-01  -4.2034849446086164e-01  -4.2047109835514684e-01   1.2260389428520035e-04
   2.4609375000000000e-01  -3.2650427901598766e-01  -3.2714022673151227e-01   6.3594771552460960e-04
   2.5390625000000000e-01   2.4223518590754792e-02   2.3696865232107699e-02   5.2665335864709312e-04
   2.6171875000000000e-01   3.4010346202073227e-01   3.4026969372017235e-01   1.6623169944007810e-04
   2.6953125000000000e-01   3.8981352630420030e-01   3.9060595984552243e-01   7.9243354132213506e-04
   2.7734375000000000e-01   1.5993495112625805e-01   1.6062448660264594e-01   6.8953547638789248e-04
   2.8515625000000000e-01  -1.7257263916424403e-01  -1.7271092624326151e-01   1.3828707901747395e-04
   2.9296875000000000e-01  -3.8707399918719232e-01  -3.8802568232372497e-01   9.5168313653265502e-04
   3.0078125000000000e-01  -3.5675964899333151e-01  -3.5769126045923622e-01   9.3161146590470256e-04
   3.0859375000000000e-01  -1.0184046504963984e-01  -1.0182736137369883e-01   1.3103675941011916e-05
   3.1640625000000000e-01   2.3581899123681804e-01   2.3689332619998155e-01   1.0743349631635035e-03
   3.2421875000000000e-01   4.6138791311645622e-01   4.6262070857302540e-01   1.2327954565691801e-03
   3.3203125000000000e-01   4.1892070081065430e-01   4.1914603910349152e-01   2.2533829283721829e-04
   3.3984375000000000e-01   8.8148275781583241e-02   8.7027399959950791e-02   1.1208758216324499e-03
   3.4765625000000000e-01  -3.6388139627730615e-01  -3.6544542742113123e-01   1.5640311438250842e-03
   3.5546875000000000e-01  -6.4276762662309539e-01  -6.4335358462436021e-01   5.8595800126481912e-04
   3.6328125000000000e-01  -5.0809332548893960e-01  -5.0704627060693253e-01   1.0470548820070702e-03
   3.7109375000000000e-01   2.5326207606717971e-02   2.7205368715411311e-02   1.8791611086933398e-03
   3.7890625000000000e-01   6.3255137923701166e-01   6.3361036838167295e-01   1.0589891446612931e-03
   3.8671875000000000e-01   8.6375150885406615e-01   8.6293700292582631e-01   8.1450592823983925e-04
   3.9453125000000000e-01   4.7729036668956754e-01   4.7517374225523973e-01   2.1166244343278073e-03
   4.0234375000000000e-01  -3.2602821265758886e-01  -3.2763642661239123e-01   1.6082139548023733e-03
   4.1015625000000000e-01  -9.8555084804099713e-01  -9.8515023141846025e-01   4.0061662253687569e-04
   4.1796875000000000e-01  -9.7162464300513496e-01  -9.6941677946853699e-01   2.2078635365979649e-03
   4.2578125000000000e-01  -2.1355252201256070e-01  -2.1138519163226846e-01   2.1673303802922372e-03
   4.3359375000000000e-01   7.8261140958607400e-01   7.8279428623379754e-01   1.8287664772353995e-04
   4.4140625000000000e-01   1.2673397689084869e+00   1.2652448036432336e+00   2.0949652652533235e-03
   4.4921875000000000e-01   8.1794961792067511e-01   8.1530087464778367e-01   2.6487432728914406e-03
   4.5703125000000000e-01  -2.9157121108764206e-01  -2.9245525277387091e-01   8.8404168622885360e-04
   4.6484375000000000e-01  -1.2449476495340392e+00  -1.2431959594876671e+00   1.7516900463721008e-03
   4.7265625000000000e-01  -1.2893326840966022e+00  -1.2863696351743035e+00   2.9630489222987055e-03
   4.8046875000000000e-01  -3.4044700871067946e-01  -3.3883182450650845e-01   1.6151842041710052e-03
   4.8828125000000000e-01   9.0615155197913289e-01   9.0495454128253550e-01   1.1970106965973892e-03
   4.9609375000000000e-01   1.4860439604521054e+00   1.4829996145263256e+00   3.0443459257798455e-03
   5.0390625000000000e-01   9.2441623507880866e-01   9.2214300588640608e-01   2.2732291924025816e-03
   5.1171875000000000e-01  -3.6298909820639319e-01  -3.6249472583538450e-01   4.9437237100868892e-04
   5.1953125000000000e-01  -1.3734948413745882e+00  -1.3706284011696859e+00   2.8664402049023430e-03
   5.2734375000000000e-01  -1.3084390891730671e+00  -1.3056750313047156e+00   2.7640578683514327e-03
   5.3515625000000000e-01  -2.2023203919435752e-01  -2.1996858467616182e-01   2.6345451819570487e-04
   5.4296875000000000e-01   1.0208515146160670e+00   1.0183960915154369e+00   2.4554231006301830e-03
   5.5078125000000000e-01   1.4277061259502992e+00   1.4246805951368053e+00   3.0255308134938819e-03
   5.5859375000000000e-01   6.9638898252331305e-01   6.9541468356886260e-01   9.7429895445044767e-04
   5.6640625000000000e-01  -5.5542632833600591e-01  -5.5354902172629439e-01   1.8773066097115265e-03
   5.7421875000000000e-01  -1.3084432329446343e+00  -1.3054007191454418e+00   3.0425137991925144e-03
   5.8203125000000000e-01  -9.8261688538269243e-01  -9.8106157734952593e-01   1.5553080331665026e-03
   5.8984375000000000e-01   1.0457542843076845e-01   1.0335537536007371e-01   1.2200530706947404e-03
   5.9765625000000000e-01   1.0347311520646396e+00   1.0318867862866254e+00   2.8443657780141685e-03
   6.0546875000000000e-01   1.0695706897881687e+00   1.0676119165598268e+00   1.9587732283419257e-03
   6.1328125000000000e-01   2.4619014345042656e-01   2.4676032057349101e-01   5.7017712306445256e-04
   6.2109375000000000e-01  -7.0235469969964637e-01  -6.9986171058796121e-01   2.4929891116851621e-03
   6.2890625000000000e-01  -9.9871187053959709e-01  -9.9653183971130255e-01   2.1800308282945435e-03
   6.3671875000000000e-01  -4.6438920476762457e-01  -4.6437788643271066e-01   1.1318334913912320e-05
   6.4453125000000000e-01   3.8451736823482696e-01   3.8246201363407845e-01   2.0553546007485157e-03
   6.5234375000000000e-01   8.2760262463731460e-01   8.2535712815095974e-01   2.2454964863548588e-03
   6.6015625000000000e-01   5.5487231282472249e-01   5.5437902928578442e-01   4.9328353893807186e-04
   6.6796875000000000e-01  -1.2305517104633035e-01  -1.2146215542013965e-01   1.5930156261906997e-03
   6.7578125000000000e-01  -6.0560608478459499e-01  -6.0340798293747533e-01   2.1981018471196601e-03
   6.8359375000000000e-01  -5.3538320026223518e-01  -5.3450807890942786e-01   8.7512135280731762e-04
   6.9140625000000000e-01  -5.8804968177265882e-02  -5.9946908394635456e-02   1.1419402173695747e-03
   6.9921875000000000e-01   3.7198724784819787e-01   3.6990933579392438e-01   2.0779120542734897e-03
   7.0703125000000000e-01   4.2445338428092166e-01   4.2328188028770586e-01   1.1715039932158056e-03
   7.1484375000000000e-01   1.4096003302152332e-01   1.4167731139925324e-01   7.1727837772991854e-04
   7.2265625000000000e-01  -1.6964768346169240e-01  -1.6773518734570034e-01   1.9124961159920628e-03
   7.3046875000000000e-01  -2.5050393113300212e-01  -2.4910274004111899e-01   1.4011910918831361e-03
   7.3828125000000000e-01  -1.0851731025973987e-01  -1.0883599039658842e-01   3.1868013684854812e-04
   7.4609375000000000e-01   5.2646658265298893e-02   5.0931199537340745e-02   1.7154587279581482e-03
   8.7890625000000000e-01  -5.4861366001987488e-01  -5.4690213825836986e-01   1.7115217615050193e-03
   8.8671875000000000e-01   1.6190450122262570e-01   1.6242982850636328e-01   5.2532728373758109e-04
   8.9453125000000000e-01   8.3790471557748092e-01   8.3680373194770763e-01   1.1009836297732889e-03
   9.0234375000000000e-01   9.6033895283626403e-01   9.5852511429609988e-01   1.8138385401641477e-03
   9.1015625000000000e-01   3.7092790171682277e-01   3.6990215011756855e-01   1.0257515992542210e-03
   9.1796875000000000e-01  -5.6016899290963718e-01  -5.5955507616463207e-01   6.1391674500510529e-04
   9.2578125000000000e-01  -1.1571942763808101e+00  -1.1554395520272660e+00   1.7547243535440682e-03
   9.3359375000000000e-01  -9.2937188046106955e-01  -9.2791490040487556e-01   1.4569800561939905e-03
   9.4140625000000000e-01   2.4604901672677398e-02   2.4560808336355110e-02   4.4093336322287985e-05
   9.4921875000000000e-01   1.0317742377787207e+00   1.0302532065249317e+00   1.5210312537889958e-03
   9.5703125000000000e-01   1.3182285450108642e+00   1.3164714935844668e+00   1.7570514263973713e-03
   9.6484375000000000e-01   6.1131998985707803e-01   6.1077694985064668e-01   5.4304000643135009e-04
   9.7265625000000000e-01  -6.0237265530904849e-01  -6.0124268489117239e-01   1.1299704178761028e-03
   9.8046875000000000e-01  -1.4060707693667387e+00  -1.4041929318743851e+00   1.8778374923535956e-03
   9.8828125000000000e-01  -1.1536626021624019e+00  -1.1525944691377834e+00   1.0681330246185006e-03
   9.9609375000000000e-01  -1.3904632578885523e-03  -2.0223267897015694e-03   6.3186353181301710e-04
   7.5390625000000000e-01   6.9598361241023976e-02   6.8017312229757002e-02   1.5810490112669745e-03
   7.6171875000000000e-01  -2.5000105942453832e-02  -2.5066132013845648e-02   6.6026071391816349e-05
   7.6953125000000000e-01  -6.8477335488792923e-02  -6.6994930401175698e-02   1.4824050876172251e-03
   7.7734375000000000e-01   3.4365390741129820e-02   3.6078691255357100e-02   1.7133005142272797e-03
   7.8515625000000000e-01   1.9407702774913546e-01   1.9452072531975073e-01   4.4369757061527015e-04
   7.9296875000000000e-01   2.1918145113132950e-01   2.1797819825888728e-01   1.2032528724422176e-03
   8.0078125000000000e-01   1.6502871791606033e-02   1.4712454488792510e-02   1.7904173028135233e-03
   8.0859375000000000e-01  -2.8789349933747277e-01  -2.8871014818267332e-01   8.1664884520055159e-04
   8.1640625000000000e-01  -4.3142491438216446e-01  -4.3056164564527660e-01   8.6326873688785666e-04
   8.2421875000000000e-01  -2.3963292689640436e-01  -2.3784123804567414e-01   1.7916888507302220e-03
   8.3203125000000000e-01   1.9959576745943636e-01   2.0076808475845656e-01   1.1723172990202035e-03
   8.3984375000000000e-01   5.6956729755229363e-01   5.6911245937212673e-01   4.5483818016689437e-04
   8.4765625000000000e-01   5.5624062473669789e-01   5.5455003427560867e-01   1.6905904610892142e-03
   8.5546875000000000e-01   1.0537643394992340e-01   1.0389349932481966e-01   1.4829346251037379e-03
   8.6328125000000000e-01  -4.9828454632081082e-01  -4.9829987371835816e-01   1.5327397547337807e-05
   8.7109375000000000e-01  -8.0966884402593298e-01  -8.0820438303822362e-01   1.4644609877093595e-03
