#                  Coord.                Numerical               Analytical                    Error
   3.9062500000000000e-03  -5.0225457006782936e-01  -5.0187752097150706e-01   3.7704909632230166e-04
   1.1718750000000000e-02  -3.8184629700150818e-01  -3.8149669190924629e-01   3.4960509226189540e-04
   1.9531250000000000e-02   1.5079130401470991e-01   1.5078112563590493e-01   1.0178378804986954e-05
   2.7343750000000000e-02   6.4465769155989050e-01   6.4422238221647632e-01   4.3530934341418082e-04
   3.5156250000000000e-02   5.9950927058358228e-01   5.9896791471290067e-01   5.4135587068160351e-04
   4.2968750000000000e-02  -4.2051889469890635e-02  -4.2223295587748941e-02   1.7140611785830540e-04
   5.0781250000000000e-02  -7.6019125198620663e-01  -7.5978510520130826e-01   4.0614678489836464e-04
   5.8593750000000000e-02  -8.7278931538560178e-01  -8.7209531290865994e-01   6.9400247694184625e-04
   6.6406250000000000e-02  -1.7363014903512786e-01  -1.7323311611101355e-01   3.9703292411430446e-04
   7.4218750000000000e-02   7.9829669328887054e-01   7.9801949268445060e-01   2.7720060441993599e-04
   8.2031250000000000e-02   1.1690871941748293e+00   1.1683214566973599e+00   7.6573747746944143e-04
   8.9843750000000000e-02   5.1193538813806361e-01   5.1130928583001423e-01   6.2610230804938105e-04
   9.7656250000000000e-02  -6.9865734673428082e-01  -6.9859978705557069e-01   5.7559678710128459e-05
   1.0546875000000000e-01  -1.4240315939974955e+00  -1.4233058402361281e+00   7.2575376136740921e-04
   1.1328125000000000e-01  -9.5535490473844675e-01  -9.5454546946920971e-01   8.0943526923704656e-04
   1.2109375000000000e-01   4.0987644059517436e-01   4.1009731530088406e-01   2.2087470570969492e-04
   1.2890625000000000e-01   1.5463362493546819e+00   1.5457718620030472e+00   5.6438735163477638e-04
   1.3671875000000000e-01   1.4377610417513551e+00   1.4368546193919600e+00   9.0642235939508708e-04
   1.4453125000000000e-01   8.2485768944827259e-02   8.1971517213783637e-02   5.1425173104362176e-04
   1.5234375000000000e-01  -1.4398335264198159e+00  -1.4395402237695063e+00   2.9330265030957925e-04
   1.6015625000000000e-01  -1.8429179150442792e+00  -1.8420455932174542e+00   8.7232182682495107e-04
   1.6796875000000000e-01  -7.2778831392919685e-01  -7.2702980625301517e-01   7.5850767618168558e-04
   1.7578125000000000e-01   1.0422677817437718e+00   1.0423145643581579e+00   4.6782614386176036e-05
   1.8359375000000000e-01   2.0275570880274270e+00   2.0268527250650843e+00   7.0436296234266393e-04
   1.9140625000000000e-01   1.3983976255575790e+00   1.3974934759821587e+00   9.0414957542028773e-04
   1.9921875000000000e-01  -3.6916070811695700e-01  -3.6956120299515227e-01   4.0049487819526775e-04
   2.0703125000000000e-01  -1.8707664774635453e+00  -1.8703492447683949e+00   4.1723269515037131e-04
   2.1484375000000000e-01  -1.9104680677848394e+00  -1.9095563810163085e+00   9.1168676853081720e-04
   2.2265625000000000e-01  -4.5968546405099597e-01  -4.5898444376116510e-01   7.0102028983087816e-04
   2.3046875000000000e-01   1.3357219730836238e+00   1.3356665668556276e+00   5.5406227996268598e-05
   2.3828125000000000e-01   2.0826856382112329e+00   2.0819159577191959e+00   7.6968049203696154e-04
   2.4609375000000000e-01   1.2351353008341930e+00   1.2342458523808910e+00   8.8944845330196642e-04
   2.5390625000000000e-01  -5.1394157705557464e-01  -5.1426120023823807e-01   3.1962318266343104e-04
   2.6171875000000000e-01  -1.8163473372797518e+00  -1.8158482941767349e+00   4.9904310301696064e-04
   2.6953125000000000e-01  -1.7244497887670314e+00  -1.7235228607153774e+00   9.2692805165395242e-04
   2.7734375000000000e-01  -3.8063831248202584e-01  -3.7999810041909193e-01   6.4021206293390920e-04
   2.8515625000000000e-01   1.1588407689671172e+00   1.1587058597681585e+00   1.3490919895864373e-04
   2.9296875000000000e-01   1.7684446577328539e+00   1.7676492210821029e+00   7.9543665075099135e-04
   3.0078125000000000e-01   1.0815803740537899e+00   1.0807381684795017e+00   8.4220557428826837e-04
   3.0859375000000000e-01  -3.0862492188860846e-01  -3.0887543590402605e-01   2.5051401541759111e-04
   3.1640625000000000e-01  -1.3634421037419606e+00  -1.3629238672990192e+00   5.1823644294146654e-04
   3.2421875000000000e-01  -1.3812568860308063e+00  -1.3803703802957108e+00   8.8650573509552189e-04
   3.3203125000000000e-01  -4.5620609402608869e-01  -4.5561899551172669e-01   5.8709851436200555e-04
   3.3984375000000000e-01   6.7708294211552111e-01   6.7693895066082799e-01   1.4399145469312646e-04
   3.4765625000000000e-01   1.2280250451262567e+00   1.2272629099229302e+00   7.6213520332646389e-04
   3.5546875000000000e-01   8.9902821299899693e-01   8.9821761062647454e-01   8.1060237252239542e-04
   3.6328125000000000e-01   2.2372743891218044e-02   2.2116491545132830e-02   2.5625234608521452e-04
   3.7109375000000000e-01  -7.5094832604561523e-01  -7.5045339648426457e-01   4.9492956135066546e-04
   3.7890625000000000e-01  -9.3180144288281974e-01  -9.3091834068658341e-01   8.8310219623632946e-04
   3.8671875000000000e-01  -4.9171139326354074e-01  -4.9110317786348123e-01   6.0821540005950858e-04
   3.9453125000000000e-01   1.9130901839911604e-01   1.9116957739262244e-01   1.3944100649360136e-04
   4.0234375000000000e-01   6.4503452286296192e-01   6.4423337103320266e-01   8.0115182975926125e-04
   4.1015625000000000e-01   6.2301804179630427e-01   6.2216091487218461e-01   8.5712692411965552e-04
   4.1796875000000000e-01   2.2189696442247314e-01   2.2165924012167637e-01   2.3772430079677109e-04
   4.2578125000000000e-01  -2.4245433608444805e-01  -2.4186319365705652e-01   5.9114242739152778e-04
   4.3359375000000000e-01  -4.7434461265912020e-01  -4.7337579882945557e-01   9.6881382966462759e-04
   4.4140625000000000e-01  -3.7808157014044369e-01  -3.7751143984046359e-01   5.7013029998009834e-04
   4.4921875000000000e-01  -7.6752145622768497e-02  -7.7056295856069754e-02   3.0415023330125635e-04
   4.5703125000000000e-01   2.0820993820227188e-01   2.0726534532220739e-01   9.4459288006448761e-04
   4.6484375000000000e-01   3.1207102614119248e-01   3.1125858409826307e-01   8.1244204292940658e-04
   4.7265625000000000e-01   2.1336269502407990e-01   2.1335854078908098e-01   4.1542349989154292e-06
   4.8046875000000000e-01   1.4528049932026971e-02   1.5337896189652853e-02   8.0984625762588192e-04
   4.8828125000000000e-01  -1.4713664489977613e-01  -1.4619219886786064e-01   9.4444603191548571e-04
   4.9609375000000000e-01  -1.8818149053635147e-01  -1.8789512100901296e-01   2.8636952733851473e-04
   5.0390625000000000e-01  -1.1449418492069210e-01  -1.1509793397771942e-01   6.0374905702731407e-04
   5.1171875000000000e-01   4.2413886096466513e-03   3.2708289010042165e-03   9.7055970864243484e-04
   5.1953125000000000e-01   9.0615136886482234e-02   9.0103997881786219e-02   5.1113900469601514e-04
   5.2734375000000000e-01   1.0544323845163381e-01   1.0581287913231155e-01   3.6964068067774081e-04
   5.3515625000000000e-01   5.9660529872440408e-02   6.0575654557972203e-02   9.1512468553179432e-04
   5.4296875000000000e-01  -5.4436572837265329e-03  -4.7747656774659187e-03   6.6889160626061421e-04
   5.5078125000000000e-01  -4.9571195291954750e-02  -4.9711634389185466e-02   1.4043909723071568e-04
   5.5859375000000000e-01  -5.5273782473554106e-02  -5.6082101923090599e-02   8.0831944953649315e-04
   5.6640625000000000e-01  -3.0772646921689933e-02  -3.1538737312678027e-02   7.6609039098809312e-04
   5.7421875000000000e-01   2.1720427629678754e-03   2.1065775359797741e-03   6.5465226988101286e-05
   5.8203125000000000e-01   2.4049360099969608e-02   2.4726488572217938e-02   6.7712847224832978e-04
   5.8984375000000000e-01   2.7205750690739133e-02   2.8024282383558998e-02   8.1853169281986479e-04
   5.9765625000000000e-01   1.6010576359113682e-02   1.6254273371798092e-02   2.4369701268441013e-04
   6.0546875000000000e-01   6.1505191551969318e-04   7.5871015310012785e-05   5.3918090020968045e-04
   6.1328125000000000e-01  -1.0161590109107332e-02  -1.1003861679709872e-02   8.4227157060253952e-04
   6.2109375000000000e-01  -1.2739514330961210e-02  -1.3138536175610191e-02   3.9902184464898037e-04
   6.2890625000000000e-01  -8.6245835580191776e-03  -8.2246411306120277e-03   3.9994242740714996e-04
   6.3671875000000000e-01  -1.8455377595393285e-03  -9.9990385019224637e-04   8.4563390934708216e-04
   6.4453125000000000e-01   3.7588781015543415e-03   4.2950267402477281e-03   5.3614863869338655e-04
   6.5234375000000000e-01   6.0638160785183026e-03   5.8043361878336039e-03   2.5947989068469870e-04
   6.6015625000000000e-01   4.9096684961346115e-03   4.0793836660091096e-03   8.3028483012550190e-04
   6.6796875000000000e-01   1.6294990152606603e-03   9.7345982575070683e-04   6.5603918950995349e-04
   6.7578125000000000e-01  -1.7184647895031255e-03  -1.6023984816135415e-03   1.1606630788958401e-04
   6.8359375000000000e-01  -3.3019837678473218e-03  -2.5106411329318509e-03   7.9134263491547089e-04
   6.9140625000000000e-01  -2.4796235321660753e-03  -1.7267975926250159e-03   7.5282593954105947e-04
   6.9921875000000000e-01  -2.3718930793720228e-04  -2.0773635496593493e-04   2.9452952971267344e-05
   7.0703125000000000e-01   1.4806386070266297e-03   7.5869911613633367e-04   7.2193949089029608e-04
   7.1484375000000000e-01   1.3485032320858931e-03   5.3267564321090666e-04   8.1582758887498641e-04
   7.2265625000000000e-01  -1.0792421394689722e-04  -2.7747482490483345e-04   1.6955061095793623e-04
   7.3046875000000000e-01  -9.8755133787042926e-04  -3.6614657087992371e-04   6.2140476699050549e-04
   7.3828125000000000e-01  -7.4882126204794952e-05   7.6133400316421239e-04   8.3621612936900735e-04
   7.4609375000000000e-01   1.5414048679424641e-03   1.8345491935306080e-03   2.9314432558814386e-04
   8.7890625000000000e-01   4.4043149045321250e-02   4.4249584435768416e-02   2.0643539044716552e-04
   8.8671875000000000e-01   6.5910467081635449e-02   6.6219212659281934e-02   3.0874557764648536e-04
   8.9453125000000000e-01   1.7751926248359640e-02   1.7911863321588645e-02   1.5993707322900508e-04
   9.0234375000000000e-01  -6.9117096809741971e-02  -6.9186840373911110e-02   6.9743564169139072e-05
   9.1015625000000000e-01  -1.0672334739320444e-01  -1.0691636318811451e-01   1.9301579491007304e-04
   9.1796875000000000e-01  -3.4465351794494503e-02  -3.4625708366054407e-02   1.6035657155990396e-04
   9.2578125000000000e-01   1.0150561427248245e-01   1.0145822561860111e-01   4.7388653881333398e-05
   9.3359375000000000e-01   1.6740705592003641e-01   1.6745962606908807e-01   5.2570149051661685e-05
   9.4140625000000000e-01   6.7143983798227058e-02   6.7253827670885086e-02   1.0984387265802753e-04
   9.4921875000000000e-01  -1.3815520230196682e-01  -1.3802436727057410e-01   1.3083503139271757e-04
   9.5703125000000000e-01  -2.5311333055789598e-01  -2.5300963267576815e-01   1.0369788212782893e-04
   9.6484375000000000e-01  -1.2667917355696295e-01  -1.2668175885408550e-01   2.5852971225481802e-06
   9.7265625000000000e-01   1.7071406151737922e-01   1.7055267794447967e-01   1.6138357289954830e-04
   9.8046875000000000e-01   3.6622001326014636e-01   3.6596479485992234e-01   2.5521840022402209e-04
   9.8828125000000000e-01   2.2691855813894923e-01   2.2676372891778743e-01   1.5482922116180631e-04
   9.9609375000000000e-01  -1.8318856741096318e-01  -1.8306371477182506e-01   1.2485263913811218e-04
   7.5390625000000000e-01   1.4094768270824787e-03   9.1468458373181508e-04   4.9479224335066360e-04
   7.6171875000000000e-01  -1.2343269917503980e-03  -2.0431431156037903e-03   8.0881612385339235e-04
   7.6953125000000000e-01  -3.6707128442916293e-03  -4.0590489163726358e-03   3.8833607208100650e-04
   7.7734375000000000e-01  -2.0938398077031128e-03  -1.7405573774204243e-03   3.5328243028268850e-04
   7.8515625000000000e-01   3.4100607950149908e-03   4.1473177167215070e-03   7.3725692170651617e-04
   7.9296875000000000e-01   7.0944046614988820e-03   7.5425171639852129e-03   4.4811250248633083e-04
   8.0078125000000000e-01   2.8583732782810345e-03   2.6486674873207896e-03   2.0970579096024492e-04
   8.0859375000000000e-01  -7.5018794235203190e-03  -8.1318137192124638e-03   6.2993429569214478e-04
   8.1640625000000000e-01  -1.2994978213616615e-02  -1.3464120521513162e-02   4.6914230789654732e-04
   8.2421875000000000e-01  -3.9217348841862898e-03  -3.8453648409616679e-03   7.6370043224621882e-05
   8.3203125000000000e-01   1.4671755812711490e-02   1.5168861662359973e-02   4.9710584964848294e-04
   8.3984375000000000e-01   2.3022451897239615e-02   2.3472844058670415e-02   4.5039216143080013e-04
   8.4765625000000000e-01   5.8179521242641696e-03   5.8524957302491867e-03   3.4543605985017101e-05
   8.5546875000000000e-01  -2.6323119481145685e-02  -2.6675787692824013e-02   3.5266821167832807e-04
   8.6328125000000000e-01  -3.9530860026145836e-02  -3.9927453353179168e-02   3.9659332703333161e-04
   8.7109375000000000e-01  -9.6579487067822711e-03  -9.7739245860359834e-03   1.1597587925371231e-04
