#                  Coord.                Numerical               Analytical                    Error
   3.9062500000000000e-03   1.4404060873662752e-01   1.4408586200492798e-01   4.5253268300460281e-05
   1.1718750000000000e-02   1.0773818164262738e-01   1.0777683653268155e-01   3.8654890054168334e-05
   1.9531250000000000e-02  -1.5990542969986432e-01  -1.5988175133422394e-01   2.3678365640378285e-05
   2.7343750000000000e-02  -4.0903064329672079e-01  -4.0900199903017603e-01   2.8644266544752828e-05
   3.5156250000000000e-02  -3.2462116440842609e-01  -3.2459146332419275e-01   2.9701084233335617e-05
   4.2968750000000000e-02   1.2470982813762921e-01   1.2469113641247384e-01   1.8691725155367545e-05
   5.0781250000000000e-02   5.8631608485798092e-01   5.8621769982992589e-01   9.8385028055036905e-05
   5.8593750000000000e-02   6.1240415705421902e-01   6.1228198984986515e-01   1.2216720435387352e-04
   6.6406250000000000e-02   9.3359846386047329e-02   9.3338446217423210e-02   2.1400168624119420e-05
   7.4218750000000000e-02  -5.8199017197601632e-01  -5.8184348155902799e-01   1.4669041698833762e-04
   8.2031250000000000e-02  -8.2880636968211430e-01  -8.2858332370244037e-01   2.2304597967393036e-04
   8.9843750000000000e-02  -3.8795157917388484e-01  -3.8785634382009382e-01   9.5235353791023325e-05
   9.7656250000000000e-02   4.0743583348520440e-01   4.0727673856292507e-01   1.5909492227933475e-04
   1.0546875000000000e-01   8.8926663323902055e-01   8.8895431198663588e-01   3.1232125238467301e-04
   1.1328125000000000e-01   6.3243934395695045e-01   6.3224668559649222e-01   1.9265836045823104e-04
   1.2109375000000000e-01  -1.5748261788071338e-01  -1.5735440149740956e-01   1.2821638330381968e-04
   1.2890625000000000e-01  -8.0660353664942508e-01  -8.0623231023607567e-01   3.7122641334941253e-04
   1.3671875000000000e-01  -7.5726426919783374e-01  -7.5696241051329727e-01   3.0185868453647124e-04
   1.4453125000000000e-01  -6.0748268779728720e-02  -6.0798635618217814e-02   5.0366838489093735e-05
   1.5234375000000000e-01   6.6492255266226119e-01   6.6453959613388525e-01   3.8295652837594396e-04
   1.6015625000000000e-01   7.8167014122889866e-01   7.8127231482733450e-01   3.9782640156416083e-04
   1.6796875000000000e-01   1.9826772710269913e-01   1.9820376583408567e-01   6.3961268613466071e-05
   1.7578125000000000e-01  -5.4983240653177612e-01  -5.4949439625001184e-01   3.3801028176427828e-04
   1.8359375000000000e-01  -7.8204994068168088e-01  -7.8158479900904976e-01   4.6514167263111972e-04
   1.9140625000000000e-01  -2.8630650779736433e-01  -2.8610485708777261e-01   2.0165070959171638e-04
   1.9921875000000000e-01   4.8618797612015652e-01   4.8595226006345210e-01   2.3571605670441587e-04
   2.0703125000000000e-01   8.2385051474345561e-01   8.2336282012603978e-01   4.8769461741582365e-04
   2.1484375000000000e-01   3.9856351480126895e-01   3.9821994097814983e-01   3.4357382311911433e-04
   2.2265625000000000e-01  -4.2661026429446658e-01  -4.2652720707855502e-01   8.3057215911563897e-05
   2.3046875000000000e-01  -9.0849079096448404e-01  -9.0803799733373747e-01   4.5279363074657297e-04
   2.3828125000000000e-01  -5.8568307911152484e-01  -5.8521764623016437e-01   4.6543288136047245e-04
   2.4609375000000000e-01   2.9473263852664661e-01   2.9483529622214738e-01   1.0265769550077408e-04
   2.5390625000000000e-01   9.7239610874161730e-01   9.7204066368941466e-01   3.5544505220264089e-04
   2.6171875000000000e-01   8.3200017811366200e-01   8.3145491922730386e-01   5.4525888635814646e-04
   2.6953125000000000e-01  -4.6717066382274242e-02  -4.7014614933440363e-02   2.9754855116612133e-04
   2.7734375000000000e-01  -9.3393882863836941e-01  -9.3373863487920183e-01   2.0019375916757731e-04
   2.8515625000000000e-01  -1.0638424020732384e+00  -1.0632880911322551e+00   5.5431094098334910e-04
   2.9296875000000000e-01  -2.9561783779425999e-01  -2.9515105774323186e-01   4.6678005102812614e-04
   3.0078125000000000e-01   7.4882540195003733e-01   7.4882146865682808e-01   3.9332932092461803e-06
   3.0859375000000000e-01   1.1971375511126365e+00   1.1966518022719954e+00   4.8574884064112034e-04
   3.1640625000000000e-01   6.6018692929910727e-01   6.5960506059066482e-01   5.8186870844245675e-04
   3.2421875000000000e-01  -4.3290072318588291e-01  -4.3310898526738423e-01   2.0826208150132031e-04
   3.3203125000000000e-01  -1.1838592675794535e+00  -1.1835199768724125e+00   3.3929070704097342e-04
   3.3984375000000000e-01  -9.6893043366002785e-01  -9.6831323896449761e-01   6.1719469553023210e-04
   3.4765625000000000e-01   4.2436940922066069e-02   4.2841250697453474e-02   4.0430977538740559e-04
   3.5546875000000000e-01   1.0243588570561868e+00   1.0242294749043366e+00   1.2938215185021029e-04
   3.6328125000000000e-01   1.1723679211742422e+00   1.1718090964227728e+00   5.5882475146940003e-04
   3.7109375000000000e-01   3.6286329130855755e-01   3.6231104694607824e-01   5.5224436247930386e-04
   3.7890625000000000e-01  -7.4602174678953292e-01  -7.4614026415982992e-01   1.1851737029699994e-04
   3.8671875000000000e-01  -1.2514064952597015e+00  -1.2509987094357222e+00   4.0778582397926755e-04
   3.9453125000000000e-01  -7.4000528319615566e-01  -7.3938171737469971e-01   6.2356582145595141e-04
   4.0234375000000000e-01   3.7689090843465684e-01   3.7726136959793244e-01   3.7046116327560386e-04
   4.1015625000000000e-01   1.1966242120364838e+00   1.1964562579428901e+00   1.6795409359371405e-04
   4.1796875000000000e-01   1.0542658447778985e+00   1.0536726294638081e+00   5.9321531409040062e-04
   4.2578125000000000e-01   5.8708910697657768e-02   5.8122789355260093e-02   5.8612134239767466e-04
   4.3359375000000000e-01  -9.9437817713198107e-01  -9.9450850256401691e-01   1.3032543203583824e-04
   4.4140625000000000e-01  -1.2605000607817189e+00  -1.2600469185011676e+00   4.5314228055137740e-04
   4.4921875000000000e-01  -5.2217880555397111e-01  -5.2145113705420387e-01   7.2766849976724224e-04
   4.5703125000000000e-01   6.3779749377043271e-01   6.3824979325096920e-01   4.5229948053648883e-04
   4.6484375000000000e-01   1.3013520164225267e+00   1.3011475961963164e+00   2.0442022621036671e-04
   4.7265625000000000e-01   9.4403524790000692e-01   9.4327722102771061e-01   7.5802687229631349e-04
   4.8046875000000000e-01  -1.5310891667195436e-01  -1.5385904197320663e-01   7.5012530125226351e-04
   4.8828125000000000e-01  -1.1311087634262045e+00  -1.1312404554506725e+00   1.3169202446805528e-04
   4.9609375000000000e-01  -1.2314782655877536e+00  -1.2308241646619116e+00   6.5410092584206048e-04
   5.0390625000000000e-01  -3.8477052836029485e-01  -3.8379781991845646e-01   9.7270844183838800e-04
   5.1171875000000000e-01   7.4828754998323532e-01   7.4880166910418411e-01   5.1411912094878609e-04
   5.1953125000000000e-01   1.3003510536519078e+00   1.2999393094656595e+00   4.1174418624834175e-04
   5.2734375000000000e-01   8.6427539880985838e-01   8.6320247137662909e-01   1.0729274332292871e-03
   5.3515625000000000e-01  -2.1206283978923424e-01  -2.1295397051853213e-01   8.9113072929788983e-04
   5.4296875000000000e-01  -1.1112096628792125e+00  -1.1111589155746786e+00   5.0747304533915738e-05
   5.5078125000000000e-01  -1.1711030148129156e+00  -1.1700842755388183e+00   1.0187392740972356e-03
   5.5859375000000000e-01  -3.6828123121109024e-01  -3.6708356929300023e-01   1.1976619180900094e-03
   5.6640625000000000e-01   6.8867806359256722e-01   6.8905860188409440e-01   3.8053829152717711e-04
   5.7421875000000000e-01   1.2245831971912986e+00   1.2237771021884516e+00   8.0609500284700708e-04
   5.8203125000000000e-01   8.6265368568454681e-01   8.6127477596961155e-01   1.3789097149352614e-03
   5.8984375000000000e-01  -1.1832822273026966e-01  -1.1914518059049733e-01   8.1695786022767392e-04
   5.9765625000000000e-01  -1.0017436873122465e+00  -1.0012837749544896e+00   4.5991235775688644e-04
   6.0546875000000000e-01  -1.1535980890494866e+00  -1.1521995603818564e+00   1.3985286676301278e-03
   6.1328125000000000e-01  -4.7205390836725508e-01  -4.7086745254466805e-01   1.1864558225870292e-03
   6.2109375000000000e-01   5.4646193617353367e-01   5.4642755321187875e-01   3.4382961654921829e-05
   6.2890625000000000e-01   1.1659851406151478e+00   1.1647331856954370e+00   1.2519549197107516e-03
   6.3671875000000000e-01   9.3997447883568230e-01   9.3854509651835760e-01   1.4293823173247011e-03
   6.4453125000000000e-01   3.4317242599321063e-02   3.3917207076133223e-02   4.0003552318784025e-04
   6.5234375000000000e-01  -8.9108581329109149e-01  -8.9011971692432967e-01   9.6609636676181498e-04
   6.6015625000000000e-01  -1.1630110781169425e+00  -1.1615050607161086e+00   1.5060174008338922e-03
   6.6796875000000000e-01  -5.8949776189430381e-01  -5.8873014688832226e-01   7.6761500598154786e-04
   6.7578125000000000e-01   3.9999238739300697e-01   3.9939359271730579e-01   5.9879467570117528e-04
   6.8359375000000000e-01   1.0777997714159486e+00   1.0763823636533232e+00   1.4174077626254444e-03
   6.9140625000000000e-01   9.6165224882387434e-01   9.6063985287850706e-01   1.0123959453672837e-03
   6.9921875000000000e-01   1.6464391794889249e-01   1.6486468844949062e-01   2.2077050059812753e-04
   7.0703125000000000e-01  -7.1062213215992420e-01  -7.0942478675798892e-01   1.1973454019352792e-03
   7.1484375000000000e-01  -1.0383706298827187e+00  -1.0372625575777439e+00   1.1080723049747832e-03
   7.2265625000000000e-01  -6.2614373986607252e-01  -6.2604186448201615e-01   1.0187538405637131e-04
   7.3046875000000000e-01   1.8131452906828516e-01   1.8041093790952686e-01   9.0359115875829343e-04
   7.3828125000000000e-01   7.9825430327582481e-01   7.9719028543318837e-01   1.0640178426364333e-03
   7.4609375000000000e-01   8.3330721750228709e-01   8.3298137787250581e-01   3.2583962978127712e-04
   8.7890625000000000e-01  -1.9788350054871501e-01  -1.9806553173115893e-01   1.8203118244392025e-04
   8.8671875000000000e-01  -7.7329355532376431e-01  -7.7349979682264725e-01   2.0624149888293086e-04
   8.9453125000000000e-01  -7.7061199894076227e-01  -7.7065351566342422e-01   4.1516722661949501e-05
   9.0234375000000000e-01  -1.9769582806294483e-01  -1.9755179914435642e-01   1.4402891858841804e-04
   9.1015625000000000e-01   4.8996811421117503e-01   4.9014987430275048e-01   1.8176009157544470e-04
   9.1796875000000000e-01   7.6190064011113157e-01   7.6195311180849168e-01   5.2471697360112479e-05
   9.2578125000000000e-01   4.4526556611788470e-01   4.4515096301692059e-01   1.1460310096411686e-04
   9.3359375000000000e-01  -1.5444343411490824e-01  -1.5461099139342707e-01   1.6755727851883173e-04
   9.4140625000000000e-01  -5.4069817691066679e-01  -5.4076779482011239e-01   6.9617909445596204e-05
   9.4921875000000000e-01  -4.5425322773234550e-01  -4.5417285268876051e-01   8.0375043584990369e-05
   9.5703125000000000e-01  -5.9627684111342172e-02  -5.9481140948511452e-02   1.4654316283072011e-04
   9.6484375000000000e-01   2.5665768010701340e-01   2.5674006492855406e-01   8.2384821540659736e-05
   9.7265625000000000e-01   2.6025193414932896e-01   2.6021240287330083e-01   3.9531276028126339e-05
   9.8046875000000000e-01   5.4692810909878486e-02   5.4585697610262357e-02   1.0711329961612948e-04
   9.8828125000000000e-01  -7.9029177373534293e-02  -7.9106397060887540e-02   7.7219687353247135e-05
   9.9609375000000000e-01  -1.3120851021296565e-03  -1.3129664075946005e-03   8.8130546494402315e-07
   7.5390625000000000e-01   3.3001047863368638e-01   3.3060937704946652e-01   5.9889841578014691e-04
   7.6171875000000000e-01  -3.2800089535424637e-01  -3.2708286540289333e-01   9.1802995135303878e-04
   7.6953125000000000e-01  -7.1902170655935049e-01  -7.1858303805996915e-01   4.3866849938134500e-04
   7.7734375000000000e-01  -6.4571680124373021e-01  -6.4605231832445031e-01   3.3551708072010467e-04
   7.8515625000000000e-01  -2.0268099594659339e-01  -2.0340096872606211e-01   7.1997277946872495e-04
   7.9296875000000000e-01   3.3104316503878495e-01   3.3059076374548019e-01   4.5240129330476053e-04
   8.0078125000000000e-01   6.5877023010522773e-01   6.5891507186449516e-01   1.4484175926743337e-04
   8.0859375000000000e-01   6.0246845688114958e-01   6.0299047115002857e-01   5.2201426887898972e-04
   8.1640625000000000e-01   1.8173706505779030e-01   1.8213871540603929e-01   4.0165034824898860e-04
   8.2421875000000000e-01  -3.7711523368600752e-01  -3.7714661594835341e-01   3.1382262345891476e-05
   8.3203125000000000e-01  -7.3314781088709624e-01  -7.3350723264102324e-01   3.5942175392700282e-04
   8.3984375000000000e-01  -6.2583030672924655e-01  -6.2615507232313539e-01   3.2476559388883164e-04
   8.4765625000000000e-01  -7.6968434614343939e-02  -7.6987928264740532e-02   1.9493650396593121e-05
   8.5546875000000000e-01   5.6669052972135248e-01   5.6693917282859674e-01   2.4864310724426186e-04
   8.6328125000000000e-01   8.4197339979536145e-01   8.4222879820275731e-01   2.5539840739585706e-04
   8.7109375000000000e-01   5.1646741055824763e-01   5.1650331601489929e-01   3.5905456651663670e-05
