#                  Coord.                Numerical               Analytical                    Error
   3.9062500000000000e-03   1.2858838987998051e+00   1.2840736182228847e+00   1.8102805769204533e-03
   1.1718750000000000e-02   1.2830243076130290e+00   1.2823859922426479e+00   6.3831537038105957e-04
   1.9531250000000000e-02   1.2626774645959828e+00   1.2619676108701205e+00   7.0985372586229722e-04
   2.7343750000000000e-02   1.2242733419000817e+00   1.2225195620012899e+00   1.7537798987918851e-03
   3.5156250000000000e-02   1.1654687202748999e+00   1.1645578580894946e+00   9.1086218540525898e-04
   4.2968750000000000e-02   1.0897519551403525e+00   1.0894073058701530e+00   3.4464927019950409e-04
   5.0781250000000000e-02   1.0004917697691635e+00   9.9915547799887072e-01   1.3362917702928190e-03
   5.8593750000000000e-02   8.9761443880939540e-01   8.9656977086887135e-01   1.0446679405240467e-03
   6.6406250000000000e-02   7.8513390987290022e-01   7.8498272880351005e-01   1.5118106939016052e-04
   7.4218750000000000e-02   6.6890124980452981e-01   6.6815244990587985e-01   7.4879989864995444e-04
   8.2031250000000000e-02   5.5102455151584617e-01   5.5010587320333593e-01   9.1867831251024601e-04
   8.9843750000000000e-02   4.3508542041422327e-01   4.3497307493543247e-01   1.1234547879079848e-04
   9.7656250000000000e-02   3.2707210708344747e-01   3.2682044416937139e-01   2.5166291407607844e-04
   1.0546875000000000e-01   2.3006498279776655e-01   2.2948989150450103e-01   5.7509129326552277e-04
   1.1328125000000000e-01   1.4656250787701608e-01   1.4645022858254358e-01   1.1227929447249485e-04
   1.2109375000000000e-01   8.0689245688666783e-02   8.0665704842443453e-02   2.3540846223329970e-05
   1.2890625000000000e-01   3.4692737247548726e-02   3.4485546660435330e-02   2.0719058711339555e-04
   1.3671875000000000e-01   9.5934488685899180e-03   9.5573199266897127e-03   3.6128941900205255e-05
   1.4453125000000000e-01   6.8271833373183344e-03   6.7660884653773920e-03   6.1094871940942444e-05
   1.5234375000000000e-01   2.6254097692032477e-02   2.6200674290474867e-02   5.3423401557610439e-05
   1.6015625000000000e-01   6.7028998352066035e-02   6.7147802387328662e-02   1.1880403526262628e-04
   1.6796875000000000e-01   1.2831003812048453e-01   1.2811445974727717e-01   1.9557837320735572e-04
   1.7578125000000000e-01   2.0710912695792752e-01   2.0687832609369650e-01   2.3080086423102331e-04
   1.8359375000000000e-01   3.0034853551313839e-01   3.0056555445280808e-01   2.1701893966968866e-04
   1.9140625000000000e-01   4.0598402668673889e-01   4.0575442618726143e-01   2.2960049947745587e-04
   1.9921875000000000e-01   5.1923530973743937e-01   5.1860244620259477e-01   6.3286353484459656e-04
   2.0703125000000000e-01   6.3490216648706865e-01   6.3499329535402027e-01   9.1128866951617482e-05
   2.1484375000000000e-01   7.5078976412385545e-01   7.5069878490126263e-01   9.0979222592824094e-05
   2.2265625000000000e-01   8.6253107630260450e-01   8.6154967555198170e-01   9.8140075062280729e-04
   2.3046875000000000e-01   9.6390783297289784e-01   9.6360807977567431e-01   2.9975319722352900e-04
   2.3828125000000000e-01   1.0532171169882867e+00   1.0533333261712241e+00   1.1620918293742122e-04
   2.4609375000000000e-01   1.1287453203319664e+00   1.1277327875453607e+00   1.0125327866057354e-03
   2.5390625000000000e-01   1.1852804207839587e+00   1.1844893869244746e+00   7.9103385948409155e-04
   2.6171875000000000e-01   1.2218572658290439e+00   1.2220583697974554e+00   2.0110396841155342e-04
   2.6953125000000000e-01   1.2404036693829767e+00   1.2397274656648845e+00   6.7620371809229418e-04
   2.7734375000000000e-01   1.2387491581195609e+00   1.2376366758916084e+00   1.1124822279524604e-03
   2.8515625000000000e-01   1.2166838507859747e+00   1.2167564587365083e+00   7.2607950533543075e-05
   2.9296875000000000e-01   1.1789848046704199e+00   1.1788258142135797e+00   1.5899045684020230e-04
   3.0078125000000000e-01   1.1273226453837366e+00   1.1262544417794524e+00   1.0682036042841681e-03
   3.0859375000000000e-01   1.0622049459061349e+00   1.0619954876707820e+00   2.0945823535289954e-04
   3.1640625000000000e-01   9.8914167027107691e-01   9.8939718052314551e-01   2.5551025206860256e-04
   3.2421875000000000e-01   9.1272051012531819e-01   9.1204269883105105e-01   6.7781129426713882e-04
   3.3203125000000000e-01   8.3406421341826420e-01   8.3358783224662358e-01   4.7638117164061633e-04
   3.3984375000000000e-01   7.5723540123245581e-01   7.5760539851615705e-01   3.6999728370123997e-04
   3.4765625000000000e-01   6.8758280250985448e-01   6.8744406369913946e-01   1.3873881071502225e-04
   3.5546875000000000e-01   6.2667283998947687e-01   6.2610737206505396e-01   5.6546792442291327e-04
   3.6328125000000000e-01   5.7599502367844024e-01   5.7615666692694745e-01   1.6164324850720391e-04
   3.7109375000000000e-01   5.3935292947765723e-01   5.3963944035935163e-01   2.8651088169440175e-04
   3.7890625000000000e-01   5.1844894009003883e-01   5.1804273986403715e-01   4.0620022600168504e-04
   3.8671875000000000e-01   5.1249181383702902e-01   5.1226978644696453e-01   2.2202739006449423e-04
   3.9453125000000000e-01   5.2224513234270054e-01   5.2263704840353031e-01   3.9191606082977781e-04
   4.0234375000000000e-01   5.4895233258119724e-01   5.4888870329243478e-01   6.3629288762467873e-05
   4.1015625000000000e-01   5.9077466435590120e-01   5.9022564754013307e-01   5.4901681576813299e-04
   4.1796875000000000e-01   6.4522569005464669e-01   6.4534683596871001e-01   1.2114591406331421e-04
   4.2578125000000000e-01   7.1222520222875463e-01   7.1250155036522256e-01   2.7634813646792988e-04
   4.3359375000000000e-01   7.9017595902333881e-01   7.8955197938927490e-01   6.2397963406390922e-04
   4.4140625000000000e-01   8.7444309083849636e-01   8.7404602659076147e-01   3.9706424773489069e-04
   4.4921875000000000e-01   9.6290113553646195e-01   9.6330038332634005e-01   3.9924778987809884e-04
   4.5703125000000000e-01   1.0548970367073121e+00   1.0544935228573531e+00   4.0351384995895856e-04
   4.6484375000000000e-01   1.1456752633119249e+00   1.1447674022715357e+00   9.0786104038920179e-04
   4.7265625000000000e-01   1.2311535956789368e+00   1.2313354119394160e+00   1.8181626047919508e-04
   4.8046875000000000e-01   1.3116172508733317e+00   1.3115926857423010e+00   2.4565131030662712e-05
   4.8828125000000000e-01   1.3843793779390656e+00   1.3832235338437453e+00   1.1558440953203242e-03
   4.9609375000000000e-01   1.4446191926978840e+00   1.4442997538699762e+00   3.1943882790774758e-04
   5.0390625000000000e-01   1.4930944398436763e+00   1.4933631566340135e+00   2.6871679033724227e-04
   5.1171875000000000e-01   1.5305275719569373e+00   1.5294859764453386e+00   1.0415955115987696e-03
   5.1953125000000000e-01   1.5531923326329635e+00   1.5523039842609001e+00   8.8834837206341888e-04
   5.2734375000000000e-01   1.5617378108393254e+00   1.5620190202385686e+00   2.8120939924325405e-04
   5.3515625000000000e-01   1.5600278074170746e+00   1.5593701243924118e+00   6.5768302466273632e-04
   5.4296875000000000e-01   1.5468579956905177e+00   1.5455751832165203e+00   1.2828124739974189e-03
   5.5078125000000000e-01   1.5222653607200156e+00   1.5222476796348743e+00   1.7681085141330044e-05
   5.5859375000000000e-01   1.4915308663604570e+00   1.4912953776248934e+00   2.3548873556356043e-04
   5.6640625000000000e-01   1.4561787284611649e+00   1.4548092815222751e+00   1.3694469388898511e-03
   5.7421875000000000e-01   1.4154553306604689e+00   1.4149517689150968e+00   5.0356174537213860e-04
   5.8203125000000000e-01   1.3738353661838858e+00   1.3738523215477101e+00   1.6955363824289194e-05
   5.8984375000000000e-01   1.3346899990022936e+00   1.3335178344419689e+00   1.1721645603246511e-03
   5.9765625000000000e-01   1.2967530719065812e+00   1.2957622733944736e+00   9.9079851210759351e-04
   6.0546875000000000e-01   1.2621536151542934e+00   1.2621577904609711e+00   4.1753066777339143e-06
   6.1328125000000000e-01   1.2348239770042313e+00   1.2340066769389115e+00   8.1730006531977040e-04
   6.2109375000000000e-01   1.2136633703803972e+00   1.2123311221547552e+00   1.3322482256419299e-03
   6.2890625000000000e-01   1.1981361814179843e+00   1.1978759923704261e+00   2.6018904755820138e-04
   6.3671875000000000e-01   1.1915781020112999e+00   1.1911189831504441e+00   4.5911886085581166e-04
   6.4453125000000000e-01   1.1937387788954581e+00   1.1922826286957615e+00   1.4561501996965820e-03
   6.5234375000000000e-01   1.2020415200739996e+00   1.2013437180948721e+00   6.9780197912749919e-04
   6.6015625000000000e-01   1.2182530109496574e+00   1.2180374720787084e+00   2.1553887094905022e-04
   6.6796875000000000e-01   1.2432097726001368e+00   1.2418560623618728e+00   1.3537102382639166e-03
   6.7578125000000000e-01   1.2732440002168386e+00   1.2720433311990824e+00   1.2006690177561730e-03
   6.8359375000000000e-01   1.3077755600118797e+00   1.3075895069794052e+00   1.8605303247443139e-04
   6.9140625000000000e-01   1.3482930150401307e+00   1.3472309808428138e+00   1.0620341973168745e-03
   6.9921875000000000e-01   1.3910922890530535e+00   1.3894605817209347e+00   1.6317073321188147e-03
   7.0703125000000000e-01   1.4329776720101630e+00   1.4325531753164229e+00   4.2449669374011734e-04
   7.1484375000000000e-01   1.4752954095295441e+00   1.4746098822381131e+00   6.8552729143100954e-04
   7.2265625000000000e-01   1.5154643205313978e+00   1.5136219719951614e+00   1.8423485362364378e-03
   7.3046875000000000e-01   1.5484411886369929e+00   1.5475528650822157e+00   8.8832355477719283e-04
   7.3828125000000000e-01   1.5748208729943134e+00   1.5744340497942326e+00   3.8682320008076587e-04
   7.4609375000000000e-01   1.5942174692345012e+00   1.5924684826227817e+00   1.7489866117195163e-03
   8.7890625000000000e-01   7.1119965779702188e-01   7.0990671383973691e-01   1.2929439572849644e-03
   8.8671875000000000e-01   6.8395631786683941e-01   6.8354054526270991e-01   4.1577260412950512e-04
   8.9453125000000000e-01   6.7186235553140639e-01   6.7108105303143240e-01   7.8130249997399037e-04
   9.0234375000000000e-01   6.7417353510403866e-01   6.7284677033978635e-01   1.3267647642523084e-03
   9.1015625000000000e-01   6.8917279409225896e-01   6.8866147253241283e-01   5.1132155984612293e-04
   9.1796875000000000e-01   7.1843240373973993e-01   7.1783385987678061e-01   5.9854386295932205e-04
   9.2578125000000000e-01   7.6055961958892981e-01   7.5915006200497837e-01   1.4095575839514485e-03
   9.3359375000000000e-01   8.1160549308104490e-01   8.1088267760394062e-01   7.2281547710428828e-04
   9.4140625000000000e-01   8.7127002563937250e-01   8.7082008380523801e-01   4.4994183413449296e-04
   9.4921875000000000e-01   9.3780335644692392e-01   9.3631908045606538e-01   1.4842759908585412e-03
   9.5703125000000000e-01   1.0054726870685089e+00   1.0043825858349604e+00   1.0901012335484683e-03
   9.6484375000000000e-01   1.0721235956084720e+00   1.0717621904085430e+00   3.6140519992899911e-04
   9.7265625000000000e-01   1.1364967221995439e+00   1.1350831123790515e+00   1.4136098204924341e-03
   9.8046875000000000e-01   1.1925121584732801e+00   1.1909867539405570e+00   1.5254045327230958e-03
   9.8828125000000000e-01   1.2366971815429706e+00   1.2362839250223971e+00   4.1325652057344620e-04
   9.9609375000000000e-01   1.2692357754974704e+00   1.2681101594281672e+00   1.1256160693031703e-03
   7.5390625000000000e-01   1.6015509958523919e+00   1.6001335239380476e+00   1.4174719143442704e-03
   7.6171875000000000e-01   1.5965942043451686e+00   1.5962748911174112e+00   3.1931322775746729e-04
   7.6953125000000000e-01   1.5815845361070766e+00   1.5801835764593009e+00   1.4009596477757569e-03
   7.7734375000000000e-01   1.5534504012105401e+00   1.5516491127214707e+00   1.8012884890694636e-03
   7.8515625000000000e-01   1.5114812175107268e+00   1.5109847714563767e+00   4.9644605435017475e-04
   7.9296875000000000e-01   1.4599880076900609e+00   1.4590229392920138e+00   9.6506839804710864e-04
   8.0078125000000000e-01   1.3989768911268998e+00   1.3970816694403152e+00   1.8952216865846250e-03
   8.0859375000000000e-01   1.3277164057101605e+00   1.3269058854426043e+00   8.1052026755612516e-04
   8.1640625000000000e-01   1.2512006700512892e+00   1.2505886129795949e+00   6.1205707169431633e-04
   8.2421875000000000e-01   1.1721872637402599e+00   1.1704787261159992e+00   1.7085376242607087e-03
   8.3203125000000000e-01   1.0901782307572230e+00   1.0890819376634158e+00   1.0962930938072102e-03
   8.3984375000000000e-01   1.0093857533079247e+00   1.0089611951505559e+00   4.2455815736874847e-04
   8.4765625000000000e-01   9.3401138576122011e-01   9.3264143918254283e-01   1.3699465786772835e-03
   8.5546875000000000e-01   8.6377237163654264e-01   8.6252210025175247e-01   1.2502713847901692e-03
   8.6328125000000000e-01   8.0117790795607557e-01   8.0079905356446734e-01   3.7885439160822987e-04
   8.7109375000000000e-01   7.5043029822817708e-01   7.4939630864365170e-01   1.0339895845253855e-03
