#                  Coord.                Numerical               Analytical                    Error
   3.9062500000000000e-03  -1.5823678482917122e-01  -1.5843926326773458e-01   2.0247843856335823e-04
   1.1718750000000000e-02  -1.5099458948011596e-01  -1.5185912832123022e-01   8.6453884111425960e-04
   1.9531250000000000e-02  -6.5855473069030834e-02  -6.6621399533629139e-02   7.6592646459830438e-04
   2.7343750000000000e-02   3.5828046114591783e-02   3.5826272360984457e-02   1.7737536073259008e-06
   3.5156250000000000e-02   9.7554840269431065e-02   9.8304634850432851e-02   7.4979458100178642e-04
   4.2968750000000000e-02   9.6722206565176411e-02   9.7551115160802906e-02   8.2890859562649577e-04
   5.0781250000000000e-02   4.8115711427853064e-02   4.8293885807187645e-02   1.7817437933458080e-04
   5.8593750000000000e-02  -1.3395743711954969e-02  -1.4008844741072841e-02   6.1310102911787262e-04
   6.6406250000000000e-02  -5.5465710190632511e-02  -5.6307326130049233e-02   8.4161593941672191e-04
   7.4218750000000000e-02  -6.2590701496868739e-02  -6.2910153043875081e-02   3.1945154700634137e-04
   8.2031250000000000e-02  -3.8301807441155689e-02  -3.7833284412216263e-02   4.6852302893942571e-04
   8.9843750000000000e-02   6.4857174176072979e-04   1.4622008476434325e-03   8.1362910588270274e-04
   9.7656250000000000e-02   3.3028264134893293e-02   3.3452532703314157e-02   4.2426856842086441e-04
   1.0546875000000000e-01   4.2606469997948149e-02   4.2280607837460474e-02   3.2586216048767491e-04
   1.1328125000000000e-01   2.6538580431651582e-02   2.5783223285504701e-02   7.5535714614688096e-04
   1.2109375000000000e-01  -2.1284355867444357e-03  -2.6256998866310021e-03   4.9726429988656640e-04
   1.2890625000000000e-01  -2.2561158023657601e-02  -2.2374108653632586e-02   1.8704937002501573e-04
   1.3671875000000000e-01  -2.1869503998940276e-02  -2.1197995774141845e-02   6.7150822479843109e-04
   1.4453125000000000e-01  -5.8827237071531480e-03  -5.3407103269569592e-03   5.4201338019618881e-04
   1.5234375000000000e-01   6.7595321605036784e-03   6.7077849664377506e-03   5.1747194065927815e-05
   1.6015625000000000e-01   3.8366550802070298e-03   3.2728775116536552e-03   5.6377756855337463e-04
   1.6796875000000000e-01  -6.9907057477497925e-03  -7.5500451512297779e-03   5.5933940347998538e-04
   1.7578125000000000e-01  -6.7821314998683935e-03  -6.8627026418002753e-03   8.0571141931881814e-05
   1.8359375000000000e-01   1.0817906645044006e-02   1.1247898229866549e-02   4.2999158482254218e-04
   1.9140625000000000e-01   2.7355108499613645e-02   2.7900292271933337e-02   5.4518377231969201e-04
   1.9921875000000000e-01   1.7367440014272609e-02   1.7573484441283385e-02   2.0604442701077641e-04
   2.0703125000000000e-01  -1.9043587791952525e-02  -1.9314096238103165e-02   2.7050844615063990e-04
   2.1484375000000000e-01  -4.6933667995768293e-02  -4.7428974670604925e-02   4.9530667483663193e-04
   2.2265625000000000e-01  -2.9306940487573319e-02  -2.9625682837908361e-02   3.1874235033504256e-04
   2.3046875000000000e-01   2.7216231634808685e-02   2.7303398079675287e-02   8.7166444866601522e-05
   2.3828125000000000e-01   6.7157216965697861e-02   6.7560909262122881e-02   4.0369229642502058e-04
   2.4609375000000000e-01   3.9141925792709947e-02   3.9549332779937510e-02   4.0740698722756263e-04
   2.5390625000000000e-01  -4.1618137986921294e-02  -4.1505515016461526e-02   1.1262297045976782e-04
   2.6171875000000000e-01  -9.3955807220380161e-02  -9.4221684303676514e-02   2.6587708329635362e-04
   2.6953125000000000e-01  -4.9600478572539297e-02  -5.0059153714106575e-02   4.5867514156727740e-04
   2.7734375000000000e-01   6.3842703548875890e-02   6.3528086348997564e-02   3.1461719987832537e-04
   2.8515625000000000e-01   1.3200467003376634e-01   1.3208992403129285e-01   8.5253997526513192e-05
   2.9296875000000000e-01   6.5448487147444223e-02   6.5905619979837168e-02   4.5713283239294522e-04
   3.0078125000000000e-01  -9.2059787660372594e-02  -9.1562327070498981e-02   4.9746058987361341e-04
   3.0859375000000000e-01  -1.8346957801776365e-01  -1.8334084585736041e-01   1.2873216040323876e-04
   3.1640625000000000e-01  -9.1014600865939072e-02  -9.1407627662513632e-02   3.9302679657456097e-04
   3.2421875000000000e-01   1.2338876711442931e-01   1.2275044273969671e-01   6.3832437473260173e-04
   3.3203125000000000e-01   2.4955759829776070e-01   2.4919986319786899e-01   3.5773509989170393e-04
   3.3984375000000000e-01   1.3082321167994987e-01   1.3108934093461305e-01   2.6612925466318327e-04
   3.4765625000000000e-01  -1.5403183778591040e-01  -1.5331271541098695e-01   7.1912237492344211e-04
   3.5546875000000000e-01  -3.3131262846585829e-01  -3.3073190953621678e-01   5.8071892964151051e-04
   3.6328125000000000e-01  -1.9098025727351825e-01  -1.9106296020508029e-01   8.2702931562039783e-05
   3.7109375000000000e-01   1.7760088466665142e-01   1.7687509467182544e-01   7.2578999482597606e-04
   3.7890625000000000e-01   4.2835373275640343e-01   4.2757931310281438e-01   7.7441965358904241e-04
   3.8671875000000000e-01   2.7915320558352730e-01   2.7900831008452853e-01   1.4489549899876497e-04
   3.9453125000000000e-01  -1.8357201209755108e-01  -1.8292006079076031e-01   6.5195130679077118e-04
   4.0234375000000000e-01  -5.3645590288304734e-01  -5.3553654458183420e-01   9.1935830121314677e-04
   4.1015625000000000e-01  -4.0280864984001286e-01  -4.0241360779228547e-01   3.9504204772738971e-04
   4.1796875000000000e-01   1.5696918214000891e-01   1.5646978485020199e-01   4.9939728980691322e-04
   4.2578125000000000e-01   6.4505941694393631e-01   6.4406297865532847e-01   9.9643828860784822e-04
   4.3359375000000000e-01   5.6618667477952977e-01   5.6553887276652526e-01   6.4780201300451701e-04
   4.4140625000000000e-01  -7.9563085584272664e-02  -7.9287760731814969e-02   2.7532485245769511e-04
   4.4921875000000000e-01  -7.3531749405117341e-01  -7.3432473797382769e-01   9.9275607734572446e-04
   4.5703125000000000e-01  -7.6624165985148540e-01  -7.6536274173101837e-01   8.7891812046703155e-04
   4.6484375000000000e-01  -6.7022053920330560e-02  -6.7016786018237642e-02   5.2679020929174980e-06
   4.7265625000000000e-01   7.7939753766507924e-01   7.7849719779470605e-01   9.0033987037319019e-04
   4.8046875000000000e-01   9.8793009557987888e-01   9.8686794095521391e-01   1.0621546246649682e-03
   4.8828125000000000e-01   2.9571464823321225e-01   2.9539384384254552e-01   3.2080439066672906e-04
   4.9609375000000000e-01  -7.4242428870705290e-01  -7.4170969860565628e-01   7.1459010139662826e-04
   5.0390625000000000e-01  -1.2000811987408777e+00  -1.1989153209610253e+00   1.1658777798524422e-03
   5.1171875000000000e-01  -6.0591900544676824e-01  -6.0527922179146043e-01   6.3978365530781289e-04
   5.1953125000000000e-01   5.8869184642599359e-01   5.8825024152207517e-01   4.4160490391842444e-04
   5.2734375000000000e-01   1.3542818935218555e+00   1.3531170477350685e+00   1.1648457867869944e-03
   5.3515625000000000e-01   9.7446558657252247e-01   9.7355068813841183e-01   9.1489843411063365e-04
   5.4296875000000000e-01  -2.9293177328094244e-01  -2.9282331743602891e-01   1.0845584491353533e-04
   5.5078125000000000e-01  -1.3897646012911331e+00  -1.3887219649503615e+00   1.0426363407716188e-03
   5.5859375000000000e-01  -1.3490185119187488e+00  -1.3479139877755264e+00   1.1045241432223740e-03
   5.6640625000000000e-01  -1.4463572328519719e-01  -1.4438994967170141e-01   2.4577361349578664e-04
   5.7421875000000000e-01   1.2466367152676965e+00   1.2458335389680804e+00   8.0317629961612624e-04
   5.8203125000000000e-01   1.6487551409585470e+00   1.6475852787650940e+00   1.1698621934530529e-03
   5.8984375000000000e-01   6.8366326846411474e-01   6.8309590641871043e-01   5.6736204540430712e-04
   5.9765625000000000e-01  -8.8719501561568015e-01  -8.8671946080393249e-01   4.7555481174765823e-04
   6.0546875000000000e-01  -1.7770971921562235e+00  -1.7760052697394644e+00   1.0919224167591501e-03
   6.1328125000000000e-01  -1.2366175670837083e+00  -1.2358158828686081e+00   8.0168421510018462e-04
   6.2109375000000000e-01   3.2065653810895278e-01   3.2054695051442028e-01   1.0958759453250089e-04
   6.2890625000000000e-01   1.6482263506318899e+00   1.6473500568713058e+00   8.7629376058417918e-04
   6.3671875000000000e-01   1.6773974940969889e+00   1.6764907749724640e+00   9.0671912452489067e-04
   6.4453125000000000e-01   3.7835897701511068e-01   3.7812769310397704e-01   2.3128391113363955e-04
   6.5234375000000000e-01  -1.2229689121469758e+00  -1.2224085239421463e+00   5.6038820482950946e-04
   6.6015625000000000e-01  -1.8705964323124005e+00  -1.8697425009035782e+00   8.5393140882228380e-04
   6.6796875000000000e-01  -1.0700343499212004e+00  -1.0695567063142883e+00   4.7764360691204821e-04
   6.7578125000000000e-01   5.4179834416192041e-01   5.4159074872200152e-01   2.0759543991888396e-04
   6.8359375000000000e-01   1.7182097874362794e+00   1.7175487788010142e+00   6.6100863526519227e-04
   6.9140625000000000e-01   1.5778011850546916e+00   1.5772185368101206e+00   5.8264824457099351e-04
   6.9921875000000000e-01   2.6266308729979221e-01   2.6255529910124326e-01   1.0778819854895261e-04
   7.0703125000000000e-01  -1.2091047032954068e+00  -1.2087318841591004e+00   3.7281913630637931e-04
   7.1484375000000000e-01  -1.7440641393826088e+00  -1.7435348353676066e+00   5.2930401500228541e-04
   7.2265625000000000e-01  -9.8906621310332565e-01  -9.8874753004588811e-01   3.1868305743754100e-04
   7.3046875000000000e-01   4.4782206935350888e-01   4.4776415201960051e-01   5.7917333908363844e-05
   7.3828125000000000e-01   1.4966374768243313e+00   1.4962997691524200e+00   3.3770767191132478e-04
   7.4609375000000000e-01   1.4292467000318656e+00   1.4288644166447364e+00   3.8228338712920085e-04
   8.7890625000000000e-01  -5.1596192224399384e-01  -5.1546447380610660e-01   4.9744843788723792e-04
   8.8671875000000000e-01  -6.6192384507472712e-01  -6.6105536625079409e-01   8.6847882393303877e-04
   8.9453125000000000e-01  -3.8880665122809355e-01  -3.8828421114262285e-01   5.2244008547069898e-04
   9.0234375000000000e-01   7.9670148032502150e-02   7.9385055493054690e-02   2.8509253944745960e-04
   9.1015625000000000e-01   4.3473463937694257e-01   4.3385206247913760e-01   8.8257689780496529e-04
   9.1796875000000000e-01   4.8234879693763882e-01   4.8160054475332820e-01   7.4825218431062712e-04
   9.2578125000000000e-01   2.4136056115294274e-01   2.4138644746690965e-01   2.5886313966910768e-05
   9.3359375000000000e-01  -1.0231680787477937e-01  -1.0152411586561512e-01   7.9269200916425031e-04
   9.4140625000000000e-01  -3.3318482694804752e-01  -3.3228954972904434e-01   8.9527721900317658e-04
   9.4921875000000000e-01  -3.3724763703733684e-01  -3.3701072987986802e-01   2.3690715746882418e-04
   9.5703125000000000e-01  -1.5041619566234177e-01  -1.5104229925205484e-01   6.2610358971307289e-04
   9.6484375000000000e-01   8.8883415596013426e-02   8.7928153465776565e-02   9.5526213023686135e-04
   9.7265625000000000e-01   2.3735929505343989e-01   2.3689236635759658e-01   4.6692869584330499e-04
   9.8046875000000000e-01   2.2888727013574062e-01   2.2930668433241091e-01   4.1941419667029800e-04
   9.8828125000000000e-01   9.7088281299430576e-02   9.8027554808010633e-02   9.3927350858005743e-04
   9.9609375000000000e-01  -6.2652391108972805e-02  -6.2006727527690694e-02   6.4566358128211043e-04
   7.5390625000000000e-01   3.5984005040124678e-01   3.5963041751088520e-01   2.0963289036157740e-04
   7.6171875000000000e-01  -8.9601854726324903e-01  -8.9595697670380148e-01   6.1570559447554629e-05
   7.6953125000000000e-01  -1.4504865576254899e+00  -1.4501953133947056e+00   2.9124423078430439e-04
   7.7734375000000000e-01  -9.7150690310864951e-01  -9.7113794330290870e-01   3.6895980574080944e-04
   7.8515625000000000e-01   1.3299078352656699e-01   1.3322481537252456e-01   2.3403184595757742e-04
   7.9296875000000000e-01   1.0616053790097078e+00   1.0615320269942319e+00   7.3352015475869337e-05
   8.0078125000000000e-01   1.2038292830876143e+00   1.2034420075126804e+00   3.8727557493389853e-04
   8.0859375000000000e-01   5.3555339681316161e-01   5.3507703826451658e-01   4.7635854864502836e-04
   8.1640625000000000e-01  -4.2398773112961907e-01  -4.2420345069975018e-01   2.1571957013111209e-04
   8.2421875000000000e-01  -1.0157550017843704e+00  -1.0154901375976684e+00   2.6486418670201850e-04
   8.3203125000000000e-01  -8.9215518303480446e-01  -8.9154374938595371e-01   6.1143364885074547e-04
   8.3984375000000000e-01  -2.0966860860504893e-01  -2.0916206358358036e-01   5.0654502146857405e-04
   8.4765625000000000e-01   5.3236695150142632e-01   5.3233012831639870e-01   3.6823185027623495e-05
   8.5546875000000000e-01   8.5579597173361899e-01   8.5517965454767841e-01   6.1631718594057361e-04
   8.6328125000000000e-01   6.0700817539445295e-01   6.0627029671276511e-01   7.3787868168784243e-04
   8.7109375000000000e-01   1.2211640581564466e-02   1.1967360482733249e-02   2.4428009883121701e-04
