#                  Coord.                Numerical               Analytical                    Error
   3.9062500000000000e-03   1.8546152941712565e-01   1.8602316358586185e-01   5.6163416873619698e-04
   1.1718750000000000e-02  -3.5370623968918524e-01  -3.5388274097211064e-01   1.7650128292540090e-04
   1.9531250000000000e-02  -6.0455203487361719e-01  -6.0530686500926045e-01   7.5483013564325852e-04
   2.7343750000000000e-02  -4.5527533426177047e-01  -4.5584209309396984e-01   5.6675883219936551e-04
   3.5156250000000000e-02  -3.8864471316248608e-02  -3.8625270130251389e-02   2.3920118599721901e-04
   4.2968750000000000e-02   3.8333264791556576e-01   3.8420815821823701e-01   8.7551030267124519e-04
   5.0781250000000000e-02   5.6551925048001639e-01   5.6618964288579543e-01   6.7039240577904113e-04
   5.8593750000000000e-02   3.9195229348235122e-01   3.9170058898740451e-01   2.5170449494671399e-04
   6.6406250000000000e-02  -5.6485963580262352e-02  -5.7519089208185721e-02   1.0331256279233689e-03
   7.4218750000000000e-02  -5.1418720928904005e-01  -5.1506269143868599e-01   8.7548214964594528e-04
   8.2031250000000000e-02  -6.5937941760126140e-01  -6.5921092843077211e-01   1.6848917048928325e-04
   8.9843750000000000e-02  -3.3157546834810026e-01  -3.3040496963246790e-01   1.1704987156323510e-03
   9.7656250000000000e-02   3.0085721772353258e-01   3.0201203435423590e-01   1.1548166307033259e-03
   1.0546875000000000e-01   7.9266205454800942e-01   7.9269722739855608e-01   3.5172850546660861e-05
   1.1328125000000000e-01   7.2516296355960552e-01   7.2393629903430645e-01   1.2266645252990704e-03
   1.2109375000000000e-01   6.3887145781891863e-02   6.2431373738966449e-02   1.4557720429254142e-03
   1.2890625000000000e-01  -7.3780041744555691e-01  -7.3815561069419866e-01   3.5519324864174973e-04
   1.3671875000000000e-01  -1.0394554947520309e+00  -1.0383021430717665e+00   1.1533516802644250e-03
   1.4453125000000000e-01  -5.2972675388774959e-01  -5.2801604509353028e-01   1.7107087942193067e-03
   1.5234375000000000e-01   4.6323572593669049e-01   4.6399334644997986e-01   7.5762051328936986e-04
   1.6015625000000000e-01   1.1717808084010908e+00   1.1708594178245746e+00   9.2139057651619005e-04
   1.6796875000000000e-01   9.9029124800896173e-01   9.8843895114744662e-01   1.8522968615151125e-03
   1.7578125000000000e-01  -3.9191320457623857e-04  -1.5753418049854837e-03   1.1834286004092451e-03
   1.8359375000000000e-01  -1.0467425140535647e+00  -1.0462024886637200e+00   5.4002538984465609e-04
   1.9140625000000000e-01  -1.3060850798751227e+00  -1.3042549526726130e+00   1.8301272025096349e-03
   1.9921875000000000e-01  -5.3945750642701329e-01  -5.3789712551563662e-01   1.5603809113766687e-03
   2.0703125000000000e-01   6.6808508848488490e-01   6.6803421245367800e-01   5.0876031206903427e-05
   2.1484375000000000e-01   1.3638385684484302e+00   1.3622122382440551e+00   1.6263302043750816e-03
   2.2265625000000000e-01   9.9648267681213420e-01   9.9465717218353733e-01   1.8255046285968746e-03
   2.3046875000000000e-01  -1.3718559511000861e-01  -1.3767110966250851e-01   4.8551455249989939e-04
   2.3828125000000000e-01  -1.1375321863328127e+00  -1.1362788536867015e+00   1.2533326461112715e-03
   2.4609375000000000e-01  -1.2317726616158235e+00  -1.2298397454434702e+00   1.9329161723533606e-03
   2.5390625000000000e-01  -3.8339040347939490e-01  -3.8239190122504541e-01   9.9850225434949813e-04
   2.6171875000000000e-01   7.0849787767730787e-01   7.0774247784513922e-01   7.5539983216865725e-04
   2.6953125000000000e-01   1.1941093980895301e+00   1.1922433033492239e+00   1.8660947403061900e-03
   2.7734375000000000e-01   7.4485974211487993e-01   7.4343410206528981e-01   1.4256400495901156e-03
   2.8515625000000000e-01  -2.2664810033858906e-01  -2.2646020724862181e-01   1.8789308996725040e-04
   2.9296875000000000e-01  -9.4086133751627921e-01  -9.3922677958573664e-01   1.6345579305425684e-03
   3.0078125000000000e-01  -8.8082122997023271e-01  -8.7909819990190685e-01   1.7230300683258593e-03
   3.0859375000000000e-01  -1.6546173229425254e-01  -1.6507618395002166e-01   3.8554834423087936e-04
   3.1640625000000000e-01   5.9922574353531122e-01   5.9795814336967190e-01   1.2676001656393154e-03
   3.2421875000000000e-01   8.2783534516524160e-01   8.2597093889803885e-01   1.8644062672027450e-03
   3.3203125000000000e-01   3.9952554352491954e-01   3.9861944867174443e-01   9.0609485317511007e-04
   3.3984375000000000e-01  -2.9287108045878307e-01  -2.9206076092056771e-01   8.1031953821536495e-04
   3.4765625000000000e-01  -6.8818535676024040e-01  -6.8633702409897202e-01   1.8483326612683815e-03
   3.5546875000000000e-01  -5.0076368056817122e-01  -4.9943142273340674e-01   1.3322578347644831e-03
   3.6328125000000000e-01   7.9049507546547410e-02   7.8742709819764042e-02   3.0679772678336714e-04
   3.7109375000000000e-01   5.6096778379276047e-01   5.5928257393870684e-01   1.6852098540536264e-03
   3.7890625000000000e-01   5.5271188943494198e-01   5.5107689188588027e-01   1.6349975490617119e-03
   3.8671875000000000e-01   6.8892443980508367e-02   6.8690928289790024e-02   2.0151569071834297e-04
   3.9453125000000000e-01  -4.8369991588233113e-01  -4.8230592308502773e-01   1.3939927973034005e-03
   4.0234375000000000e-01  -6.3268684413816934e-01  -6.3089136832744319e-01   1.7954758107261437e-03
   4.1015625000000000e-01  -2.2802526763474579e-01  -2.2735160556456580e-01   6.7366207017999225e-04
   4.1796875000000000e-01   4.1632489308713622e-01   4.1532178198464270e-01   1.0031111024935147e-03
   4.2578125000000000e-01   7.5658028730960913e-01   7.5477270448641831e-01   1.8075828231908231e-03
   4.3359375000000000e-01   4.6393626358959916e-01   4.6286040381758697e-01   1.0758597720121887e-03
   4.4140625000000000e-01  -2.7389542798942390e-01  -2.7334955436280872e-01   5.4587362661517869e-04
   4.4921875000000000e-01  -8.6348799907252527e-01  -8.6181347342895720e-01   1.6745256435680700e-03
   4.5703125000000000e-01  -7.7622707456294027e-01  -7.7485167751300787e-01   1.3753970499323920e-03
   4.6484375000000000e-01  -1.1442166041206386e-02  -1.1507821744076115e-02   6.5655702869728966e-05
   4.7265625000000000e-01   8.4882207935250431e-01   8.4740754649976191e-01   1.4145328527424006e-03
   4.8046875000000000e-01   1.0826635083701974e+00   1.0811144725069859e+00   1.5490358632115342e-03
   4.8828125000000000e-01   4.3386152703098552e-01   4.3347043937960322e-01   3.9108765138229362e-04
   4.9609375000000000e-01  -6.2911421538105472e-01  -6.2805489134612558e-01   1.0593240349291433e-03
   5.0390625000000000e-01  -1.2537517545991737e+00  -1.2521647143314052e+00   1.5870402677684581e-03
   5.1171875000000000e-01  -8.9641848029885973e-01  -8.9563569626275719e-01   7.8278403610254621e-04
   5.1953125000000000e-01   2.0294645369909936e-01   2.0229702617400402e-01   6.4942752509533630e-04
   5.2734375000000000e-01   1.1821724265371036e+00   1.1806770107068325e+00   1.4954158302711296e-03
   5.3515625000000000e-01   1.2474610905396022e+00   1.2463925171091919e+00   1.0685734304103356e-03
   5.4296875000000000e-01   3.2922159180297328e-01   3.2945978404530379e-01   2.3819224233051495e-04
   5.5078125000000000e-01  -8.4893948139104969e-01  -8.4763767891374553e-01   1.3018024773041592e-03
   5.5859375000000000e-01  -1.3548176104013361e+00  -1.3535804833674561e+00   1.2371270338800144e-03
   5.6640625000000000e-01  -8.0277623260460196e-01  -8.0264504193906494e-01   1.3119066553701764e-04
   5.7421875000000000e-01   3.4587040128835145e-01   3.4482307705274873e-01   1.0473242356027201e-03
   5.8203125000000000e-01   1.1763295263100835e+00   1.1750332893288129e+00   1.2962369812705710e-03
   5.8984375000000000e-01   1.0660650685957980e+00   1.0656351770147081e+00   4.2989158108985848e-04
   5.9765625000000000e-01   1.6189534234832781e-01   1.6267008065377084e-01   7.7473830544302902e-04
   6.0546875000000000e-01  -7.8483732317751864e-01  -7.8356562924598894e-01   1.2716939315297049e-03
   6.1328125000000000e-01  -1.0530654772428700e+00  -1.0524147949713347e+00   6.5068227153530778e-04
   6.2109375000000000e-01  -5.1261101033999334e-01  -5.1312792793591155e-01   5.1691759591820929e-04
   6.2890625000000000e-01   3.3334568794115471e-01   3.3214770262568938e-01   1.1979853154653330e-03
   6.3671875000000000e-01   8.1061572034469875e-01   8.0980673938270020e-01   8.0898096199855107e-04
   6.4453125000000000e-01   6.1956826436695800e-01   6.1985611471918034e-01   2.8785035222234079e-04
   6.5234375000000000e-01   1.6899435683512376e-02   1.8004637985283116e-02   1.1052023017707399e-03
   6.6015625000000000e-01  -4.6928699472510993e-01  -4.6836534941364522e-01   9.2164531146471385e-04
   6.6796875000000000e-01  -5.0043475033671547e-01  -5.0052418050772607e-01   8.9430171010596027e-05
   6.7578125000000000e-01  -1.6368692790159045e-01  -1.6469954190580918e-01   1.0126140042187315e-03
   6.8359375000000000e-01   1.8092060095294232e-01   1.7990362183803041e-01   1.0169791149119145e-03
   6.9140625000000000e-01   2.5716053388284871e-01   2.5706622621892483e-01   9.4307663923876017e-05
   6.9921875000000000e-01   9.5457610541372029e-02   9.6380826851067955e-02   9.2321630969592616e-04
   7.0703125000000000e-01  -5.8577930632960365e-02  -5.7466232076630146e-02   1.1116985563302192e-03
   7.1484375000000000e-01  -2.7033980059678164e-02  -2.6750063242424012e-02   2.8391681725415188e-04
   7.2265625000000000e-01   1.1675803922812933e-01   1.1593491774771443e-01   8.2312148041489841e-04
   7.3046875000000000e-01   1.4215563612159865e-01   1.4095087299187692e-01   1.2047631297217309e-03
   7.3828125000000000e-01  -6.8181584744507084e-02  -6.8673601011577184e-02   4.9201626707010004e-04
   7.4609375000000000e-01  -3.5173496556462525e-01  -3.5104247809124728e-01   6.9248747337796734e-04
   8.7890625000000000e-01   1.2214480889518784e+00   1.2201285913439013e+00   1.3194976079771159e-03
   8.8671875000000000e-01   1.2289114268741672e+00   1.2282489899022841e+00   6.6243697188306250e-04
   8.9453125000000000e-01   2.8587680187511277e-01   2.8642633688740754e-01   5.4953501229476620e-04
   9.0234375000000000e-01  -8.5572860252101801e-01  -8.5452009103127857e-01   1.2085114897394389e-03
   9.1015625000000000e-01  -1.3068335382415717e+00  -1.3060748915434826e+00   7.5864669808911600e-04
   9.1796875000000000e-01  -7.5010491617352237e-01  -7.5043897617363098e-01   3.3406000010860470e-04
   9.2578125000000000e-01   3.3663102841889236e-01   3.3558321863486079e-01   1.0478097840315725e-03
   9.3359375000000000e-01   1.0987329342483330e+00   1.0979650088500588e+00   7.6792539827419404e-04
   9.4140625000000000e-01   9.9142308909198462e-01   9.9160432576182145e-01   1.8123666983682618e-04
   9.4921875000000000e-01   1.7102747090560344e-01   1.7191023382738704e-01   8.8276292178360305e-04
   9.5703125000000000e-01  -6.9054073058667409e-01  -6.8982976494886816e-01   7.1096563780592703e-04
   9.6484375000000000e-01  -9.6518529764979943e-01  -9.6529505680161709e-01   1.0975915181765661e-04
   9.7265625000000000e-01  -5.2785609413778301e-01  -5.2861410042497214e-01   7.5800628718913909e-04
   9.8046875000000000e-01   2.2070280499976436e-01   2.2007786552900388e-01   6.2493947076047718e-04
   9.8828125000000000e-01   7.1996248483891334e-01   7.2008096266969146e-01   1.1847783077811869e-04
   9.9609375000000000e-01   6.6902326252515021e-01   6.6973491221912029e-01   7.1164969397008448e-04
   7.5390625000000000e-01  -3.9201623925538243e-01  -3.9073540708857246e-01   1.2808321668099643e-03
   7.6171875000000000e-01  -3.9841452117592158e-02  -3.9121417133360210e-02   7.2003498423194728e-04
   7.6953125000000000e-01   4.7888796072667100e-01   4.7837311059598037e-01   5.1485013069063612e-04
   7.7734375000000000e-01   7.0319000355886951e-01   7.0187339482667321e-01   1.3166087321963005e-03
   7.8515625000000000e-01   3.4370082614438624e-01   3.4275440639510624e-01   9.4641974928000305e-04
   7.9296875000000000e-01  -4.0048944501018191e-01  -4.0019972000873327e-01   2.8972500144863744e-04
   8.0078125000000000e-01  -9.3628555414903081e-01  -9.3499583589861668e-01   1.2897182504141291e-03
   8.0859375000000000e-01  -7.5607318614609276e-01  -7.5492735204335704e-01   1.1458341027357211e-03
   8.1640625000000000e-01   9.0147158011600503e-02   9.0116952054358518e-02   3.0205957241985493e-05
   8.2421875000000000e-01   9.6442430738947471e-01   9.6323535267096694e-01   1.1889547185077731e-03
   8.3203125000000000e-01   1.1314794297116895e+00   1.1301904196292876e+00   1.2890100824018980e-03
   8.3984375000000000e-01   3.8576660536172047e-01   3.8552814223354936e-01   2.3846312817110693e-04
   8.4765625000000000e-01  -7.2678098319289242e-01  -7.2576536966902938e-01   1.0156135238630348e-03
   8.5546875000000000e-01  -1.3176552332854365e+00  -1.3163055728001460e+00   1.3496604852905048e-03
   8.6328125000000000e-01  -8.8196741447690630e-01  -8.8148795447044626e-01   4.7946000646004183e-04
   8.7109375000000000e-01   2.6467908000032647e-01   2.6388724271850567e-01   7.9183728182080637e-04
