#                  Coord.                Numerical               Analytical                    Error
   3.9062500000000000e-03   4.0698167729094967e+00   4.0589795310380978e+00   1.0837241871398895e-02
   1.1718750000000000e-02   4.0366060748554640e+00   4.0325644190802086e+00   4.0416557752553928e-03
   1.9531250000000000e-02   3.9901058538791507e+00   3.9810432338744541e+00   9.0626200046965977e-03
   2.7343750000000000e-02   3.9177260464288941e+00   3.9053827327652471e+00   1.2343313663647049e-02
   3.5156250000000000e-02   3.8121078848729901e+00   3.8069873788684747e+00   5.1205060045154127e-03
   4.2968750000000000e-02   3.6935044243503650e+00   3.6876559863552165e+00   5.8484379951484478e-03
   5.0781250000000000e-02   3.5612094425536429e+00   3.5495270507206858e+00   1.1682391832957162e-02
   5.8593750000000000e-02   3.4018119100933149e+00   3.3950150842674365e+00   6.7968258258783720e-03
   6.6406250000000000e-02   3.2299956949301021e+00   3.2267406014076365e+00   3.2550935224655575e-03
   7.4218750000000000e-02   3.0563699048062798e+00   3.0474565821844672e+00   8.9133226218125472e-03
   8.2031250000000000e-02   2.8679501740961166e+00   2.8599742797987862e+00   7.9758942973304769e-03
   8.9843750000000000e-02   2.6691905833938709e+00   2.6670911332684786e+00   2.0994501253923659e-03
   9.7656250000000000e-02   2.4765637899249988e+00   2.4715233116081938e+00   5.0404783168049860e-03
   1.0546875000000000e-01   2.2835469577376699e+00   2.2758450709524669e+00   7.7018867852030048e-03
   1.1328125000000000e-01   2.0848090888607240e+00   2.0824366760402766e+00   2.3724128204474226e-03
   1.2109375000000000e-01   1.8950017384090183e+00   1.8934421516751212e+00   1.5595867338971114e-03
   1.2890625000000000e-01   1.7164586670977229e+00   1.7107376179510714e+00   5.7210491466515023e-03
   1.3671875000000000e-01   1.5391484772380402e+00   1.5359104555018581e+00   3.2380217361820396e-03
   1.4453125000000000e-01   1.3699353986277729e+00   1.3702490704960018e+00   3.1367186822883752e-04
   1.5234375000000000e-01   1.2174851231176960e+00   1.2147426066830647e+00   2.7425164346313036e-03
   1.6015625000000000e-01   1.0736331237695689e+00   1.0700896011955217e+00   3.5435225740472198e-03
   1.6796875000000000e-01   9.3634936931586921e-01   9.3671431357548740e-01   3.6494425961819399e-04
   1.7578125000000000e-01   8.1488758096729863e-01   8.1478927939588941e-01   9.8301571409220578e-05
   1.8359375000000000e-01   7.0696202396836882e-01   7.0426255040789743e-01   2.6994735604713993e-03
   1.9140625000000000e-01   6.0543780060801200e-01   6.0488807679797840e-01   5.4972381003359772e-04
   1.9921875000000000e-01   5.1509990005958362e-01   5.1625775438734678e-01   1.1578543277631637e-03
   2.0703125000000000e-01   4.3892331527994088e-01   4.3783378712757548e-01   1.0895281523654043e-03
   2.1484375000000000e-01   3.7020959543260940e-01   3.6898018856561393e-01   1.2294068669954639e-03
   2.2265625000000000e-01   3.0802290579621017e-01   3.0899244959830158e-01   9.6954380209141044e-04
   2.3046875000000000e-01   2.5680675225769839e-01   2.5712461849179552e-01   3.1786623409713055e-04
   2.3828125000000000e-01   2.1369378754660615e-01   2.1261325955767388e-01   1.0805279889322672e-03
   2.4609375000000000e-01   1.7454857827420828e-01   1.7469796708413446e-01   1.4938880992618198e-04
   2.5390625000000000e-01   1.4178928982668371e-01   1.4263830219160437e-01   8.4901236492065935e-04
   2.6171875000000000e-01   1.1610926700095212e-01   1.1572718565869175e-01   3.8208134226036528e-04
   2.6953125000000000e-01   9.3720632509251001e-02   9.3300915591308167e-02   4.1971691794283339e-04
   2.7734375000000000e-01   7.4159862565446821e-02   7.4746083516905384e-02   5.8622095145856312e-04
   2.8515625000000000e-01   5.9276344673387556e-02   5.9503736434693422e-02   2.2739176130586597e-04
   2.9296875000000000e-01   4.7500844590831766e-02   4.7071177352566086e-02   4.2966723826567965e-04
   3.0078125000000000e-01   3.6915380654350037e-02   3.7001815781976879e-02   8.6435127626842412e-05
   3.0859375000000000e-01   2.8508618185468564e-02   2.8903476100065804e-02   3.9485791459724015e-04
   3.1640625000000000e-01   2.2562040801366985e-02   2.2435549522195140e-02   1.2649127917184477e-04
   3.2421875000000000e-01   1.7496734925065621e-02   1.7305338999429792e-02   1.9139592563582886e-04
   3.3203125000000000e-01   1.3045261864833910e-02   1.3263900033456139e-02   2.1863816862222919e-04
   3.3984375000000000e-01   9.9822741159536835e-03   1.0101628683371885e-02   1.1935456741820130e-04
   3.4765625000000000e-01   7.8109875712662497e-03   7.6437953664782029e-03   1.6719220478804680e-04
   3.5546875000000000e-01   5.7521184922601923e-03   5.7461734997130325e-03   5.9449925471598275e-06
   3.6328125000000000e-01   4.1383659899442106e-03   4.2908688405158563e-03   1.5250285057164577e-04
   3.7109375000000000e-01   3.2054979666124367e-03   3.1824208626418425e-03   2.3077103970594107e-05
   3.7890625000000000e-01   2.4365591365741678e-03   2.3442223156813352e-03   9.2336820892832596e-05
   3.8671875000000000e-01   1.6605698180606691e-03   1.7152864572551631e-03   5.4716639194494002e-05
   3.9453125000000000e-01   1.1880442600302207e-03   1.2473810994255959e-03   5.9336839395375150e-05
   4.0234375000000000e-01   9.5596866370328110e-04   9.0254144403046038e-04   5.3427219672820721e-05
   4.1015625000000000e-01   6.7941519645982839e-04   6.5096643906534040e-04   2.8448757394487984e-05
   4.1796875000000000e-01   4.2438439670041029e-04   4.6929358560530749e-04   4.4909188904897191e-05
   4.2578125000000000e-01   3.3367201075718006e-04   3.3923369208946520e-04   5.5616813322851427e-06
   4.3359375000000000e-01   2.8570456152209652e-04   2.4653084206040915e-04   3.9173719461687369e-05
   4.4140625000000000e-01   1.7912800960314233e-04   1.8019634549915268e-04   1.0683358960103442e-06
   4.4921875000000000e-01   1.0878952384060335e-04   1.3195230839580587e-04   2.3162784555202522e-05
   4.5703125000000000e-01   1.0873374913251522e-04   9.5814356198453885e-05   1.2919392934061336e-05
   4.6484375000000000e-01   8.4354511221213608e-05   6.7746551200854692e-05   1.6607960020358916e-05
   4.7265625000000000e-01   3.4020096805980085e-05   4.5335173848734920e-05   1.1315077042754835e-05
   4.8046875000000000e-01   2.4684772889476279e-05   2.7449863533576769e-05   2.7650906441004898e-06
   4.8828125000000000e-01   2.3563624201696483e-05   1.3886495652582299e-05   9.6771285491141845e-06
   4.9609375000000000e-01   3.3940642322125982e-06   5.0107014843760064e-06   1.6166372521634083e-06
   5.0390625000000000e-01   3.5610458310986376e-06   1.4387875958955826e-06   2.1222582352030552e-06
   5.1171875000000000e-01   5.9044089677842667e-06   3.8001460155863916e-06   2.1042629521978751e-06
   5.1953125000000000e-01   8.4085956189534011e-06   1.2620795387039656e-05   4.2121997680862552e-06
   5.2734375000000000e-01   4.3140599100477415e-05   2.8353156595379162e-05   1.4787442505098254e-05
   5.3515625000000000e-01   5.6052459653119201e-05   5.1556808574567902e-05   4.4956510785512988e-06
   5.4296875000000000e-01   7.0356480783397972e-05   8.3214529615882095e-05   1.2858048832484122e-05
   5.5078125000000000e-01   1.5271811709165016e-04   1.2515311127264515e-04   2.7565005819005011e-05
   5.5859375000000000e-01   1.9540666568753257e-04   1.8053343469539348e-04   1.4873230992139090e-05
   5.6640625000000000e-01   2.3175247061977479e-04   2.5438076215501891e-04   2.2628291535244121e-05
   5.7421875000000000e-01   3.9774910549514119e-04   3.5414286337309226e-04   4.3606242122048934e-05
   5.8203125000000000e-01   5.2398176801653044e-04   4.9028674002967170e-04   3.3695027986858743e-05
   5.8984375000000000e-01   6.4281407451207220e-04   6.7696920130064946e-04   3.4155126788577264e-05
   5.9765625000000000e-01   1.0017383827936553e-03   9.3283717115976122e-04   6.8901211633894122e-05
   6.0546875000000000e-01   1.3521457276501505e-03   1.2820263641698019e-03   7.0119363480348681e-05
   6.1328125000000000e-01   1.7066542348993779e-03   1.7554298535834454e-03   4.8775618684067552e-05
   6.2109375000000000e-01   2.4989391582457450e-03   2.3923013055878548e-03   1.0663785265789018e-04
   6.2890625000000000e-01   3.3832017462658015e-03   3.2422433088479200e-03   1.4095843741788149e-04
   6.3671875000000000e-01   4.3042479279795315e-03   4.3676123230102989e-03   6.3364395030767427e-05
   6.4453125000000000e-01   6.0023307015601669e-03   5.8463512788749896e-03   1.5597942268517732e-04
   6.5234375000000000e-01   8.0440833223976160e-03   7.7752408527326476e-03   2.6884246966496841e-04
   6.6015625000000000e-01   1.0206750868173938e-02   1.0273541563674991e-02   6.6790695501053182e-05
   6.6796875000000000e-01   1.3698760423171395e-02   1.3486980274596482e-02   2.1178014857491274e-04
   6.7578125000000000e-01   1.8072643405643442e-02   1.7592014498730001e-02   4.8062890691344048e-04
   6.8359375000000000e-01   2.2766678004762290e-02   2.2800283824943368e-02   3.3605820181078355e-05
   6.9140625000000000e-01   2.9626769130446824e-02   2.9363127777507513e-02   2.6364135293931168e-04
   6.9921875000000000e-01   3.8376950462990458e-02   3.7576012550460308e-02   8.0093791253015023e-04
   7.0703125000000000e-01   4.7864553421398483e-02   4.7782665738529143e-02   8.1887682869340173e-05
   7.1484375000000000e-01   6.0677009805779954e-02   6.0378670371954685e-02   2.9833943382526901e-04
   7.2265625000000000e-01   7.7053130298964809e-02   7.5814220597288123e-02   1.2389097016766853e-03
   7.3046875000000000e-01   9.4944014663693774e-02   9.4595695654817194e-02   3.4831900887657974e-04
   7.3828125000000000e-01   1.1759656335273838e-01   1.1728567137004689e-01   3.1089198269149132e-04
   7.4609375000000000e-01   1.4627534678211279e-01   1.4450096452205258e-01   1.7743822600602144e-03
   8.7890625000000000e-01   1.9092577655168006e+00   1.9051929406713484e+00   4.0648248454522307e-03
   8.8671875000000000e-01   2.0969801818930751e+00   2.0945241689013567e+00   2.4560129917183815e-03
   8.9453125000000000e-01   2.2963527462228970e+00   2.2881417008656628e+00   8.2110453572341591e-03
   9.0234375000000000e-01   2.4904687370490999e+00   2.4838855646302123e+00   6.5831724188876173e-03
   9.1015625000000000e-01   2.6817146617595355e+00   2.6793619053271760e+00   2.3527564323595485e-03
   9.1796875000000000e-01   2.8800957065620194e+00   2.8719858813745018e+00   8.1098251875175720e-03
   9.2578125000000000e-01   3.0684380594056031e+00   3.0590343256874042e+00   9.4037337181989145e-03
   9.3359375000000000e-01   3.2408396131076529e+00   3.2377068748046645e+00   3.1327383029884359e-03
   9.4140625000000000e-01   3.4122153580368995e+00   3.4051937852514991e+00   7.0215727854003873e-03
   9.4921875000000000e-01   3.5704762173491060e+00   3.5587482312805903e+00   1.1727986068515772e-02
   9.5703125000000000e-01   3.7008724554043155e+00   3.6957605392852568e+00   5.1119161190587015e-03
   9.6484375000000000e-01   3.8192540211286916e+00   3.8138315872142643e+00   5.4224339144273159e-03
   9.7265625000000000e-01   3.9234927266568715e+00   3.9108425011315431e+00   1.2650225525328462e-02
   9.8046875000000000e-01   3.9930227283063982e+00   3.9850178279494384e+00   8.0049003569597765e-03
   9.8828125000000000e-01   4.0391524933177418e+00   4.0349795560280475e+00   4.1729372896943673e-03
   9.9609375000000000e-01   4.0714581161307120e+00   4.0597896883843028e+00   1.1668427746409193e-02
   7.5390625000000000e-01   1.7775767985121471e-01   1.7690830025431337e-01   8.4937959690134512e-04
   7.6171875000000000e-01   2.1553902390667606e-01   2.1521721076608466e-01   3.2181314059140376e-04
   7.6953125000000000e-01   2.6251422723199658e-01   2.6016981881305945e-01   2.3444084189371273e-03
   7.7734375000000000e-01   3.1418691833393886e-01   3.1252723494069484e-01   1.6596833932440158e-03
   7.8515625000000000e-01   3.7343501056424783e-01   3.7305240436135745e-01   3.8260620289037872e-04
   7.9296875000000000e-01   4.4533852779046823e-01   4.4248937800125665e-01   2.8491497892115802e-03
   8.0078125000000000e-01   5.2435689699053434e-01   5.2153915045422938e-01   2.8177465363049548e-03
   8.0859375000000000e-01   6.1143700830395675e-01   6.1083240089683111e-01   6.0460740712564576e-04
   8.1640625000000000e-01   7.1406264902388283e-01   7.1089968490383315e-01   3.1629641200496827e-03
   8.2421875000000000e-01   8.2642540203186021e-01   8.2213984594690304e-01   4.2855560849571761e-03
   8.3203125000000000e-01   9.4594134576684230e-01   9.4478763368580310e-01   1.1537120810392043e-03
   8.3984375000000000e-01   1.0820548516465218e+00   1.0788817179789594e+00   3.1731336675624444e-03
   8.4765625000000000e-01   1.2301374115746877e+00   1.2242344582965672e+00   5.9029532781205152e-03
   8.5546875000000000e-01   1.3826511791432079e+00   1.3804049120560966e+00   2.2462670871112866e-03
   8.6328125000000000e-01   1.5495456974320303e+00   1.5466766281195710e+00   2.8690693124593381e-03
   8.7109375000000000e-01   1.7293986349345154e+00   1.7220417602964531e+00   7.3568746380623384e-03
