#                  Coord.                Numerical               Analytical                    Error
   3.9062500000000000e-03  -2.2754942242125514e-01  -2.2840019892780136e-01   8.5077650654621917e-04
   1.1718750000000000e-02  -4.7615816273742173e-01  -4.7634492654562466e-01   1.8676380820292771e-04
   1.9531250000000000e-02  -3.7627623052893333e-01  -3.7563752365998954e-01   6.3870686894379469e-04
   2.7343750000000000e-02   1.7353276946484975e-02   1.8243311091418836e-02   8.9003414493386140e-04
   3.5156250000000000e-02   4.1524548819328605e-01   4.1559272074288450e-01   3.4723254959845296e-04
   4.2968750000000000e-02   5.2636955174087674e-01   5.2586985912698836e-01   4.9969261388838060e-04
   5.0781250000000000e-02   2.7857137982728236e-01   2.7767657685399261e-01   8.9480297328975444e-04
   5.8593750000000000e-02  -1.4671533184452085e-01  -1.4720873707688728e-01   4.9340523236643397e-04
   6.6406250000000000e-02  -4.6614944503059202e-01  -4.6581310298120193e-01   3.3634204939009260e-04
   7.4218750000000000e-02  -4.9060165518140048e-01  -4.8974851692622834e-01   8.5313825517213671e-04
   8.2031250000000000e-02  -2.2399434333772872e-01  -2.2338479354241444e-01   6.0954979531427367e-04
   8.9843750000000000e-02   1.6972118352303239e-01   1.6956233333888535e-01   1.5885018414704688e-04
   9.7656250000000000e-02   4.7160809801263587e-01   4.7084708948282578e-01   7.6100852981009215e-04
   1.0546875000000000e-01   5.1387214695742300e-01   5.1319511666351747e-01   6.7703029390553393e-04
   1.1328125000000000e-01   2.5554076567518363e-01   2.5553127250187363e-01   9.4931733100045435e-06
   1.2109375000000000e-01  -1.8399205150407960e-01  -1.8336060947669952e-01   6.3144202738008026e-04
   1.2890625000000000e-01  -5.5871338565394824e-01  -5.5802382302696385e-01   6.8956262698438575e-04
   1.3671875000000000e-01  -6.1726580133155440e-01  -6.1711936022185299e-01   1.4644110970141178e-04
   1.4453125000000000e-01  -2.7136482721740529e-01  -2.7185227728666300e-01   4.8745006925771106e-04
   1.5234375000000000e-01   3.0206782344711580e-01   3.0141609904566247e-01   6.5172440145333521e-04
   1.6015625000000000e-01   7.3343006048774406e-01   7.3319857096953223e-01   2.3148951821183594e-04
   1.6796875000000000e-01   6.9920108454055541e-01   6.9956448735526677e-01   3.6340281471136660e-04
   1.7578125000000000e-01   1.7112919483035943e-01   1.7172028775791776e-01   5.9109292755832321e-04
   1.8359375000000000e-01  -5.2271464784697153e-01  -5.2244755564081469e-01   2.6709220615683815e-04
   1.9140625000000000e-01  -9.0132647128717169e-01  -9.0161004950179602e-01   2.8357821462432486e-04
   1.9921875000000000e-01  -6.7117332844056243e-01  -6.7171475189643182e-01   5.4142345586938312e-04
   2.0703125000000000e-01   4.4397223334646893e-02   4.4124628082001849e-02   2.7259525264504425e-04
   2.1484375000000000e-01   7.6722664276188157e-01   7.6748436723412394e-01   2.5772447224237105e-04
   2.2265625000000000e-01   9.8807476412319684e-01   9.8861153014347147e-01   5.3676602027463716e-04
   2.3046875000000000e-01   5.2788016022566764e-01   5.2816555890588324e-01   2.8539868021559833e-04
   2.3828125000000000e-01  -3.2100904729560398e-01  -3.2127776183172024e-01   2.6871453611626572e-04
   2.4609375000000000e-01  -9.8062310531862107e-01  -9.8121559776893186e-01   5.9249245031078868e-04
   2.5390625000000000e-01  -9.8056736460113569e-01  -9.8091342034072559e-01   3.4605573958990110e-04
   2.6171875000000000e-01  -2.9229987811670699e-01  -2.9202388995446055e-01   2.7598816224644329e-04
   2.6953125000000000e-01   6.3007571950343855e-01   6.3077031521711568e-01   6.9459571367713746e-04
   2.7734375000000000e-01   1.1451649721969517e+00   1.1456444658978873e+00   4.7949370093558485e-04
   2.8515625000000000e-01   8.6820135291980305e-01   8.6797163679724021e-01   2.2971612256283969e-04
   2.9296875000000000e-01  -4.0193145595701585e-02  -4.0998220890088519e-02   8.0507529438693382e-04
   3.0078125000000000e-01  -9.5715896451593130e-01  -9.5784550394305445e-01   6.8653942712315619e-04
   3.0859375000000000e-01  -1.2204402049878895e+00  -1.2203506911003530e+00   8.9513887536529779e-05
   3.1640625000000000e-01  -6.0874345651498951e-01  -6.0787428722442338e-01   8.6916929056612968e-04
   3.2421875000000000e-01   4.6969485232375585e-01   4.7063132430139859e-01   9.3647197764273882e-04
   3.3203125000000000e-01   1.2425496403943754e+00   1.2427100688854318e+00   1.6042849105635248e-04
   3.3984375000000000e-01   1.1272035295087721e+00   1.1263684224276869e+00   8.3510708108525122e-04
   3.4765625000000000e-01   1.7564215268266903e-01   1.7446367604307148e-01   1.1784766395975532e-03
   3.5546875000000000e-01  -9.3351024418271489e-01  -9.3401790705183041e-01   5.0766286911552161e-04
   3.6328125000000000e-01  -1.3771561797937040e+00  -1.3764900714339714e+00   6.6610835973257565e-04
   3.7109375000000000e-01  -8.0306124027557302e-01  -8.0170994581352439e-01   1.3512944620486245e-03
   3.7890625000000000e-01   3.8504641716112664e-01   3.8595631508024775e-01   9.0989791912110540e-04
   3.8671875000000000e-01   1.3066865696021026e+00   1.3063311465016969e+00   3.5542310040570513e-04
   3.9453125000000000e-01   1.2588817979491931e+00   1.2574811414185108e+00   1.4006565306823315e-03
   4.0234375000000000e-01   2.5806646926220089e-01   2.5676031524961129e-01   1.3061540125895998e-03
   4.1015625000000000e-01  -9.5188349170839703e-01  -9.5196135597717368e-01   7.7864268776650647e-05
   4.1796875000000000e-01  -1.4509281042483715e+00  -1.4496353187406619e+00   1.2927855077096151e-03
   4.2578125000000000e-01  -8.4633766347342831e-01  -8.4470651642371164e-01   1.6311470497166747e-03
   4.3359375000000000e-01   4.1200816584043443e-01   4.1259110538945099e-01   5.8293954901655898e-04
   4.4140625000000000e-01   1.3616594666310640e+00   1.3606362074628007e+00   1.0232591682632908e-03
   4.4921875000000000e-01   1.2648663602597785e+00   1.2630365234654566e+00   1.8298367943219151e-03
   4.5703125000000000e-01   1.8782901014060593e-01   1.8673215528500137e-01   1.0968548556045676e-03
   4.6484375000000000e-01  -1.0372276297544594e+00  -1.0366131332812569e+00   6.1449647320244161e-04
   4.7265625000000000e-01  -1.4533611271313047e+00  -1.4514935736046128e+00   1.8675535266918786e-03
   4.8046875000000000e-01  -7.3111318575214312e-01  -7.2955702430363090e-01   1.5561614485122277e-03
   4.8828125000000000e-01   5.6314566560419277e-01   5.6303686784099005e-01   1.0879776320271706e-04
   4.9609375000000000e-01   1.4070688457895648e+00   1.4053350576617853e+00   1.7337881277794676e-03
   5.0390625000000000e-01   1.1324485886276190e+00   1.1305415698543448e+00   1.9070187732741495e-03
   5.1171875000000000e-01  -3.8266447201926269e-02  -3.8705858466594974e-02   4.3941126466870428e-04
   5.1953125000000000e-01  -1.1658229093379275e+00  -1.1643828863994279e+00   1.4400229384996521e-03
   5.2734375000000000e-01  -1.3477022298921484e+00  -1.3455902340124333e+00   2.1119958797151117e-03
   5.3515625000000000e-01  -4.4684967915187823e-01  -4.4587670399505341e-01   9.7297515682481794e-04
   5.4296875000000000e-01   7.9795875758098878e-01   7.9693875915783108e-01   1.0199984231576975e-03
   5.5078125000000000e-01   1.3751003197799947e+00   1.3729469042725462e+00   2.1534155074485195e-03
   5.5859375000000000e-01   8.2645467028595720e-01   8.2501542436723219e-01   1.4392459187250184e-03
   5.6640625000000000e-01  -3.8141490601968114e-01  -3.8089575930002739e-01   5.1914671965375137e-04
   5.7421875000000000e-01  -1.2482518709875934e+00  -1.2462169544612112e+00   2.0349165263822133e-03
   5.8203125000000000e-01  -1.0697456277554438e+00  -1.0679485535714524e+00   1.7970741839914428e-03
   5.8984375000000000e-01  -1.6285613264289789e-02  -1.6275520270598465e-02   1.0092993691323410e-05
   5.9765625000000000e-01   1.0202926807502339e+00   1.0185143316590357e+00   1.7783490911982280e-03
   6.0546875000000000e-01   1.1800627383143456e+00   1.1780415755190594e+00   2.0211627952861910e-03
   6.1328125000000000e-01   3.5278343848019833e-01   3.5226644373649396e-01   5.1699474370436871e-04
   6.2109375000000000e-01  -7.4323609539429536e-01  -7.4181686853440487e-01   1.4192268598904878e-03
   6.2890625000000000e-01  -1.1812187265478440e+00  -1.1791147182616326e+00   2.1040082862113785e-03
   6.3671875000000000e-01  -6.1195101787001138e-01  -6.1099144045541631e-01   9.5957741459506973e-04
   6.4453125000000000e-01   4.5374918882301712e-01   4.5274909400378072e-01   1.0000948192364079e-03
   6.5234375000000000e-01   1.0989847566486965e+00   1.0969280159025148e+00   2.0567407461817844e-03
   6.6015625000000000e-01   7.9111633728756448e-01   7.8981149326418676e-01   1.3048440233777159e-03
   6.6796875000000000e-01  -1.7466788102829045e-01  -1.7409849549835249e-01   5.6938552993796021e-04
   6.7578125000000000e-01  -9.5227530233995805e-01  -9.5037042626849577e-01   1.9048760714622803e-03
   6.8359375000000000e-01  -8.8728347028653165e-01  -8.8574037756901181e-01   1.5430927175198450e-03
   6.9140625000000000e-01  -7.2320066760785617e-02  -7.2482815221499852e-02   1.6274846071423488e-04
   6.9921875000000000e-01   7.6056616470646987e-01   7.5888586049388773e-01   1.6803042125821399e-03
   7.0703125000000000e-01   8.9750218507640889e-01   8.9582554317009311e-01   1.6766419063157789e-03
   7.1484375000000000e-01   2.5998706389052906e-01   2.5979390417464415e-01   1.9315971588490521e-04
   7.2265625000000000e-01  -5.5624426891667023e-01  -5.5482803998470931e-01   1.4162289319609167e-03
   7.3046875000000000e-01  -8.3361085739634255e-01  -8.3189092877941617e-01   1.7199286169263805e-03
   7.3828125000000000e-01  -3.6726927731961168e-01  -3.6678287892804640e-01   4.8639839156527920e-04
   7.4609375000000000e-01   3.8213993468853391e-01   3.8100159645870696e-01   1.1383382298269518e-03
   8.7890625000000000e-01  -4.7638839872462058e-01  -4.7526603350325758e-01   1.1223652213629975e-03
   8.8671875000000000e-01  -1.7093243415425474e-01  -1.7064281367193418e-01   2.8962048232056281e-04
   8.9453125000000000e-01   2.1446509496276175e-01   2.1371041269500102e-01   7.5468226776073677e-04
   9.0234375000000000e-01   3.5006046540122365e-01   3.4897351599885362e-01   1.0869494023700299e-03
   9.1015625000000000e-01   1.8184188400806517e-01   1.8138806149374581e-01   4.5382251431935750e-04
   9.1796875000000000e-01  -6.8741821464304922e-02  -6.8195258287146482e-02   5.4656317715844061e-04
   9.2578125000000000e-01  -1.6052318079561723e-01  -1.5949762783790711e-01   1.0255529577101186e-03
   9.3359375000000000e-01  -6.6269229160358156e-02  -6.5680284059192975e-02   5.8894510116518084e-04
   9.4140625000000000e-01   4.1513503881599467e-02   4.1166519747216024e-02   3.4698413438344344e-04
   9.4921875000000000e-01   9.5082776176454928e-03   8.5610075539576252e-03   9.4727006368786754e-04
   9.5703125000000000e-01  -1.1966646632864608e-01  -1.2036492515039807e-01   6.9845882175198493e-04
   9.6484375000000000e-01  -1.5939687139799191e-01  -1.5923835440838019e-01   1.5851698961172334e-04
   9.7265625000000000e-01   2.2796848627263389e-03   3.1360633787606220e-03   8.5637851603428310e-04
   9.8046875000000000e-01   2.5464850535340966e-01   2.5543283709494530e-01   7.8433174153563767e-04
   9.8828125000000000e-01   3.5048917680396408e-01   3.5050669185350858e-01   1.7515049544503114e-05
   9.9609375000000000e-01   1.4855055238905707e-01   1.4779459001668777e-01   7.5596237236930097e-04
   7.5390625000000000e-01   7.3271391420754151e-01   7.3102301684950233e-01   1.6908973580391784e-03
   7.6171875000000000e-01   4.0053857584450858e-01   3.9982206070489712e-01   7.1651513961146218e-04
   7.6953125000000000e-01  -2.6828107545407032e-01  -2.6741908267233322e-01   8.6199278173709759e-04
   7.7734375000000000e-01  -6.4409512248915790e-01  -6.4248695739088491e-01   1.6081650982729956e-03
   7.8515625000000000e-01  -3.9966195348463274e-01  -3.9877562331618688e-01   8.8633016844585910e-04
   7.9296875000000000e-01   2.0680473884970627e-01   2.0620495670711428e-01   5.9978214259198692e-04
   8.0078125000000000e-01   5.9591261068415002e-01   5.9442552760137091e-01   1.4870830827791170e-03
   8.0859375000000000e-01   4.1347937663519285e-01   4.1247231104998244e-01   1.0070655852104093e-03
   8.1640625000000000e-01  -1.5336712975743216e-01  -1.5301524317397516e-01   3.5188658345700063e-04
   8.2421875000000000e-01  -5.7018948639565925e-01  -5.6885367962536237e-01   1.3358067702968768e-03
   8.3203125000000000e-01  -4.5910410664827017e-01  -4.5801903410794587e-01   1.0850725403243056e-03
   8.3984375000000000e-01   6.3233786673528192e-02   6.3115276922273714e-02   1.1850975125447805e-04
   8.4765625000000000e-01   5.1464491041973792e-01   5.1348594536992609e-01   1.1589650498118331e-03
   8.5546875000000000e-01   5.0119691543860734e-01   5.0007427222459511e-01   1.1226432140122311e-03
   8.6328125000000000e-01   6.3862595803021671e-02   6.3765931882367538e-02   9.6663920654133095e-05
   8.7109375000000000e-01  -3.8972848884766248e-01  -3.8876524582299465e-01   9.6324302466782585e-04
