#                  Coord.                Numerical               Analytical                    Error
   3.9062500000000000e-03  -3.0717809988984934e-01  -3.0669310680371786e-01   4.8499308613147996e-04
   1.1718750000000000e-02   1.0819851339420061e-01   1.0799756705939553e-01   2.0094633480507995e-04
   1.9531250000000000e-02   4.4532686235633634e-01   4.4462578616989251e-01   7.0107618644382752e-04
   2.7343750000000000e-02   4.9008993486220154e-01   4.8952669878586680e-01   5.6323607633473882e-04
   3.5156250000000000e-02   2.3294602722940658e-01   2.3303212329476555e-01   8.6096065358975959e-05
   4.2968750000000000e-02  -1.5596667675141351e-01  -1.5531393113470482e-01   6.5274561670869424e-04
   5.0781250000000000e-02  -4.5014379257602688e-01  -4.4952793603776725e-01   6.1585653825962927e-04
   5.8593750000000000e-02  -4.8964480129297094e-01  -4.8963514234525179e-01   9.6589477191488804e-06
   6.6406250000000000e-02  -2.4850630438133151e-01  -2.4911024971665852e-01   6.0394533532701078e-04
   7.4218750000000000e-02   1.5584280662513073e-01   1.5519061316575208e-01   6.5219345937864159e-04
   8.2031250000000000e-02   5.0509915316486698e-01   5.0501162104675545e-01   8.7532118111521839e-05
   8.9843750000000000e-02   5.7859772722214320e-01   5.7916110030108547e-01   5.6337307894227528e-04
   9.7656250000000000e-02   2.8744272856813535e-01   2.8812921385198303e-01   6.8648528384768204e-04
   1.0546875000000000e-01  -2.3208074391300110e-01  -2.3192179150123202e-01   1.5895241176908104e-04
   1.1328125000000000e-01  -6.5963782047782193e-01  -6.6016788555133321e-01   5.3006507351127663e-04
   1.2109375000000000e-01  -6.8401521415127919e-01  -6.8474462147826243e-01   7.2940732698323352e-04
   1.2890625000000000e-01  -2.3556760058675796e-01  -2.3580663283111847e-01   2.3903224436050419e-04
   1.3671875000000000e-01   4.2205907932494863e-01   4.2255632083280548e-01   4.9724150785684929e-04
   1.4453125000000000e-01   8.4186592781475089e-01   8.4265635533458239e-01   7.9042751983149362e-04
   1.5234375000000000e-01   7.0349343413565912e-01   7.0384237299794083e-01   3.4893886228171134e-04
   1.6015625000000000e-01   6.1502348331640366e-02   6.1058837774899684e-02   4.4351055674068246e-04
   1.6796875000000000e-01  -6.6380180320101589e-01  -6.6466311047901883e-01   8.6130727800293183e-04
   1.7578125000000000e-01  -9.6531115333962414e-01  -9.6581104659844830e-01   4.9989325882415780e-04
   1.8359375000000000e-01  -6.0766464602524750e-01  -6.0731866514179089e-01   3.4598088345660916e-04
   1.9140625000000000e-01   1.9131471081095991e-01   1.9223879357936596e-01   9.2408276840605375e-04
   1.9921875000000000e-01   8.9304543965926331e-01   8.9374004991497935e-01   6.9461025571604385e-04
   2.0703125000000000e-01   1.0020956193997765e+00   1.0019169146916682e+00   1.7870470810832373e-04
   2.1484375000000000e-01   4.1518497850532765e-01   4.1424038440107863e-01   9.4459410424901913e-04
   2.2265625000000000e-01  -4.8803973602476747e-01  -4.8895369958070950e-01   9.1396355594203227e-04
   2.3046875000000000e-01  -1.0870792637584969e+00  -1.0871491602264070e+00   6.9896467910002258e-05
   2.3828125000000000e-01  -9.4442413319341834e-01  -9.4353896532094328e-01   8.8516787247505668e-04
   2.4609375000000000e-01  -1.2544066123483305e-01  -1.2432126272116795e-01   1.1193985136651041e-03
   2.5390625000000000e-01   8.1848489133455760e-01   8.1887430517861348e-01   3.8941384405588586e-04
   2.6171875000000000e-01   1.2159876727625565e+00   1.2152687931537591e+00   7.1887960879735147e-04
   2.6953125000000000e-01   7.5373771390659783e-01   7.5247391609071834e-01   1.2637978158794860e-03
   2.7734375000000000e-01  -2.7324664246273594e-01  -2.7399679021492113e-01   7.5014775218518182e-04
   2.8515625000000000e-01  -1.1411438866257271e+00  -1.1407141912441146e+00   4.2969538161252707e-04
   2.9296875000000000e-01  -1.2063842416618429e+00  -1.2050890717356801e+00   1.2951699261627425e-03
   3.0078125000000000e-01  -3.8774369104673778e-01  -3.8664586662516426e-01   1.0978244215735233e-03
   3.0859375000000000e-01   7.4323957912702465e-01   7.4320453380087914e-01   3.5045326145510813e-05
   3.1640625000000000e-01   1.3576625920315133e+00   1.3564841609923974e+00   1.1784310391158570e-03
   3.2421875000000000e-01   9.8016405267589291e-01   9.7879208298614850e-01   1.3719696897444011e-03
   3.3203125000000000e-01  -1.3745328348138972e-01  -1.3787859004815228e-01   4.2530656676256773e-04
   3.3984375000000000e-01  -1.1774358539416983e+00  -1.1765346313196265e+00   9.0122262207170678e-04
   3.4765625000000000e-01  -1.3549349926410756e+00  -1.3534209486321493e+00   1.5140440089262963e-03
   3.5546875000000000e-01  -5.1560232877608136e-01  -5.1471478578669572e-01   8.8754298938564791e-04
   3.6328125000000000e-01   7.2665321528623239e-01   7.2616836527783335e-01   4.8485000839904036e-04
   3.7109375000000000e-01   1.4358482971728375e+00   1.4343633403152216e+00   1.4849568576158489e-03
   3.7890625000000000e-01   1.0620803999590460e+00   1.0608007770507977e+00   1.2796229082483457e-03
   3.8671875000000000e-01  -1.2591369921371362e-01  -1.2593304744673248e-01   1.9348233018856575e-05
   3.9453125000000000e-01  -1.2280664302629807e+00  -1.2267899486095242e+00   1.2764816534565071e-03
   4.0234375000000000e-01  -1.3947156563014149e+00  -1.3931748542866957e+00   1.5408020147191781e-03
   4.1015625000000000e-01  -4.8697379567033905e-01  -4.8643134154981227e-01   5.4245412052678077e-04
   4.1796875000000000e-01   8.0119999531713448e-01   8.0028649190176937e-01   9.1350341536511337e-04
   4.2578125000000000e-01   1.4702752127488721e+00   1.4686436767024229e+00   1.6315360464491668e-03
   4.3359375000000000e-01   9.9406826909445112e-01   9.9305619511789978e-01   1.0120739765513420e-03
   4.4140625000000000e-01  -2.5904779264234967e-01  -2.5860111245880135e-01   4.4668018354832029e-04
   4.4921875000000000e-01  -1.3054383220027961e+00  -1.3038942113344492e+00   1.5441106683469208e-03
   4.5703125000000000e-01  -1.3191345919088300e+00  -1.3177656047131283e+00   1.3689871957016653e-03
   4.6484375000000000e-01  -2.9053235023498858e-01  -2.9047366726840818e-01   5.8682966580403395e-05
   4.7265625000000000e-01   9.5976363376206131e-01   9.5846271876826039e-01   1.3009149938009168e-03
   4.8046875000000000e-01   1.4337739407325365e+00   1.4321974989034070e+00   1.5764418291295268e-03
   4.8828125000000000e-01   7.5782269796202928e-01   7.5728676850992060e-01   5.3592945210867438e-04
   4.9609375000000000e-01  -5.1504277170628521e-01  -5.1409527933341415e-01   9.4749237287106158e-04
   5.0390625000000000e-01  -1.3530673784384848e+00  -1.3514413459419219e+00   1.6260324965629014e-03
   5.1171875000000000e-01  -1.0848117514652309e+00  -1.0838771586886369e+00   9.3459277659402318e-04
   5.1953125000000000e-01   5.5380994696224262e-02   5.4842631273036305e-02   5.3836342318795694e-04
   5.2734375000000000e-01   1.1247400454596106e+00   1.1232045675509517e+00   1.5354779086589332e-03
   5.3515625000000000e-01   1.2513126393428591e+00   1.2500954947216529e+00   1.2171446212061454e-03
   5.4296875000000000e-01   3.5095450914304582e-01   3.5108587537699720e-01   1.3136623395137992e-04
   5.5078125000000000e-01  -8.1253661363239760e-01  -8.1119526879905413e-01   1.3413448333434719e-03
   5.5859375000000000e-01  -1.2720143085954609e+00  -1.2706337739694633e+00   1.3805346259976314e-03
   5.6640625000000000e-01  -6.6444993466074975e-01  -6.6421558588801710e-01   2.3434877273265098e-04
   5.7421875000000000e-01   4.7622695061001979e-01   4.7514187782346962e-01   1.0850727865501786e-03
   5.8203125000000000e-01   1.1826727622697986e+00   1.1812362415894002e+00   1.4365206803983455e-03
   5.8984375000000000e-01   8.7547062781494311e-01   8.7493481837596643e-01   5.3580943897668654e-04
   5.9765625000000000e-01  -1.5669905647847962e-01  -1.5589523836300995e-01   8.0381811546967330e-04
   6.0546875000000000e-01  -1.0209161244713325e+00  -1.0195093427324102e+00   1.4067817389222803e-03
   6.1328125000000000e-01  -9.9196392138332945e-01  -9.9119930900206443e-01   7.6461238126501740e-04
   6.2109375000000000e-01  -1.2472780301214179e-01  -1.2525403777494656e-01   5.2623476280477810e-04
   6.2890625000000000e-01   8.1431342510758375e-01   8.1299746419004493e-01   1.3159609175388276e-03
   6.3671875000000000e-01   1.0235336470107059e+00   1.0226069055108977e+00   9.2674149980820353e-04
   6.4453125000000000e-01   3.5421660813452077e-01   3.5448501036450436e-01   2.6840222998358865e-04
   6.5234375000000000e-01  -5.8415496886251506e-01  -5.8296979881378808e-01   1.1851700487269801e-03
   6.6015625000000000e-01  -9.7678815305796307e-01  -9.7576740184410371e-01   1.0207512138593611e-03
   6.6796875000000000e-01  -5.1510947115479333e-01  -5.1515644806103644e-01   4.6976906243112460e-05
   6.7578125000000000e-01   3.5775415775606334e-01   3.5671969869332670e-01   1.0344590627366368e-03
   6.8359375000000000e-01   8.6608242351967135e-01   8.6502163543287824e-01   1.0607880867931074e-03
   6.9140625000000000e-01   5.9358508053407377e-01   5.9345350117114637e-01   1.3157936292740313e-04
   6.9921875000000000e-01  -1.7090914890337994e-01  -1.7002715945543947e-01   8.8198944794046219e-04
   7.0703125000000000e-01  -7.2514651406458641e-01  -7.2408664072821194e-01   1.0598733363744728e-03
   7.1484375000000000e-01  -5.9664989644818645e-01  -5.9638345037403695e-01   2.6644607414949562e-04
   7.2265625000000000e-01   5.0758771950068837e-02   5.0018313252346562e-02   7.4045869772227518e-04
   7.3046875000000000e-01   5.9990148664845999e-01   5.9887035649009202e-01   1.0311301583679766e-03
   7.3828125000000000e-01   5.6101493654522050e-01   5.6065426942801844e-01   3.6066711720206257e-04
   7.4609375000000000e-01   7.6932271557729817e-03   8.3124949212802970e-03   6.1926776550731526e-04
   8.7890625000000000e-01   2.1171575609845206e-01   2.1109193019057718e-01   6.2382590787488090e-04
   8.8671875000000000e-01   1.6717536774917785e-01   1.6729170664586338e-01   1.1633889668552500e-04
   8.9453125000000000e-01   7.3572754923940664e-03   8.0949170739388464e-03   7.3764158154478003e-04
   9.0234375000000000e-01  -6.2088955194665750e-02  -6.1414378802160136e-02   6.7457639250561446e-04
   9.1015625000000000e-01   1.5776375203833404e-02   1.5777061847424993e-02   6.8664359158948640e-07
   9.1796875000000000e-01   1.0296175703930788e-01   1.0229938863141651e-01   6.6236840789136997e-04
   9.2578125000000000e-01   4.0513238818933900e-02   3.9795406893841589e-02   7.1783192509231042e-04
   9.3359375000000000e-01  -1.5450680434250197e-01  -1.5463637032680205e-01   1.2956598430008404e-04
   9.4140625000000000e-01  -2.8485756464290141e-01  -2.8429217318576638e-01   5.6539145713502270e-04
   9.4921875000000000e-01  -1.7228286678899246e-01  -1.7153720634857811e-01   7.4566044041435298e-04
   9.5703125000000000e-01   1.4268268289192987e-01   1.4294270565567346e-01   2.6002276374359479e-04
   9.6484375000000000e-01   4.0800805065689039e-01   4.0755660760722351e-01   4.5144304966687754e-04
   9.7265625000000000e-01   3.7840809222722427e-01   3.7765459280251940e-01   7.5349942470487319e-04
   9.8046875000000000e-01   4.1924683357772552e-02   4.1541959703131646e-02   3.8272365464090546e-04
   9.8828125000000000e-01  -3.5601437728853591e-01  -3.5568878877669496e-01   3.2558851184094628e-04
   9.9609375000000000e-01  -5.1181557286775559e-01  -5.1107910559927161e-01   7.3646726848397570e-04
   7.5390625000000000e-01  -5.2041924048070698e-01  -5.1943063114003996e-01   9.8860934066702377e-04
   7.6171875000000000e-01  -5.3498746661325525e-01  -5.3456228360735514e-01   4.2518300590010938e-04
   7.6953125000000000e-01  -4.4723594361863017e-02  -4.5242121631090780e-02   5.1852726922776288e-04
   7.7734375000000000e-01   4.7536926838469296e-01   4.7442568075809860e-01   9.4358762659435547e-04
   7.8515625000000000e-01   5.4156327888833689e-01   5.4109638496027468e-01   4.6689392806220642e-04
   7.9296875000000000e-01   1.0622501623228559e-01   1.0666227208018833e-01   4.3725584790274552e-04
   8.0078125000000000e-01  -4.1779536632618663e-01  -4.1689362871023239e-01   9.0173761595424562e-04
   8.0859375000000000e-01  -5.5497716347685389e-01  -5.5447760019296055e-01   4.9956328389333393e-04
   8.1640625000000000e-01  -2.0088854811027665e-01  -2.0125581202373707e-01   3.6726391346042497e-04
   8.2421875000000000e-01   3.0619689774874859e-01   3.0533097770825085e-01   8.6592004049773630e-04
   8.3203125000000000e-01   5.1809636259008218e-01   5.1756262890646032e-01   5.3373368362186202e-04
   8.3984375000000000e-01   2.8285238641784793e-01   2.8314960950918255e-01   2.9722309133461966e-04
   8.4765625000000000e-01  -1.5006855569436073e-01  -1.4923620242448277e-01   8.3235326987796121e-04
   8.5546875000000000e-01  -3.9408772821959420e-01  -3.9351202934603202e-01   5.7569887356218041e-04
   8.6328125000000000e-01  -2.8246989350982210e-01  -2.8268531255388346e-01   2.1541904406136014e-04
   8.7109375000000000e-01   1.7935664739743201e-02   1.7143390089361329e-02   7.9227465038187242e-04
