#                  Coord.                Numerical               Analytical                    Error
   3.9062500000000000e-03   2.3759309379784453e-02   2.3467648586054421e-02   2.9166079373003223e-04
   1.1718750000000000e-02   1.6976331543305131e-02   1.6963117981986450e-02   1.3213561318680539e-05
   1.9531250000000000e-02   1.2148637991957319e-02   1.2145002741225687e-02   3.6352507316317340e-06
   2.7343750000000000e-02   8.7746518579812586e-03   8.6128201109022355e-03   1.6183174707902308e-04
   3.5156250000000000e-02   6.0755110022542502e-03   6.0499105340915144e-03   2.5600468162735764e-05
   4.2968750000000000e-02   4.1849236282627735e-03   4.2092849398764507e-03   2.4361311613677224e-05
   5.0781250000000000e-02   2.9805023095890032e-03   2.9008378810433302e-03   7.9664428545673030e-05
   5.8593750000000000e-02   2.0056684706482655e-03   1.9801326394636954e-03   2.5535831184570097e-05
   6.6406250000000000e-02   1.3149073081403441e-03   1.3388153751495580e-03   2.3908067009213935e-05
   7.4218750000000000e-02   9.3120714564030426e-04   8.9660785163096183e-04   3.4599294009342437e-05
   8.2031250000000000e-02   6.1414749711039994e-04   5.9475715454279502e-04   1.9390342567604914e-05
   8.9843750000000000e-02   3.7479526828758229e-04   3.9077978258803122e-04   1.5984514300448937e-05
   9.7656250000000000e-02   2.6741933053577168e-04   2.5431982428186605e-04   1.3099506253905636e-05
   1.0546875000000000e-01   1.7641375450100041e-04   1.6394027383738729e-04   1.2473480663613120e-05
   1.1328125000000000e-01   9.5828300145188845e-05   1.0467729557984775e-04   8.8489954346589032e-06
   1.2109375000000000e-01   7.0388630019078348e-05   6.6204814272954719e-05   4.1838157461236285e-06
   1.2890625000000000e-01   4.8711226644974390e-05   4.1477630072867940e-05   7.2335965721064495e-06
   1.3671875000000000e-01   2.1512805192076104e-05   2.5742760530826313e-05   4.2299553387502092e-06
   1.4453125000000000e-01   1.6866157423079202e-05   1.5829181938814580e-05   1.0369754842646216e-06
   1.5234375000000000e-01   1.3564765712273558e-05   9.6445558754043118e-06   3.9202098368692462e-06
   1.6015625000000000e-01   4.0938782527352180e-06   5.8233937091943830e-06   1.7295154564591650e-06
   1.6796875000000000e-01   3.6562838073258348e-06   3.4843137984478417e-06   1.7197000887799311e-07
   1.7578125000000000e-01   4.1407065531506011e-06   2.0647107103233116e-06   2.0759958428272895e-06
   1.8359375000000000e-01   7.0142594037557191e-07   1.2095524602187348e-06   5.0812651984316286e-07
   1.9140625000000000e-01   7.5480388539381502e-07   6.9748268657393044e-07   5.7321198819884580e-08
   1.9921875000000000e-01   1.5108942139233598e-06   3.9227455506143351e-07   1.1186196588619262e-06
   2.0703125000000000e-01   2.6357578505138535e-07   2.1128436346166307e-07   5.2291421589722278e-08
   2.1484375000000000e-01   2.4938621054532092e-07   1.0516869341400853e-07   1.4421751713131239e-07
   2.2265625000000000e-01   6.4818391424248741e-07   4.4996293163364087e-08   6.0318762107912335e-07
   2.3046875000000000e-01   2.7730697068015889e-07   1.4197132693397627e-08   2.6310983798676127e-07
   2.3828125000000000e-01   3.3785233495515588e-07   3.6979620835330357e-09   3.3415437287162283e-07
   2.4609375000000000e-01   3.5492821618453217e-07   9.2157028967963916e-09   3.4571251328773577e-07
   2.5390625000000000e-01   1.8374460056916351e-07   3.0110915820953352e-08   1.5363368474821015e-07
   2.6171875000000000e-01   6.1940921452892689e-07   6.9519258685415486e-08   5.4988995584351141e-07
   2.6953125000000000e-01   6.4412474425851803e-07   1.3574293189773691e-07   5.0838181236078115e-07
   2.7734375000000000e-01   1.9223199385695877e-08   2.4515386129603598e-07   2.2593066191034011e-07
   2.8515625000000000e-01   7.3464435532497900e-07   4.2719192478878386e-07   3.0745243053619514e-07
   2.9296875000000000e-01   2.0157239996517207e-06   7.3249559595360926e-07   1.2832284036981115e-06
   3.0078125000000000e-01   1.1436056661069760e-06   1.2458506083854557e-06   1.0224494227847969e-07
   3.0859375000000000e-01   1.0188451549658950e-06   2.1065749036494434e-06   1.0877297486835485e-06
   3.1640625000000000e-01   5.2566133773927179e-06   3.5402919929740828e-06   1.7163213844186351e-06
   3.2421875000000000e-01   7.9730663598448819e-06   5.9079316088852859e-06   2.0651347509595960e-06
   3.3203125000000000e-01   7.0170539950907166e-06   9.7804304427403480e-06   2.7633764476496314e-06
   3.3984375000000000e-01   1.5072074584691715e-05   1.6051227804135852e-05   9.7915321944413633e-07
   3.4765625000000000e-01   3.2234273333997333e-05   2.6103548837004602e-05   6.1307244969927306e-06
   3.5546875000000000e-01   4.1761663873355474e-05   4.2055969185610561e-05   2.9430531225508618e-07
   3.6328125000000000e-01   5.8623683624332271e-05   6.7118206063091168e-05   8.4945224387588975e-06
   3.7109375000000000e-01   1.1218739105264925e-04   1.0609981488373479e-04   6.0875761689144567e-06
   3.7890625000000000e-01   1.7766160530816166e-04   1.6612775411422808e-04   1.1533851193933574e-05
   3.8671875000000000e-01   2.4325316619310433e-04   2.5764473282362504e-04   1.4391566630520707e-05
   3.9453125000000000e-01   3.8646870575387412e-04   3.9577874881653000e-04   9.3100430626558758e-06
   4.0234375000000000e-01   6.2972760681099063e-04   6.0219475112994884e-04   2.7532855681041790e-05
   4.1015625000000000e-01   9.0643274191908464e-04   9.0756087829900185e-04   1.1281363799172132e-06
   4.1796875000000000e-01   1.3118245787577295e-03   1.3547824938620774e-03   4.2957915104347918e-05
   4.2578125000000000e-01   2.0234946320191577e-03   2.0031746611868097e-03   2.0319970832348086e-05
   4.3359375000000000e-01   2.9774073369588120e-03   2.9337541830527624e-03   4.3653153906049631e-05
   4.4140625000000000e-01   4.1876838382009273e-03   4.2558312491921225e-03   6.8147410991195242e-05
   4.4921875000000000e-01   6.0659288081754623e-03   6.1150624552243887e-03   4.9133647048926407e-05
   4.5703125000000000e-01   8.7920645210590870e-03   8.7030851188952055e-03   8.8979402163881505e-05
   4.6484375000000000e-01   1.2237955881413349e-02   1.2268780699264703e-02   3.0824817851354824e-05
   4.7265625000000000e-01   1.6949998182692719e-02   1.7131106396642386e-02   1.8110821394966628e-04
   4.8046875000000000e-01   2.3733511439890522e-02   2.3693283676958395e-02   4.0227762932127514e-05
   4.8828125000000000e-01   3.2547583861754777e-02   3.2457938029626474e-02   8.9645832128303071e-05
   4.9609375000000000e-01   4.3759552177470185e-02   4.4042547185848983e-02   2.8299500837879882e-04
   5.0390625000000000e-01   5.8998442647253631e-02   5.9194282111886619e-02   1.9583946463298807e-04
   5.1171875000000000e-01   7.8997390212196164e-02   7.8803029751315062e-02   1.9436046088110170e-04
   5.1953125000000000e-01   1.0370821044050121e-01   1.0391108983293337e-01   2.0287939243215924e-04
   5.2734375000000000e-01   1.3515355868276613e-01   1.3571776892486656e-01   5.6421024210043247e-04
   5.3515625000000000e-01   1.7566056152284423e-01   1.7557688944414146e-01   8.3672078702773378e-05
   5.4296875000000000e-01   2.2510562778178550e-01   2.2498513097824069e-01   1.2049680354481174e-04
   5.5078125000000000e-01   2.8477748727313545e-01   2.8555916971943079e-01   7.8168244629533978e-04
   5.5859375000000000e-01   3.5865221421293142e-01   3.5899982041887546e-01   3.4760620594403990e-04
   5.6640625000000000e-01   4.4757701645209846e-01   4.4704184760990479e-01   5.3516884219367844e-04
   5.7421875000000000e-01   5.5091368799995588e-01   5.5138881818863994e-01   4.7513018868405865e-04
   5.8203125000000000e-01   6.7275535916990714e-01   6.7363331472981414e-01   8.7795555990699548e-04
   5.8984375000000000e-01   8.1592917221187378e-01   8.1516399108734450e-01   7.6518112452927944e-04
   5.9765625000000000e-01   9.7758996906142015e-01   9.7706227230115439e-01   5.2769676026576118e-04
   6.0546875000000000e-01   1.1590290800866212e+00   1.1599928927528838e+00   9.6381266626255346e-04
   6.1328125000000000e-01   1.3647682212504821e+00   1.3640938153400608e+00   6.7440591042133846e-04
   6.2109375000000000e-01   1.5908760965264852e+00   1.5888722450281316e+00   2.0038514983535816e-03
   6.2890625000000000e-01   1.8330596610078707e+00   1.8331142976433550e+00   5.4636635484328622e-05
   6.3671875000000000e-01   2.0952953036111595e+00   2.0948162689415168e+00   4.7903466964260843e-04
   6.4453125000000000e-01   2.3745616213439318e+00   2.3711452509427442e+00   3.4163704011875851e-03
   6.5234375000000000e-01   2.6604076300556110e+00   2.6584359821406336e+00   1.9716479149773924e-03
   6.6015625000000000e-01   2.9528816325731477e+00   2.9522292690755325e+00   6.5236349761521595e-04
   6.6796875000000000e-01   3.2515965506532649e+00   3.2473551180415354e+00   4.2414326117294898e-03
   6.7578125000000000e-01   3.5426694969062122e+00   3.5380609774278371e+00   4.6085194783751504e-03
   6.8359375000000000e-01   3.8198171568716921e+00   3.8181823913807023e+00   1.6347654909898424e-03
   6.9140625000000000e-01   4.0856357306069002e+00   4.0813501396079372e+00   4.2855909989629737e-03
   6.9921875000000000e-01   4.3281296762722201e+00   4.3212248601042225e+00   6.9048161679976516e-03
   7.0703125000000000e-01   4.5352139698835696e+00   4.5317475075793840e+00   3.4664623041855691e-03
   7.1484375000000000e-01   4.7112133868679509e+00   4.7073920597139631e+00   3.8213271539877525e-03
   7.2265625000000000e-01   4.8513762420892297e+00   4.8434058678681282e+00   7.9703742211014728e-03
   7.3046875000000000e-01   4.9416702124642820e+00   4.9360231058625104e+00   5.6471066017715899e-03
   7.3828125000000000e-01   4.9860331425078259e+00   4.9826379519663631e+00   3.3951905414628669e-03
   7.4609375000000000e-01   4.9894178018035236e+00   4.9819263921647048e+00   7.4914096388187801e-03
   8.7890625000000000e-01   1.1573704098017528e+00   1.1542089834878355e+00   3.1614263139172483e-03
   8.8671875000000000e-01   9.7301372253188545e-01   9.7191283120119798e-01   1.1008913306874701e-03
   8.9453125000000000e-01   8.1155471282328884e-01   8.1063622740092400e-01   9.1848542236483421e-04
   9.0234375000000000e-01   6.7192730148670465e-01   6.6970035403486372e-01   2.2269474518409327e-03
   9.1015625000000000e-01   5.4900727141820516e-01   5.4801301872617503e-01   9.9425269203012867e-04
   9.1796875000000000e-01   4.4448525061384148e-01   4.4417800621182807e-01   3.0724440201340686e-04
   9.2578125000000000e-01   3.5797811210731240e-01   3.5659812238846977e-01   1.3799897188426224e-03
   9.3359375000000000e-01   2.8442027856447594e-01   2.8356777868070882e-01   8.5249988376712160e-04
   9.4140625000000000e-01   2.2339557221831083e-01   2.2335235576834392e-01   4.3216449966909654e-05
   9.4921875000000000e-01   1.7498994567085227e-01   1.7425290259272802e-01   7.3704307812424985e-04
   9.5703125000000000e-01   1.3532145225696965e-01   1.3465588292080805e-01   6.6556933616160330e-04
   9.6484375000000000e-01   1.0304499620410937e-01   1.0306862207685559e-01   2.3625872746221854e-05
   9.7265625000000000e-01   7.8465679160417079e-02   7.8141804418636260e-02   3.2387474178081910e-04
   9.8046875000000000e-01   5.9147228779670102e-02   5.8680827385038770e-02   4.6640139463133279e-04
   9.8828125000000000e-01   4.3636130872241566e-02   4.3648050345102454e-02   1.1919472860888458e-05
   9.9609375000000000e-01   3.2258061498576796e-02   3.2158019827610060e-02   1.0004167096673566e-04
   7.5390625000000000e-01   4.9412486867841263e+00   4.9339086993389678e+00   7.3399874451585134e-03
   7.6171875000000000e-01   4.8433961433860109e+00   4.8399484736592004e+00   3.4476697268104317e-03
   7.6953125000000000e-01   4.7085896850457303e+00   4.7026883076033927e+00   5.9013774423375409e-03
   7.7734375000000000e-01   4.5337813854783180e+00   4.5259263116565540e+00   7.8550738217639804e-03
   7.8515625000000000e-01   4.3183192628214950e+00   4.3144415520029558e+00   3.8777108185392706e-03
   7.9296875000000000e-01   4.0778045440254100e+00   4.0737795937984016e+00   4.0249502270084392e-03
   8.0078125000000000e-01   3.8170897654519189e+00   3.8100115663646279e+00   7.0781990872910150e-03
   8.0859375000000000e-01   3.5338057215544789e+00   3.5294813147360546e+00   4.3244068184242757e-03
   8.1640625000000000e-01   3.2410842083764240e+00   3.2385552255699537e+00   2.5289828064702924e-03
   8.2421875000000000e-01   2.9488307683131154e+00   2.9433882696722398e+00   5.4424986408756482e-03
   8.3203125000000000e-01   2.6541133573102780e+00   2.6497178382053259e+00   4.3955191049520614e-03
   8.3984375000000000e-01   2.3643392478536001e+00   2.3626942885314186e+00   1.6449593221814496e-03
   8.4765625000000000e-01   2.0903422904861855e+00   2.0867540290165212e+00   3.5882614696642889e-03
   8.5546875000000000e-01   1.8295025769197484e+00   1.8255377462257174e+00   3.9648306940309741e-03
   8.6328125000000000e-01   1.5831000053300819e+00   1.5818532857291521e+00   1.2467196009298132e-03
   8.7109375000000000e-01   1.3596851728576207e+00   1.3576799733973421e+00   2.0051994602785506e-03
