#                  Coord.                Numerical               Analytical                    Error
   3.9062500000000000e-03  -4.1804465674639357e-02  -4.1264077425037293e-02   5.4038824960206400e-04
   1.1718750000000000e-02   4.8065971709333688e-02   4.8237930261329789e-02   1.7195855199610144e-04
   1.9531250000000000e-02   6.4661213098659825e-02   6.4320714730695991e-02   3.4049836796383459e-04
   2.7343750000000000e-02   1.9227965031146432e-02   1.8684097753647412e-02   5.4386727749902025e-04
   3.5156250000000000e-02  -1.7105098813186642e-02  -1.7368184945960496e-02   2.6308613277385359e-04
   4.2968750000000000e-02  -1.8051311287227145e-03  -1.5594554005246132e-03   2.4567572819810131e-04
   5.0781250000000000e-02   3.5294888995530876e-02   3.5823297883639950e-02   5.2840888810907344e-04
   5.8593750000000000e-02   3.3560149605600054e-02   3.3896526221637822e-02   3.3637661603776875e-04
   6.6406250000000000e-02  -2.4783346022431190e-02  -2.4935824215775570e-02   1.5247819334437973e-04
   7.4218750000000000e-02  -9.0207891586336797e-02  -9.0705730756271599e-02   4.9783916993480226e-04
   8.2031250000000000e-02  -9.3968035644145687e-02  -9.4360540271475918e-02   3.9250462733023128e-04
   8.9843750000000000e-02  -1.6681835447212162e-02  -1.6619525873317369e-02   6.2309573894792775e-05
   9.7656250000000000e-02   9.0296447902640353e-02   9.0750358129564584e-02   4.5391022692423122e-04
   1.0546875000000000e-01   1.4722300142637323e-01   1.4765481827868726e-01   4.3181685231402644e-04
   1.1328125000000000e-01   1.0925930853063415e-01   1.0928267941561436e-01   2.3370884980208895e-05
   1.2109375000000000e-01  -3.0037835575702498e-03  -3.4014525364292987e-03   3.9766897885904883e-04
   1.2890625000000000e-01  -1.2236006431567947e-01  -1.2281320761133090e-01   4.5314329565142308e-04
   1.3671875000000000e-01  -1.7906022283126011e-01  -1.7916223929491984e-01   1.0201646365973205e-04
   1.4453125000000000e-01  -1.3759705559220642e-01  -1.3726564748277248e-01   3.3140810943393939e-04
   1.5234375000000000e-01  -1.1893195700864223e-02  -1.1434767402663139e-02   4.5842829820108393e-04
   1.6015625000000000e-01   1.3910237812083456e-01   1.3927809163970611e-01   1.7571351887155084e-04
   1.6796875000000000e-01   2.3290182460690112e-01   2.3264892884729438e-01   2.5289575960674160e-04
   1.7578125000000000e-01   2.0205386375651474e-01   2.0160952529255002e-01   4.4433846396471632e-04
   1.8359375000000000e-01   3.9160092327619189e-02   3.8920718979293271e-02   2.3937334832591778e-04
   1.9140625000000000e-01  -1.7997891369812358e-01  -1.7981186983963346e-01   1.6704385849011794e-04
   1.9921875000000000e-01  -3.2380967723655485e-01  -3.2339731439621611e-01   4.1236284033874249e-04
   2.0703125000000000e-01  -2.8178735656004394e-01  -2.8149712482678158e-01   2.9023173326236940e-04
   2.1484375000000000e-01  -4.6892424175203506e-02  -4.6970365882341193e-02   7.7941707137686722e-05
   2.2265625000000000e-01   2.5737622702454077e-01   2.5701240737561482e-01   3.6381964892595597e-04
   2.3046875000000000e-01   4.3806411554502511e-01   4.3773985869756388e-01   3.2425684746123506e-04
   2.3828125000000000e-01   3.5432649262495547e-01   3.5432044691920106e-01   6.0457057544094361e-06
   2.4609375000000000e-01   2.2955132551092050e-02   2.3260747669725034e-02   3.0561511863298405e-04
   2.5390625000000000e-01  -3.6879758865163104e-01  -3.6845772092862250e-01   3.3986772300853563e-04
   2.6171875000000000e-01  -5.6576687307227491e-01  -5.6569322604831040e-01   7.3647023964507063e-05
   2.6953125000000000e-01  -4.0900299678679308e-01  -4.0925468234508122e-01   2.5168555828813943e-04
   2.7734375000000000e-01   4.2094044859723900e-02   4.1749125707783954e-02   3.4491915193994582e-04
   2.8515625000000000e-01   5.1958932254163170e-01   5.1946680544703183e-01   1.2251709459987215e-04
   2.9296875000000000e-01   7.0177217453384400e-01   7.0198516132417521e-01   2.1298679033121548e-04
   3.0078125000000000e-01   4.2762651187759482e-01   4.2797806837347124e-01   3.5155649587642612e-04
   3.0859375000000000e-01  -1.6952449643364365e-01  -1.6936749747612687e-01   1.5699895751677961e-04
   3.1640625000000000e-01  -7.1543332505415336e-01  -7.1563070296694209e-01   1.9737791278873207e-04
   3.2421875000000000e-01  -8.2564315509779995e-01  -8.2602000666581976e-01   3.7685156801980924e-04
   3.3203125000000000e-01  -3.7513646555773045e-01  -3.7533090457831797e-01   1.9443902058752238e-04
   3.3984375000000000e-01   3.8082505886254597e-01   3.8102225481962571e-01   1.9719595707973214e-04
   3.4765625000000000e-01   9.4242531513268490e-01   9.4285405499551511e-01   4.2873986283020749e-04
   3.5546875000000000e-01   8.9386232925845355e-01   8.9411797622338174e-01   2.5564696492819117e-04
   3.6328125000000000e-01   2.1106862777624272e-01   2.1087703952828091e-01   1.9158824796181029e-04
   3.7109375000000000e-01  -6.7842553619889712e-01  -6.7892734961583379e-01   5.0181341693666948e-04
   3.7890625000000000e-01  -1.1572830659993829e+00  -1.1576392900748389e+00   3.5622407545599089e-04
   3.8671875000000000e-01  -8.4715941311570220e-01  -8.4700445193572194e-01   1.5496117998026193e-04
   3.9453125000000000e-01   9.2563367597355173e-02   9.3140922054623668e-02   5.7755445726849486e-04
   4.0234375000000000e-01   1.0311146709755881e+00   1.0316147638089952e+00   5.0009283340712862e-04
   4.1015625000000000e-01   1.2869716793200840e+00   1.2869131209361679e+00   5.8558383916107459e-05
   4.1796875000000000e-01   6.2555047340392944e-01   6.2492734356232116e-01   6.2312984160828311e-04
   4.2578125000000000e-01  -5.3043588589135515e-01  -5.3110748529658414e-01   6.7159940522898420e-04
   4.3359375000000000e-01  -1.3629215880629508e+00  -1.3630305244304270e+00   1.0893636747622004e-04
   4.4140625000000000e-01  -1.2383773910977030e+00  -1.2377712796106384e+00   6.0611148706457563e-04
   4.4921875000000000e-01  -1.9507678380547272e-01  -1.9423579667983065e-01   8.4098712564206757e-04
   4.5703125000000000e-01   1.0397747117381331e+00   1.0401176051604046e+00   3.4289342227156183e-04
   4.6484375000000000e-01   1.5537417209316531e+00   1.5532409979329429e+00   5.0072299871017911e-04
   4.7265625000000000e-01   9.2846206909597195e-01   9.2749347233957213e-01   9.6859675639981990e-04
   4.8046875000000000e-01  -4.1398347158940768e-01  -4.1460157455338414e-01   6.1810296397646347e-04
   4.8828125000000000e-01  -1.4874889994573934e+00  -1.4871906074390093e+00   2.9839201838410823e-04
   4.9609375000000000e-01  -1.4683634656410527e+00  -1.4673461831219612e+00   1.0172825190915002e-03
   5.0390625000000000e-01  -3.3600487805585011e-01  -3.3511042444621864e-01   8.9445360963147369e-04
   5.1171875000000000e-01   1.0761653188625777e+00   1.0761506362179334e+00   1.4682644644326004e-05
   5.1953125000000000e-01   1.6917715138404097e+00   1.6908076013892710e+00   9.6391245113869317e-04
   5.2734375000000000e-01   1.0191810708816917e+00   1.0180523026298631e+00   1.1287682518286157e-03
   5.3515625000000000e-01  -4.4552305383441948e-01  -4.4584477091998959e-01   3.2171708557010570e-04
   5.4296875000000000e-01  -1.5775935500127303e+00  -1.5767900995084014e+00   8.0345050432883980e-04
   5.5078125000000000e-01  -1.4910955842797269e+00  -1.4898141251616002e+00   1.2814591181267154e-03
   5.5859375000000000e-01  -2.4330782904080139e-01  -2.4264213237347906e-01   6.6569666732232968e-04
   5.6640625000000000e-01   1.1922094742340770e+00   1.1916586328042795e+00   5.5084142979744399e-04
   5.7421875000000000e-01   1.6845870737507702e+00   1.6832579534838459e+00   1.3291202669243329e-03
   5.8203125000000000e-01   8.4573452781451919e-01   8.4476022800331396e-01   9.7429981120522591e-04
   5.8984375000000000e-01  -6.5196768386993176e-01  -6.5173179949791527e-01   2.3588437201649270e-04
   5.9765625000000000e-01  -1.6095923482072776e+00  -1.6083258252519665e+00   1.2665229553110446e-03
   6.0546875000000000e-01  -1.2672068480421252e+00  -1.2659941832033703e+00   1.2126648387549288e-03
   6.1328125000000000e-01   8.1281923422900137e-02   8.1386587790795190e-02   1.0466436789505207e-04
   6.2109375000000000e-01   1.3311099636741441e+00   1.3300050547791358e+00   1.1049088950083608e-03
   6.2890625000000000e-01   1.4733399396592914e+00   1.4719812009809912e+00   1.3587386783002753e-03
   6.3671875000000000e-01   4.1946126005931111e-01   4.1902715774135335e-01   4.3410231795776300e-04
   6.4453125000000000e-01  -9.3873054197958972e-01  -9.3786508643705302e-01   8.6545554253669721e-04
   6.5234375000000000e-01  -1.4809859453488343e+00  -1.4795815815809645e+00   1.4043637678697873e-03
   6.6015625000000000e-01  -7.8989122318217797e-01  -7.8917216546126445e-01   7.1905772091351849e-04
   6.6796875000000000e-01   5.1930877777995077e-01   5.1872800240026951e-01   5.8077537968126425e-04
   6.7578125000000000e-01   1.3390882706002407e+00   1.3377344758486136e+00   1.3537947516271132e-03
   6.8359375000000000e-01   1.0104170455851236e+00   1.0094793665216031e+00   9.3767906352049124e-04
   6.9140625000000000e-01  -1.3933204550908443e-01  -1.3905141338860272e-01   2.8063212048171082e-04
   6.9921875000000000e-01  -1.1081612492549571e+00  -1.1069384904707935e+00   1.2227587841635579e-03
   7.0703125000000000e-01  -1.0929175531138711e+00  -1.0918385038697751e+00   1.0790492440959643e-03
   7.1484375000000000e-01  -1.6168281815215407e-01  -1.6167585763747994e-01   6.9605146741369417e-06
   7.2265625000000000e-01   8.4444501190950838e-01   8.4341135543445789e-01   1.0336564750504929e-03
   7.3046875000000000e-01   1.0676796453665636e+00   1.0665372881921291e+00   1.1423571744344496e-03
   7.3828125000000000e-01   3.6934726529736284e-01   3.6908681052135345e-01   2.6045477600938893e-04
   7.4609375000000000e-01  -5.9097134545686847e-01  -5.9016103671022602e-01   8.1030874664245189e-04
   8.7890625000000000e-01   3.6163502866229841e-01   3.6090530447261016e-01   7.2972418968825226e-04
   8.8671875000000000e-01   5.1746225561305870e-02   5.1481047717036640e-02   2.6517784426922930e-04
   8.9453125000000000e-01  -2.6287496687443557e-01  -2.6246493131557863e-01   4.1003555885693599e-04
   9.0234375000000000e-01  -2.9266580360019828e-01  -2.9197329060286803e-01   6.9251299733025240e-04
   9.1015625000000000e-01  -4.7516701083395979e-02  -4.7163898578173116e-02   3.5280250522286283e-04
   9.1796875000000000e-01   2.0858961652877556e-01   2.0830635676300327e-01   2.8325976577228684e-04
   9.2578125000000000e-01   2.3478092233595405e-01   2.3413777155782362e-01   6.4315077813043020e-04
   9.3359375000000000e-01   3.5822429167634007e-02   3.5399632899252721e-02   4.2279626838128553e-04
   9.4140625000000000e-01  -1.7287799811068685e-01  -1.7271623290360866e-01   1.6176520707819608e-04
   9.4921875000000000e-01  -1.9401431524346915e-01  -1.9343133696090700e-01   5.8297828256215212e-04
   9.5703125000000000e-01  -3.1258580831984739e-02  -3.0780553788756691e-02   4.7802704322804854e-04
   9.6484375000000000e-01   1.4073406715275261e-01   1.4068991169269368e-01   4.4155460058925566e-05
   9.7265625000000000e-01   1.6304352298939478e-01   1.6253122826198385e-01   5.1229472741093351e-04
   9.8046875000000000e-01   3.8063775290228974e-02   3.7545302981713220e-02   5.1847230851575360e-04
   9.8828125000000000e-01  -9.7974109352932728e-02  -9.8042875125903775e-02   6.8765772971046690e-05
   9.9609375000000000e-01  -1.2363472652082930e-01  -1.2320466678681749e-01   4.3005973401180619e-04
   7.5390625000000000e-01  -9.7147262625068720e-01  -9.7033880829183894e-01   1.1338179588482600e-03
   7.6171875000000000e-01  -4.8820389823491800e-01  -4.8773837360987327e-01   4.6552462504473313e-04
   7.6953125000000000e-01   3.7457438980424979e-01   3.7400030036080673e-01   5.7408944344305990e-04
   7.7734375000000000e-01   8.3887048428384947e-01   8.3780431469439409e-01   1.0661695894553791e-03
   7.8515625000000000e-01   5.3439103671790034e-01   5.3377953195782901e-01   6.1150476007132415e-04
   7.9296875000000000e-01  -2.0674313392506483e-01  -2.0639321190394935e-01   3.4992202111547299e-04
   8.0078125000000000e-01  -6.9676210355071222e-01  -6.9580503196917598e-01   9.5707158153623961e-04
   8.0859375000000000e-01  -5.2850410432391348e-01  -5.2780263829046825e-01   7.0146603344523051e-04
   8.1640625000000000e-01   8.7059978897969514e-02   8.6909889711860852e-02   1.5008918610866229e-04
   8.2421875000000000e-01   5.6190210488341696e-01   5.6107796913442676e-01   8.2413574899020681e-04
   8.3203125000000000e-01   4.8934821609252055e-01   4.8860488252484552e-01   7.4333356767503078e-04
   8.3984375000000000e-01  -8.7668711915325215e-03  -8.7847539094203335e-03   1.7882717887812011e-05
   8.4765625000000000e-01  -4.4221361724630903e-01  -4.4152975762524238e-01   6.8385962106665144e-04
   8.5546875000000000e-01  -4.3050799181315957e-01  -4.2975824044006866e-01   7.4975137309091222e-04
   8.6328125000000000e-01  -3.5526137272160557e-02  -3.5370857448313045e-02   1.5527982384751227e-04
   8.7109375000000000e-01   3.4137983127674187e-01   3.4083560761904458e-01   5.4422365769729586e-04
