#                  Coord.                Numerical               Analytical                    Error
   3.9062500000000000e-03   1.4431101561503124e-01   1.4193212401494629e-01   2.3788916000849480e-03
   1.1718750000000000e-02  -7.6800893346790938e-02  -7.7752692316029035e-02   9.5179896923809626e-04
   1.9531250000000000e-02  -3.0709051854584124e-01  -3.0571750803776337e-01   1.3730105080778654e-03
   2.7343750000000000e-02  -3.0899894707025938e-01  -3.0644178747907930e-01   2.5571595911800804e-03
   3.5156250000000000e-02  -5.7051733362279144e-03  -4.1989324987408774e-03   1.5062408374870370e-03
   4.2968750000000000e-02   3.9212128915483513e-01   3.9119695030001428e-01   9.2433885482084976e-04
   5.0781250000000000e-02   5.2102836348082482e-01   5.1841039810992928e-01   2.6179653708955364e-03
   5.8593750000000000e-02   1.8797326331223180e-01   1.8593225389905915e-01   2.0410094131726453e-03
   6.6406250000000000e-02  -3.9918897404960996e-01  -3.9882072992950224e-01   3.6824412010771912e-04
   7.4218750000000000e-02  -7.4345106268820838e-01  -7.4092784935370781e-01   2.5232133345005625e-03
   8.2031250000000000e-02  -4.7417694233509233e-01  -4.7167491337837586e-01   2.5020289567164733e-03
   8.9843750000000000e-02   2.7754237133495419e-01   2.7781034611615807e-01   2.6797478120388352e-04
   9.7656250000000000e-02   9.1116162314762461e-01   9.0891235250129521e-01   2.2492706463294043e-03
   1.0546875000000000e-01   8.3476507307729020e-01   8.3193480241937590e-01   2.8302706579143022e-03
   1.1328125000000000e-01   9.3108596691826584e-03   8.3755733115898172e-03   9.3528635759284121e-04
   1.2109375000000000e-01  -9.3779975648340863e-01  -9.3600349478291622e-01   1.7962617004924075e-03
   1.2890625000000000e-01  -1.1910306797607881e+00  -1.1880563659812964e+00   2.9743137794917551e-03
   1.3671875000000000e-01  -4.5109585525317658e-01  -4.4952543640768194e-01   1.5704188454946366e-03
   1.4453125000000000e-01   7.4695581753865636e-01   7.4576398314520420e-01   1.1918343934521625e-03
   1.5234375000000000e-01   1.4236612162357785e+00   1.4207563410566471e+00   2.9048751791314054e-03
   1.6015625000000000e-01   9.6679673665311916e-01   9.6469484064837496e-01   2.1018960047441970e-03
   1.6796875000000000e-01  -3.1799558927648475e-01  -3.1750498649279413e-01   4.9060278369061905e-04
   1.7578125000000000e-01  -1.4131317886323149e+00  -1.4105169905914570e+00   2.6147980408579574e-03
   1.8359375000000000e-01  -1.4119054110904035e+00  -1.4094365872472563e+00   2.4688238431471721e-03
   1.9140625000000000e-01  -2.7867522453517912e-01  -2.7844161044284488e-01   2.3361409233424446e-04
   1.9921875000000000e-01   1.0996652130235667e+00   1.0975306634018622e+00   2.1345496217044513e-03
   2.0703125000000000e-01   1.6266708655637094e+00   1.6240393116392684e+00   2.6315539244410324e-03
   2.1484375000000000e-01   8.8538272146114094e-01   8.8448269047477401e-01   9.0003098636692869e-04
   2.2265625000000000e-01  -5.3099711000767313e-01  -5.2947386022201637e-01   1.5232497856567662e-03
   2.3046875000000000e-01  -1.5095750459703750e+00  -1.5069968043427173e+00   2.5782416276576292e-03
   2.3828125000000000e-01  -1.3115699988133200e+00  -1.3101384561393952e+00   1.4315426739248682e-03
   2.4609375000000000e-01  -1.3674049907763841e-01  -1.3760580763216138e-01   8.6530855452296440e-04
   2.5390625000000000e-01   1.0769905112653475e+00   1.0746561313044958e+00   2.3343799608517291e-03
   2.6171875000000000e-01   1.4185892592847069e+00   1.4168134038372033e+00   1.7758554475035826e-03
   2.6953125000000000e-01   6.9740770040829203e-01   6.9766129797711185e-01   2.5359756881981887e-04
   2.7734375000000000e-01  -4.6882013069608652e-01  -4.6685729662017134e-01   1.9628340759151874e-03
   2.8515625000000000e-01  -1.1886582000232391e+00  -1.1867467244976850e+00   1.9114755255540405e-03
   2.9296875000000000e-01  -9.8709201817985659e-01  -9.8686389667168095e-01   2.2812150817563825e-04
   3.0078125000000000e-01  -1.1140819693321424e-01  -1.1295611590860850e-01   1.5479189753942607e-03
   3.0859375000000000e-01   7.3431354332128984e-01   7.3244558525967118e-01   1.8679580616186575e-03
   3.1640625000000000e-01   9.5814261091204367e-01   9.5761121639565372e-01   5.3139451638994917e-04
   3.2421875000000000e-01   4.9118894463851270e-01   4.9236833882495828e-01   1.1793941864455815e-03
   3.3203125000000000e-01  -2.3954362771155099e-01  -2.3783173500534505e-01   1.7118927062059475e-03
   3.3984375000000000e-01  -6.9066325141150875e-01  -6.9000871853363743e-01   6.5453287787131664e-04
   3.4765625000000000e-01  -6.0301232221283274e-01  -6.0393653358970711e-01   9.2421137687437316e-04
   3.5546875000000000e-01  -1.3189007962926955e-01  -1.3341665088570454e-01   1.5265712564349887e-03
   3.6328125000000000e-01   3.3707584094396054e-01   3.3643756977286327e-01   6.3827117109727105e-04
   3.7109375000000000e-01   4.9595722554724775e-01   4.9676895800894555e-01   8.1173246169780056e-04
   3.7890625000000000e-01   3.0542844237441602e-01   3.0681764969920250e-01   1.3892073247864789e-03
   3.8671875000000000e-01  -3.8279250520527552e-02  -3.7726138409852963e-02   5.5311211067458899e-04
   3.9453125000000000e-01  -2.8572607074667727e-01  -2.8655579146853966e-01   8.2972072186238144e-04
   4.0234375000000000e-01  -3.0583666140966181e-01  -3.0719059239557989e-01   1.3539309859180726e-03
   4.1015625000000000e-01  -1.3655157829621412e-01  -1.3702883721123954e-01   4.7725891502542472e-04
   4.1796875000000000e-01   8.2189546828449575e-02   8.3119838505957527e-02   9.3029167750795227e-04
   4.2578125000000000e-01   2.1419458836150590e-01   2.1563239760923381e-01   1.4378092477279059e-03
   4.3359375000000000e-01   1.9780420817037592e-01   1.9828404028623739e-01   4.7983211586147267e-04
   4.4140625000000000e-01   6.0084808949486535e-02   5.9038703337049123e-02   1.0461056124374118e-03
   4.4921875000000000e-01  -1.0849554282605711e-01  -1.1011882198745346e-01   1.6232791613963460e-03
   4.5703125000000000e-01  -2.0012184466842919e-01  -2.0072469526552567e-01   6.0285059709647149e-04
   4.6484375000000000e-01  -1.4755386923220404e-01  -1.4644506469333154e-01   1.1088045388724932e-03
   4.7265625000000000e-01   2.4708163354972723e-02   2.6573987858379760e-02   1.8658245034070368e-03
   4.8046875000000000e-01   1.9572828903535766e-01   1.9658327247550031e-01   8.5498344014264815e-04
   4.8828125000000000e-01   2.2021483703579964e-01   2.1914793613327072e-01   1.0669009025289222e-03
   4.9609375000000000e-01   4.8039951657337543e-02   4.5929131396029811e-02   2.1108202613077318e-03
   5.0390625000000000e-01  -2.0388180913936826e-01  -2.0509869033341860e-01   1.2168811940503343e-03
   5.1171875000000000e-01  -3.1577945981410427e-01  -3.1488579370496605e-01   8.9366610913821365e-04
   5.1953125000000000e-01  -1.4764103392118072e-01  -1.4533513074029453e-01   2.3059031808861929e-03
   5.2734375000000000e-01   2.0485942606721974e-01   2.0651308321420297e-01   1.6536571469832340e-03
   5.3515625000000000e-01   4.4413924973265750e-01   4.4356153501883644e-01   5.7771471382106476e-04
   5.4296875000000000e-01   3.1143020440639507e-01   3.0902539139801788e-01   2.4048130083771935e-03
   5.5078125000000000e-01  -1.5218153624055170e-01  -1.5429924371195630e-01   2.1177074714046062e-03
   5.5859375000000000e-01  -5.7749579098353376e-01  -5.7736515940759991e-01   1.3063157593384833e-04
   5.6640625000000000e-01  -5.5187740576372590e-01  -5.4950411245095498e-01   2.3732933127709188e-03
   5.7421875000000000e-01  -5.5367407154218728e-03  -2.9765816575923949e-03   2.5601590578294780e-03
   5.8203125000000000e-01   6.5461885267511244e-01   6.5504599097867255e-01   4.2713830356011506e-04
   5.8984375000000000e-01   8.3987289005591803e-01   8.3768889332269647e-01   2.1839967332215604e-03
   5.9765625000000000e-01   2.9790801500903241e-01   2.9497986861998687e-01   2.9281463890455384e-03
   6.0546875000000000e-01  -5.9882510899123420e-01  -5.9988837944395279e-01   1.0632704527185899e-03
   6.1328125000000000e-01  -1.1000346929504847e+00  -1.0982160398549929e+00   1.8186530954917846e-03
   6.2109375000000000e-01  -7.0625585779312505e-01  -7.0308959043799035e-01   3.1662673551346998e-03
   6.2890625000000000e-01   3.4979345345494034e-01   3.5152449874097785e-01   1.7310452860375136e-03
   6.3671875000000000e-01   1.2255220836121938e+00   1.2242461455128837e+00   1.2759380993101477e-03
   6.4453125000000000e-01   1.1483544614623784e+00   1.1451344643681736e+00   3.2199970942048406e-03
   6.5234375000000000e-01   9.7579439885996322e-02   9.5210375261869110e-02   2.3690646241272123e-03
   6.6015625000000000e-01  -1.1165597453428924e+00  -1.1159917020753689e+00   5.6804326752346590e-04
   6.6796875000000000e-01  -1.4897541644948769e+00  -1.4867116477275824e+00   3.0425167672945008e-03
   6.7578125000000000e-01  -6.6569750680563899e-01  -6.6279942665686131e-01   2.8980801487776819e-03
   6.8359375000000000e-01   7.3319452372405092e-01   7.3344562930352541e-01   2.5110557947449763e-04
   6.9140625000000000e-01   1.5893810035537492e+00   1.5867670950871333e+00   2.6139084666159107e-03
   6.9921875000000000e-01   1.2013068465499641e+00   1.1980697175984660e+00   3.2371289514980806e-03
   7.0703125000000000e-01  -1.3594613459976984e-01  -1.3704571470936419e-01   1.0995801095943503e-03
   7.1484375000000000e-01  -1.3663345668975604e+00  -1.3643816418028591e+00   1.9529250947012411e-03
   7.2265625000000000e-01  -1.5274699326139416e+00  -1.5241471352654314e+00   3.3227973485101536e-03
   7.3046875000000000e-01  -5.1623764073605583e-01  -5.1436095767431433e-01   1.8766830617414909e-03
   7.3828125000000000e-01   8.5347876449601268e-01   8.5235823446536862e-01   1.1205300306440513e-03
   7.4609375000000000e-01   1.5230499966640378e+00   1.5199238812388267e+00   3.1261154252111290e-03
   8.7890625000000000e-01  -3.4088569137897839e-01  -3.3855335269827630e-01   2.3323386807020952e-03
   8.8671875000000000e-01  -3.8446729697569082e-01  -3.8377671972761979e-01   6.9057724807103371e-04
   8.9453125000000000e-01  -1.6373012978731094e-01  -1.6522307285384272e-01   1.4929430665317767e-03
   9.0234375000000000e-01   1.1110436427430459e-01   1.0877168527239141e-01   2.3326790019131821e-03
   9.1015625000000000e-01   2.3889885176899078e-01   2.3775990793047411e-01   1.1389438385166761e-03
   9.1796875000000000e-01   1.6919002205951306e-01   1.7020790197057906e-01   1.0178799110659997e-03
   9.2578125000000000e-01   7.0654532715790364e-03   9.3204358606307890e-03   2.2549825890517527e-03
   9.3359375000000000e-01  -9.9584926436772234e-02  -9.8074947518961314e-02   1.5099789178109196e-03
   9.4140625000000000e-01  -8.6231494539873887e-02  -8.6784849173446671e-02   5.5335463357278347e-04
   9.4921875000000000e-01  -8.8491863740905174e-03  -1.0977215057442015e-02   2.1280286833514975e-03
   9.5703125000000000e-01   2.9278823114662414e-02   2.7444657967324274e-02   1.8341651473381404e-03
   9.6484375000000000e-01  -1.2514497283562798e-02  -1.2431596265443927e-02   8.2901018118870795e-05
   9.7265625000000000e-01  -7.0572573341459305e-02  -6.8618975264972890e-02   1.9535980764864153e-03
   9.8046875000000000e-01  -4.6425404446041874e-02  -4.4297915194830485e-02   2.1274892512113883e-03
   9.8828125000000000e-01   7.6380045317495884e-02   7.6796349086216770e-02   4.1630376872088537e-04
   9.9609375000000000e-01   1.8811625833789697e-01   1.8640588729840249e-01   1.7103710394944793e-03
   7.5390625000000000e-01   1.0228261437357751e+00   1.0203450573699724e+00   2.4810863658026872e-03
   7.6171875000000000e-01  -2.0056653749911102e-01  -2.0034984933579791e-01   2.1668816331310570e-04
   7.6953125000000000e-01  -1.1873733776688518e+00  -1.1847052338324695e+00   2.6681438363822529e-03
   7.7734375000000000e-01  -1.2308341015350412e+00  -1.2279949565204960e+00   2.8391450145452968e-03
   7.8515625000000000e-01  -3.8532261753674857e-01  -3.8467487270252926e-01   6.4774483421931039e-04
   7.9296875000000000e-01   6.4791861059801326e-01   6.4590137169532835e-01   2.0172389026849036e-03
   8.0078125000000000e-01   1.1070041494736187e+00   1.1040795099825622e+00   2.9246394910564799e-03
   8.0859375000000000e-01   7.3400184313420058e-01   7.3263027858501495e-01   1.3715645491856332e-03
   8.1640625000000000e-01  -1.0061799083537926e-01  -9.9346953465445600e-02   1.2710373699336558e-03
   8.2421875000000000e-01  -7.4868759490253589e-01  -7.4592533230388081e-01   2.7622625986550853e-03
   8.3203125000000000e-01  -7.8707456855092328e-01  -7.8518160187812314e-01   1.8929666728001449e-03
   8.3984375000000000e-01  -2.8404636228063468e-01  -2.8457600307023778e-01   5.2964078960310301e-04
   8.4765625000000000e-01   3.2666812270711165e-01   3.2424926927718400e-01   2.4188534299276476e-03
   8.5546875000000000e-01   6.1018886474552114e-01   6.0798587075558808e-01   2.2029939899330664e-03
   8.6328125000000000e-01   4.3340887718721532e-01   4.3327355962200603e-01   1.3531756520929195e-04
   8.7109375000000000e-01   2.9310008500392226e-03   4.9041844170024627e-03   1.9731835669632401e-03
