#                  Coord.                Numerical               Analytical                    Error
   3.9062500000000000e-03   1.0339533459423047e+00   1.0337990156117884e+00   1.5433033051626133e-04
   1.1718750000000000e-02   1.3053366475791803e+00   1.3050695260038345e+00   2.6712157534580783e-04
   1.9531250000000000e-02   6.1184406764199217e-01   6.1154022351115589e-01   3.0384413083628381e-04
   2.7343750000000000e-02  -4.9401367823964104e-01  -4.9421315422583217e-01   1.9947598619113327e-04
   3.5156250000000000e-02  -1.1913860233882509e+00  -1.1912869628974028e+00   9.9060490848179583e-05
   4.2968750000000000e-02  -1.0043057029793629e+00  -1.0038539407021345e+00   4.5176227722842910e-04
   5.0781250000000000e-02  -1.1925441249478116e-01  -1.1870550180240508e-01   5.4891069237608670e-04
   5.8593750000000000e-02   7.9601929222387258e-01   7.9620370049064104e-01   1.8440826676846545e-04
   6.6406250000000000e-02   1.0995443745277853e+00   1.0990967235330158e+00   4.4765099476951065e-04
   7.4218750000000000e-02   6.2232155943851586e-01   6.2149879465643876e-01   8.2276478207710113e-04
   8.2031250000000000e-02  -2.5039598444777267e-01  -2.5092315440542146e-01   5.2716995764878760e-04
   8.9843750000000000e-02  -8.8797645578429973e-01  -8.8768487911904093e-01   2.9157666525880810e-04
   9.7656250000000000e-02  -8.6870957130263493e-01  -8.6774403679141476e-01   9.6553451122016742e-04
   1.0546875000000000e-01  -2.5639971277981938e-01  -2.5554149394667097e-01   8.5821883314840530e-04
   1.1328125000000000e-01   4.7861019781878233e-01   4.7859016268519999e-01   2.0035133582341214e-05
   1.2109375000000000e-01   8.1689026332807435e-01   8.1593608372882764e-01   9.5417959924670726e-04
   1.2890625000000000e-01   5.5960194668410934e-01   5.5849059215301144e-01   1.1113545310978967e-03
   1.3671875000000000e-01  -5.3365805865997873e-02  -5.3669207567248391e-02   3.0340170125051774e-04
   1.4453125000000000e-01  -5.5073852430908765e-01  -5.4993620327955972e-01   8.0232102952793038e-04
   1.5234375000000000e-01  -5.9446448843758803e-01  -5.9322044244245842e-01   1.2440459951296168e-03
   1.6015625000000000e-01  -2.1856235319869038e-01  -2.1794872676065863e-01   6.1362643803175576e-04
   1.6796875000000000e-01   2.3602261463726887e-01   2.3546621981260710e-01   5.5639482466177115e-04
   1.7578125000000000e-01   4.2156994042367502e-01   4.2032082146855465e-01   1.2491189551203652e-03
   1.8359375000000000e-01   2.5975882964586117e-01   2.5890353811107009e-01   8.5529153479108055e-04
   1.9140625000000000e-01  -3.5052172898949158e-02  -3.4774335368834008e-02   2.7783753011514922e-04
   1.9921875000000000e-01  -1.8595570019123797e-01  -1.8480221137552022e-01   1.1534888157177514e-03
   2.0703125000000000e-01  -1.1161816913979727e-01  -1.1061390053970001e-01   1.0042686000972662e-03
   2.1484375000000000e-01   2.9110502232212787e-02   2.9087129172462783e-02   2.3373059750003700e-05
   2.2265625000000000e-01   3.5657366742692653e-02   3.4649133966756535e-02   1.0082327759361187e-03
   2.3046875000000000e-01  -1.0368666341564628e-01  -1.0476133817617092e-01   1.0746747605246409e-03
   2.3828125000000000e-01  -1.9299284313752751e-01  -1.9317161795172771e-01   1.7877481420019992e-04
   2.4609375000000000e-01  -5.0425844938384645e-02  -4.9563276543897195e-02   8.6256839448745071e-04
   2.5390625000000000e-01   2.5723952336198075e-01   2.5834303302098688e-01   1.1035096590061300e-03
   2.6171875000000000e-01   4.2986789685363036e-01   4.3019833365964794e-01   3.3043680601757552e-04
   2.6953125000000000e-01   2.2074868952610072e-01   2.2000390697164823e-01   7.4478255445248331e-04
   2.7734375000000000e-01  -2.7397872935976630e-01  -2.7511192291630171e-01   1.1331935565354057e-03
   2.8515625000000000e-01  -6.3449787348883446e-01  -6.3496421043276996e-01   4.6633694393549696e-04
   2.9296875000000000e-01  -4.7894011347597498e-01  -4.7828727104089114e-01   6.5284243508384465e-04
   3.0078125000000000e-01   1.4692803016499828e-01   1.4811975575744737e-01   1.1917255924490944e-03
   3.0859375000000000e-01   7.3957815416578399e-01   7.4020548914188866e-01   6.2733497610467648e-04
   3.1640625000000000e-01   7.4877540050361036e-01   7.4822186213159636e-01   5.5353837201399525e-04
   3.2421875000000000e-01   8.9527301598409187e-02   8.8251515210374831e-02   1.2757863880343556e-03
   3.3203125000000000e-01  -7.2169092290108661e-01  -7.2253424329730709e-01   8.4332039622048161e-04
   3.3984375000000000e-01  -9.7520294131856589e-01  -9.7480104114106192e-01   4.0190017750396656e-04
   3.4765625000000000e-01  -3.9403084601466959e-01  -3.9267625237781817e-01   1.3545936368514200e-03
   3.5546875000000000e-01   5.7916654680563973e-01   5.8028713218701833e-01   1.1205853813786026e-03
   3.6328125000000000e-01   1.1212007403718138e+00   1.1210461289932472e+00   1.5461137856664919e-04
   3.7109375000000000e-01   7.3047679150190414e-01   7.2910351502102799e-01   1.3732764808761511e-03
   3.7890625000000000e-01  -3.1307745603325832e-01  -3.1450581057416338e-01   1.4283545409050635e-03
   3.8671875000000000e-01  -1.1497000094223906e+00  -1.1499025437474422e+00   2.0253432505157321e-04
   3.9453125000000000e-01  -1.0553959151918644e+00  -1.0541202366537534e+00   1.2756785381109470e-03
   4.0234375000000000e-01  -6.8115165335808858e-02  -6.6408917299071960e-02   1.7062480367368987e-03
   4.1015625000000000e-01   1.0182955035054948e+00   1.0189484234594928e+00   6.5291995399796576e-04
   4.1796875000000000e-01   1.3022258186895848e+00   1.3012005650018121e+00   1.0252536877726204e-03
   4.2578125000000000e-01   5.2614651828655878e-01   5.2426182270105770e-01   1.8846955855010838e-03
   4.3359375000000000e-01  -6.9892790648726344e-01  -7.0006819801420517e-01   1.1402915269417280e-03
   4.4140625000000000e-01  -1.3863931120620039e+00  -1.3857754997870282e+00   6.1761227497569848e-04
   4.4921875000000000e-01  -9.7664575673345855e-01  -9.7474617159827248e-01   1.8995851351860660e-03
   4.5703125000000000e-01   2.1049611016540665e-01   2.1208112538026044e-01   1.5850152148537966e-03
   4.6484375000000000e-01   1.2371904623875247e+00   1.2370994616136057e+00   9.1000773918992195e-05
   4.7265625000000000e-01   1.2999436807518765e+00   1.2982252448264417e+00   1.7184359254347470e-03
   4.8046875000000000e-01   3.6059212188320106e-01   3.5868516130790656e-01   1.9069605752944918e-03
   4.8828125000000000e-01  -8.4092501128768404e-01  -8.4141201209126226e-01   4.8700080357821918e-04
   4.9609375000000000e-01  -1.3817681043265535e+00  -1.3804246586923985e+00   1.3434456341550050e-03
   5.0390625000000000e-01  -8.7186045734825901e-01  -8.6982219277714323e-01   2.0382645711157776e-03
   5.1171875000000000e-01   2.6939845036217125e-01   2.7042506868934674e-01   1.0266183271754881e-03
   5.1953125000000000e-01   1.1670085190329715e+00   1.1661919854032705e+00   8.1653362970102172e-04
   5.2734375000000000e-01   1.1709109842449217e+00   1.1689699374497895e+00   1.9410467951321841e-03
   5.3515625000000000e-01   3.2764716667789012e-01   3.2620781571798346e-01   1.4393509599066601e-03
   5.4296875000000000e-01  -6.9893108225630862e-01  -6.9871625525484327e-01   2.1482700146535638e-04
   5.5078125000000000e-01  -1.1593350307682133e+00  -1.1577137458524513e+00   1.6212849157619669e-03
   5.5859375000000000e-01  -7.7107558027878742e-01  -7.6942099650755180e-01   1.6545837712356182e-03
   5.6640625000000000e-01   1.1880942977202480e-01   1.1917975914464947e-01   3.7032937262466981e-04
   5.7421875000000000e-01   8.4395985643411431e-01   8.4283679439219650e-01   1.1230620419178106e-03
   5.8203125000000000e-01   9.2514487035801762e-01   9.2350938816930428e-01   1.6354821887133442e-03
   5.8984375000000000e-01   3.8256661723887420e-01   3.8171855611830519e-01   8.4806112056901028e-04
   5.9765625000000000e-01  -3.4517391532644809e-01  -3.4465084110726163e-01   5.2307421918645902e-04
   6.0546875000000000e-01  -7.6013938445865059e-01  -7.5875252266981641e-01   1.3868617888341817e-03
   6.1328125000000000e-01  -6.4442677495107081e-01  -6.4327887988398291e-01   1.1478950670879007e-03
   6.2109375000000000e-01  -1.4989834270794400e-01  -1.4981155303713228e-01   8.6789670811715514e-05
   6.2890625000000000e-01   3.6883907982320047e-01   3.6788731399977720e-01   9.5176582342326732e-04
   6.3671875000000000e-01   6.0745551034688328e-01   6.0622404823958076e-01   1.2314621073025167e-03
   6.4453125000000000e-01   4.7095368703639379e-01   4.7033626554426916e-01   6.1742149212462571e-04
   6.5234375000000000e-01   7.8006680243095761e-02   7.8408334818610009e-02   4.0165457551424866e-04
   6.6015625000000000e-01  -3.3609660645077288e-01  -3.3499902372254070e-01   1.0975827282321826e-03
   6.6796875000000000e-01  -5.4081004458131343e-01  -5.3981506581968153e-01   9.9497876163190391e-04
   6.7578125000000000e-01  -4.1633404223806181e-01  -4.1615898740615609e-01   1.7505483190571880e-04
   6.8359375000000000e-01  -2.3890853263772868e-02  -2.4671859538387939e-02   7.8100627461507102e-04
   6.9140625000000000e-01   4.0010577997534275e-01   3.9892980454961852e-01   1.1759754257242294e-03
   6.9921875000000000e-01   5.6534637181326897e-01   5.6465438137061219e-01   6.9199044265677578e-04
   7.0703125000000000e-01   3.2834868831709724e-01   3.2869252711860947e-01   3.4383880151223067e-04
   7.1484375000000000e-01  -1.6622060029946412e-01  -1.6506816939401428e-01   1.1524309054498361e-03
   7.2265625000000000e-01  -5.5078982470052007e-01  -5.4970854557582560e-01   1.0812791246944675e-03
   7.3046875000000000e-01  -5.0706346398610180e-01  -5.0692187781107390e-01   1.4158617502790793e-04
   7.3828125000000000e-01  -4.5417870272688843e-02  -4.6362529047623807e-02   9.4465877493496442e-04
   7.4609375000000000e-01   4.6438524487968907e-01   4.6308784648294982e-01   1.2973983967392577e-03
   8.7890625000000000e-01  -1.1212648372220397e+00  -1.1202045108730720e+00   1.0603263489676884e-03
   8.8671875000000000e-01  -4.0364821811287210e-01  -4.0340644933916886e-01   2.4176877370324368e-04
   8.9453125000000000e-01   7.0649984217810535e-01   7.0577098657280546e-01   7.2885560529989402e-04
   9.0234375000000000e-01   1.2851357863844561e+00   1.2840856062549308e+00   1.0501801295252911e-03
   9.1015625000000000e-01   8.1919192057278889e-01   8.1868533657842979e-01   5.0658399435909995e-04
   9.1796875000000000e-01  -3.4454883978836165e-01  -3.4415300792729936e-01   3.9583186106229018e-04
   9.2578125000000000e-01  -1.2675976511743339e+00  -1.2667019469840313e+00   8.9570419030260418e-04
   9.3359375000000000e-01  -1.1885097652933485e+00  -1.1878714037096116e+00   6.3836158373686835e-04
   9.4140625000000000e-01  -1.5256549915982198e-01  -1.5264442324771715e-01   7.8924087895171358e-05
   9.4921875000000000e-01   1.0199795896085238e+00   1.0193526643614108e+00   6.2692524711294162e-04
   9.5703125000000000e-01   1.3973515000491603e+00   1.3967362081938379e+00   6.1529185532238628e-04
   9.6484375000000000e-01   6.8340613229950020e-01   6.8324269278457705e-01   1.6343951492314712e-04
   9.7265625000000000e-01  -5.5601647071364391e-01  -5.5572037665887908e-01   2.9609405476482831e-04
   9.8046875000000000e-01  -1.3552837803240019e+00  -1.3548396113196730e+00   4.4416900432886486e-04
   9.8828125000000000e-01  -1.1114440943870318e+00  -1.1111568031172099e+00   2.8729126982196540e-04
   9.9609375000000000e-01  -3.7118970495028769e-02  -3.7083161609807638e-02   3.5808885221130793e-05
   7.5390625000000000e-01   5.8226367091653120e-01   5.8166331640826319e-01   6.0035450826800840e-04
   7.6171875000000000e-01   1.8581126765564857e-01   1.8641002034973783e-01   5.9875269408926624e-04
   7.6953125000000000e-01  -3.9122311419709110e-01  -3.8989838888050665e-01   1.3247253165844519e-03
   7.7734375000000000e-01  -6.2806201476752943e-01  -6.2709023367525163e-01   9.7178109227780141e-04
   7.8515625000000000e-01  -2.8414203549541900e-01  -2.8431772027221358e-01   1.7568477679458239e-04
   7.9296875000000000e-01   3.5513777624667497e-01   3.5396146902911924e-01   1.1763072175557387e-03
   8.0078125000000000e-01   7.0505061085733578e-01   7.0384075303641425e-01   1.2098578209215338e-03
   8.0859375000000000e-01   4.0753508990307097e-01   4.0727621196629110e-01   2.5887793677986659e-04
   8.1640625000000000e-01  -3.1367805794696468e-01  -3.1279040482190129e-01   8.8765312506339233e-04
   8.2421875000000000e-01  -8.1560081706908749e-01  -8.1430875165065020e-01   1.2920654184372937e-03
   8.3203125000000000e-01  -6.0339116634803514e-01  -6.0275065107568759e-01   6.4051527234754158e-04
   8.3984375000000000e-01   1.9659584127849467e-01   1.9608135047226261e-01   5.1449080623205967e-04
   8.4765625000000000e-01   9.0342882269734204e-01   9.0220649894917337e-01   1.2223237481686633e-03
   8.5546875000000000e-01   8.6287585034926861e-01   8.6195602567343999e-01   9.1982467582862881e-04
   8.6328125000000000e-01   4.4279486061884504e-02   4.4396740765310576e-02   1.1725470342607153e-04
   8.7109375000000000e-01  -8.8791718626932137e-01  -8.8689558576687721e-01   1.0216005024441532e-03
