#                  Coord.                Numerical               Analytical                    Error
   3.9062500000000000e-03   9.1719798323863233e-01   9.1695455219388500e-01   2.4343104474733313e-04
   1.1718750000000000e-02  -2.4907281824194771e-02  -2.5310693076498192e-02   4.0341125230342056e-04
   1.9531250000000000e-02  -9.1114033914866255e-01  -9.1135270280357494e-01   2.1236365491239528e-04
   2.7343750000000000e-02  -1.1366989871870021e+00  -1.1364791131816097e+00   2.1987400539247304e-04
   3.5156250000000000e-02  -5.7905166908536387e-01  -5.7852580607733051e-01   5.2586300803336705e-04
   4.2968750000000000e-02   3.4720943935145826e-01   3.4761130121071004e-01   4.0186185925178419e-04
   5.0781250000000000e-02   1.0003011656121783e+00   1.0002071911175630e+00   9.3974494615345350e-05
   5.8593750000000000e-02   9.5384942139514273e-01   9.5329173988785898e-01   5.5768150728374710e-04
   6.6406250000000000e-02   2.7031890893749555e-01   2.6974264253262215e-01   5.7626640487340453e-04
   7.4218750000000000e-02  -5.6491342555626844e-01  -5.6501403345786927e-01   1.0060790160082433e-04
   8.2031250000000000e-02  -9.8711675338270333e-01  -9.8662877047222530e-01   4.8798291047802422e-04
   8.9843750000000000e-02  -7.3306657100288508e-01  -7.3237740701269605e-01   6.8916399018903451e-04
   9.7656250000000000e-02  -4.1615291271114574e-03  -3.8447915390291201e-03   3.1673758808233726e-04
   1.0546875000000000e-01   6.8975695721222496e-01   6.8942660080559992e-01   3.3035640662504306e-04
   1.1328125000000000e-01   8.8889523995104691e-01   8.8818305296952704e-01   7.1218698151986892e-04
   1.2109375000000000e-01   4.9159392892207160e-01   4.9108726280929849e-01   5.0666611277311313e-04
   1.2890625000000000e-01  -1.9859113268618353e-01  -1.9847505259958820e-01   1.1608008659533264e-04
   1.3671875000000000e-01  -7.0640204556335462e-01  -7.0576424927669745e-01   6.3779628665716626e-04
   1.4453125000000000e-01  -7.1848982916298554e-01  -7.1786003526075959e-01   6.2979390222595022e-04
   1.5234375000000000e-01  -2.7643174176177965e-01  -2.7632137359098385e-01   1.1036817079579375e-04
   1.6015625000000000e-01   2.9124603372937496e-01   2.9076326746596853e-01   4.8276626340643114e-04
   1.6796875000000000e-01   6.1949831473736039e-01   6.1883095375253128e-01   6.6736098482911288e-04
   1.7578125000000000e-01   5.4237251737756687e-01   5.4206118573487339e-01   3.1133164269347979e-04
   1.8359375000000000e-01   1.5976597697022604e-01   1.6004226626106316e-01   2.7628929083711729e-04
   1.9140625000000000e-01  -2.7138307887500590e-01  -2.7076473056685718e-01   6.1834830814871955e-04
   1.9921875000000000e-01  -5.0993137136285116e-01  -5.0947409514400577e-01   4.5727621884539271e-04
   2.0703125000000000e-01  -4.5001423963287751e-01  -4.5006887280633151e-01   5.4633173453999540e-05
   2.1484375000000000e-01  -1.4593290714966525e-01  -1.4643442580244259e-01   5.0151865277733854e-04
   2.2265625000000000e-01   2.3191435241941288e-01   2.3137532875750877e-01   5.3902366190411444e-04
   2.3046875000000000e-01   4.7611190497639888e-01   4.7595729668551906e-01   1.5460829087982075e-04
   2.3828125000000000e-01   4.4023522282263350e-01   4.4057700867152705e-01   3.4178584889354990e-04
   2.4609375000000000e-01   1.2975902367753733e-01   1.3032040792328656e-01   5.6138424574922463e-04
   2.5390625000000000e-01  -2.7321072664171875e-01  -2.7287509866280441e-01   3.3562797891434348e-04
   2.6171875000000000e-01  -5.0339034179066600e-01  -5.0355078456454627e-01   1.6044277388027606e-04
   2.6953125000000000e-01  -3.9341644067896547e-01  -3.9395134204683935e-01   5.3490136787387454e-04
   2.7734375000000000e-01  -1.3784988790903341e-02  -1.4264166756890320e-02   4.7917796598697868e-04
   2.8515625000000000e-01   3.6003081058158459e-01   3.6000968752576018e-01   2.1123055824412429e-05
   2.9296875000000000e-01   4.5439969520076301e-01   4.5487528508684688e-01   4.7558988608387143e-04
   3.0078125000000000e-01   2.1756394718792027e-01   2.1815335589970170e-01   5.8940871178142507e-04
   3.0859375000000000e-01  -1.4073416420460211e-01  -1.4053697087783582e-01   1.9719332676629286e-04
   3.1640625000000000e-01  -3.3355772511396725e-01  -3.3394949268860263e-01   3.9176757463538214e-04
   3.2421875000000000e-01  -2.4289156728001493e-01  -2.4356032217329290e-01   6.6875489327797299e-04
   3.3203125000000000e-01  -3.1417133945524922e-03  -3.5054196320732558e-03   3.6370623752076357e-04
   3.3984375000000000e-01   1.5001516590508693e-01   1.5030428306063032e-01   2.8911715554338913e-04
   3.4765625000000000e-01   1.1146782998300364e-01   1.1218833829736746e-01   7.2050831436382134e-04
   3.5546875000000000e-01  -1.0874560871909300e-02  -1.0353290252898981e-02   5.2127061901031946e-04
   3.6328125000000000e-01  -3.8481583491546623e-02  -3.8649182983097587e-02   1.6759949155096404e-04
   3.7109375000000000e-01   6.7675056083849106e-02   6.6930888431170399e-02   7.4416765267870666e-04
   3.7890625000000000e-01   1.5815165930879743e-01   1.5748153583976693e-01   6.7012346903050357e-04
   3.8671875000000000e-01   6.6792155770731554e-02   6.6814973111483544e-02   2.2817340751990489e-05
   3.9453125000000000e-01  -1.7780851618822105e-01  -1.7707559851849933e-01   7.3291766972172212e-04
   4.0234375000000000e-01  -3.4032663879547154e-01  -3.3952057117636442e-01   8.0606761910712033e-04
   4.1015625000000000e-01  -2.0686783134657866e-01  -2.0672389448065723e-01   1.4393686592142907e-04
   4.1796875000000000e-01   1.6741923258257696e-01   1.6673782685870750e-01   6.8140572386946041e-04
   4.2578125000000000e-01   4.6085092714895615e-01   4.5992908705647961e-01   9.2184009247653353e-04
   4.3359375000000000e-01   3.7250134792103295e-01   3.7216797991557193e-01   3.3336800546102108e-04
   4.4140625000000000e-01  -6.8209041600887366e-02  -6.7626431186787642e-02   5.8261041409972403e-04
   4.4921875000000000e-01  -4.8624251955335451e-01  -4.8523448652026241e-01   1.0080330330921039e-03
   4.5703125000000000e-01  -4.8937736059674353e-01  -4.8883748978772917e-01   5.3987080901435336e-04
   4.6484375000000000e-01  -4.6833236507201170e-02  -4.7265379787422276e-02   4.3214328022110615e-04
   4.7265625000000000e-01   4.5218124941153759e-01   4.5112897895745274e-01   1.0522704540848471e-03
   4.8046875000000000e-01   5.4309920029461778e-01   5.4234706341974104e-01   7.5213687487674097e-04
   4.8828125000000000e-01   1.2626641513636902e-01   1.2649739607606530e-01   2.3098093969628475e-04
   4.9609375000000000e-01  -4.1864559116511046e-01  -4.1760088576349785e-01   1.0447054016126112e-03
   5.0390625000000000e-01  -5.7371692489944082e-01  -5.7275984549555625e-01   9.5707940388456425e-04
   5.1171875000000000e-01  -1.7424688602011112e-01  -1.7422920702178485e-01   1.7678998326275952e-05
   5.1953125000000000e-01   4.1597754290176647e-01   4.1500447791327155e-01   9.7306498849492051e-04
   5.2734375000000000e-01   6.3005360767626861e-01   6.2891665247772899e-01   1.1369551985396242e-03
   5.3515625000000000e-01   2.3514405160270957e-01   2.3484312967297793e-01   3.0092192973163456e-04
   5.4296875000000000e-01  -4.2451168028038094e-01  -4.2368024618968597e-01   8.3143409069497132e-04
   5.5078125000000000e-01  -7.2615370376604083e-01  -7.2488554728052701e-01   1.2681564855138161e-03
   5.5859375000000000e-01  -3.4990536446391463e-01  -3.4930500305842827e-01   6.0036140548636041e-04
   5.6640625000000000e-01   3.9691314899532737e-01   3.9629352933364914e-01   6.1961966167822791e-04
   5.7421875000000000e-01   8.3308626598315494e-01   8.3175490217638826e-01   1.3313638067666833e-03
   5.8203125000000000e-01   5.2383672957519345e-01   5.2294574851891129e-01   8.9098105628215851e-04
   5.8984375000000000e-01  -2.9661966271831292e-01  -2.9627283655586667e-01   3.4682616244624542e-04
   5.9765625000000000e-01  -9.0436194943399562e-01  -9.0305150229321074e-01   1.3104471407848761e-03
   6.0546875000000000e-01  -7.2802606186077068e-01  -7.2688320984971533e-01   1.1428520110553508e-03
   6.1328125000000000e-01   1.1848194509922065e-01   1.1844935162412402e-01   3.2593475096626134e-05
   6.2109375000000000e-01   9.0617031910906565e-01   9.0497078657043106e-01   1.1995325386345845e-03
   6.2890625000000000e-01   9.2364603167377046e-01   9.2231630541011722e-01   1.3297262636532414e-03
   6.3671875000000000e-01   1.1912429237666597e-01   1.1882522470566936e-01   2.9906767099660558e-04
   6.4453125000000000e-01  -8.2694904865950680e-01  -8.2594758020905057e-01   1.0014684504562332e-03
   6.5234375000000000e-01  -1.0817145309420466e+00  -1.0802821766046842e+00   1.4323543373624403e-03
   6.6015625000000000e-01  -3.9378985932168631e-01  -3.9317245742943724e-01   6.1740189224906983e-04
   6.6796875000000000e-01   6.6617987723528671e-01   6.6544849654874316e-01   7.3138068654354793e-04
   6.7578125000000000e-01   1.1827858354666856e+00   1.1813489008141580e+00   1.4369346525275883e-03
   6.8359375000000000e-01   6.8741527722550311e-01   6.8651929531540534e-01   8.9598191009776507e-04
   6.9140625000000000e-01  -4.2194184877971147e-01  -4.2153372376998333e-01   4.0812500972814414e-04
   6.9921875000000000e-01  -1.2048208527243183e+00  -1.2034817698425548e+00   1.3390828817634315e-03
   7.0703125000000000e-01  -9.7775205349023775e-01  -9.7664376401368513e-01   1.1082894765526152e-03
   7.1484375000000000e-01   9.3233999322230199e-02   9.3174204572425326e-02   5.9794749804872871e-05
   7.2265625000000000e-01   1.1180017237773261e+00   1.1168563457273033e+00   1.1453780500227939e-03
   7.3046875000000000e-01   1.2265276958147415e+00   1.2252950368219087e+00   1.2326589928328691e-03
   7.3828125000000000e-01   3.0553279515172715e-01   3.0525167308504181e-01   2.8112206668534645e-04
   7.4609375000000000e-01  -8.9513381128198266e-01  -8.9426171321272663e-01   8.7209806925603317e-04
   8.7890625000000000e-01   9.2412328244571362e-01   9.2349585120630351e-01   6.2743123941011447e-04
   8.8671875000000000e-01   1.4627489619908911e+00   1.4622625510750318e+00   4.8641091585932550e-04
   8.9453125000000000e-01   8.9018722203153611e-01   8.9019911432457632e-01   1.1892293040216551e-05
   9.0234375000000000e-01  -3.4500896103829964e-01  -3.4461253285517363e-01   3.9642818312601857e-04
   9.1015625000000000e-01  -1.3052951295811788e+00  -1.3049115680370533e+00   3.8356154412544363e-04
   9.1796875000000000e-01  -1.2793475898737903e+00  -1.2792674545795697e+00   8.0135294220573527e-05
   9.2578125000000000e-01  -3.0675788391904923e-01  -3.0694193580275542e-01   1.8405188370618220e-04
   9.3359375000000000e-01   8.7286280954218076e-01   8.7265717130214859e-01   2.0563824003216880e-04
   9.4140625000000000e-01   1.3878619390906997e+00   1.3878022537540191e+00   5.9685336680548318e-05
   9.4921875000000000e-01   8.7985028851647917e-01   8.7989056480755901e-01   4.0276291079832660e-05
   9.5703125000000000e-01  -2.5214498840876753e-01  -2.5213991407152808e-01   5.0743372394523867e-06
   9.6484375000000000e-01  -1.1706249461651792e+00  -1.1706819113465394e+00   5.6965181360224548e-05
   9.7265625000000000e-01  -1.2233636709206148e+00  -1.2233611730268428e+00   2.4978937720465666e-06
   9.8046875000000000e-01  -4.0440674881891248e-01  -4.0424564581445460e-01   1.6110300445787429e-04
   9.8828125000000000e-01   6.7168476318331993e-01   6.7191531134475113e-01   2.3054816143119883e-04
   9.9609375000000000e-01   1.2365461041446943e+00   1.2366094003320851e+00   6.3296187390760039e-05
   7.5390625000000000e-01  -1.3795318318631860e+00  -1.3782771409706467e+00   1.2546908925392675e-03
   7.6171875000000000e-01  -7.3275925894271166e-01  -7.3217683641428377e-01   5.8242252842788389e-04
   7.6953125000000000e-01   5.2989949744429377e-01   5.2935459516629690e-01   5.4490227799686153e-04
   7.7734375000000000e-01   1.3811094602558120e+00   1.3799384903623335e+00   1.1709698934785351e-03
   7.8515625000000000e-01   1.1212891681813213e+00   1.1204844793895143e+00   8.0468879180695119e-04
   7.9296875000000000e-01  -4.9738456040893553e-02  -4.9533167479905327e-02   2.0528856098822601e-04
   8.0078125000000000e-01  -1.1938220311894479e+00  -1.1928293233039196e+00   9.9270788552829892e-04
   8.0859375000000000e-01  -1.3921941729874481e+00  -1.3912694208973180e+00   9.2475209013009874e-04
   8.1640625000000000e-01  -4.8283622995738196e-01  -4.8273088467430125e-01   1.0534528308070445e-04
   8.2421875000000000e-01   8.1389843653434979e-01   8.1315397969952219e-01   7.4445683482760039e-04
   8.3203125000000000e-01   1.4733498326185424e+00   1.4724217259655081e+00   9.2810665303422191e-04
   8.3984375000000000e-01   9.7843589280553012e-01   9.7809244154339536e-01   3.4345126213475297e-04
   8.4765625000000000e-01  -2.7961856682623909e-01  -2.7915263256285111e-01   4.6593426338797927e-04
   8.5546875000000000e-01  -1.3182920001753624e+00  -1.3174725651073191e+00   8.1943506804327271e-04
   8.6328125000000000e-01  -1.3356556375740345e+00  -1.3351816972884245e+00   4.7394028560998613e-04
   8.7109375000000000e-01  -3.2733051942012237e-01  -3.2753738228526613e-01   2.0686286514376429e-04
