#                  Coord.                Numerical               Analytical                    Error
   3.9062500000000000e-03   4.5133629219017185e-01   4.5129573473386331e-01   4.0557456308543127e-05
   1.1718750000000000e-02   4.7145729172731915e-01   4.7192632876993523e-01   4.6903704261608281e-04
   1.9531250000000000e-02   5.0021229299498959e-01   4.9944770797317528e-01   7.6458502181431243e-04
   2.7343750000000000e-02   5.3184121756343361e-01   5.3093227731816683e-01   9.0894024526677608e-04
   3.5156250000000000e-02   5.6285771236926563e-01   5.6314753658233130e-01   2.8982421306567030e-04
   4.2968750000000000e-02   5.9309395267084253e-01   5.9275776985192041e-01   3.3618281892211499e-04
   5.0781250000000000e-02   6.1793176102064629e-01   6.1654080661722033e-01   1.3909544034259591e-03
   5.8593750000000000e-02   6.3187955532038398e-01   6.3160516866364180e-01   2.7438665674217599e-04
   6.6406250000000000e-02   6.3550038138576626e-01   6.3559230870702887e-01   9.1927321262619266e-05
   7.4218750000000000e-02   6.2811612418894724e-01   6.2684918782403365e-01   1.2669363649135956e-03
   8.2031250000000000e-02   6.0539462952549394e-01   6.0455812671163911e-01   8.3650281385483360e-04
   8.9843750000000000e-02   5.6856094915948596e-01   5.6881360065117936e-01   2.5265149169340084e-04
   9.7656250000000000e-02   5.2135192563558719e-01   5.2063923935853806e-01   7.1268627704912380e-04
   1.0546875000000000e-01   4.6297894220911306e-01   4.6194247587792431e-01   1.0364663311887568e-03
   1.1328125000000000e-01   3.9527439157307376e-01   3.9540874622736105e-01   1.3435465428729421e-04
   1.2109375000000000e-01   3.2447270928357180e-01   3.2434153134418342e-01   1.3117793938838274e-04
   1.2890625000000000e-01   2.5325209155432077e-01   2.5245851604239117e-01   7.9357551192960063e-04
   1.3671875000000000e-01   1.8371598722403293e-01   1.8365740810922293e-01   5.8579114809997890e-05
   1.4453125000000000e-01   1.2163144493848974e-01   1.2176726178531119e-01   1.3581684682145712e-04
   1.5234375000000000e-01   7.0658205391995965e-02   7.0302306118564500e-02   3.5589927343146477e-04
   1.6015625000000000e-01   3.2328787172499963e-02   3.2235200741475539e-02   9.3586431024424155e-05
   1.6796875000000000e-01   9.7780380776845179e-03   9.8053341686287713e-03   2.7296090944253434e-05
   1.7578125000000000e-01   4.5019429265826328e-03   4.3753404572134027e-03   1.2660246936923008e-04
   1.8359375000000000e-01   1.6282972863218715e-02   1.6345621092441896e-02   6.2648229223180585e-05
   1.9140625000000000e-01   4.5362189963519428e-02   4.5132572207421368e-02   2.2961775609806057e-04
   1.9921875000000000e-01   8.9560524876310041e-02   8.9211734983696583e-02   3.4878989261345750e-04
   2.0703125000000000e-01   1.4602760414039279e-01   1.4622253876749561e-01   1.9493462710282183e-04
   2.1484375000000000e-01   2.1347984501261805e-01   2.1312702411575749e-01   3.5282089686056173e-04
   2.2265625000000000e-01   2.8732211306565542e-01   2.8641122666962326e-01   9.1088639603215116e-04
   2.3046875000000000e-01   3.6228733085543241e-01   3.6231503800103237e-01   2.7707145599964456e-05
   2.3828125000000000e-01   4.3734054927310190e-01   4.3707453811958047e-01   2.6601115352142823e-04
   2.4609375000000000e-01   5.0861162532207460e-01   5.0716013996401688e-01   1.4514853580577247e-03
   2.5390625000000000e-01   5.6999389243033394e-01   5.6949443587450665e-01   4.9945655582728232e-04
   2.6171875000000000e-01   6.2176544238305664e-01   6.2163533726561204e-01   1.3010511744460107e-04
   2.6953125000000000e-01   6.6358124704027199e-01   6.6191281345873620e-01   1.6684335815357887e-03
   2.7734375000000000e-01   6.9067739836557285e-01   6.8951105032504501e-01   1.1663480405278426e-03
   2.8515625000000000e-01   7.0461578403443936e-01   7.0449189084965735e-01   1.2389318478200906e-04
   2.9296875000000000e-01   7.0929354624711793e-01   7.0775967567056586e-01   1.5338705765520766e-03
   3.0078125000000000e-01   7.0264497727583353e-01   7.0097174556720132e-01   1.6732317086322057e-03
   3.0859375000000000e-01   6.8668244019118052e-01   6.8640258503525575e-01   2.7985515592476862e-04
   3.1640625000000000e-01   6.6800021881434579e-01   6.6677259974409053e-01   1.2276190702552592e-03
   3.2421875000000000e-01   6.4695059812765165e-01   6.4505461618789650e-01   1.8959819397551536e-03
   3.3203125000000000e-01   6.2476517969114864e-01   6.2427223440941160e-01   4.9294528173704499e-04
   3.3984375000000000e-01   6.0823454790029896e-01   6.0730411128706463e-01   9.3043661323433113e-04
   3.4765625000000000e-01   5.9864589818352776e-01   5.9670715331748569e-01   1.9387448660420636e-03
   3.5546875000000000e-01   5.9526552068774474e-01   5.9456959143165755e-01   6.9592925608719103e-04
   3.6328125000000000e-01   6.0310467800493506e-01   6.0240220429349223e-01   7.0247371144283033e-04
   3.7109375000000000e-01   6.2304289001966207e-01   6.2107280623400940e-01   1.9700837856526654e-03
   3.7890625000000000e-01   6.5172789127148456e-01   6.5078579726070296e-01   9.4209401078160226e-04
   3.8671875000000000e-01   6.9162460588927310e-01   6.9110535375651860e-01   5.1925213275449966e-04
   3.9453125000000000e-01   7.4305747729445748e-01   7.4101795533649173e-01   2.0395219579657509e-03
   4.0234375000000000e-01   8.0037968737842224e-01   7.9902758101022786e-01   1.3521063681943835e-03
   4.1015625000000000e-01   8.6364993201803575e-01   8.6327518952158222e-01   3.7474249645352842e-04
   4.1796875000000000e-01   9.3371336251171211e-01   9.3167308441756003e-01   2.0402780941520815e-03
   4.2578125000000000e-01   1.0040064238579176e+00   1.0020444550530168e+00   1.9619688049008488e-03
   4.3359375000000000e-01   1.0726384907925737e+00   1.0722587339990666e+00   3.7975679350710223e-04
   4.4140625000000000e-01   1.1421889595064907e+00   1.1403543371901033e+00   1.8346223163874242e-03
   4.4921875000000000e-01   1.2072674008772268e+00   1.2046417512112741e+00   2.6256496659526896e-03
   4.5703125000000000e-01   1.2644447956381135e+00   1.2637816845389347e+00   6.6311109917882582e-04
   4.6484375000000000e-01   1.3182589689085760e+00   1.3168349820151728e+00   1.4239868934031730e-03
   4.7265625000000000e-01   1.3663766533391011e+00   1.3632830857440394e+00   3.0935675950616304e-03
   4.8046875000000000e-01   1.4042696713662810e+00   1.4030198810964163e+00   1.2497902698647145e-03
   4.8828125000000000e-01   1.4372916106222990e+00   1.4363176631831605e+00   9.7394743913858939e-04
   4.9609375000000000e-01   1.4669507210485186e+00   1.4637715718848592e+00   3.1791491636594671e-03
   5.0390625000000000e-01   1.4882326949748281e+00   1.4862280598474029e+00   2.0046351274252139e-03
   5.1171875000000000e-01   1.5054028299621587e+00   1.5047036894206545e+00   6.9914054150421734e-04
   5.1953125000000000e-01   1.5231702536957348e+00   1.5203007498163266e+00   2.8695038794082084e-03
   5.2734375000000000e-01   1.5368458859607805e+00   1.5341258406693408e+00   2.7200452914397655e-03
   5.3515625000000000e-01   1.5479256404502122e+00   1.5472167333350453e+00   7.0890711516691240e-04
   5.4296875000000000e-01   1.5627825465962282e+00   1.5604815998864774e+00   2.3009467097507841e-03
   5.5078125000000000e-01   1.5778832503035913e+00   1.5746532388699170e+00   3.2300114336742958e-03
   5.5859375000000000e-01   1.5912880130253804e+00   1.5902593983520463e+00   1.0286146733340384e-03
   5.6640625000000000e-01   1.6092496208620581e+00   1.6076088739735064e+00   1.6407468885517584e-03
   5.7421875000000000e-01   1.6302225932669567e+00   1.6267918918424134e+00   3.4307014245433809e-03
   5.8203125000000000e-01   1.6492959882504750e+00   1.6476924759424829e+00   1.6035123079920499e-03
   5.8984375000000000e-01   1.6710619761288188e+00   1.6700100898517158e+00   1.0518862771029536e-03
   5.9765625000000000e-01   1.6965450827166517e+00   1.6932878115308094e+00   3.2572711858422920e-03
   6.0546875000000000e-01   1.7192642395801299e+00   1.7169445710432867e+00   2.3196685368431780e-03
   6.1328125000000000e-01   1.7410028493028307e+00   1.7403094406407011e+00   6.9340866212952434e-04
   6.2109375000000000e-01   1.7653451119544166e+00   1.7626564886022782e+00   2.6886233521383751e-03
   6.2890625000000000e-01   1.7862224695368836e+00   1.7832391790100932e+00   2.9832905267903609e-03
   6.3671875000000000e-01   1.8020387955364496e+00   1.8013236391221452e+00   7.1515641430441867e-04
   6.4453125000000000e-01   1.8180321214332844e+00   1.8162202891996224e+00   1.8118322336619919e-03
   6.5234375000000000e-01   1.8306436010960379e+00   1.8273133469482028e+00   3.3302541478350545e-03
   6.6015625000000000e-01   1.8352357161060802e+00   1.8340876278198310e+00   1.1480882862491271e-03
   6.6796875000000000e-01   1.8370372197431393e+00   1.8361519297526470e+00   8.8528999049231061e-04
   6.7578125000000000e-01   1.8364050514680683e+00   1.8332581839628872e+00   3.1468675051811168e-03
   6.8359375000000000e-01   1.8271808846538704e+00   1.8253155217340100e+00   1.8653629198603916e-03
   6.9140625000000000e-01   1.8126511007584951e+00   1.8123984738336669e+00   2.5262692482819205e-04
   6.9921875000000000e-01   1.7971545601679477e+00   1.7947486763896574e+00   2.4058837782903186e-03
   7.0703125000000000e-01   1.7753236326793307e+00   1.7727696757567113e+00   2.5539569226193937e-03
   7.1484375000000000e-01   1.7471983648745082e+00   1.7470146653659304e+00   1.8369950857777262e-04
   7.2265625000000000e-01   1.7195212003266218e+00   1.7181672161290784e+00   1.3539841975434008e-03
   7.3046875000000000e-01   1.6898823942485222e+00   1.6870152629118491e+00   2.8671313366730455e-03
   7.3828125000000000e-01   1.6551151321153776e+00   1.6544187914121018e+00   6.9634070327584396e-04
   7.4609375000000000e-01   1.6216810119354015e+00   1.6212718626707021e+00   4.0914926469937107e-04
   8.7890625000000000e-01   1.2181790144510660e+00   1.2180297545210750e+00   1.4925992999104132e-04
   8.8671875000000000e-01   1.1705617072105858e+00   1.1688134701284807e+00   1.7482370821051418e-03
   8.9453125000000000e-01   1.1127677949929238e+00   1.1122429820150357e+00   5.2481297788808945e-04
   9.0234375000000000e-01   1.0483685537568490e+00   1.0489780560399140e+00   6.0950228306499987e-04
   9.1015625000000000e-01   9.8107356215409836e-01   9.8017374608707108e-01   8.9981606702727035e-04
   9.1796875000000000e-01   9.0837229711835965e-01   9.0744699160973274e-01   9.2530550862690575e-04
   9.2578125000000000e-01   8.3207349341959880e-01   8.3280855241916629e-01   7.3505899956749499e-04
   9.3359375000000000e-01   7.5843192407206850e-01   7.5856270963729522e-01   1.3078556522672091e-04
   9.4140625000000000e-01   6.8810784022599136e-01   6.8717962346924477e-01   9.2821675674659154e-04
   9.4921875000000000e-01   6.2088821932135307e-01   6.2114748634637207e-01   2.5926702501899435e-04
   9.5703125000000000e-01   5.6203394287044339e-01   5.6281348414026633e-01   7.7954126982293648e-04
   9.6484375000000000e-01   5.1470117704107943e-01   5.1422393315881598e-01   4.7724388226344505e-04
   9.7265625000000000e-01   4.7740044164953438e-01   4.7697467241467795e-01   4.2576923485643237e-04
   9.8046875000000000e-01   4.5139564968690926e-01   4.5208276470972675e-01   6.8711502281748604e-04
   9.8828125000000000e-01   4.3975752108998978e-01   4.3988974225643829e-01   1.3222116644850956e-04
   9.9609375000000000e-01   4.4084921740815480e-01   4.4000501868744413e-01   8.4419872071067603e-04
   7.5390625000000000e-01   1.5910755955109463e+00   1.5884598586569831e+00   2.6157368539632131e-03
   7.6171875000000000e-01   1.5583514331806776e+00   1.5568131692636824e+00   1.5382639169951862e-03
   7.6953125000000000e-01   1.5270199681825434e+00   1.5270589850943810e+00   3.9016911837608248e-05
   7.7734375000000000e-01   1.5016453213808711e+00   1.4997733933306583e+00   1.8719280502128566e-03
   7.8515625000000000e-01   1.4776103257875433e+00   1.4753365370724483e+00   2.2737887150949820e-03
   7.9296875000000000e-01   1.4540533320296742e+00   1.4538940972187280e+00   1.5923481094626268e-04
   8.0078125000000000e-01   1.4362682492864052e+00   1.4353286739862001e+00   9.3957530020505331e-04
   8.0859375000000000e-01   1.4217762554277331e+00   1.4192446658640530e+00   2.5315895636801589e-03
   8.1640625000000000e-01   1.4058103813836746e+00   1.4049698745939492e+00   8.4050678972547033e-04
   8.2421875000000000e-01   1.3917594886677855e+00   1.3915762592641681e+00   1.8322940361747975e-04
   8.3203125000000000e-01   1.3800595587035929e+00   1.3779210350043170e+00   2.1385236992759182e-03
   8.3984375000000000e-01   1.3643102136658418e+00   1.3627077416132858e+00   1.6024720525560365e-03
   8.4765625000000000e-01   1.3444368974501568e+00   1.3445651323965357e+00   1.2823494637892452e-04
   8.5546875000000000e-01   1.3233613046624382e+00   1.3221399316992317e+00   1.2213729632064574e-03
   8.6328125000000000e-01   1.2961952985503689e+00   1.2941978762172335e+00   1.9974223331353791e-03
   8.7109375000000000e-01   1.2597769862385026e+00   1.2597261756489717e+00   5.0810589530936312e-05
