#                  Coord.                Numerical               Analytical                    Error
   3.9062500000000000e-03  -2.6942544330782159e-01  -2.6901512397843846e-01   4.1031932938312421e-04
   1.1718750000000000e-02  -8.9944888195913153e-01  -8.9887930401441374e-01   5.6957794471779177e-04
   1.9531250000000000e-02  -7.0164607329644846e-01  -7.0143748014224305e-01   2.0859315420540536e-04
   2.7343750000000000e-02   7.8513257735470909e-02   7.8242689135027924e-02   2.7056860044298581e-04
   3.5156250000000000e-02   7.1213424570009232e-01   7.1171319420326928e-01   4.2105149682303278e-04
   4.2968750000000000e-02   6.6435962862064057e-01   6.6419708223393992e-01   1.6254638670065713e-04
   5.0781250000000000e-02   4.5979505581341895e-02   4.6167489857735923e-02   1.8798427639402787e-04
   5.8593750000000000e-02  -5.4326754961132218e-01  -5.4298755291777623e-01   2.7999669354594747e-04
   6.6406250000000000e-02  -5.9045646059949697e-01  -5.9038430724045565e-01   7.2153359041315923e-05
   7.4218750000000000e-02  -1.1491142739309201e-01  -1.1507566457107414e-01   1.6423717798212667e-04
   8.2031250000000000e-02   4.0357550784952145e-01   4.0340794096234872e-01   1.6756688717273205e-04
   8.9843750000000000e-02   5.0115143711057875e-01   5.0119073168389061e-01   3.9294573311865477e-05
   9.7656250000000000e-02   1.4281518466967855e-01   1.4300806925911583e-01   1.9288458943728104e-04
   1.0546875000000000e-01  -2.9481135869881431e-01  -2.9471267655794114e-01   9.8682140873163071e-05
   1.1328125000000000e-01  -4.1049036774262015e-01  -4.1063826350092747e-01   1.4789575830731483e-04
   1.2109375000000000e-01  -1.4351415617790486e-01  -1.4377529055534263e-01   2.6113437743777168e-04
   1.2890625000000000e-01   2.1361386104648517e-01   2.1353257823753538e-01   8.1282808949784124e-05
   1.3671875000000000e-01   3.2608685021860206e-01   3.2631734662560097e-01   2.3049640699890350e-04
   1.4453125000000000e-01   1.2755491120358292e-01   1.2790490854265871e-01   3.4999733907578601e-04
   1.5234375000000000e-01  -1.5540885395414017e-01  -1.5529284861072520e-01   1.1600534341496549e-04
   1.6015625000000000e-01  -2.5186381048418527e-01  -2.5213771281523478e-01   2.7390233104951367e-04
   1.6796875000000000e-01  -1.0243775339998373e-01  -1.0287982380207231e-01   4.4207040208857351e-04
   1.7578125000000000e-01   1.1638034091000393e-01   1.1618590100325062e-01   1.9443990675331591e-04
   1.8359375000000000e-01   1.9092622105536342e-01   1.9119275959707621e-01   2.6653854171279634e-04
   1.9140625000000000e-01   7.5085792947456653e-02   7.5603085291578734e-02   5.1729234412208058e-04
   1.9921875000000000e-01  -9.2083275427755074e-02  -9.1779920955125535e-02   3.0335447262953841e-04
   2.0703125000000000e-01  -1.4541070664942857e-01  -1.4561655667987211e-01   2.0585003044354400e-04
   2.1484375000000000e-01  -5.3018777956738983e-02  -5.3577563442193436e-02   5.5878548545445356e-04
   2.2265625000000000e-01   7.4875892681278117e-02   7.4452484318671866e-02   4.2340836260625070e-04
   2.3046875000000000e-01   1.1285357928632911e-01   1.1295388665768044e-01   1.0030737135133250e-04
   2.3828125000000000e-01   4.0798296257537947e-02   4.1356511625533603e-02   5.5821536799565558e-04
   2.4609375000000000e-01  -5.5539187942049345e-02  -5.5003287696152939e-02   5.3590024589640628e-04
   2.5390625000000000e-01  -8.4186111089167126e-02  -8.4150770066465708e-02   3.5341022701418368e-05
   2.6171875000000000e-01  -3.4129983892182914e-02  -3.4644882397580984e-02   5.1489850539807036e-04
   2.6953125000000000e-01   3.1136594126485950e-02   3.0510541437043067e-02   6.2605268944288320e-04
   2.7734375000000000e-01   4.9822904801661405e-02   4.9640093541759134e-02   1.8281125990227132e-04
   2.8515625000000000e-01   2.0318026377688758e-02   2.0757099475750579e-02   4.3907309806182071e-04
   2.9296875000000000e-01  -1.1948590015333466e-02  -1.1258969972144504e-02   6.8962004318896125e-04
   3.0078125000000000e-01  -1.2066940621286881e-02  -1.1737740383546523e-02   3.2920023774035863e-04
   3.0859375000000000e-01   9.2865039283757111e-03   8.9454638286110572e-03   3.4104009976465392e-04
   3.1640625000000000e-01   1.5705495410833326e-02   1.4978241941098792e-02   7.2725346973453314e-04
   3.2421875000000000e-01  -9.4253474190105768e-03  -9.8919808380633911e-03   4.6663341905281430e-04
   3.3203125000000000e-01  -4.3200943688974869e-02  -4.2971535854108074e-02   2.2940783486679467e-04
   3.3984375000000000e-01  -4.7398466464974157e-02  -4.6656592695156943e-02   7.4187376981721398e-04
   3.4765625000000000e-01  -8.1044211959695467e-03  -7.5124121164655997e-03   5.9200907950394694e-04
   3.5546875000000000e-01   4.9361108466899450e-02   4.9252237221997022e-02   1.0887124490242817e-04
   3.6328125000000000e-01   8.1676745189708189e-02   8.0941037677766337e-02   7.3570751194185213e-04
   3.7109375000000000e-01   6.2163247395002008e-02   6.1458247793730852e-02   7.0499960127115568e-04
   3.7890625000000000e-01  -8.0697951919650457e-04  -8.2810666964587771e-04   2.1127150449373137e-05
   3.8671875000000000e-01  -7.1500990371364120e-02  -7.0795752648372054e-02   7.0523772299206644e-04
   3.9453125000000000e-01  -1.0907708571152180e-01  -1.0827546402716132e-01   8.0162168436048731e-04
   4.0234375000000000e-01  -8.8496746168577056e-02  -8.8337426187598711e-02   1.5931998097834521e-04
   4.1015625000000000e-01  -1.2640319081285822e-02  -1.3288604871928922e-02   6.4828579064309978e-04
   4.1796875000000000e-01   8.5525136477792751e-02   8.4646047819187470e-02   8.7908865860528151e-04
   4.2578125000000000e-01   1.5299421854438083e-01   1.5268707269970719e-01   3.0714584467364525e-04
   4.3359375000000000e-01   1.4120566532089623e-01   1.4176377924005504e-01   5.5811391915880360e-04
   4.4140625000000000e-01   3.7989706959173974e-02   3.8918415278193272e-02   9.2870831901929740e-04
   4.4921875000000000e-01  -1.1264136683340464e-01  -1.1218217878785947e-01   4.5918804554517800e-04
   4.5703125000000000e-01  -2.2349583858781497e-01  -2.2392921824744810e-01   4.3337965963313740e-04
   4.6484375000000000e-01  -2.1231445825568418e-01  -2.1325893170959151e-01   9.4447345390732962e-04
   4.7265625000000000e-01  -5.9909712516913571e-02  -6.0520630802021753e-02   6.1091828510818208e-04
   4.8046875000000000e-01   1.6168712642952215e-01   1.6195970424748327e-01   2.7257781796111158e-04
   4.8828125000000000e-01   3.1855878153405742e-01   3.1947860103394560e-01   9.1981949988817480e-04
   4.9609375000000000e-01   2.9358559755335578e-01   2.9434149229871576e-01   7.5589474535997514e-04
   5.0390625000000000e-01   6.9734141666439653e-02   6.9657374182336571e-02   7.6767484103082428e-05
   5.1171875000000000e-01  -2.3883974011740561e-01  -2.3968876433349498e-01   8.4902421608937240e-04
   5.1953125000000000e-01  -4.3967049682323578e-01  -4.4055554468148111e-01   8.8504785824533583e-04
   5.2734375000000000e-01  -3.7890261291403726e-01  -3.7905193085259897e-01   1.4931793856171049e-04
   5.3515625000000000e-01  -5.3929123418211822e-02  -5.3202046154801015e-02   7.2707726341080664e-04
   5.4296875000000000e-01   3.5747139639230763e-01   3.5845962368166900e-01   9.8822728936137638e-04
   5.5078125000000000e-01   5.8818791133348025e-01   5.8858910804815390e-01   4.0119671467364615e-04
   5.5859375000000000e-01   4.5205487197387628e-01   4.5151108343272123e-01   5.4378854115505471e-04
   5.6640625000000000e-01  -1.2326039160586610e-02  -1.3369092662272578e-02   1.0430535016859675e-03
   5.7421875000000000e-01  -5.3159994796787102e-01  -5.3226090208141275e-01   6.6095411354172295e-04
   5.8203125000000000e-01  -7.5278966467127961e-01  -7.5249418076887242e-01   2.9548390240718980e-04
   5.8984375000000000e-01  -4.8086268557978645e-01  -4.7983871310767495e-01   1.0239724721115007e-03
   5.9765625000000000e-01   1.5881811523247436e-01   1.5971973918253790e-01   9.0162395006354590e-04
   6.0546875000000000e-01   7.6325929559244310e-01   7.6327389906879173e-01   1.4603476348629130e-05
   6.1328125000000000e-01   9.0138755295492490e-01   9.0048455181229925e-01   9.0300114262564790e-04
   6.2109375000000000e-01   4.2016923881993018e-01   4.1908653481078317e-01   1.0827040091470064e-03
   6.2890625000000000e-01  -4.0839537904171686e-01  -4.0876050711390488e-01   3.6512807218802568e-04
   6.3671875000000000e-01  -1.0303561089384203e+00  -1.0296940463892232e+00   6.6206254919709551e-04
   6.4453125000000000e-01  -9.7803768657516110e-01  -9.7688290762560304e-01   1.1547789495580663e-03
   6.5234375000000000e-01  -2.2144613051100170e-01  -2.2073644668696793e-01   7.0968382403377439e-04
   6.6015625000000000e-01   7.6017105296729703e-01   7.5986170910172957e-01   3.0934386556746851e-04
   6.6796875000000000e-01   1.2751893660999674e+00   1.2741099274280310e+00   1.0794386719363835e-03
   6.7578125000000000e-01   9.0775059863708485e-01   9.0676156278957376e-01   9.8903584751108831e-04
   6.8359375000000000e-01  -1.4664704712319887e-01  -1.4676702908061590e-01   1.1998195741702578e-04
   6.9140625000000000e-01  -1.1679915110354968e+00  -1.1671542879454997e+00   8.3722308999711892e-04
   6.9921875000000000e-01  -1.4011281934711897e+00  -1.3999899294698437e+00   1.1382640013459788e-03
   7.0703125000000000e-01  -6.1831218782961550e-01  -6.1775222880230041e-01   5.5995902731509339e-04
   7.1484375000000000e-01   6.6597440244305028e-01   6.6552832692280439e-01   4.4607552024589214e-04
   7.2265625000000000e-01   1.5250934893148975e+00   1.5239825689287425e+00   1.1109203861550121e-03
   7.3046875000000000e-01   1.2915866772880227e+00   1.2906563214977465e+00   9.3035579027622717e-04
   7.3828125000000000e-01   8.2712840525678899e-02   8.2675290061183848e-02   3.7550464495050839e-05
   7.4609375000000000e-01  -1.2375829737812016e+00  -1.2366860085844671e+00   8.9696519673454489e-04
   8.7890625000000000e-01   9.9042527647148160e-01   9.8943941786035350e-01   9.8585861112809869e-04
   8.8671875000000000e-01   1.6414528980252343e+00   1.6402571124266412e+00   1.1957855985931243e-03
   8.9453125000000000e-01   9.4627121286241733e-01   9.4586109035547428e-01   4.1012250694305585e-04
   9.0234375000000000e-01  -4.8805808085098223e-01  -4.8737763360960368e-01   6.8044724137855672e-04
   9.1015625000000000e-01  -1.4652585593248300e+00  -1.4641004714495292e+00   1.1580878753008061e-03
   9.1796875000000000e-01  -1.2026981478095649e+00  -1.2020489784754840e+00   6.4916933408087907e-04
   9.2578125000000000e-01   3.1039156086379527e-02   3.0671433181521476e-02   3.6772290485805048e-04
   9.3359375000000000e-01   1.1731513106964679e+00   1.1721380423763912e+00   1.0132683200767545e-03
   9.4140625000000000e-01   1.2826340308463378e+00   1.2818679124442343e+00   7.6611840210349946e-04
   9.4921875000000000e-01   3.2418801574736889e-01   3.2428930653196880e-01   1.0129078459991669e-04
   9.5703125000000000e-01  -8.4136492406707741e-01  -8.4055419725588743e-01   8.1072681118998791e-04
   9.6484375000000000e-01  -1.2258853295869165e+00  -1.2251133084303683e+00   7.7202115654828596e-04
   9.7265625000000000e-01  -5.5730518818611885e-01  -5.5721775395136774e-01   8.7434234751104789e-05
   9.8046875000000000e-01   5.2837133073707832e-01   5.2777393221520996e-01   5.9739852186835307e-04
   9.8828125000000000e-01   1.0825972464934690e+00   1.0819031793022162e+00   6.9406719125275629e-04
   9.9609375000000000e-01   6.7545933164684147e-01   6.7527157863419507e-01   1.8775301264639666e-04
   7.5390625000000000e-01  -1.6746020095909029e+00  -1.6734419215114276e+00   1.1600880794753188e-03
   7.6171875000000000e-01  -8.6013668183287662e-01  -8.5960064898161304e-01   5.3603285126357925e-04
   7.6953125000000000e-01   6.3026816166063815e-01   6.2974583879121293e-01   5.2232286942521799e-04
   7.7734375000000000e-01   1.6770747953631617e+00   1.6758744838992954e+00   1.2003114638663437e-03
   7.8515625000000000e-01   1.4628115345826549e+00   1.4618578638214585e+00   9.5367076119634575e-04
   7.9296875000000000e-01   1.2207487322746713e-01   1.2213197356064026e-01   5.7100333173132345e-05
   8.0078125000000000e-01  -1.3293499814886069e+00  -1.3283018389118684e+00   1.0481425767385755e-03
   8.0859375000000000e-01  -1.7645672947134408e+00  -1.7633436873665613e+00   1.2236073468794295e-03
   8.1640625000000000e-01  -8.3139451364729744e-01  -8.3097873477257644e-01   4.1577887472099562e-04
   8.2421875000000000e-01   7.5027461501041226e-01   7.4953438622249136e-01   7.4022878792090463e-04
   8.3203125000000000e-01   1.7392541402741477e+00   1.7379447219139130e+00   1.3094183602346821e-03
   8.3984375000000000e-01   1.3546745677321752e+00   1.3538593496357569e+00   8.1521809641826870e-04
   8.4765625000000000e-01  -9.3630492714533206e-02  -9.3287269404552162e-02   3.4322330998104444e-04
   8.5546875000000000e-01  -1.4456439501482463e+00  -1.4444283631663488e+00   1.2155869818974985e-03
   8.6328125000000000e-01  -1.6232108440142441e+00  -1.6221296242106893e+00   1.0812198035548004e-03
   8.7109375000000000e-01  -5.0230272437595136e-01  -5.0224040530036151e-01   6.2319075589845063e-05
