#                  Coord.                Numerical               Analytical                    Error
   3.9062500000000000e-03  -7.0627342095086476e-01  -7.0604710578234653e-01   2.2631516851823186e-04
   1.1718750000000000e-02   4.7000816187066141e-02   4.7016854638999420e-02   1.6038451933278464e-05
   1.9531250000000000e-02   8.7652213915672306e-01   8.7629057552508405e-01   2.3156363163900906e-04
   2.7343750000000000e-02   1.1273308887874627e+00   1.1269987695281183e+00   3.3211925934439890e-04
   3.5156250000000000e-02   5.1912802778603839e-01   5.1894012573227999e-01   1.8790205375840419e-04
   4.2968750000000000e-02  -5.6830835238424349e-01  -5.6819036768454290e-01   1.1798469970059067e-04
   5.0781250000000000e-02  -1.3198213274065262e+00  -1.3194659749629272e+00   3.5535244359907736e-04
   5.8593750000000000e-02  -1.1015208596396056e+00  -1.1011931650636366e+00   3.2769457596892870e-04
   6.6406250000000000e-02  -2.1290460178699511e-04  -1.7623201596642996e-04   3.6672585820565144e-05
   7.4218750000000000e-02   1.1769384854563234e+00   1.1766417699375684e+00   2.9671551875498636e-04
   8.2031250000000000e-02   1.4993229684483900e+00   1.4989165791279924e+00   4.0638932039760434e-04
   8.9843750000000000e-02   6.6272557502747342e-01   6.6253051721665035e-01   1.9505781082307383e-04
   9.7656250000000000e-02  -7.2224723638739463e-01  -7.2207281456394157e-01   1.7442182345306367e-04
   1.0546875000000000e-01  -1.5775867412569518e+00  -1.5771772155295380e+00   4.0952572741370652e-04
   1.1328125000000000e-01  -1.2136216459294140e+00  -1.2133001980922173e+00   3.2144783719667558e-04
   1.2109375000000000e-01   9.8559125961066307e-02   9.8541099617215397e-02   1.8026343850910398e-05
   1.2890625000000000e-01   1.3255928972417204e+00   1.3252555244273576e+00   3.3737281436274635e-04
   1.3671875000000000e-01   1.4997208130186426e+00   1.4993319306317581e+00   3.8888238688450372e-04
   1.4453125000000000e-01   5.0179884272297814e-01   5.0166282877189317e-01   1.3601395108497893e-04
   1.5234375000000000e-01  -8.4976927050486806e-01  -8.4956046896540538e-01   2.0880153946267743e-04
   1.6015625000000000e-01  -1.4775035266415009e+00  -1.4771265070323560e+00   3.7701960914482413e-04
   1.6796875000000000e-01  -9.2159279904293601e-01  -9.2134329147316330e-01   2.4950756977271116e-04
   1.7578125000000000e-01   3.1329890622233597e-01   3.1324550801256251e-01   5.3398209773458660e-05
   1.8359375000000000e-01   1.2112610711453824e+00   1.2109686227988052e+00   2.9244834657715657e-04
   1.9140625000000000e-01   1.0925548652005381e+00   1.0922572247521785e+00   2.9764044835967063e-04
   1.9921875000000000e-01   1.3756369621283149e-01   1.3747095418900113e-01   9.2742023830361120e-05
   2.0703125000000000e-01  -8.2468865290163329e-01  -8.2453343866256446e-01   1.5521423906883491e-04
   2.1484375000000000e-01  -1.0387034262705077e+00  -1.0384312796413380e+00   2.7214662916974497e-04
   2.2265625000000000e-01  -4.2185619205767566e-01  -4.2165600279243659e-01   2.0018926523907021e-04
   2.3046875000000000e-01   4.4038345225448239e-01   4.4038945064942686e-01   5.9983949444730733e-06
   2.3828125000000000e-01   8.4057420379420034e-01   8.4039370072220076e-01   1.8050307199957150e-04
   2.4609375000000000e-01   5.3118545670646999e-01   5.3093564321410280e-01   2.4981349236719019e-04
   2.5390625000000000e-01  -1.3878653974076782e-01  -1.3894636293489560e-01   1.5982319412777279e-04
   2.6171875000000000e-01  -5.8854437978187701e-01  -5.8849867162697678e-01   4.5708154900236941e-05
   2.6953125000000000e-01  -5.0535162525086352e-01  -5.0511365340189540e-01   2.3797184896812151e-04
   2.7734375000000000e-01  -5.0793898750798580e-02  -5.0514849047847282e-02   2.7904970295129783e-04
   2.8515625000000000e-01   3.5053122877407500e-01   3.5064034316830567e-01   1.0911439423066938e-04
   2.9296875000000000e-01   3.9876787421443727e-01   3.9859732935088821e-01   1.7054486354906029e-04
   3.0078125000000000e-01   1.3443298022126376e-01   1.3408555123252458e-01   3.4742898873918460e-04
   3.0859375000000000e-01  -1.6441196590997886e-01  -1.6466532102474904e-01   2.5335511477017625e-04
   3.1640625000000000e-01  -2.5816422252918891e-01  -2.5809814886252036e-01   6.6073666668553521e-05
   3.2421875000000000e-01  -1.3139370518928611e-01  -1.3103421731082668e-01   3.5948787845943575e-04
   3.3203125000000000e-01   4.8941854507661892e-02   4.9305264375077186e-02   3.6340986741529441e-04
   3.3984375000000000e-01   1.1992116363499999e-01   1.1997063958264165e-01   4.9475947641652862e-05
   3.4765625000000000e-01   6.2826327470332788e-02   6.2498992253677076e-02   3.2733521665571225e-04
   3.5546875000000000e-01  -1.6799049918848431e-02  -1.7230708430780322e-02   4.3165851193189067e-04
   3.6328125000000000e-01  -2.0307001882243769e-02  -2.0462596326877771e-02   1.5559444463400171e-04
   3.7109375000000000e-01   4.2425712866104054e-02   4.2695371965662948e-02   2.6965909955889433e-04
   3.7890625000000000e-01   7.3994704067976202e-02   7.4457149236855147e-02   4.6244516887894438e-04
   3.8671875000000000e-01   1.5108632935860525e-03   1.7496932593540370e-03   2.3882996576798455e-04
   3.9453125000000000e-01  -1.3449310436206302e-01  -1.3470001115483962e-01   2.0690679277660107e-04
   4.0234375000000000e-01  -2.0236487682220589e-01  -2.0283622325171755e-01   4.7134642951165984e-04
   4.1015625000000000e-01  -9.8169604426105284e-02  -9.8473171449566993e-02   3.0356702346170938e-04
   4.1796875000000000e-01   1.4191351367446520e-01   1.4206512552240974e-01   1.5161184794454385e-04
   4.2578125000000000e-01   3.4019908747452754e-01   3.4067722724203758e-01   4.7813976751004406e-04
   4.3359375000000000e-01   3.0559629954894485e-01   3.0595881063361458e-01   3.6251108466972548e-04
   4.4140625000000000e-01   1.1510878203075947e-03   1.0470647904845922e-03   1.0402302982300254e-04
   4.4921875000000000e-01  -3.8614929774279705e-01  -3.8664539927372615e-01   4.9610153092910503e-04
   4.5703125000000000e-01  -5.5246462175653932e-01  -5.5289776342754315e-01   4.3314167100383383e-04
   4.6484375000000000e-01  -3.0736956385667175e-01  -3.0731569051808333e-01   5.3873338588417141e-05
   4.7265625000000000e-01   2.4050513106242516e-01   2.4103434501765197e-01   5.2921395522681491e-04
   4.8046875000000000e-01   7.0853932849256496e-01   7.0907218250564485e-01   5.3285401307989755e-04
   4.8828125000000000e-01   7.0029764469671296e-01   7.0031861567133447e-01   2.0970974621503657e-05
   4.9609375000000000e-01   1.3155427312099729e-01   1.3099087577247964e-01   5.6339734851765244e-04
   5.0390625000000000e-01  -6.3924094167333256e-01  -6.3990547596323377e-01   6.6453428990120855e-04
   5.1171875000000000e-01  -1.0253189694491525e+00  -1.0254579295591906e+00   1.3896011003811104e-04
   5.1953125000000000e-01  -6.5590462010338979e-01  -6.5533255516336941e-01   5.7206494002037811e-04
   5.2734375000000000e-01   2.8275765047310708e-01   2.8357154906584425e-01   8.1389859273717224e-04
   5.3515625000000000e-01   1.1152808277841211e+00   1.1155942451598169e+00   3.1341737569579031e-04
   5.4296875000000000e-01   1.1626568546680391e+00   1.1621317864039060e+00   5.2506826413312169e-04
   5.5078125000000000e-01   2.9918737699014375e-01   2.9823679150940785e-01   9.5058548073589932e-04
   5.5859375000000000e-01  -8.7802973877502422e-01  -8.7856516630403192e-01   5.3542752900770374e-04
   5.6640625000000000e-01  -1.4592235425624498e+00  -1.4588247753729968e+00   3.9876718945297540e-04
   5.7421875000000000e-01  -9.3524634905039894e-01  -9.3421111424489411e-01   1.0352348055048255e-03
   5.8203125000000000e-01   3.5191947714302207e-01   3.5269689070109733e-01   7.7741355807525725e-04
   5.8984375000000000e-01   1.4235650671040221e+00   1.4233766661166192e+00   1.8840098740291467e-04
   5.9765625000000000e-01   1.4201172399683675e+00   1.4190848836948253e+00   1.0323562735421454e-03
   6.0546875000000000e-01   3.0683470220680054e-01   3.0583691171732746e-01   9.9779048947307158e-04
   6.1328125000000000e-01  -1.0622009189403159e+00  -1.0622896369713855e+00   8.8718031069578984e-05
   6.2109375000000000e-01  -1.6081718873753972e+00  -1.6072493432956079e+00   9.2254407978931141e-04
   6.2890625000000000e-01  -8.9713441497712543e-01  -8.9598073583463522e-01   1.1536791424902049e-03
   6.3671875000000000e-01   5.0090062939137803e-01   5.0129654594462714e-01   3.9591655324910935e-04
   6.4453125000000000e-01   1.4716048604281040e+00   1.4708984137535797e+00   7.0644667452435250e-04
   6.5234375000000000e-01   1.2617503188485704e+00   1.2605388150196586e+00   1.2115038289117752e-03
   6.6015625000000000e-01   8.0726510285559300e-02   8.0036294621937759e-02   6.9021566362154063e-04
   6.6796875000000000e-01  -1.0960757215807184e+00  -1.0956658875146732e+00   4.0983406604522266e-04
   6.7578125000000000e-01  -1.3432732858454393e+00  -1.3421172175051057e+00   1.1560683403335492e-03
   6.8359375000000000e-01  -5.2863720166110362e-01  -5.2771012998055300e-01   9.2707168055061739e-04
   6.9140625000000000e-01   6.2650477107888580e-01   6.2643433281438776e-01   7.0438264498040581e-05
   6.9921875000000000e-01   1.1854335255472928e+00   1.1844409822878790e+00   9.9254325941378063e-04
   7.0703125000000000e-01   7.6599567342452801e-01   7.6492007407106533e-01   1.0755993534626862e-03
   7.1484375000000000e-01  -2.0011190512782628e-01  -2.0038055523686965e-01   2.6865010904336684e-04
   7.2265625000000000e-01  -8.9205507268831696e-01  -8.9131275021258127e-01   7.4232247573569055e-04
   7.3046875000000000e-01  -8.0000047708384214e-01  -7.9888205613518737e-01   1.1184209486547747e-03
   7.3828125000000000e-01  -9.9303562923826583e-02  -9.8738904160780738e-02   5.6465876304584439e-04
   7.4609375000000000e-01   5.7404220943027828e-01   5.7360108890033290e-01   4.4112052994538242e-04
   8.7890625000000000e-01  -2.1476424062014368e-01  -2.1422308021751299e-01   5.4116040263069154e-04
   8.8671875000000000e-01  -2.0626725889617384e-01  -2.0563889904787275e-01   6.2835984830109104e-04
   8.9453125000000000e-01  -5.6297570237983263e-02  -5.6081803956950720e-02   2.1576628103254364e-04
   9.0234375000000000e-01   1.5168685260625853e-01   1.5137805138249902e-01   3.0880122375950836e-04
   9.1015625000000000e-01   2.8959444512831894e-01   2.8906867793379237e-01   5.2576719452657183e-04
   9.1796875000000000e-01   2.4879188498108321e-01   2.4847058974951647e-01   3.2129523156673723e-04
   9.2578125000000000e-01   1.5629079784767769e-02   1.5710421290658801e-02   8.1341505891032589e-05
   9.3359375000000000e-01  -2.8696861634294801e-01  -2.8661127163436217e-01   3.5734470858583833e-04
   9.4140625000000000e-01  -4.4614857024881494e-01  -4.4580565538618838e-01   3.4291486262655324e-04
   9.4921875000000000e-01  -2.9866329873447361e-01  -2.9855447982968925e-01   1.0881890478436906e-04
   9.5703125000000000e-01   1.1937470282751983e-01   1.1922273304472834e-01   1.5196978279148621e-04
   9.6484375000000000e-01   5.4194951342042985e-01   5.4166718749486664e-01   2.8232592556320935e-04
   9.7265625000000000e-01   6.3016311091814059e-01   6.2992888797290481e-01   2.3422294523578469e-04
   9.8046875000000000e-01   2.3665027885116086e-01   2.3659478619185351e-01   5.5492659307349035e-05
   9.8828125000000000e-01  -4.2406825168323048e-01  -4.2391501533604270e-01   1.5323634718777956e-04
   9.9609375000000000e-01  -8.7216429661969708e-01  -8.7188888828850020e-01   2.7540833119688024e-04
   7.5390625000000000e-01   6.9431519658991991e-01   6.9325679379021354e-01   1.0584027997063705e-03
   7.6171875000000000e-01   2.5295347654449613e-01   2.5216573528772085e-01   7.8774125677527618e-04
   7.6953125000000000e-01  -3.1039220999919392e-01  -3.1026690930530665e-01   1.2530069388727583e-04
   7.7734375000000000e-01  -5.2996603393272246e-01  -5.2905687972593984e-01   9.0915420678261416e-04
   7.8515625000000000e-01  -2.9205076450502565e-01  -2.9113287423875450e-01   9.1789026627114856e-04
   7.9296875000000000e-01   1.3274552564134190e-01   1.3291172027084588e-01   1.6619462950398511e-04
   8.0078125000000000e-01   3.7296767294138750e-01   3.7227080667517359e-01   6.9686626621390246e-04
   8.0859375000000000e-01   2.7130623604133802e-01   2.7035658964694353e-01   9.4964639439448773e-04
   8.1640625000000000e-01  -2.9389754542372505e-02  -2.9794787580774550e-02   4.0503303840204452e-04
   8.2421875000000000e-01  -2.5542808576767972e-01  -2.5497947384965519e-01   4.4861191802453293e-04
   8.3203125000000000e-01  -2.4178860015730713e-01  -2.4090139676689670e-01   8.8720339041042928e-04
   8.3984375000000000e-01  -3.8420139827686051e-02  -3.7850426164803837e-02   5.6971366288221387e-04
   8.4765625000000000e-01   1.7023515946890411e-01   1.7004159487170825e-01   1.9356459719585550e-04
   8.5546875000000000e-01   2.2806848363905391e-01   2.2732536297459027e-01   7.4312066446363678e-04
   8.6328125000000000e-01   1.1191006079682431e-01   1.1126509346570221e-01   6.4496733112209825e-04
   8.7109375000000000e-01  -8.0214049671912258e-02  -8.0250639808969043e-02   3.6590137056785599e-05
