#                  Coord.                Numerical               Analytical                    Error
   3.9062500000000000e-03  -1.0466370632451725e+00  -1.0461291470078009e+00   5.0791623737156399e-04
   1.1718750000000000e-02  -1.2190040783023055e+00  -1.2187572189076188e+00   2.4685939468671592e-04
   1.9531250000000000e-02  -4.6454034329875921e-01  -4.6475761779209834e-01   2.1727449333913684e-04
   2.7343750000000000e-02   5.8324854695255779e-01   5.8279461960337531e-01   4.5392734918248134e-04
   3.5156250000000000e-02   1.1142072053064553e+00   1.1139408734159013e+00   2.6633189055402795e-04
   4.2968750000000000e-02   7.7895246433402532e-01   7.7909997325485270e-01   1.4750892082737721e-04
   5.0781250000000000e-02  -8.8820966363740705e-02  -8.8428719602600528e-02   3.9224676114017754e-04
   5.8593750000000000e-02  -7.9743669794895633e-01  -7.9718064633198416e-01   2.5605161697217493e-04
   6.6406250000000000e-02  -8.5558259268444192e-01  -8.5569034873763816e-01   1.0775605319623960e-04
   7.4218750000000000e-02  -3.0632610619475514e-01  -3.0666621440592878e-01   3.4010821117363976e-04
   8.2031250000000000e-02   3.8299048859699214e-01   3.8276102315096389e-01   2.2946544602825414e-04
   8.9843750000000000e-02   7.2035971797678655e-01   7.2045790168201551e-01   9.8183705228960250e-05
   9.7656250000000000e-02   5.3318608648531074e-01   5.3349729328017603e-01   3.1120679486529301e-04
   1.0546875000000000e-01   2.2823018404006468e-02   2.3026691883661528e-02   2.0367347965506016e-04
   1.1328125000000000e-01  -4.4090605873524424e-01  -4.4101650209349474e-01   1.1044335825050045e-04
   1.2109375000000000e-01  -5.8098695163755387e-01  -5.8129914938039573e-01   3.1219774284185764e-04
   1.2890625000000000e-01  -3.5134094869156673e-01  -3.5153621407944569e-01   1.9526538787895120e-04
   1.3671875000000000e-01   8.4649536676429021e-02   8.4779645580902688e-02   1.3010890447366641e-04
   1.4453125000000000e-01   4.6601494079176742e-01   4.6635606239018140e-01   3.4112159841398482e-04
   1.5234375000000000e-01   5.6374413018742842e-01   5.6396102243641322e-01   2.1689224898480131e-04
   1.6015625000000000e-01   2.9517705560198226e-01   2.9503655136939549e-01   1.4050423258676892e-04
   1.6796875000000000e-01  -2.0670128579902050e-01  -2.0709097808083896e-01   3.8969228181845450e-04
   1.7578125000000000e-01  -6.2718708249752764e-01  -6.2746146876874143e-01   2.7438627121378900e-04
   1.8359375000000000e-01  -6.4428327606366964e-01  -6.4415978938924678e-01   1.2348667442285688e-04
   1.9140625000000000e-01  -1.7256673591272542e-01  -1.7212707334839467e-01   4.3966256433075612e-04
   1.9921875000000000e-01   5.0682621368907443e-01   5.0718850091108636e-01   3.6228722201192554e-04
   2.0703125000000000e-01   8.8870074467185756e-01   8.8863188171687646e-01   6.8862954981097069e-05
   2.1484375000000000e-01   6.1638964188259848e-01   6.1591615793285648e-01   4.7348394974200403e-04
   2.2265625000000000e-01  -1.8820438418085500e-01  -1.8867398562402707e-01   4.6960144317206853e-04
   2.3046875000000000e-01  -9.4233208857745354e-01  -9.4236113120399678e-01   2.9042626543240857e-05
   2.3828125000000000e-01  -1.0225162086754309e+00  -1.0220453667630174e+00   4.7084191241353324e-04
   2.4609375000000000e-01  -2.8636086605854871e-01  -2.8578514811467842e-01   5.7571794387029085e-04
   2.5390625000000000e-01   7.4721211352396377e-01   7.4737669334526236e-01   1.6457982129858273e-04
   2.6171875000000000e-01   1.2624746477344362e+00   1.2620547632188683e+00   4.1988451556784767e-04
   2.6953125000000000e-01   8.0248228004478139e-01   8.0182417995228894e-01   6.5810009249245294e-04
   2.7734375000000000e-01  -3.2133538830822378e-01  -3.2165920697051087e-01   3.2381866228708978e-04
   2.8515625000000000e-01  -1.2373280581989359e+00  -1.2370182820921043e+00   3.0977610683158296e-04
   2.9296875000000000e-01  -1.2041940533542601e+00  -1.2035014848258385e+00   6.9256852842158878e-04
   3.0078125000000000e-01  -2.2503658095011866e-01  -2.2455271151349329e-01   4.8386943662537263e-04
   3.0859375000000000e-01   9.3539762348948274e-01   9.3525000735072061e-01   1.4761613876212998e-04
   3.1640625000000000e-01   1.3613818771346939e+00   1.3607205738385131e+00   6.6130329618085959e-04
   3.2421875000000000e-01   7.2626103451607771e-01   7.2564478683888156e-01   6.1624767719614670e-04
   3.3203125000000000e-01  -4.5008525716151443e-01  -4.5013266881155956e-01   4.7411650045126041e-05
   3.3984375000000000e-01  -1.2343178289117511e+00  -1.2337553724088297e+00   5.6245650292141569e-04
   3.4765625000000000e-01  -1.0356676606935471e+00  -1.0349676205187015e+00   7.0004017484559533e-04
   3.5546875000000000e-01  -6.0105503908593316e-02  -5.9854177307922571e-02   2.5132660067074541e-04
   3.6328125000000000e-01   8.9266350784312432e-01   8.9225932115656703e-01   4.0418668655728407e-04
   3.7109375000000000e-01   1.0931212269298838e+00   1.0924007590292022e+00   7.2046790068158728e-04
   3.7890625000000000e-01   4.4804057137192443e-01   4.4760304559220432e-01   4.3752577972011597e-04
   3.8671875000000000e-01  -4.7522428825003366e-01  -4.7501778095672531e-01   2.0650729330834450e-04
   3.9453125000000000e-01  -9.4446523227470136e-01  -9.4378996853041330e-01   6.7526374428805713e-04
   4.0234375000000000e-01  -6.4497907573538527e-01  -6.4439478243949577e-01   5.8429329588949308e-04
   4.1015625000000000e-01   1.1535613059499655e-01   1.1536631342405160e-01   1.0182829055044307e-05
   4.1796875000000000e-01   7.0304369055017490e-01   7.0247284181459435e-01   5.7084873558055360e-04
   4.2578125000000000e-01   6.7965897544078158e-01   6.7898099391384514e-01   6.7798152693643310e-04
   4.3359375000000000e-01   1.2289670981987932e-01   1.2267583938781423e-01   2.2087043206509005e-04
   4.4140625000000000e-01  -4.7949099131983802e-01  -4.7906960851982444e-01   4.2138280001358108e-04
   4.4921875000000000e-01  -6.4256655270955410e-01  -6.4185332837497899e-01   7.1322433457510215e-04
   4.5703125000000000e-01  -2.6298738565742519e-01  -2.6258048432295927e-01   4.0690133446591448e-04
   4.6484375000000000e-01   3.2202726309688995e-01   3.2178315939284025e-01   2.4410370404970294e-04
   4.7265625000000000e-01   6.2055588757904467e-01   6.1986347248989559e-01   6.9241508914907879e-04
   4.8046875000000000e-01   3.8267738414426145e-01   3.8212240543612452e-01   5.5497870813692174e-04
   4.8828125000000000e-01  -1.9927950303825601e-01  -1.9922402556249066e-01   5.5477475765342010e-05
   4.9609375000000000e-01  -6.4055194006287475e-01  -6.3993099750860349e-01   6.2094255427125322e-04
   5.0390625000000000e-01  -5.5202465882790019e-01  -5.5136791219992942e-01   6.5674662797077232e-04
   5.1171875000000000e-01   3.2013400717734786e-02   3.2145465737836679e-02   1.3206502010189303e-04
   5.1953125000000000e-01   6.5295422981080409e-01   6.5244956896855955e-01   5.0466084224454200e-04
   5.2734375000000000e-01   7.7839883787714248e-01   7.7769204107001233e-01   7.0679680713015003e-04
   5.3515625000000000e-01   2.4555290332550062e-01   2.4524859488685363e-01   3.0430843864698298e-04
   5.4296875000000000e-01  -5.6345002246035336e-01  -5.6309583661437768e-01   3.5418584597568525e-04
   5.5078125000000000e-01  -9.8976556011123207e-01  -9.8906232712950104e-01   7.0323298173102788e-04
   5.5859375000000000e-01  -6.2948030782616149e-01  -6.2903016647225851e-01   4.5014135390297749e-04
   5.6640625000000000e-01   2.9653466863930955e-01   2.9635395668804593e-01   1.8071195126362349e-04
   5.7421875000000000e-01   1.0680483836692369e+00   1.0674012759528269e+00   6.4710771641007803e-04
   5.8203125000000000e-01   1.0285384116840044e+00   1.0279801562953323e+00   5.5825538867204649e-04
   5.8984375000000000e-01   1.4467035900631312e-01   1.4466929173214868e-01   1.0672741644346395e-06
   5.9765625000000000e-01  -9.1707681883286463e-01  -9.1653284522483391e-01   5.4397360803071226e-04
   6.0546875000000000e-01  -1.2999905809030365e+00  -1.2993716367723913e+00   6.1894413064522702e-04
   6.1328125000000000e-01  -6.5938178768305555e-01  -6.5920858933240511e-01   1.7319835065043865e-04
   6.2109375000000000e-01   5.2711872353295053e-01   5.2671305241828226e-01   4.0567111466827122e-04
   6.2890625000000000e-01   1.3225954122328634e+00   1.3219673679111841e+00   6.2804432167928859e-04
   6.3671875000000000e-01   1.0871411986105268e+00   1.0868200734468525e+00   3.2112516367432953e-04
   6.4453125000000000e-01   4.2238512098316527e-03   4.4707506829914940e-03   2.4689947315984125e-04
   6.5234375000000000e-01  -1.0654734494049720e+00  -1.0648836250800100e+00   5.8982432496201831e-04
   6.6015625000000000e-01  -1.2844937292847287e+00  -1.2840653096287540e+00   4.2841965597473219e-04
   6.6796875000000000e-01  -5.1075268276357044e-01  -5.1084211469100249e-01   8.9431927432048752e-05
   6.7578125000000000e-01   6.1098284946664405e-01   6.1046713128250640e-01   5.1571818413764792e-04
   6.8359375000000000e-01   1.1963068231359779e+00   1.1958134023205949e+00   4.9342081538306104e-04
   6.9140625000000000e-01   8.3492311880231362e-01   8.3487235963154516e-01   5.0759170768466255e-05
   6.9921875000000000e-01  -1.1767829763810411e-01  -1.1725556223432405e-01   4.2273540378005847e-04
   7.0703125000000000e-01  -8.8061266601957933e-01  -8.8009212518832991e-01   5.2054083124941641e-04
   7.1484375000000000e-01  -8.9872203569835307e-01  -8.9855789960320320e-01   1.6413609514986938e-04
   7.2265625000000000e-01  -2.5320705506004426e-01  -2.5353368233067386e-01   3.2662727062959807e-04
   7.3046875000000000e-01   4.7647824617503570e-01   4.7595771437612550e-01   5.2053179891020651e-04
   7.3828125000000000e-01   7.3063187520134742e-01   7.3038214256350531e-01   2.4973263784211497e-04
   7.4609375000000000e-01   4.0506489535164819e-01   4.0530384190310592e-01   2.3894655145773047e-04
   8.7890625000000000e-01   7.3999514092015284e-01   7.3941693772424577e-01   5.7820319590706770e-04
   8.8671875000000000e-01   1.6553704786810375e-01   1.6524427981124856e-01   2.9276805685518603e-04
   8.9453125000000000e-01  -6.5451748423559741e-01  -6.5425772656563153e-01   2.5975766996588767e-04
   9.0234375000000000e-01  -1.0457181777505198e+00  -1.0451310789804147e+00   5.8709877010509892e-04
   9.1015625000000000e-01  -6.1201927949096158e-01  -6.1162223546091110e-01   3.9704403005047517e-04
   9.1796875000000000e-01   3.7960464539783245e-01   3.7945883558069970e-01   1.4580981713274710e-04
   9.2578125000000000e-01   1.1565762867778677e+00   1.1560162848199962e+00   5.6000195787153650e-04
   9.3359375000000000e-01   1.0555015947418362e+00   1.0550213396018737e+00   4.8025513996252656e-04
   9.4140625000000000e-01   9.5533460186127489e-02   9.5555121463429649e-02   2.1661277302159609e-05
   9.4921875000000000e-01  -9.9095201751420781e-01  -9.9045390161644309e-01   4.9811589776471710e-04
   9.5703125000000000e-01  -1.3310996283864767e+00  -1.3305699017559378e+00   5.2972663053885150e-04
   9.6484375000000000e-01  -6.2909230530770388e-01  -6.2899656054856201e-01   9.5744759141869196e-05
   9.7265625000000000e-01   5.7412816142625112e-01   5.7371907536529698e-01   4.0908606095413358e-04
   9.8046875000000000e-01   1.3292727582217185e+00   1.3287357536215165e+00   5.3700460020200680e-04
   9.8828125000000000e-01   1.0467332122673647e+00   1.0465457308087438e+00   1.8748145862090837e-04
   9.9609375000000000e-01  -3.2332332416238840e-02  -3.2021707885175575e-02   3.1062453106326521e-04
   7.5390625000000000e-01  -1.3889894014635307e-01  -1.3839149373520918e-01   5.0744641114389144e-04
   7.6171875000000000e-01  -4.4193586495249471e-01  -4.4161845497536073e-01   3.1740997713397556e-04
   7.6953125000000000e-01  -3.3537525595575685e-01  -3.3553649824921655e-01   1.6124229345970686e-04
   7.7734375000000000e-01  -2.2084442446387631e-02  -2.2576284601931014e-02   4.9184215554338301e-04
   7.8515625000000000e-01   1.7431680050351217e-01   1.7394263361734735e-01   3.7416688616481730e-04
   7.9296875000000000e-01   1.2373487564273762e-01   1.2382367820300601e-01   8.8802560268386177e-05
   8.0078125000000000e-01  -2.6041630632653329e-02  -2.5566426659697886e-02   4.7520397295544234e-04
   8.0859375000000000e-01  -4.7472132785087690e-02  -4.7041184820123573e-02   4.3094796496411653e-04
   8.1640625000000000e-01   1.0454333472724381e-01   1.0453156564391326e-01   1.1769083330545604e-05
   8.2421875000000000e-01   2.3589102171373777e-01   2.3543794338214302e-01   4.5307833159474731e-04
   8.3203125000000000e-01   1.2263863414851318e-01   1.2214908989723466e-01   4.8954425127852030e-04
   8.3984375000000000e-01  -2.2132713441869512e-01  -2.2140520939497765e-01   7.8074976282538344e-05
   8.4765625000000000e-01  -4.9870084613315346e-01  -4.9828667117840036e-01   4.1417495475309929e-04
   8.5546875000000000e-01  -3.8421645146439931e-01  -3.8367480808419380e-01   5.4164338020551428e-04
   8.6328125000000000e-01   1.3682831733302619e-01   1.3700881104162763e-01   1.8049370860143132e-04
   8.7109375000000000e-01   6.7770783831115033e-01   6.7735637406927973e-01   3.5146424187060266e-04
