#                  Coord.                Numerical               Analytical                    Error
   3.9062500000000000e-03   8.4115752003223598e-01   8.4172135217301225e-01   5.6383214077626587e-04
   1.1718750000000000e-02   1.0574671491060421e+00   1.0574368595325552e+00   3.0289573486941279e-05
   1.9531250000000000e-02   4.7954516240608069e-01   4.7888794902413767e-01   6.5721338194302259e-04
   2.7343750000000000e-02  -5.1177221307791609e-01  -5.1246404594808004e-01   6.9183287016394424e-04
   3.5156250000000000e-02  -1.1676418586616939e+00  -1.1676863617533204e+00   4.4503091626513225e-05
   4.2968750000000000e-02  -9.4869600640734519e-01  -9.4798500525849327e-01   7.1100114885191967e-04
   5.0781250000000000e-02   1.6975024162945218e-02   1.7830761746504869e-02   8.5573758355965077e-04
   5.8593750000000000e-02   9.9522584990093921e-01   9.9542790300761241e-01   2.0205310667320564e-04
   6.6406250000000000e-02   1.2138652491458859e+00   1.2131753011213091e+00   6.8994802457678084e-04
   7.4218750000000000e-02   4.8953388174793744e-01   4.8853003606802275e-01   1.0038456799146833e-03
   8.2031250000000000e-02  -6.0952439282195114e-01  -6.0993906852585522e-01   4.1467570390407715e-04
   8.9843750000000000e-02  -1.2156293094080806e+00  -1.2150492236927897e+00   5.8008571529089004e-04
   9.7656250000000000e-02  -8.6372931654346519e-01  -8.6263738807800905e-01   1.0919284654561379e-03
   1.0546875000000000e-01   1.3867753917680403e-01   1.3931751271208515e-01   6.3997353528111312e-04
   1.1328125000000000e-01   9.7913224166997004e-01   9.7873907256675230e-01   3.9316910321773868e-04
   1.2109375000000000e-01   1.0130073978002818e+00   1.0119121843787724e+00   1.0952134215094222e-03
   1.2890625000000000e-01   2.7293636581852543e-01   2.7210100414668470e-01   8.3536167184072863e-04
   1.3671875000000000e-01  -6.0047473229144521e-01  -6.0031243149140634e-01   1.6230080003887259e-04
   1.4453125000000000e-01  -9.1971316136912995e-01  -9.1870006158624162e-01   1.0130997828883270e-03
   1.5234375000000000e-01  -5.0680224646168748e-01  -5.0583232379992216e-01   9.6992266176532116e-04
   1.6015625000000000e-01   2.1765351082429396e-01   2.1773179221384314e-01   7.8281389549184066e-05
   1.6796875000000000e-01   6.4715154557661392e-01   6.4628557129371644e-01   8.6597428289747480e-04
   1.7578125000000000e-01   5.0790653056722168e-01   5.0687181217464816e-01   1.0347183925735193e-03
   1.8359375000000000e-01   3.1844155344685432e-02   3.1549669958286321e-02   2.9448538639911120e-04
   1.9140625000000000e-01  -3.2398335356278590e-01  -3.2329837843521320e-01   6.8497512757270673e-04
   1.9921875000000000e-01  -3.0980512120252074e-01  -3.0876590748578198e-01   1.0392137167387627e-03
   2.0703125000000000e-01  -6.2179608249826462e-02  -6.1709706907290891e-02   4.6990134253557109e-04
   2.1484375000000000e-01   1.0134226996773084e-01   1.0084176685374929e-01   5.0050311398154579e-04
   2.2265625000000000e-01   3.1102213056294847e-02   3.0095612282933722e-02   1.0066007733611250e-03
   2.3046875000000000e-01  -1.1886339761991355e-01  -1.1946958185324807e-01   6.0618423333452798e-04
   2.3828125000000000e-01  -8.9958689064764286e-02  -8.9627602128099643e-02   3.3108693666464295e-04
   2.4609375000000000e-01   1.6779680681311071e-01   1.6875784598948296e-01   9.6103917637224701e-04
   2.5390625000000000e-01   4.0330603658519409e-01   4.0402341453657303e-01   7.1737795137893912e-04
   2.6171875000000000e-01   3.0456186166406768e-01   3.0437976696451313e-01   1.8209469955454693e-04
   2.6953125000000000e-01  -1.5644281409640393e-01  -1.5736219894935774e-01   9.1938485295381400e-04
   2.7734375000000000e-01  -6.2584579884971636e-01  -6.2666716076320494e-01   8.2136191348858301e-04
   2.8515625000000000e-01  -6.4923673207776922e-01  -6.4919857443645312e-01   3.8157641316094448e-05
   2.9296875000000000e-01  -1.0031714564544147e-01  -9.9435664014755856e-02   8.8148163068561824e-04
   3.0078125000000000e-01   6.4082858019138644e-01   6.4175909330297054e-01   9.3051311158409700e-04
   3.0859375000000000e-01   9.5854321530853825e-01   9.5865824331013272e-01   1.1502800159446380e-04
   3.1640625000000000e-01   5.2135360639457518e-01   5.2051941909693555e-01   8.3418729763962141e-04
   3.2421875000000000e-01  -3.9345335333527925e-01  -3.9449633756988534e-01   1.0429842346060814e-03
   3.3203125000000000e-01  -1.0758013809098173e+00  -1.0760927682133974e+00   2.9138730358013731e-04
   3.3984375000000000e-01  -9.4677552835722945e-01  -9.4601964499543711e-01   7.5588336179233107e-04
   3.4765625000000000e-01  -5.4001546267326783e-02  -5.2857311350881050e-02   1.1442349164457327e-03
   3.5546875000000000e-01   9.2691237827971529e-01   9.2740745773736089e-01   4.9507945764559746e-04
   3.6328125000000000e-01   1.2140668896002484e+00   1.2134416483761548e+00   6.2524122409368665e-04
   3.7109375000000000e-01   5.5426486386997575e-01   5.5305451457885091e-01   1.2103492911248459e-03
   3.7890625000000000e-01  -5.5126794398894552e-01  -5.5198478945480178e-01   7.1684546585626396e-04
   3.8671875000000000e-01  -1.2321912897631151e+00  -1.2317592640407291e+00   4.3202572238598691e-04
   3.9453125000000000e-01  -9.4649420334365530e-01  -9.4527838529904329e-01   1.2158180446120159e-03
   4.0234375000000000e-01   7.6423104763821359e-02   7.7360767366054198e-02   9.3766260223283882e-04
   4.1015625000000000e-01   1.0167872682355399e+00   1.0166199788686396e+00   1.6728936690024732e-04
   4.1796875000000000e-01   1.1292535696500112e+00   1.1281186425949756e+00   1.1349270550355950e-03
   4.2578125000000000e-01   3.4740979960176854e-01   3.4628230744910821e-01   1.1274921526603365e-03
   4.3359375000000000e-01  -6.7180326676679680e-01  -6.7195414017927224e-01   1.5087341247543851e-04
   4.4140625000000000e-01  -1.0993745574007776e+00  -1.0984184653891782e+00   9.5609201159940760e-04
   4.4921875000000000e-01  -6.1869203113228588e-01  -6.1743655814763931e-01   1.2554729846465662e-03
   4.5703125000000000e-01   3.2945793528951550e-01   3.2995475119931278e-01   4.9681590979727686e-04
   4.6484375000000000e-01   9.3919239178323910e-01   9.3851285350160119e-01   6.7953828163791474e-04
   4.7265625000000000e-01   7.2589391812670145e-01   7.2459917301025223e-01   1.2947451164492252e-03
   4.8046875000000000e-01  -8.0394132755852804e-02  -8.1230421851519338e-02   8.3628909566653420e-04
   4.8828125000000000e-01  -7.6016082799410323e-01  -7.5984005906734831e-01   3.2076892675492186e-04
   4.9609375000000000e-01  -7.3779691872670905e-01  -7.3656743988622808e-01   1.2294788404809687e-03
   5.0390625000000000e-01  -6.8544362144802140e-02  -6.7410068811809762e-02   1.1342933329923782e-03
   5.1171875000000000e-01   6.3385658633557362e-01   6.3394976682506388e-01   9.3180489490252150e-05
   5.1953125000000000e-01   7.4804906099192126e-01   7.4699589789311260e-01   1.0531630988086516e-03
   5.2734375000000000e-01   1.8445719042655578e-01   1.8309990810318996e-01   1.3572823233658216e-03
   5.3515625000000000e-01  -5.5064662190739599e-01  -5.5118229549505526e-01   5.3567358765926887e-04
   5.4296875000000000e-01  -8.0630272417188198e-01  -8.0553675416886372e-01   7.6597000301825702e-04
   5.5078125000000000e-01  -3.5117061920819270e-01  -3.4969683980513006e-01   1.4737794030626472e-03
   5.5859375000000000e-01   4.3272749851792219e-01   4.3369182939119078e-01   9.6433087326858180e-04
   5.6640625000000000e-01   8.7935833631111349e-01   8.7897461285953193e-01   3.8372345158155241e-04
   5.7421875000000000e-01   5.9995389544827049e-01   5.9849196985203368e-01   1.4619255962368127e-03
   5.8203125000000000e-01  -1.9509497202856274e-01  -1.9643360259731263e-01   1.3386305687498878e-03
   5.8984375000000000e-01  -8.6936556823449185e-01  -8.6943352078665359e-01   6.7952552161743007e-05
   5.9765625000000000e-01  -8.7406969036955806e-01  -8.7275948911185652e-01   1.3102012577015376e-03
   6.0546875000000000e-01  -1.8451244197278233e-01  -1.8289473874976817e-01   1.6177032230141608e-03
   6.1328125000000000e-01   6.7931397637556135e-01   6.7986418573064655e-01   5.5020935508520719e-04
   6.2109375000000000e-01   1.0526997123225936e+00   1.0516749943070991e+00   1.0247180154945301e-03
   6.2890625000000000e-01   6.3377328916634412e-01   6.3200360328509286e-01   1.7696858812512595e-03
   6.3671875000000000e-01  -2.8334775863031769e-01  -2.8436602042671366e-01   1.0182617963959695e-03
   6.4453125000000000e-01  -1.0201773007582122e+00  -1.0195509443963842e+00   6.2635636182806209e-04
   6.5234375000000000e-01  -1.0144034789044674e+00  -1.0126307449529142e+00   1.7727339515531959e-03
   6.6015625000000000e-01  -2.4456225824518679e-01  -2.4313852107045394e-01   1.4237371747328476e-03
   6.6796875000000000e-01   7.3576232343817016e-01   7.3561074431751816e-01   1.5157912065200119e-04
   6.7578125000000000e-01   1.1930004885036796e+00   1.1913791639665743e+00   1.6213245371052842e-03
   6.8359375000000000e-01   7.6182577884648572e-01   7.6010357820871621e-01   1.7222006377695109e-03
   6.9140625000000000e-01  -2.5964587516999105e-01  -2.5999684700480558e-01   3.5097183481452854e-04
   6.9921875000000000e-01  -1.1084784358174478e+00  -1.1071490599088893e+00   1.3293759085584167e-03
   7.0703125000000000e-01  -1.1265202466087998e+00  -1.1246396910971501e+00   1.8805555116496731e-03
   7.1484375000000000e-01  -2.7840238376102089e-01  -2.7757579158076257e-01   8.2659218025832315e-04
   7.2265625000000000e-01   7.9532064007367753e-01   7.9439072864613691e-01   9.2991142754061951e-04
   7.3046875000000000e-01   1.2597615381365683e+00   1.2578783910385172e+00   1.8831470980511522e-03
   7.3828125000000000e-01   7.4318896574350513e-01   7.4196653747413077e-01   1.2224282693743538e-03
   7.4609375000000000e-01  -3.5401608115069516e-01  -3.5354431600409486e-01   4.7176514660030033e-04
   8.7890625000000000e-01   1.3489994311070805e-01   1.3391306686368076e-01   9.8687624702728516e-04
   8.8671875000000000e-01   6.9080467525544820e-01   6.8987712561978265e-01   9.2754963566554771e-04
   8.9453125000000000e-01   7.3701080273614517e-01   7.3693927735892462e-01   7.1525377220549302e-05
   9.0234375000000000e-01   3.0460732948827229e-01   3.0535162390676035e-01   7.4429441848805622e-04
   9.1015625000000000e-01  -2.8304483617948795e-01  -2.8224244129845316e-01   8.0239488103478473e-04
   9.1796875000000000e-01  -6.5946496269011146e-01  -6.5932936540587495e-01   1.3559728423651052e-04
   9.2578125000000000e-01  -6.2452647657622118e-01  -6.2509561318413198e-01   5.6913660791080289e-04
   9.3359375000000000e-01  -2.1668357731971211e-01  -2.1734165593913510e-01   6.5807861942299151e-04
   9.4140625000000000e-01   3.3200874122365304e-01   3.3189699289431340e-01   1.1174832933963375e-04
   9.4921875000000000e-01   7.0665458360963718e-01   7.0714113251749522e-01   4.8654890785804206e-04
   9.5703125000000000e-01   6.5983030342974969e-01   6.6037762120470234e-01   5.4731777495264922e-04
   9.6484375000000000e-01   1.6726960437258645e-01   1.6731147746014666e-01   4.1873087560206912e-05
   9.7265625000000000e-01  -5.0095960988840993e-01  -5.0145520598799243e-01   4.9559609958249595e-04
   9.8046875000000000e-01  -8.9630245347047877e-01  -8.9681312489967802e-01   5.1067142919924979e-04
   9.8828125000000000e-01  -6.8605286970231838e-01  -6.8603190588458918e-01   2.0963817729202638e-05
   9.9609375000000000e-01   5.9557875035090357e-02   6.0126180170711203e-02   5.6830513562084600e-04
   7.5390625000000000e-01  -1.1650808618459254e+00  -1.1633445942284435e+00   1.7362676174819125e-03
   7.6171875000000000e-01  -1.0479385058327733e+00  -1.0464389725002567e+00   1.4995333325165117e-03
   7.6953125000000000e-01  -1.0454769153751646e-01  -1.0455632953306342e-01   8.6379955469562120e-06
   7.7734375000000000e-01   9.0161931275607454e-01   9.0015290591198349e-01   1.4664068440910505e-03
   7.8515625000000000e-01   1.1675987189381214e+00   1.1659674067799495e+00   1.6313121581719159e-03
   7.9296875000000000e-01   5.0053650335741284e-01   5.0013294291974730e-01   4.0356043766553995e-04
   8.0078125000000000e-01  -5.3992761459464111e-01  -5.3881191929713534e-01   1.1156952975057699e-03
   8.0859375000000000e-01  -1.1147107870017403e+00  -1.1130925178932536e+00   1.6182691084867251e-03
   8.1640625000000000e-01  -7.8950292800339261e-01  -7.8878135527803028e-01   7.2157272536232941e-04
   8.2421875000000000e-01   1.3655933649216467e-01   1.3582361099554083e-01   7.3572549662384579e-04
   8.3203125000000000e-01   9.0849959047256790e-01   9.0702143216229003e-01   1.4781583102778661e-03
   8.3984375000000000e-01   9.3987066917891748e-01   9.3895533129310949e-01   9.1533788580799857e-04
   8.4765625000000000e-01   2.5827637348657145e-01   2.5865862840455678e-01   3.8225491798532518e-04
   8.5546875000000000e-01  -5.6821262145031315e-01  -5.6696232321640605e-01   1.2502982339070989e-03
   8.6328125000000000e-01  -9.1592279955763134e-01  -9.1494481515733750e-01   9.7798440029384093e-04
   8.7109375000000000e-01  -5.7826771275220890e-01  -5.7837105127534139e-01   1.0333852313249015e-04
