#                  Coord.                Numerical               Analytical                    Error
   3.9062500000000000e-03   1.1566771817236898e+00   1.1566969978919164e+00   1.9816168226549635e-05
   1.1718750000000000e-02   1.2219525489475618e+00   1.2218286500865956e+00   1.2389886096619840e-04
   1.9531250000000000e-02   1.2785262360845295e+00   1.2784336406251038e+00   9.2595459425748317e-05
   2.7343750000000000e-02   1.3254988906118272e+00   1.3255248217499562e+00   2.5931138128987286e-05
   3.5156250000000000e-02   1.3627520966692452e+00   1.3626616753125869e+00   9.0421356658376695e-05
   4.2968750000000000e-02   1.3900638083527281e+00   1.3899185416910385e+00   1.4526666168968028e-04
   5.0781250000000000e-02   1.4078191410463687e+00   1.4078212398562133e+00   2.0988098445862136e-06
   5.8593750000000000e-02   1.4173024074278247e+00   1.4172599133120078e+00   4.2494115816804623e-05
   6.6406250000000000e-02   1.4195522824956786e+00   1.4193876609798881e+00   1.6462151579044182e-04
   7.4218750000000000e-02   1.4155595788631077e+00   1.4155151610897119e+00   4.4417773395810656e-05
   8.2031250000000000e-02   1.4070132839249683e+00   1.4070110132339275e+00   2.2706910407510605e-06
   8.9843750000000000e-02   1.3953668274549960e+00   1.3952159860557081e+00   1.5084139928789320e-04
   9.7656250000000000e-02   1.3814757502665993e+00   1.3813769699334677e+00   9.8780333131598397e-05
   1.0546875000000000e-01   1.3665909648096601e+00   1.3666035046037623e+00   1.2539794102206514e-05
   1.1328125000000000e-01   1.3519602258489616e+00   1.3518466581208564e+00   1.1356772810522386e-04
   1.2109375000000000e-01   1.3380401229580221e+00   1.3378971742016657e+00   1.4294875635645354e-04
   1.2890625000000000e-01   1.3253982206049071e+00   1.3253975477980353e+00   6.7280687177095899e-07
   1.3671875000000000e-01   1.3149336494277148e+00   1.3148613219858583e+00   7.2327441856590013e-05
   1.4453125000000000e-01   1.3068660806361987e+00   1.3066925916237973e+00   1.7348901240143988e-04
   1.5234375000000000e-01   1.3012422051168273e+00   1.3011994750400162e+00   4.2730076811103856e-05
   1.6015625000000000e-01   1.2986273412462594e+00   1.2985970490196090e+00   3.0292226650407983e-05
   1.6796875000000000e-01   1.2991739550990329e+00   1.2989976754832069e+00   1.7627961582600271e-04
   1.7578125000000000e-01   1.3024940928538864e+00   1.3023894222889778e+00   1.0467056490859328e-04
   1.8359375000000000e-01   1.3086150608804785e+00   1.3086059876002194e+00   9.0732802591197981e-06
   1.9140625000000000e-01   1.3174402297638130e+00   1.3172937762474515e+00   1.4645351636155546e-04
   1.9921875000000000e-01   1.3280527257122376e+00   1.3278832094269442e+00   1.6951628529349172e-04
   2.0703125000000000e-01   1.3395978566902014e+00   1.3395717479199216e+00   2.6108770279753557e-05
   2.1484375000000000e-01   1.3514211502070037e+00   1.3513253873381939e+00   9.5762868809856627e-05
   2.2265625000000000e-01   1.3621119301750897e+00   1.3619036083631000e+00   2.0832181198970900e-04
   2.3046875000000000e-01   1.3699884943809690e+00   1.3699101457426233e+00   7.8348638345770993e-05
   2.3828125000000000e-01   1.3739190931900995e+00   1.3738688017473528e+00   5.0291442746708270e-05
   2.4609375000000000e-01   1.3725230820322631e+00   1.3723202686011677e+00   2.0281343109540551e-04
   2.5390625000000000e-01   1.3640744822884754e+00   1.3639329547288555e+00   1.4152755961993613e-04
   2.6171875000000000e-01   1.3476564693614652e+00   1.3476185118359680e+00   3.7957525497178679e-05
   2.6953125000000000e-01   1.3228014569892077e+00   1.3226414324915619e+00   1.6002449764584981e-04
   2.7734375000000000e-01   1.2888986259738950e+00   1.2887119120836270e+00   1.8671389026803098e-04
   2.8515625000000000e-01   1.2461022539239399e+00   1.2460521878216355e+00   5.0066102304402449e-05
   2.9296875000000000e-01   1.1955367351177508e+00   1.1954286826903961e+00   1.0805242735467679e-04
   3.0078125000000000e-01   1.1383407632219147e+00   1.1381452680965494e+00   1.9549512536531921e-04
   3.0859375000000000e-01   1.0760740622915184e+00   1.0759964900914165e+00   7.7572200101849731e-05
   3.1640625000000000e-01   1.0112482375703908e+00   1.0111832947528374e+00   6.4942817553426124e-05
   3.2421875000000000e-01   9.4637303837954501e-01   9.4619723757805652e-01   1.7580080148849042e-04
   3.3203125000000000e-01   8.8378425363376889e-01   8.8368199961691241e-01   1.0225401685648450e-04
   3.3984375000000000e-01   8.2632205150883020e-01   8.2628296281743741e-01   3.9088691392796804e-05
   3.4765625000000000e-01   7.7664256706614765e-01   7.7649642856326251e-01   1.4613850288514030e-04
   3.5546875000000000e-01   7.3664742511587322e-01   7.3652973412884781e-01   1.1769098702540948e-04
   3.6328125000000000e-01   7.0821019279324626e-01   7.0818210266674231e-01   2.8090126503954593e-05
   3.7109375000000000e-01   6.9287425651395806e-01   6.9275374762718855e-01   1.2050888676951033e-04
   3.7890625000000000e-01   6.9111870770577899e-01   6.9098783470120828e-01   1.3087300457070850e-04
   3.8671875000000000e-01   7.0307775929480498e-01   7.0304673691743058e-01   3.1022377374401167e-05
   3.9453125000000000e-01   7.2862021003931288e-01   7.2852097081718570e-01   9.9239222127178728e-05
   4.0234375000000000e-01   7.6661790287743337e-01   7.6646661216351897e-01   1.5129071391439819e-04
   4.1015625000000000e-01   8.1550490819940014e-01   8.1546512349666189e-01   3.9784702738243638e-05
   4.1796875000000000e-01   8.7377797048712813e-01   8.7369854257589441e-01   7.9427911233720394e-05
   4.2578125000000000e-01   9.3921045335988707e-01   9.3903291715479797e-01   1.7753620508909052e-04
   4.3359375000000000e-01   1.0091756750787113e+00   1.0091036419023323e+00   7.2033176379049380e-05
   4.4140625000000000e-01   1.0814553210657427e+00   1.0813977668229273e+00   5.7554242815394119e-05
   4.4921875000000000e-01   1.1535248460033023e+00   1.1533301392682549e+00   1.9470673504740077e-04
   4.5703125000000000e-01   1.2224389628062475e+00   1.2223121175094509e+00   1.2684529679662937e-04
   4.6484375000000000e-01   1.2858560784866817e+00   1.2858132685412731e+00   4.2809945408617267e-05
   4.7265625000000000e-01   1.3416051929658510e+00   1.3414177034847563e+00   1.8748948109470476e-04
   4.8046875000000000e-01   1.3870665129031365e+00   1.3868773589719365e+00   1.8915393120000346e-04
   4.8828125000000000e-01   1.4202140657629005e+00   1.4201645475023219e+00   4.9518260578640394e-05
   4.9609375000000000e-01   1.4396758188102907e+00   1.4395255164857470e+00   1.5030232454371628e-04
   5.0390625000000000e-01   1.4437651754780769e+00   1.4435357006000278e+00   2.2947487804914068e-04
   5.1171875000000000e-01   1.4312455883852651e+00   1.4311560103647705e+00   8.9578020494585076e-05
   5.1953125000000000e-01   1.4018851994230341e+00   1.4017880855798290e+00   9.7113843205098860e-05
   5.2734375000000000e-01   1.3555491072939532e+00   1.3553251678332270e+00   2.2393946072618576e-04
   5.3515625000000000e-01   1.2923201014924373e+00   1.2921942955325136e+00   1.2580595992361943e-04
   5.4296875000000000e-01   1.2134368680436980e+00   1.2133850338146583e+00   5.1834229039648960e-05
   5.5078125000000000e-01   1.1206324973779680e+00   1.1204599973914775e+00   1.7249998649049303e-04
   5.5859375000000000e-01   1.0156898538595904e+00   1.0155430226354858e+00   1.4683122410463767e-04
   5.6640625000000000e-01   9.0131235547213984e-01   9.0128195446204040e-01   3.0401010099434522e-05
   5.7421875000000000e-01   7.8088129768288261e-01   7.8078454369509365e-01   9.6753987788966711e-05
   5.8203125000000000e-01   6.5765876479824648e-01   6.5752777405154017e-01   1.3099074670630539e-04
   5.8984375000000000e-01   5.3526927913131339e-01   5.3524290170849975e-01   2.6377422813639306e-05
   5.9765625000000000e-01   4.1781342822002965e-01   4.1778042849988706e-01   3.2999720142590228e-05
   6.0546875000000000e-01   3.0904547320162562e-01   3.0896097488064422e-01   8.4498320981396535e-05
   6.1328125000000000e-01   2.1244314968929079e-01   2.1241941479812759e-01   2.3734891163196270e-05
   6.2109375000000000e-01   1.3145205009663638e-01   1.3145054886588764e-01   1.5012307487405341e-06
   6.2890625000000000e-01   6.8898924303073386e-02   6.8864927609296508e-02   3.3996693776877640e-05
   6.3671875000000000e-01   2.6875007392562076e-02   2.6863142089195567e-02   1.1865303366508789e-05
   6.4453125000000000e-01   6.9393743969661846e-03   6.9359778260272799e-03   3.3965709389047888e-06
   6.5234375000000000e-01   9.8062283045944835e-03   9.7963394660492698e-03   9.8888385452137323e-06
   6.6015625000000000e-01   3.5337297699999506e-02   3.5346911708607175e-02   9.6140086076682008e-06
   6.6796875000000000e-01   8.2703686542745125e-02   8.2685284488247357e-02   1.8402054497768106e-05
   6.7578125000000000e-01   1.5017238550396261e-01   1.5014592370094726e-01   2.6461803015354057e-05
   6.8359375000000000e-01   2.3535226733333639e-01   2.3537610817857635e-01   2.3840845239958552e-05
   6.9140625000000000e-01   3.3546425018871956e-01   3.3544096229555803e-01   2.3287893161527684e-05
   6.9921875000000000e-01   4.4702473302602497e-01   4.4695114329212043e-01   7.3589733904533272e-05
   7.0703125000000000e-01   5.6619761601692720e-01   5.6620569891563677e-01   8.0828987095715732e-06
   7.1484375000000000e-01   6.8935158612295777e-01   6.8934214614338396e-01   9.4399795738109304e-06
   7.2265625000000000e-01   8.1260346412492412e-01   8.1248593264977564e-01   1.1753147514848017e-04
   7.3046875000000000e-01   9.3193464236957557e-01   9.3189207737092250e-01   4.2564998653071839e-05
   7.3828125000000000e-01   1.0440648788927427e+00   1.0440728543752009e+00   7.9754824582334294e-06
   7.4609375000000000e-01   1.1460378004176124e+00   1.1459067686042426e+00   1.3103181336981962e-04
   8.7890625000000000e-01   7.2311726672433119e-01   7.2303637349795491e-01   8.0893226376277383e-05
   8.8671875000000000e-01   6.5740669553884412e-01   6.5739310359600467e-01   1.3591942839452642e-05
   8.9453125000000000e-01   6.0308263057057576e-01   6.0313340488745693e-01   5.0774316881163628e-05
   9.0234375000000000e-01   5.6226736530003829e-01   5.6223697655513794e-01   3.0388744900355924e-05
   9.1015625000000000e-01   5.3625381279755813e-01   5.3620618350286631e-01   4.7629294691819979e-05
   9.1796875000000000e-01   5.2594749281319819e-01   5.2598964363737166e-01   4.2150824173470269e-05
   9.2578125000000000e-01   5.3190406668801749e-01   5.3192618264867009e-01   2.2115960652602240e-05
   9.3359375000000000e-01   5.5377931048604856e-01   5.5371556269253974e-01   6.3747793508817097e-05
   9.4140625000000000e-01   5.9043061332953495e-01   5.9042100998034930e-01   9.6033491856495345e-06
   9.4921875000000000e-01   6.4045679175921544e-01   6.4050643145079456e-01   4.9639691579117518e-05
   9.5703125000000000e-01   7.0195634676894425e-01   7.0190851058264525e-01   4.7836186298999550e-05
   9.6484375000000000e-01   7.7221640017785931e-01   7.7214088093469824e-01   7.5519243161070726e-05
   9.7265625000000000e-01   8.4839260859664722e-01   8.4842461983269546e-01   3.2011236048234970e-05
   9.8046875000000000e-01   9.2784717659006111e-01   9.2783672256560379e-01   1.0454024457318134e-05
   9.8828125000000000e-01   1.0075827630335907e+00   1.0074663179051986e+00   1.1644512839215082e-04
   9.9609375000000000e-01   1.0845906879361316e+00   1.0845674078601337e+00   2.3280075997833549e-05
   7.5390625000000000e-01   1.2348347293371431e+00   1.2347256427719544e+00   1.0908656518870963e-04
   7.6171875000000000e-01   1.3083738445978084e+00   1.3083782591336595e+00   4.4145358510938593e-06
   7.6953125000000000e-01   1.3653726708498461e+00   1.3652705512673160e+00   1.0211958253014686e-04
   7.7734375000000000e-01   1.4045421727753042e+00   1.4043837051835255e+00   1.5846759177873260e-04
   7.8515625000000000e-01   1.4252898292294318e+00   1.4252726095128989e+00   1.7219716532901330e-05
   7.9296875000000000e-01   1.4280973090404097e+00   1.4280478177924261e+00   4.9491247983590725e-05
   8.0078125000000000e-01   1.4135118397264341e+00   1.4133445075886180e+00   1.6733213781616740e-04
   8.0859375000000000e-01   1.3823363149020307e+00   1.3822818323513437e+00   5.4482550686962838e-05
   8.1640625000000000e-01   1.3364133033414538e+00   1.3364155944685920e+00   2.2911271382319853e-06
   8.2421875000000000e-01   1.2778165880971644e+00   1.2776863978119377e+00   1.3019028522665010e-04
   8.3203125000000000e-01   1.2084568542024892e+00   1.2083644826844795e+00   9.2371518009670694e-05
   8.3984375000000000e-01   1.1309639085735521e+00   1.1309914560196626e+00   2.7547446110443019e-05
   8.4765625000000000e-01   1.0483765906552827e+00   1.0483182723908058e+00   5.8318264476886483e-05
   8.5546875000000000e-01   9.6334140402186064e-01   9.6323825917405115e-01   1.0314484780948874e-04
   8.6328125000000000e-01   8.7869467210143759e-01   8.7871384375925565e-01   1.9171657818062293e-05
   8.7109375000000000e-01   7.9768411905533110e-01   7.9769600859016743e-01   1.1889534836329041e-05
