#                  Coord.                Numerical               Analytical                    Error
   3.9062500000000000e-03   1.5581334947627021e+00   1.5585426035166876e+00   4.0910875398547653e-04
   1.1718750000000000e-02   1.5648702734674256e+00   1.5634679210516877e+00   1.4023524157378287e-03
   1.9531250000000000e-02   1.5580840305360861e+00   1.5565435240819621e+00   1.5405064541240687e-03
   2.7343750000000000e-02   1.5388588170676492e+00   1.5391372847073765e+00   2.7846763972738664e-04
   3.5156250000000000e-02   1.5137458725194877e+00   1.5129710178313149e+00   7.7485468817273251e-04
   4.2968750000000000e-02   1.4819918972336583e+00   1.4800160022262079e+00   1.9758950074504344e-03
   5.0781250000000000e-02   1.4426569485066647e+00   1.4423820184954841e+00   2.7493001118061855e-04
   5.8593750000000000e-02   1.4024233516313314e+00   1.4022086274607153e+00   2.1472417061607629e-04
   6.6406250000000000e-02   1.3635210219854739e+00   1.3615666266881754e+00   1.9543952972984613e-03
   7.4218750000000000e-02   1.3233857228449524e+00   1.3223759266550470e+00   1.0097961899053765e-03
   8.2031250000000000e-02   1.2863174480948960e+00   1.2863437201986443e+00   2.6272103748281594e-05
   8.9843750000000000e-02   1.2565036721407508e+00   1.2549241167731318e+00   1.5795553676190011e-03
   9.7656250000000000e-02   1.2309601548367264e+00   1.2292977631209361e+00   1.6623917157903012e-03
   1.0546875000000000e-01   1.2104879142960214e+00   1.2103677510785944e+00   1.2016321742702729e-04
   1.1328125000000000e-01   1.1998235358601144e+00   1.1987666313246375e+00   1.0569045354769102e-03
   1.2109375000000000e-01   1.1969355231898930e+00   1.1948688046910296e+00   2.0667184988634180e-03
   1.2890625000000000e-01   1.1993920860286169e+00   1.1988030014766546e+00   5.8908455196227116e-04
   1.3671875000000000e-01   1.2110495578904041e+00   1.2104608832215591e+00   5.8867466884504616e-04
   1.4453125000000000e-01   1.2316605379727674e+00   1.2294997731917237e+00   2.1607647810437669e-03
   1.5234375000000000e-01   1.2566005072143180e+00   1.2553398040577628e+00   1.2607031565552429e-03
   1.6015625000000000e-01   1.2874775517995760e+00   1.2871579791297914e+00   3.1957266978466237e-04
   1.6796875000000000e-01   1.3258257527875459e+00   1.3238834042298637e+00   1.9423485576821609e-03
   1.7578125000000000e-01   1.3661773235234107e+00   1.3641989581905754e+00   1.9783653328353523e-03
   1.8359375000000000e-01   1.4069300612137776e+00   1.4065547455294241e+00   3.7531568435356100e-04
   1.9140625000000000e-01   1.4506718488879542e+00   1.4491977761556873e+00   1.4740727322668512e-03
   1.9921875000000000e-01   1.4927581934075065e+00   1.4902205573780549e+00   2.5376360294515621e-03
   2.0703125000000000e-01   1.5284393114611854e+00   1.5276289122973392e+00   8.1039916384617605e-04
   2.1484375000000000e-01   1.5603506338211095e+00   1.5594267019194021e+00   9.2393190170736439e-04
   2.2265625000000000e-01   1.5864380305475101e+00   1.5837126157504953e+00   2.7254147970148246e-03
   2.3046875000000000e-01   1.6003075451119946e+00   1.5987821807478824e+00   1.5253643641122139e-03
   2.3828125000000000e-01   1.6037696280434244e+00   1.6032269210258505e+00   5.4270701757386242e-04
   2.4609375000000000e-01   1.5984781783841424e+00   1.5960223615062628e+00   2.4558168778796574e-03
   2.5390625000000000e-01   1.5788429335579937e+00   1.5765973433957001e+00   2.2455901622935315e-03
   2.6171875000000000e-01   1.5454038261962226e+00   1.5448787948689100e+00   5.2503132731263058e-04
   2.6953125000000000e-01   1.5031755931755495e+00   1.5013084351988748e+00   1.8671579766746937e-03
   2.7734375000000000e-01   1.4494966402082230e+00   1.4468305542444382e+00   2.6660859637848144e-03
   2.8515625000000000e-01   1.3836810699850159e+00   1.3828526356289572e+00   8.2843435605872706e-04
   2.9296875000000000e-01   1.3124163191452720e+00   1.3111828359969955e+00   1.2334831482765374e-03
   3.0078125000000000e-01   1.2365926405353642e+00   1.2339499229593949e+00   2.6427175759693444e-03
   3.0859375000000000e-01   1.1547587490044158e+00   1.1535120515307078e+00   1.2466974737079806e-03
   3.1640625000000000e-01   1.0731425405307455e+00   1.0723606959121990e+00   7.8184461854657883e-04
   3.2421875000000000e-01   9.9530787646423513e-01   9.9302525293926092e-01   2.2826235249742144e-03
   3.3203125000000000e-01   9.1954232510709033e-01   9.1798250519493618e-01   1.5598199121541478e-03
   3.3984375000000000e-01   8.5013912797937385e-01   8.4957355330670192e-01   5.6557467267193129e-04
   3.4765625000000000e-01   7.9174798503896893e-01   7.8992929540209245e-01   1.8186896368764804e-03
   3.5546875000000000e-01   7.4261259668126944e-01   7.4090431425776382e-01   1.7082824235056249e-03
   3.6328125000000000e-01   7.0453105476743094e-01   7.0401832375027840e-01   5.1273101715254565e-04
   3.7109375000000000e-01   6.8183525072738893e-01   6.8040421818292507e-01   1.4310325444638616e-03
   3.7890625000000000e-01   6.7255950812733722e-01   6.7076223971897309e-01   1.7972684083641388e-03
   3.8671875000000000e-01   6.7588712054561562e-01   6.7532070226201257e-01   5.6641828360304292e-04
   3.9453125000000000e-01   6.9495970195850698e-01   6.9380487377402056e-01   1.1548281844864228e-03
   4.0234375000000000e-01   7.2737591875977348e-01   7.2541676518280684e-01   1.9591535769666324e-03
   4.1015625000000000e-01   7.6957775984728838e-01   7.6882944109530904e-01   7.4831875197933773e-04
   4.1796875000000000e-01   8.2311845941627293e-01   8.2219983242751504e-01   9.1862698875788684e-04
   4.2578125000000000e-01   8.8538337204876139e-01   8.8320374539431801e-01   2.1796266544433784e-03
   4.3359375000000000e-01   9.5024747073200155e-01   9.4909577549180846e-01   1.1516952401930958e-03
   4.4140625000000000e-01   1.0174883503263699e+00   1.0167952075622824e+00   6.9314276408749542e-04
   4.4921875000000000e-01   1.0852735475825144e+00   1.0829968729231598e+00   2.2766746593545495e-03
   4.5703125000000000e-01   1.1460623502132838e+00   1.1443035802479575e+00   1.7587699653263122e-03
   4.6484375000000000e-01   1.1979352909122940e+00   1.1973744224931204e+00   5.6086841917357688e-04
   4.7265625000000000e-01   1.2411265133252813e+00   1.2390812782520182e+00   2.0452350732631519e-03
   4.8046875000000000e-01   1.2690102255095432e+00   1.2666644286862958e+00   2.3457968232474258e-03
   4.8828125000000000e-01   1.2785233631761481e+00   1.2778775880097923e+00   6.4577516635577759e-04
   4.9609375000000000e-01   1.2725826767157566e+00   1.2711128895564507e+00   1.4697871593059020e-03
   5.0390625000000000e-01   1.2480691884002928e+00   1.2454974685975757e+00   2.5717198027170873e-03
   5.1171875000000000e-01   1.2019036881134053e+00   1.2009551235661324e+00   9.4856454727287876e-04
   5.1953125000000000e-01   1.1390156476475988e+00   1.1382289214745502e+00   7.8672617304853532e-04
   5.2734375000000000e-01   1.0611052421134231e+00   1.0588632883376465e+00   2.2419537757765173e-03
   5.3515625000000000e-01   9.6638468499098240e-01   9.6514681856115270e-01   1.2378664298297037e-03
   5.4296875000000000e-01   8.6030136583182149e-01   8.6001949179357873e-01   2.8187403824275759e-04
   5.5078125000000000e-01   7.4842950198035407e-01   7.4694999264929351e-01   1.4795093310605578e-03
   5.5859375000000000e-01   6.3104965010438840e-01   6.2979024900676628e-01   1.2594010976221259e-03
   5.6640625000000000e-01   5.1269421186196484e-01   5.1261508039472903e-01   7.9131467235815656e-05
   5.7421875000000000e-01   4.0021700502200280e-01   3.9955500107901631e-01   6.6200394298648879e-04
   5.8203125000000000e-01   2.9555634472275560e-01   2.9462984143461213e-01   9.2650328814347649e-04
   5.8984375000000000e-01   2.0165871401510685e-01   2.0159007083390112e-01   6.8643181205724213e-05
   5.9765625000000000e-01   1.2392136627910434e-01   1.2377168158509867e-01   1.4968469400566953e-04
   6.0546875000000000e-01   6.4386308745918011e-02   6.3969378410104333e-02   4.1693033581367833e-04
   6.1328125000000000e-01   2.4381360509482804e-02   2.4331738241203833e-02   4.9622268278971121e-05
   6.2109375000000000e-01   6.3550044437526943e-03   6.2810470188462333e-03   7.3957424906461074e-05
   6.2890625000000000e-01   1.0518359405417128e-02   1.0459722323011039e-02   5.8637082406089169e-05
   6.3671875000000000e-01   3.6613230280643019e-02   3.6704584737052778e-02   9.1354456409759033e-05
   6.4453125000000000e-01   8.4340445223697685e-02   8.4049699485058110e-02   2.9074573863957509e-04
   6.5234375000000000e-01   1.5087993586439546e-01   1.5075799986589442e-01   1.2193599850104930e-04
   6.6015625000000000e-01   2.3410052445753374e-01   2.3438134288786194e-01   2.8081843032820575e-04
   6.6796875000000000e-01   3.3234284029928873e-01   3.3184796118413062e-01   4.9487911515810890e-04
   6.7578125000000000e-01   4.4019718712239342e-01   4.3957541430471109e-01   6.2177281768233117e-04
   6.8359375000000000e-01   5.5330756373249057e-01   5.5360609522371973e-01   2.9853149122915923e-04
   6.9140625000000000e-01   6.7020078629429358e-01   6.6976114808121845e-01   4.3963821307513307e-04
   6.9921875000000000e-01   7.8506923657167871e-01   7.8380738170759234e-01   1.2618548640863647e-03
   7.0703125000000000e-01   8.9166581857094485e-01   8.9163054182763568e-01   3.5276743309164971e-05
   7.1484375000000000e-01   9.8952798192958213e-01   9.8940728267409184e-01   1.2069925549029747e-04
   7.2265625000000000e-01   1.0753742914941309e+00   1.0737675142803607e+00   1.6067772137702274e-03
   7.3046875000000000e-01   1.1426080939870371e+00   1.1419386389448063e+00   6.6945504223081542e-04
   7.3828125000000000e-01   1.1916374625860031e+00   1.1918636356519441e+00   2.2617306594097109e-04
   7.4609375000000000e-01   1.2236674953746329e+00   1.2222860519000214e+00   1.3814434746115545e-03
   8.7890625000000000e-01   5.3257193242539469e-01   5.3216721698043157e-01   4.0471544496312184e-04
   8.8671875000000000e-01   5.6562114870933511e-01   5.6502473708494139e-01   5.9641162439372231e-04
   8.9453125000000000e-01   6.1197298533868572e-01   6.1242487912903210e-01   4.5189379034638044e-04
   9.0234375000000000e-01   6.7276638290385171e-01   6.7286079430589596e-01   9.4411402044247694e-05
   9.1015625000000000e-01   7.4538442495897672e-01   7.4440646309697855e-01   9.7796186199816670e-04
   9.1796875000000000e-01   8.2491353147853475e-01   8.2478530131166528e-01   1.2823016686946964e-04
   9.2578125000000000e-01   9.1095957843098885e-01   9.1144803179549183e-01   4.8845336450298316e-04
   9.3359375000000000e-01   1.0025935421504191e+00   1.0016596457375706e+00   9.3389641284846725e-04
   9.4140625000000000e-01   1.0935239581404970e+00   1.0925948401344778e+00   9.2911800601913619e-04
   9.4921875000000000e-01   1.1809378104945389e+00   1.1814404190277537e+00   5.0260853321471011e-04
   9.5703125000000000e-01   1.2659951004155161e+00   1.2655019146309692e+00   4.9318578454693451e-04
   9.6484375000000000e-01   1.3438801228940263e+00   1.3423103295098204e+00   1.5697933842058198e-03
   9.7265625000000000e-01   1.4096908290107693e+00   1.4097236794386876e+00   3.2850427918340586e-05
   9.8046875000000000e-01   1.4659416190953225e+00   1.4660171908394721e+00   7.5571744149627307e-05
   9.8828125000000000e-01   1.5116983232876100e+00   1.5099557990114931e+00   1.7425242761168747e-03
   9.9609375000000000e-01   1.5416070753503290e+00   1.5408431444510271e+00   7.6393089930193447e-04
   7.5390625000000000e-01   1.2340945188406198e+00   1.2327966929401712e+00   1.2978259004485793e-03
   7.6171875000000000e-01   1.2235277585031707e+00   1.2238390553266931e+00   3.1129682352237786e-04
   7.6953125000000000e-01   1.1973551234803477e+00   1.1966731592502602e+00   6.8196423008748397e-04
   7.7734375000000000e-01   1.1548501268336382e+00   1.1533001622802039e+00   1.5499645534342577e-03
   7.8515625000000000e-01   1.0962959402691368e+00   1.0963527269805520e+00   5.6786711415179880e-05
   7.9296875000000000e-01   1.0288586082892777e+00   1.0289583114185057e+00   9.9703129228023712e-05
   8.0078125000000000e-01   9.5584343157331675e-01   9.5458413642967177e-01   1.2592951436449784e-03
   8.0859375000000000e-01   8.7725061181476427e-01   8.7687340436922812e-01   3.7720744553615404e-04
   8.1640625000000000e-01   7.9893596572851489e-01   7.9948233594900142e-01   5.4637022048653616e-04
   8.2421875000000000e-01   7.2650481272895218e-01   7.2592678583585246e-01   5.7802689309971456e-04
   8.3203125000000000e-01   6.6015171562104547e-01   6.5944571805831131e-01   7.0599756273415082e-04
   8.3984375000000000e-01   6.0240898131857801e-01   6.0288686887776011e-01   4.7788755918209969e-04
   8.4765625000000000e-01   5.5847558355475357e-01   5.5861774636897399e-01   1.4216281422041455e-04
   8.5546875000000000e-01   5.2918744655736927e-01   5.2846297601670689e-01   7.2447054066238081e-04
   8.6328125000000000e-01   5.1366823531009431e-01   5.1366714252721590e-01   1.0927828784090821e-06
   8.7109375000000000e-01   5.1432939263648647e-01   5.1488088820860156e-01   5.5149557211509048e-04
