#                  Coord.                Numerical               Analytical                    Error
   3.9062500000000000e-03   1.2646010792390594e-01   1.2695355780917417e-01   4.9344988526822675e-04
   1.1718750000000000e-02   1.1110611552357286e+00   1.1109111868988231e+00   1.4996833690550382e-04
   1.9531250000000000e-02   1.2599238162468966e+00   1.2592378647174325e+00   6.8595152946415716e-04
   2.7343750000000000e-02   4.2721851736296379e-01   4.2658882826755734e-01   6.2968909540644935e-04
   3.5156250000000000e-02  -7.4732283458953108e-01  -7.4733387302065257e-01   1.1038431121490611e-05
   4.2968750000000000e-02  -1.3392497946193116e+00  -1.3386144117951284e+00   6.3538282418318381e-04
   5.0781250000000000e-02  -8.8625716376797503e-01  -8.8551808229276541e-01   7.3908147520962419e-04
   5.8593750000000000e-02   2.3776128059064422e-01   2.3795771776378283e-01   1.9643717313860831e-04
   6.6406250000000000e-02   1.1346043592981516e+00   1.1340773718050332e+00   5.2698749311841375e-04
   7.4218750000000000e-02   1.1165705872930829e+00   1.1157690910981237e+00   8.0149619495917257e-04
   8.2031250000000000e-02   2.4927698723586400e-01   2.4889554831042848e-01   3.8143892543551772e-04
   8.9843750000000000e-02  -7.3855754532463391e-01  -7.3818466325021836e-01   3.7288207441554810e-04
   9.7656250000000000e-02  -1.0770834728983389e+00  -1.0762753971723342e+00   8.0807572600472000e-04
   1.0546875000000000e-01  -5.7003449803647721e-01  -5.6949145122804101e-01   5.4304680843619835e-04
   1.1328125000000000e-01   3.0054312496786806e-01   3.0034995670286785e-01   1.9316826500020978e-04
   1.2109375000000000e-01   8.2543308351449740e-01   8.2467216988655834e-01   7.6091362793906381e-04
   1.2890625000000000e-01   6.5632139266661960e-01   6.5565826473532141e-01   6.6312793129819081e-04
   1.3671875000000000e-01   3.5054316159578908e-02   3.5069370634489415e-02   1.5054474910507210e-05
   1.4453125000000000e-01  -4.8431350581301857e-01  -4.8363762207880501e-01   6.7588373421356707e-04
   1.5234375000000000e-01  -5.2901902427843372e-01  -5.2828038888229367e-01   7.3863539614005269e-04
   1.6015625000000000e-01  -1.7715382877263686e-01  -1.7700599927926791e-01   1.4782949336894502e-04
   1.6796875000000000e-01   1.9245560158727806e-01   1.9188610017368740e-01   5.6950141359066175e-04
   1.7578125000000000e-01   2.8042743173473084e-01   2.7965331846586627e-01   7.7411326886456244e-04
   1.8359375000000000e-01   1.1085650264259472e-01   1.1057294367185924e-01   2.8355897073548131e-04
   1.9140625000000000e-01  -5.9931919533850797e-02  -5.9473866315267028e-02   4.5805321858376907e-04
   1.9921875000000000e-01  -4.0399202921018618e-02  -3.9617931702743463e-02   7.8127121827515494e-04
   2.0703125000000000e-01   1.0199899270908569e-01   1.0239288193275134e-01   3.9388922366564993e-04
   2.1484375000000000e-01   1.3477291128637672e-01   1.3442326084667039e-01   3.4965043970633380e-04
   2.2265625000000000e-01  -6.4744028992542835e-02  -6.5516255672339846e-02   7.7222667979701121e-04
   2.3046875000000000e-01  -3.4091512772384336e-01  -3.4140276621295262e-01   4.8763848910926555e-04
   2.3828125000000000e-01  -3.8361178478362157e-01  -3.8336844752560095e-01   2.4333725802061501e-04
   2.4609375000000000e-01  -4.3479776843132603e-02  -4.2726161181392872e-02   7.5361566173973160e-04
   2.5390625000000000e-01   4.6471118947307199e-01   4.6528604426420322e-01   5.7485479113122961e-04
   2.6171875000000000e-01   6.9476096986960634e-01   6.9462859390227882e-01   1.3237596732751378e-04
   2.6953125000000000e-01   3.5841904772618921e-01   3.5769595815921973e-01   7.2308956696948146e-04
   2.7734375000000000e-01  -3.6640977655045448e-01  -3.6707108996748250e-01   6.6131341702801993e-04
   2.8515625000000000e-01  -9.1382691039710062e-01  -9.1382497006796692e-01   1.9403291336983486e-06
   2.9296875000000000e-01  -7.7824081244667120e-01  -7.7757128491465666e-01   6.6952753201454662e-04
   3.0078125000000000e-01   2.6229675743588476e-02   2.6972290762635368e-02   7.4261501904689109e-04
   3.0859375000000000e-01   9.0783525403023402e-01   9.0798644631635039e-01   1.5119228611637503e-04
   3.1640625000000000e-01   1.1397603890878976e+00   1.1391803730880299e+00   5.8001599986767793e-04
   3.2421875000000000e-01   4.6779832646444419e-01   4.6699303396261604e-01   8.0529250182814760e-04
   3.3203125000000000e-01  -6.3048298464951602e-01  -6.3080556663263143e-01   3.2258198311541086e-04
   3.3984375000000000e-01  -1.2893231906911800e+00  -1.2888773478613480e+00   4.4584282983195500e-04
   3.4765625000000000e-01  -9.5193574456377550e-01  -9.5110390670187350e-01   8.3183786190199616e-04
   3.5546875000000000e-01   1.5047883589617278e-01   1.5097656194786854e-01   4.9772605169576267e-04
   3.6328125000000000e-01   1.1560806906197723e+00   1.1558135343407381e+00   2.6715627903417527e-04
   3.7109375000000000e-01   1.2610582257831222e+00   1.2602517182746737e+00   8.0650750844846186e-04
   3.7890625000000000e-01   3.7838146888348440e-01   3.7772607841657035e-01   6.5539046691404090e-04
   3.8671875000000000e-01  -7.8527123347655414e-01  -7.8521541176620924e-01   5.5821710344905462e-05
   3.9453125000000000e-01  -1.3054595266034097e+00  -1.3047403593206304e+00   7.1916728277932052e-04
   4.0234375000000000e-01  -7.9133441983735908e-01  -7.9056171453475699e-01   7.7270530260209469e-04
   4.1015625000000000e-01   3.1123335791080359e-01   3.1140633421700031e-01   1.7297630619672599e-04
   4.1796875000000000e-01   1.1066770317956600e+00   1.1061065673005270e+00   5.7046449513298292e-04
   4.2578125000000000e-01   9.8900451506240539e-01   9.8817326123179050e-01   8.3125383061488645e-04
   4.3359375000000000e-01   1.1332370718217644e-01   1.1293089035374021e-01   3.9281682843622656e-04
   4.4140625000000000e-01  -7.7415773481339833e-01  -7.7378492016453171e-01   3.7281464886662619e-04
   4.4921875000000000e-01  -9.7400152324173073e-01  -9.7317884989947845e-01   8.2267334225227806e-04
   4.5703125000000000e-01  -3.9046346714917946e-01  -3.8988149447912585e-01   5.8197267005360986e-04
   4.6484375000000000e-01   4.3986538529520991e-01   4.3972123927174261e-01   1.4414602346729533e-04
   4.7265625000000000e-01   8.3148838880533382e-01   8.3074152776233634e-01   7.4686104299748202e-04
   4.8046875000000000e-01   5.1334464942696512e-01   5.1262145072169196e-01   7.2319870527315366e-04
   4.8828125000000000e-01  -1.8952565582352751e-01  -1.8962090567053194e-01   9.5249847004430510e-05
   4.9609375000000000e-01  -6.6948010465299412e-01  -6.6886834871862011e-01   6.1175593437401421e-04
   5.0390625000000000e-01  -5.5024233294672209e-01  -5.4943502215032924e-01   8.0731079639284609e-04
   5.1171875000000000e-01   2.6970441341929829e-02   2.7297908817805437e-02   3.2746747587560771e-04
   5.1953125000000000e-01   5.5397663649448214e-01   5.5354810493626982e-01   4.2853155821231947e-04
   5.2734375000000000e-01   5.8915866805076578e-01   5.8833038364519508e-01   8.2828440557070060e-04
   5.3515625000000000e-01   1.1205544834793596e-01   1.1152103089939078e-01   5.3441744854518247e-04
   5.4296875000000000e-01  -4.7392107910459957e-01  -4.7370919211979440e-01   2.1188698480517631e-04
   5.5078125000000000e-01  -6.7502643469993195e-01  -6.7424100242324814e-01   7.8543227668381732e-04
   5.5859375000000000e-01  -3.0614075700831495e-01  -3.0544016716673211e-01   7.0058984158283266e-04
   5.6640625000000000e-01   3.5464236893855794e-01   3.5466309908472932e-01   2.0730146171377140e-05
   5.7421875000000000e-01   7.7488148137073631e-01   7.7419747944900719e-01   6.8400192172912710e-04
   5.8203125000000000e-01   5.8495160667717816e-01   5.8413674509916025e-01   8.1486157801791137e-04
   5.8984375000000000e-01  -1.1310234908628392e-01  -1.1335478971875056e-01   2.5244063246664117e-04
   5.9765625000000000e-01  -7.9273707122087012e-01  -7.9220710720208376e-01   5.2996401878635524e-04
   6.0546875000000000e-01  -8.9409258501339539e-01  -8.9322696546875124e-01   8.6561954464414725e-04
   6.1328125000000000e-01  -2.7610000429659493e-01  -2.7563666541757459e-01   4.6333887902033632e-04
   6.2109375000000000e-01   6.2880408008551059e-01   6.2846874878557435e-01   3.3533129993623678e-04
   6.2890625000000000e-01   1.1126690984363523e+00   1.1118216262315179e+00   8.4747220483438745e-04
   6.3671875000000000e-01   7.4495697360490376e-01   7.4432099262403695e-01   6.3598098086681265e-04
   6.4453125000000000e-01  -2.4941769100460856e-01  -2.4930007911392349e-01   1.1761189068507094e-04
   6.5234375000000000e-01  -1.1174694000769680e+00  -1.1167081578604103e+00   7.6124221655771152e-04
   6.6015625000000000e-01  -1.1526296921837322e+00  -1.1518830308822292e+00   7.4666130150302656e-04
   6.6796875000000000e-01  -2.7658425566130451e-01  -2.7648813796046856e-01   9.6117700835951503e-05
   6.7578125000000000e-01   8.5645285688928463e-01   8.5583346239484981e-01   6.1939449443482175e-04
   6.8359375000000000e-01   1.3537725291931784e+00   1.3529844722596183e+00   7.8805693356009954e-04
   6.9140625000000000e-01   8.0082297752669962e-01   8.0054203760390796e-01   2.8093992279165647e-04
   6.9921875000000000e-01  -3.8522339547347018e-01  -3.8477836349435335e-01   4.4503197911682779e-04
   7.0703125000000000e-01  -1.2735500573547707e+00  -1.2727874804240211e+00   7.6257693074954780e-04
   7.1484375000000000e-01  -1.1651653930299386e+00  -1.1647488293378869e+00   4.1656369205167465e-04
   7.2265625000000000e-01  -1.5680617683010850e-01  -1.5707151791755852e-01   2.6534108745002172e-04
   7.3046875000000000e-01   9.4313997119288084e-01   9.4245686675293694e-01   6.8310443994390457e-04
   7.3828125000000000e-01   1.2748622161028478e+00   1.2743695681893823e+00   4.9264791346548265e-04
   7.4609375000000000e-01   6.1386485626393739e-01   6.1397066532151034e-01   1.0580905757295866e-04
   8.7890625000000000e-01  -5.4257857577254731e-01  -5.4294444452735202e-01   3.6586875480471015e-04
   8.8671875000000000e-01  -2.2289472658496823e-01  -2.2297960571976116e-01   8.4879134792936739e-05
   8.9453125000000000e-01   2.5730946261280413e-01   2.5761010095134368e-01   3.0063833853954947e-04
   9.0234375000000000e-01   6.1258435212782514e-01   6.1298689945541340e-01   4.0254732758826517e-04
   9.1015625000000000e-01   5.9167257035381393e-01   5.9177006439485080e-01   9.7494041036871870e-05
   9.1796875000000000e-01   1.4765431298868112e-01   1.4731960936302579e-01   3.3470362565532485e-04
   9.2578125000000000e-01  -4.7236204810772076e-01  -4.7283124603580395e-01   4.6919792808319816e-04
   9.3359375000000000e-01  -8.3462783114868666e-01  -8.3477416992480225e-01   1.4633877611558432e-04
   9.4140625000000000e-01  -6.1452403003832357e-01  -6.1417272050651250e-01   3.5130953181106150e-04
   9.4921875000000000e-01   1.1364917604687230e-01   1.1419996003458911e-01   5.5078398771681025e-04
   9.5703125000000000e-01   8.5257066855723929e-01   8.5280470554010424e-01   2.3403698286494912e-04
   9.6484375000000000e-01   1.0140800852182572e+00   1.0137475258488313e+00   3.3255936942588882e-04
   9.7265625000000000e-01   3.9400923266342852e-01   3.9338083758744069e-01   6.2839507598783095e-04
   9.8046875000000000e-01  -5.9986123106446720e-01  -6.0021666332229495e-01   3.5543225782774801e-04
   9.8828125000000000e-01  -1.2071469793198588e+00  -1.2068818647804205e+00   2.6511453943833807e-04
   9.9609375000000000e-01  -9.0701199304205860e-01  -9.0633285558105336e-01   6.7913746100523031e-04
   7.5390625000000000e-01  -4.7669867981447678e-01  -4.7612682861213740e-01   5.7185120233937958e-04
   7.6171875000000000e-01  -1.1313062989856244e+00  -1.1307917893076160e+00   5.1450967800836800e-04
   7.6953125000000000e-01  -8.8082338180433595e-01  -8.8080672692484008e-01   1.6654879495869856e-05
   7.7734375000000000e-01   1.0254737606613551e-02   9.8002732289832126e-03   4.5446437763033837e-04
   7.8515625000000000e-01   8.1092502516625098e-01   8.1043547824513462e-01   4.8954692111635723e-04
   7.9296875000000000e-01   9.3076759964671318e-01   9.3067799409144769e-01   8.9605555265492853e-05
   8.0078125000000000e-01   3.5484424168953071e-01   3.5519924685696475e-01   3.5500516743403043e-04
   8.0859375000000000e-01  -4.1372086089207583e-01  -4.1327885584282537e-01   4.4200504925046014e-04
   8.1640625000000000e-01  -7.9600286495158989e-01  -7.9588482676628303e-01   1.1803818530686794e-04
   8.2421875000000000e-01  -5.7144260006084813e-01  -5.7173139263795925e-01   2.8879257711111883e-04
   8.3203125000000000e-01   2.0936928897509199e-02   2.0543140649911886e-02   3.9378824759731326e-04
   8.3984375000000000e-01   5.2821680158213657e-01   5.2810274445658156e-01   1.1405712555501157e-04
   8.4765625000000000e-01   6.2861860927929891e-01   6.2888096081486566e-01   2.6235153556675161e-04
   8.5546875000000000e-01   3.1321698705710083e-01   3.1358144977805885e-01   3.6446272095802534e-04
   8.6328125000000000e-01  -1.7326849307188663e-01  -1.7317214612200749e-01   9.6346949879144717e-05
   8.7109375000000000e-01  -5.2401856206460551e-01  -5.2428938782745726e-01   2.7082576285175630e-04
