#                  Coord.                Numerical               Analytical                    Error
   3.9062500000000000e-03  -5.1727312938866721e-01  -5.1723477543991703e-01   3.8353948750180500e-05
   1.1718750000000000e-02  -7.0592670840173155e-01  -7.0587410859604494e-01   5.2599805686615042e-05
   1.9531250000000000e-02  -4.7345355464265171e-01  -4.7342522263157522e-01   2.8332011076492858e-05
   2.7343750000000000e-02   5.5327559616001748e-02   5.5311720932037255e-02   1.5838683964493339e-05
   3.5156250000000000e-02   5.8532047846989377e-01   5.8527343959313338e-01   4.7038876760385762e-05
   4.2968750000000000e-02   7.8370852936146407e-01   7.8366604422908137e-01   4.2485132382696911e-05
   5.0781250000000000e-02   4.7439018777910547e-01   4.7438356131387305e-01   6.6264652324177220e-06
   5.8593750000000000e-02  -2.0273507714643102e-01  -2.0270149934430265e-01   3.3577802128370582e-05
   6.6406250000000000e-02  -8.1444815252197778e-01  -8.1440028406150711e-01   4.7868460470668062e-05
   7.4218750000000000e-02  -8.9775875403514893e-01  -8.9773249828070523e-01   2.6255754443704760e-05
   8.2031250000000000e-02  -3.1950942800976478e-01  -3.1952430457203873e-01   1.4876562273946625e-05
   8.9843750000000000e-02   5.5495202209028160e-01   5.5490792209531481e-01   4.4099994966795286e-05
   9.7656250000000000e-02   1.0776436719581504e+00   1.0776038303781432e+00   3.9841580007138333e-05
   1.0546875000000000e-01   8.0793245950739123e-01   8.0792693564022422e-01   5.5238671670121420e-06
   1.1328125000000000e-01  -1.0177875164088351e-01  -1.0174732936996882e-01   3.1422270914696626e-05
   1.2109375000000000e-01  -9.7224048830939247e-01  -9.7219620190608980e-01   4.4286403302673527e-05
   1.2890625000000000e-01  -1.1121689954496425e+00  -1.1121468287239096e+00   2.2166725732963855e-05
   1.3671875000000000e-01  -3.8553226052009354e-01  -3.8554681399242763e-01   1.4553472334088990e-05
   1.4453125000000000e-01   6.4803389913546849e-01   6.4799332948684596e-01   4.0569648622534871e-05
   1.5234375000000000e-01   1.1668627020128195e+00   1.1668287125196710e+00   3.3989493148478545e-05
   1.6015625000000000e-01   7.5670410559749013e-01   7.5670249411528534e-01   1.6114822047885724e-06
   1.6796875000000000e-01  -2.4185992907317178e-01  -2.4182872717121978e-01   3.1201901951993793e-05
   1.7578125000000000e-01  -1.0110676165101296e+00  -1.0110302032298055e+00   3.7413280324027909e-05
   1.8359375000000000e-01  -9.3497573948539880e-01  -9.3496190599306483e-01   1.3833492333970021e-05
   1.9140625000000000e-01  -1.0836429845948248e-01  -1.0838425370405358e-01   1.9955244571101538e-05
   1.9921875000000000e-01   7.5629712663609761e-01   7.5626208006481677e-01   3.5046571280838990e-05
   2.0703125000000000e-01   9.4148647431710986e-01   9.4146547040766193e-01   2.1003909447925295e-05
   2.1484375000000000e-01   3.2906824989391792e-01   3.2907731411094704e-01   9.0642170291199697e-06
   2.2265625000000000e-01  -5.1975542416341380e-01  -5.1972685719136447e-01   2.8566972049337558e-05
   2.3046875000000000e-01  -8.6704017191827609e-01  -8.6701671700589311e-01   2.3454912382980808e-05
   2.3828125000000000e-01  -4.3772485710278120e-01  -4.3772415009919236e-01   7.0700358884012715e-07
   2.4609375000000000e-01   3.5885668422552325e-01   3.5883736958222634e-01   1.9314643296908240e-05
   2.5390625000000000e-01   8.0637597226953650e-01   8.0635530552812895e-01   2.0666741407548983e-05
   2.6171875000000000e-01   5.1502116278709842e-01   5.1501198526343639e-01   9.1775236620295075e-06
   2.6953125000000000e-01  -2.4528714694895395e-01  -2.4528043205646610e-01   6.7148924878523975e-06
   2.7734375000000000e-01  -7.9349756846013109e-01  -7.9348490697515506e-01   1.2661484976028703e-05
   2.8515625000000000e-01  -6.3834843905905536e-01  -6.3833785424290612e-01   1.0584816149239451e-05
   2.9296875000000000e-01   9.5645560472197744e-02   9.5649728138100590e-02   4.1676659028461183e-06
   3.0078125000000000e-01   7.7907766676972046e-01   7.7907682709231041e-01   8.3967741004720153e-07
   3.0859375000000000e-01   8.1853468337633939e-01   8.1852757741593984e-01   7.1059603995449194e-06
   3.1640625000000000e-01   1.5995454936771819e-01   1.5994258051151528e-01   1.1968856202915212e-05
   3.2421875000000000e-01  -6.6593363381230275e-01  -6.6594585129774753e-01   1.2217485444776521e-05
   3.3203125000000000e-01  -9.8203837486047285e-01  -9.8203915165618472e-01   7.7679571186539675e-07
   3.3984375000000000e-01  -5.1638447608215532e-01  -5.1636873769685132e-01   1.5738385303998292e-05
   3.4765625000000000e-01   3.8001664901466548e-01   3.8004136575666209e-01   2.4716741996611002e-05
   3.5546875000000000e-01   1.0115379881895454e+00   1.0115499189157666e+00   1.1930726221187626e-05
   3.6328125000000000e-01   8.8055633502310759e-01   8.8054146123692645e-01   1.4873786181146542e-05
   3.7109375000000000e-01   7.0131298246367546e-02   7.0096713781247599e-02   3.4584465119946728e-05
   3.7890625000000000e-01  -8.1829935126156228e-01  -8.1832406905480326e-01   2.4717793240980335e-05
   3.8671875000000000e-01  -1.1154496697549132e+00  -1.1154375459521639e+00   1.2123802749286483e-05
   3.9453125000000000e-01  -5.8390101808798234e-01  -5.8385753725026168e-01   4.3480837720655252e-05
   4.0234375000000000e-01   3.9940948692130163e-01   3.9945081744699745e-01   4.1330525695826292e-05
   4.1015625000000000e-01   1.1115594004279927e+00   1.1115599062695338e+00   5.0584154109856172e-07
   4.1796875000000000e-01   1.0126073234693986e+00   1.0125623769955474e+00   4.4946473851226187e-05
   4.2578125000000000e-01   1.5364518054141574e-01   1.5358923691588294e-01   5.5943625532794972e-05
   4.3359375000000000e-01  -8.4167294702239392e-01  -8.4169051394827443e-01   1.7566925880507789e-05
   4.4140625000000000e-01  -1.2266912268028149e+00  -1.2266527531444904e+00   3.8473658324544857e-05
   4.4921875000000000e-01  -6.9430113742235655e-01  -6.9423527970377374e-01   6.5857718582806868e-05
   4.5703125000000000e-01   3.7161822843482134e-01   3.7165499172789657e-01   3.6763293075225967e-05
   4.6484375000000000e-01   1.1674874038946033e+00   1.1674627864448361e+00   2.4617449767116995e-05
   4.7265625000000000e-01   1.0799136329346259e+00   1.0798449157151273e+00   6.8717219498637405e-05
   4.8046875000000000e-01   1.6937119334177231e-01   1.6931639903744847e-01   5.4794304323840803e-05
   4.8828125000000000e-01  -8.6323669911498613e-01  -8.6323183978137707e-01   4.8593336090529959e-06
   4.9609375000000000e-01  -1.2199538657045119e+00  -1.2198908766255905e+00   6.2989078921438235e-05
   5.0390625000000000e-01  -6.3579839713453434e-01  -6.3573118953022745e-01   6.7207604306895874e-05
   5.1171875000000000e-01   4.1351617167236066e-01   4.1353019170442129e-01   1.4020032060635401e-05
   5.1953125000000000e-01   1.0998561927096913e+00   1.0998042170395386e+00   5.1975670152692999e-05
   5.2734375000000000e-01   9.1011704019958928e-01   9.1004113817782795e-01   7.5902021761331540e-05
   5.3515625000000000e-01   4.3342090802798050e-02   4.3306453874084792e-02   3.5636928713257687e-05
   5.4296875000000000e-01  -7.8264801880215229e-01  -7.8261270510875602e-01   3.5313693396266110e-05
   5.5078125000000000e-01  -9.3621978580555520e-01  -9.3614294961783406e-01   7.6836187721140980e-05
   5.5859375000000000e-01  -3.7035565839741580e-01  -3.7030291038869090e-01   5.2748008724901041e-05
   5.6640625000000000e-01   3.9231616180548345e-01   3.9229987641412400e-01   1.6285391359449619e-05
   5.7421875000000000e-01   7.3973629742440627e-01   7.3966464997149350e-01   7.1647452912770859e-05
   5.8203125000000000e-01   4.7585028065237800e-01   4.7578561931573149e-01   6.4661336646509859e-05
   5.8984375000000000e-01  -7.7532847321257453e-02  -7.7534673589683994e-02   1.8262684265413220e-06
   5.9765625000000000e-01  -4.2708825099692804e-01  -4.2702589315345341e-01   6.2357843474636354e-05
   6.0546875000000000e-01  -3.5188498048305383e-01  -3.5181422099236176e-01   7.0759490692073879e-05
   6.1328125000000000e-01  -4.2338770661251246e-02  -4.2321265758059425e-02   1.7504903191821464e-05
   6.2109375000000000e-01   1.5260135700093677e-01   1.5255093790765420e-01   5.0419093282572103e-05
   6.2890625000000000e-01   8.7352646668375167e-02   8.7280632148388687e-02   7.2014519986479675e-05
   6.3671875000000000e-01  -6.8413914548494104e-02  -6.8441906782143444e-02   2.7992233649340448e-05
   6.4453125000000000e-01  -5.5920673640077523e-02  -5.5880271502273295e-02   4.0402137804228244e-05
   6.5234375000000000e-01   1.6202956000692653e-01   1.6210252456214430e-01   7.2964555217769345e-05
   6.6015625000000000e-01   3.3729276529145635e-01   3.3733162105547565e-01   3.8855764019296579e-05
   6.6796875000000000e-01   1.9518911803242461e-01   1.9515853034214575e-01   3.0587690278860435e-05
   6.7578125000000000e-01  -2.4255111330007872e-01  -2.4262376857457868e-01   7.2655274499955347e-05
   6.8359375000000000e-01  -6.1097788432603872e-01  -6.1102597204801790e-01   4.8087721979173104e-05
   6.9140625000000000e-01  -5.1400098859387078e-01  -5.1398051050725735e-01   2.0478086613429092e-05
   6.9921875000000000e-01   7.7611475194647284e-02   7.7683227372273692e-02   7.1752177626407954e-05
   7.0703125000000000e-01   7.2731266380321113e-01   7.2737052278151515e-01   5.7858978304015096e-05
   7.1484375000000000e-01   8.6602215479809808e-01   8.6601315004604840e-01   9.0047520496794320e-06
   7.2265625000000000e-01   2.9374644664079391e-01   2.9367668115423828e-01   6.9765486555628531e-05
   7.3046875000000000e-01  -5.9422268189469996e-01  -5.9429066078981951e-01   6.7978895119558125e-05
   7.3828125000000000e-01  -1.0868066037731896e+00  -1.0868116551196165e+00   5.0513464269208441e-06
   7.4609375000000000e-01  -7.3848312142493899e-01  -7.3841892345268945e-01   6.4197972249546709e-05
   8.7890625000000000e-01   7.9639125390180032e-01   7.9630851768387179e-01   8.2736217928536249e-05
   8.8671875000000000e-01  -2.0470804392904096e-01  -2.0474452728870976e-01   3.6483359668798565e-05
   8.9453125000000000e-01  -1.0078863237458398e+00  -1.0078489984482171e+00   3.7325297622681219e-05
   9.0234375000000000e-01  -9.8945386408937375e-01  -9.8937653761313249e-01   7.7326476241257325e-05
   9.1015625000000000e-01  -2.0383552329937710e-01  -2.0378198744697038e-01   5.3535852406721984e-05
   9.1796875000000000e-01   6.9842502412752838e-01   6.9841366205647526e-01   1.1362071053122591e-05
   9.2578125000000000e-01   1.0194027068773006e+00   1.0193394551895720e+00   6.3251687728582695e-05
   9.3359375000000000e-01   5.5764150214660047e-01   5.5757854956263764e-01   6.2952583962827546e-05
   9.4140625000000000e-01  -2.8183659973421021e-01  -2.8185066757027111e-01   1.4067836060893679e-05
   9.4921875000000000e-01  -8.5348898879478163e-01  -8.5344670392079813e-01   4.2284873983500226e-05
   9.5703125000000000e-01  -7.7542275890108581e-01  -7.7535958643327008e-01   6.3172467815730826e-05
   9.6484375000000000e-01  -1.7070610547047960e-01  -1.7067088806841993e-01   3.5217402059667391e-05
   9.7265625000000000e-01   4.9254546888459272e-01   4.9252792824418001e-01   1.7540640412705422e-05
   9.8046875000000000e-01   7.7418453837340917e-01   7.7413017589397781e-01   5.4362479431357968e-05
   9.8828125000000000e-01   5.4230606204523957e-01   5.4225784368738461e-01   4.8218357854956650e-05
   9.9609375000000000e-01  -4.8428053598601473e-03  -4.8494191100331291e-03   6.6137501729818249e-06
   7.5390625000000000e-01   2.3067887683558891e-01   2.3075538548578733e-01   7.6508650198425787e-05
   7.6171875000000000e-01   1.0720408577773972e+00   1.0720592244706322e+00   1.8366693234961318e-05
   7.6953125000000000e-01   1.0979959617482959e+00   1.0979384188418677e+00   5.7542906428231788e-05
   7.7734375000000000e-01   2.5194889544735821e-01   2.5186355481453876e-01   8.5340632819452811e-05
   7.8515625000000000e-01  -8.1781972242329104e-01  -8.1785677835002246e-01   3.7055926731421884e-05
   7.9296875000000000e-01  -1.2613785934152246e+00  -1.2613338236619789e+00   4.4769753245743615e-05
   8.0078125000000000e-01  -7.1210047903698614e-01  -7.1201134951712286e-01   8.9129519863284656e-05
   8.0859375000000000e-01   4.0463323104076676e-01   4.0468814310259799e-01   5.4912061831224879e-05
   8.1640625000000000e-01   1.2017043557987854e+00   1.2016772087640450e+00   2.7147034740382381e-05
   8.2421875000000000e-01   1.0421860833404861e+00   1.0420996011649930e+00   8.6482175493118874e-05
   8.3203125000000000e-01   5.6367235179604520e-02   5.6297210717747612e-02   7.0024461856908748e-05
   8.3984375000000000e-01  -9.6154398605292246e-01  -9.6153807202055508e-01   5.9140323673823048e-06
   8.4765625000000000e-01  -1.1971302051879187e+00  -1.1970534405707136e+00   7.6764617205071772e-05
   8.5546875000000000e-01  -4.7446305620729340e-01  -4.7438264071662517e-01   8.0415490668228617e-05
   8.6328125000000000e-01   6.0934483663585892e-01   6.0936184986314168e-01   1.7013227282758336e-05
   8.7109375000000000e-01   1.1797327862233586e+00   1.1796731062780728e+00   5.9679945285884273e-05
