#                  Coord.                Numerical               Analytical                    Error
   3.9062500000000000e-03   1.4201472444752157e+00   1.4183223147450508e+00   1.8249297301649037e-03
   1.1718750000000000e-02   1.3889034132896125e+00   1.3882281573739903e+00   6.7525591562223042e-04
   1.9531250000000000e-02   1.3547119939657162e+00   1.3543205268194998e+00   3.9146714621640655e-04
   2.7343750000000000e-02   1.3174833261273700e+00   1.3159453290308805e+00   1.5379970964894962e-03
   3.5156250000000000e-02   1.2734224925062763e+00   1.2725120844908289e+00   9.1040801544739480e-04
   4.2968750000000000e-02   1.2236247387335031e+00   1.2235951780867149e+00   2.9560646788162614e-05
   5.0781250000000000e-02   1.1700336594510770e+00   1.1690319508670690e+00   1.0017085840079432e-03
   5.8593750000000000e-02   1.1100592769079167e+00   1.1090082992530301e+00   1.0509776548865979e-03
   6.6406250000000000e-02   1.0440188282869858e+00   1.0441226358631672e+00   1.0380757618144720e-04
   7.4218750000000000e-02   9.7575798351098098e-01   9.7542027750616245e-01   3.3770600481852764e-04
   8.2031250000000000e-02   9.0536594090340172e-01   9.0439249662650578e-01   9.7344427689594060e-04
   8.9843750000000000e-02   8.3294854968845400e-01   8.3293740809723693e-01   1.1141591217067592e-05
   9.7656250000000000e-02   7.6304859287951532e-01   7.6328326198993834e-01   2.3466911042302474e-04
   1.0546875000000000e-01   6.9849896122156974e-01   6.9787820589974447e-01   6.2075532182526150e-04
   1.1328125000000000e-01   6.3952337095525069e-01   6.3925378150189571e-01   2.6958945335497919e-04
   1.2109375000000000e-01   5.8939370235588806e-01   5.8987197729541818e-01   4.7827493953012112e-04
   1.2890625000000000e-01   5.5205913895176251e-01   5.5196730095320301e-01   9.1837998559496370e-05
   1.3671875000000000e-01   5.2787022323096422e-01   5.2739590078947307e-01   4.7432244149114844e-04
   1.4453125000000000e-01   5.1722523868660597e-01   5.1750322548025129e-01   2.7798679364532397e-04
   1.5234375000000000e-01   5.2266217260555381e-01   5.2302015885669595e-01   3.5798625114213944e-04
   1.6015625000000000e-01   5.4445049289827907e-01   5.4399520291779768e-01   4.5528998048138813e-04
   1.6796875000000000e-01   5.8000581433194398e-01   5.7976738144162443e-01   2.3843289031955095e-04
   1.7578125000000000e-01   6.2852834883437247e-01   6.2898140727578478e-01   4.5305844141230178e-04
   1.8359375000000000e-01   6.8986281414191464e-01   6.8964360126844026e-01   2.1921287347437257e-04
   1.9140625000000000e-01   7.5999208831661946e-01   7.5921433194121624e-01   7.7775637540322684e-04
   1.9921875000000000e-01   8.3464039103491161e-01   8.3473055855396572e-01   9.0167519054107359e-05
   2.0703125000000000e-01   9.1290457594872521e-01   9.1295052304483404e-01   4.5947096108833740e-05
   2.1484375000000000e-01   9.9157614377894854e-01   9.9051178516553207e-01   1.0643586134164718e-03
   2.2265625000000000e-01   1.0646678780417145e+00   1.0640935956890945e+00   5.7428235262002580e-04
   2.3046875000000000e-01   1.1304609647855282e+00   1.1305749669406870e+00   1.1400215515888767e-04
   2.3828125000000000e-01   1.1881922525955786e+00   1.1871806068734765e+00   1.0116457221021058e-03
   2.4609375000000000e-01   1.2328307320927805e+00   1.2316079995306859e+00   1.2227325620945972e-03
   2.5390625000000000e-01   1.2622325783217885e+00   1.2621302142808277e+00   1.0236404096075624e-04
   2.6171875000000000e-01   1.2784128157763868e+00   1.2776704023952159e+00   7.4241338117086997e-04
   2.6953125000000000e-01   1.2794306705595377e+00   1.2778453145006841e+00   1.5853560588536819e-03
   2.7734375000000000e-01   1.2634864176715919e+00   1.2629764996512707e+00   5.0991802032118727e-04
   2.8515625000000000e-01   1.2345122828103536e+00   1.2340691081589534e+00   4.4317465140020218e-04
   2.9296875000000000e-01   1.1943387155734253e+00   1.1927594202511154e+00   1.5792953223099371e-03
   3.0078125000000000e-01   1.1421450576410710e+00   1.1412333775160208e+00   9.1168012505016272e-04
   3.0859375000000000e-01   1.0823768152086228e+00   1.0821195215655166e+00   2.5729364310622671e-04
   3.1640625000000000e-01   1.0196730644455094e+00   1.0183608511533191e+00   1.3122132921903340e-03
   3.2421875000000000e-01   9.5423303330837450e-01   9.5307118079105413e-01   1.1618525173203720e-03
   3.3203125000000000e-01   8.8958649406725498e-01   8.8938257802442855e-01   2.0391604282643527e-04
   3.3984375000000000e-01   8.3125374810215669e-01   8.3029129943151003e-01   9.6244867064665396e-04
   3.4765625000000000e-01   7.7975035300058682e-01   7.7851023694431964e-01   1.2401160562671709e-03
   3.5546875000000000e-01   7.3656225688918786e-01   7.3633610968752583e-01   2.2614720166203028e-04
   3.6328125000000000e-01   7.0619340085025295e-01   7.0553937684708268e-01   6.5402400317027265e-04
   3.7109375000000000e-01   6.8851380352644420e-01   6.8728401107586934e-01   1.2297924505748625e-03
   3.7890625000000000e-01   6.8235873857255702e-01   6.8208281206839172e-01   2.7592650416530251e-04
   3.8671875000000000e-01   6.9019613535086288e-01   6.8979187409895493e-01   4.0426125190795581e-04
   3.9453125000000000e-01   7.1086438254166995e-01   7.0964524604034029e-01   1.2191365013296540e-03
   4.0234375000000000e-01   7.4071705835644408e-01   7.4032791520540475e-01   3.8914315103932839e-04
   4.1015625000000000e-01   7.8024760802106607e-01   7.8008225501590434e-01   1.6535300516173912e-04
   4.1796875000000000e-01   8.2803045899247885e-01   8.2684029517707180e-01   1.1901638154070415e-03
   4.2578125000000000e-01   8.7900154193032731e-01   8.7837190763203832e-01   6.2963429828899464e-04
   4.3359375000000000e-01   9.3240520573390107e-01   9.3243752846252548e-01   3.2322728624412100e-05
   4.4140625000000000e-01   9.8798076593429618e-01   9.8693356101995589e-01   1.0472049143402939e-03
   4.4921875000000000e-01   1.0410094484039771e+00   1.0400192297592830e+00   9.9021864469417409e-04
   4.5703125000000000e-01   1.0901476163205068e+00   1.0902153516783850e+00   6.7735357878184743e-05
   4.6484375000000000e-01   1.1372068284209274e+00   1.1364681068018885e+00   7.3872161903887346e-04
   4.7265625000000000e-01   1.1795094886665189e+00   1.1781741488403112e+00   1.3353398262077043e-03
   4.8046875000000000e-01   1.2153436283532191e+00   1.2151669477818596e+00   1.7668057135944437e-04
   4.8828125000000000e-01   1.2480270976716259e+00   1.2476677071283537e+00   3.5939054327216446e-04
   4.9609375000000000e-01   1.2776895452713664e+00   1.2762071753131448e+00   1.4823699582215966e-03
   5.0390625000000000e-01   1.3022113924140952e+00   1.3015268663143276e+00   6.8452609976765721e-04
   5.1171875000000000e-01   1.3245898175647912e+00   1.3244694190737984e+00   1.2039849099276800e-04
   5.1953125000000000e-01   1.3472169185108278e+00   1.3458679920257457e+00   1.3489264850821137e-03
   5.2734375000000000e-01   1.3677305044910379e+00   1.3664437770851272e+00   1.2867274059107370e-03
   5.3515625000000000e-01   1.3869034621331091e+00   1.3867191159264305e+00   1.8434620667862056e-04
   5.4296875000000000e-01   1.4079515552833264e+00   1.4069515848101033e+00   9.9997047322308852e-04
   5.5078125000000000e-01   1.4288363717671053e+00   1.4270920964081486e+00   1.7442753589567150e-03
   5.5859375000000000e-01   1.4473448052262987e+00   1.4467678512760227e+00   5.7695395027601570e-04
   5.6640625000000000e-01   1.4658958397117254e+00   1.4652891054202879e+00   6.0673429143753843e-04
   5.7421875000000000e-01   1.4835516844152534e+00   1.4816773620712229e+00   1.8743223440305101e-03
   5.8203125000000000e-01   1.4958718399776736e+00   1.4947117984402143e+00   1.1600415374592998e-03
   5.8984375000000000e-01   1.5033466846412289e+00   1.5029904523396871e+00   3.5623230154180341e-04
   5.9765625000000000e-01   1.5066229384575849e+00   1.5050027873635303e+00   1.6201510940545560e-03
   6.0546875000000000e-01   1.5008960968478935e+00   1.4992105483139635e+00   1.6855485339299925e-03
   6.1328125000000000e-01   1.4844997846107737e+00   1.4841341211712500e+00   3.6566343952371128e-04
   6.2109375000000000e-01   1.4595334983297972e+00   1.4584417650739636e+00   1.0917332558335602e-03
   6.2890625000000000e-01   1.4229428368726666e+00   1.4210389894636866e+00   1.9038474089800861e-03
   6.3671875000000000e-01   1.3717691301021468e+00   1.3711549897955262e+00   6.1414030662065855e-04
   6.4453125000000000e-01   1.3089441658278456e+00   1.3084224945502971e+00   5.2167127754843001e-04
   6.5234375000000000e-01   1.2346435080560376e+00   1.2329467488315957e+00   1.6967592244419016e-03
   6.6015625000000000e-01   1.1462706180160747e+00   1.1453588445243628e+00   9.1177349171189803e-04
   6.6796875000000000e-01   1.0469919781663766e+00   1.0468483938759312e+00   1.4358429044536436e-04
   6.7578125000000000e-01   9.4033034134455862e-01   9.3917079846612339e-01   1.1595428784352269e-03
   6.8359375000000000e-01   8.2566389476408364e-01   8.2462519915233545e-01   1.0386956117481860e-03
   6.9140625000000000e-01   7.0603603606211796e-01   7.0600063588425133e-01   3.5400177866629079e-05
   6.9921875000000000e-01   5.8704108142581735e-01   5.8648994062994053e-01   5.5114079587681442e-04
   7.0703125000000000e-01   4.7045030628264611e-01   4.6957328469545107e-01   8.7702158719504819e-04
   7.1484375000000000e-01   3.5896770935249583e-01   3.5887588352786259e-01   9.1825824633240405e-05
   7.2265625000000000e-01   2.5813879778804155e-01   2.5800685966110531e-01   1.3193812693623741e-04
   7.3046875000000000e-01   1.7089333535049198e-01   1.7038839514427742e-01   5.0494020621455471e-04
   7.3828125000000000e-01   9.9206365036336369e-02   9.9085806340670227e-02   1.2055869566614252e-04
   7.4609375000000000e-01   4.6658128692060472e-02   4.6649838542938839e-02   8.2901491216327838e-06
   8.7890625000000000e-01   1.3271854472423095e+00   1.3259514274623647e+00   1.2340197799447505e-03
   8.8671875000000000e-01   1.3921275947222540e+00   1.3920340461356540e+00   9.3548586600045169e-05
   8.9453125000000000e-01   1.4473052363074015e+00   1.4462631341662369e+00   1.0421021411646247e-03
   9.0234375000000000e-01   1.4907716332347496e+00   1.4889686253976975e+00   1.8030078370521174e-03
   9.1015625000000000e-01   1.5212989909925176e+00   1.5208098761162876e+00   4.8911487623004568e-04
   9.1796875000000000e-01   1.5434197932199902e+00   1.5426975783921335e+00   7.2221482785672642e-04
   9.2578125000000000e-01   1.5577398532280757e+00   1.5557138442124372e+00   2.0260090156385413e-03
   9.3359375000000000e-01   1.5620630936403881e+00   1.5610336514290435e+00   1.0294422113446000e-03
   9.4140625000000000e-01   1.5603020553137834e+00   1.5598499858037076e+00   4.5206951007581431e-04
   9.4921875000000000e-01   1.5551701358136858e+00   1.5533044349521172e+00   1.8657008615685644e-03
   9.5703125000000000e-01   1.5439495000504357e+00   1.5424247673715779e+00   1.5247326788578874e-03
   9.6484375000000000e-01   1.5284305192095129e+00   1.5280711471485577e+00   3.5937206095515428e-04
   9.7265625000000000e-01   1.5123292189985511e+00   1.5108929869386818e+00   1.4362320598693135e-03
   9.8046875000000000e-01   1.4931145914798734e+00   1.4912988542198664e+00   1.8157372600069444e-03
   9.8828125000000000e-01   1.4698942829332158e+00   1.4694421097618198e+00   4.5217317139600866e-04
   9.9609375000000000e-01   1.4461220040729630e+00   1.4452248719092831e+00   8.9713216367992565e-04
   7.5390625000000000e-01   1.5139268132643957e-02   1.4982179616868598e-02   1.5708851577535959e-04
   7.6171875000000000e-01   5.2411656527887596e-03   5.2339055182092451e-03   7.2601345795144517e-06
   7.6953125000000000e-01   1.7831010354042838e-02   1.7744377714788134e-02   8.6632639254704408e-05
   7.7734375000000000e-01   5.2088069018346547e-02   5.2025195959608757e-02   6.2873058737790422e-05
   7.8515625000000000e-01   1.0660608171935702e-01   1.0679043475325949e-01   1.8435303390246238e-04
   7.9296875000000000e-01   1.8021005537580700e-01   1.8003087779473645e-01   1.7917758107055537e-04
   8.0078125000000000e-01   2.6942054737896232e-01   2.6912665019197918e-01   2.9389718698313860e-04
   8.0859375000000000e-01   3.7073247420139066e-01   3.7098985251019767e-01   2.5737830880701029e-04
   8.1640625000000000e-01   4.8238046400383128e-01   4.8222678773655731e-01   1.5367626727397221e-04
   8.2421875000000000e-01   6.0002988060491458e-01   5.9930832033463333e-01   7.2156027028125180e-04
   8.3203125000000000e-01   7.1870890294283696e-01   7.1873688855748297e-01   2.7985614646008905e-05
   8.3984375000000000e-01   8.3722691397910931e-01   8.3719966709454829e-01   2.7246884561016316e-05
   8.4765625000000000e-01   9.5279804277971503e-01   9.5169920017584497e-01   1.0988426038700538e-03
   8.5546875000000000e-01   1.0601849481806607e+00   1.0596552616368662e+00   5.2968654379448310e-04
   8.6328125000000000e-01   1.1589245180656687e+00   1.1589744573027307e+00   4.9939237062091024e-05
   8.7109375000000000e-01   1.2493032536744566e+00   1.2480868559535518e+00   1.2163977209047605e-03
