#                  Coord.                Numerical               Analytical                    Error
   3.9062500000000000e-03   6.2565791242511171e-01   6.2661346980972621e-01   9.5555738461450268e-04
   1.1718750000000000e-02   1.3220477173633773e+00   1.3215614514459735e+00   4.8626591740386083e-04
   1.9531250000000000e-02   1.0142713274821835e+00   1.0126262465131446e+00   1.6450809690389256e-03
   2.7343750000000000e-02  -7.6467249692773631e-02  -7.7940731479684111e-02   1.4734817869104799e-03
   3.5156250000000000e-02  -1.1170882446640455e+00  -1.1170834277875035e+00   4.8168765420797399e-06
   4.2968750000000000e-02  -1.3005745228031727e+00  -1.2989688361297536e+00   1.6056866734190933e-03
   5.0781250000000000e-02  -4.7795873476128709e-01  -4.7602511843640954e-01   1.9336163248775406e-03
   5.8593750000000000e-02   7.1549637674487976e-01   7.1609231131487916e-01   5.9593456999940120e-04
   6.6406250000000000e-02   1.3499726543956998e+00   1.3486146258573355e+00   1.3580285383643087e-03
   7.4218750000000000e-02   9.2947519772722464e-01   9.2721772260653368e-01   2.2574751206909660e-03
   8.2031250000000000e-02  -2.1466195524372145e-01  -2.1590240216174289e-01   1.2404469180214428e-03
   8.9843750000000000e-02  -1.1811215913469071e+00  -1.1802034751337660e+00   9.1811621314108471e-04
   9.7656250000000000e-02  -1.2093125748317979e+00  -1.2069219564881497e+00   2.3906183436481765e-03
   1.0546875000000000e-01  -2.8259604882933820e-01  -2.8074869274245534e-01   1.8473560868828565e-03
   1.1328125000000000e-01   8.5735001280704526e-01   8.5701891827146637e-01   3.3109453557889079e-04
   1.2109375000000000e-01   1.3012150807559428e+00   1.2989056314646501e+00   2.3094492912927311e-03
   1.2890625000000000e-01   6.9948325408902468e-01   6.9713785167446218e-01   2.3454024145624919e-03
   1.3671875000000000e-01  -4.5667192344650076e-01  -4.5701159987434709e-01   3.3967642784632490e-04
   1.4453125000000000e-01  -1.2310152247688082e+00  -1.2289958707400526e+00   2.0193540287556377e-03
   1.5234375000000000e-01  -9.9962933363995221e-01  -9.9694644248345721e-01   2.6828911564950042e-03
   1.6015625000000000e-01   4.2301085011001438e-02   4.3331262965605299e-02   1.0301779546038614e-03
   1.6796875000000000e-01   1.0395435950216381e+00   1.0379951292750134e+00   1.5484657466247054e-03
   1.7578125000000000e-01   1.1765571786395876e+00   1.1737301626155210e+00   2.8270160240666531e-03
   1.8359375000000000e-01   3.4678202839156685e-01   3.4510869197601957e-01   1.6733364155472885e-03
   1.9140625000000000e-01  -7.6057166787363784e-01  -7.5962855184419442e-01   9.4311602944341377e-04
   1.9921875000000000e-01  -1.2311339364593072e+00  -1.2283646430895161e+00   2.7692933697911482e-03
   2.0703125000000000e-01  -6.8256944164169076e-01  -6.8035566880323584e-01   2.2137728384549193e-03
   2.1484375000000000e-01   4.2118162241547613e-01   4.2092176059352870e-01   2.5986182194742691e-04
   2.2265625000000000e-01   1.1610534148321467e+00   1.1585330816555088e+00   2.5203331766379122e-03
   2.3046875000000000e-01   9.3143662482472456e-01   9.2883005803542495e-01   2.6065667892996025e-03
   2.3828125000000000e-01  -5.9091296915406183e-02  -5.9528508268001802e-02   4.3721135259561922e-04
   2.4609375000000000e-01  -9.7370042910453547e-01  -9.7158821513848770e-01   2.1122139660477712e-03
   2.5390625000000000e-01  -1.0576084965455022e+00  -1.0547814003910816e+00   2.8270961544205608e-03
   2.6171875000000000e-01  -2.6806774766150976e-01  -2.6697880617547670e-01   1.0889414860330571e-03
   2.6953125000000000e-01   7.0722614513436011e-01   7.0563768954939232e-01   1.5884555849677851e-03
   2.7734375000000000e-01   1.0487966743795420e+00   1.0459269801430944e+00   2.8696942364476730e-03
   2.8515625000000000e-01   5.0083120653296831e-01   4.9918817590942655e-01   1.6430306235417635e-03
   2.9296875000000000e-01  -4.3138859794730089e-01  -4.3038221596008736e-01   1.0063819872135338e-03
   3.0078125000000000e-01  -9.3929600227461407e-01  -9.3654732215328840e-01   2.7486801213256751e-03
   3.0859375000000000e-01  -6.1445497853663356e-01  -6.1239081320261946e-01   2.0641653340141008e-03
   3.1640625000000000e-01   2.1577828660927587e-01   2.1535814988913424e-01   4.2013672014162839e-04
   3.2421875000000000e-01   8.0140498714045316e-01   7.9891015619175076e-01   2.4948309487023979e-03
   3.3203125000000000e-01   6.4115348888684054e-01   6.3881588171184422e-01   2.3376071749963145e-03
   3.3984375000000000e-01  -8.5811481750521890e-02  -8.5937149405580615e-02   1.2566765505872546e-04
   3.4765625000000000e-01  -7.0197761861784336e-01  -6.9983194743663912e-01   2.1456711812042339e-03
   3.5546875000000000e-01  -6.5125603082015593e-01  -6.4879086756388116e-01   2.4651632562747716e-03
   3.6328125000000000e-01   4.7689647863895512e-03   5.3671222318597703e-03   5.9815744547021907e-04
   3.7109375000000000e-01   6.5503153656933644e-01   6.5328900434667370e-01   1.7425322226627404e-03
   3.7890625000000000e-01   7.0044872569303385e-01   6.9798232030158436e-01   2.4664053914494888e-03
   3.8671875000000000e-01   9.6443521047289246e-02   9.5458546230849539e-02   9.8497481643970708e-04
   3.9453125000000000e-01  -6.1123090747693887e-01  -6.0991555803571418e-01   1.3153494412246891e-03
   4.0234375000000000e-01  -7.8275556140489444e-01  -7.8038946638417650e-01   2.3660950207179399e-03
   4.1015625000000000e-01  -2.5947378452430203e-01  -2.5818976075230776e-01   1.2840237719942693e-03
   4.1796875000000000e-01   4.9886493439934959e-01   4.9797493816088162e-01   8.8999623846797160e-04
   4.2578125000000000e-01   8.2983451832702260e-01   8.2764579192442256e-01   2.1887264026000386e-03
   4.3359375000000000e-01   4.5481853550684187e-01   4.5331702120384493e-01   1.5015143029969424e-03
   4.4140625000000000e-01  -2.8875532577880186e-01  -2.8827479914572612e-01   4.8052663307573962e-04
   4.4921875000000000e-01  -7.6292790469874860e-01  -7.6097421608937366e-01   1.9536886093749484e-03
   4.5703125000000000e-01  -5.9216351400389589e-01  -5.9051968587816817e-01   1.6438281257277199e-03
   4.6484375000000000e-01   3.2860950232173780e-02   3.2764403718724321e-02   9.6546513449459470e-05
   4.7265625000000000e-01   5.6140968250556322e-01   5.5973534622884469e-01   1.6743362767185355e-03
   4.8046875000000000e-01   5.8261718941825413e-01   5.8090421330577857e-01   1.7129761124755616e-03
   4.8828125000000000e-01   1.5716117635265470e-01   1.5691185727988019e-01   2.4931907277450649e-04
   4.9609375000000000e-01  -2.9568448636347489e-01  -2.9431756539436205e-01   1.3669209691128392e-03
   5.0390625000000000e-01  -4.0991791334030131e-01  -4.0820423270544109e-01   1.7136806348602152e-03
   5.1171875000000000e-01  -1.8129252200509421e-01  -1.8074635425055360e-01   5.4616775454061073e-04
   5.1953125000000000e-01   9.5703556104980603e-02   9.4656526418978218e-02   1.0470296860023848e-03
   5.2734375000000000e-01   1.5804952783283710e-01   1.5639449231028013e-01   1.6550355225569691e-03
   5.3515625000000000e-01   2.4396261750494114e-02   2.3606144598682228e-02   7.9011715181188588e-04
   5.4296875000000000e-01  -7.2134159282799537e-02  -7.1405556474249315e-02   7.2860280855022164e-04
   5.5078125000000000e-01   2.8383582781002892e-02   2.9930646135130808e-02   1.5470633541279158e-03
   5.5859375000000000e-01   2.2027955784267539e-01   2.2125979417123598e-01   9.8023632856059084e-04
   5.6640625000000000e-01   2.4139931028952938e-01   2.4097893673566922e-01   4.2037355386015385e-04
   5.7421875000000000e-01  -2.8689655286039867e-02  -3.0089074161640958e-02   1.3994188756010911e-03
   5.8203125000000000e-01  -3.9647159535467447e-01  -3.9759200674268763e-01   1.1204113880131650e-03
   5.8984375000000000e-01  -5.0460136224199481e-01  -5.0447621646624385e-01   1.2514577575095664e-04
   5.9765625000000000e-01  -1.7727344925061206e-01  -1.7605570609487667e-01   1.2177431557353902e-03
   6.0546875000000000e-01   3.7330698711036037e-01   3.7452195537512173e-01   1.2149682647613624e-03
   6.1328125000000000e-01   6.9598814864655478e-01   6.9614662362482060e-01   1.5847497826582124e-04
   6.2109375000000000e-01   4.8847183364799174e-01   4.8746984080098410e-01   1.0019928470076378e-03
   6.2890625000000000e-01  -1.2375242441389056e-01  -1.2501592338527578e-01   1.2634989713852240e-03
   6.3671875000000000e-01  -6.7339650162509179e-01  -6.7382626679250701e-01   4.2976516741521920e-04
   6.4453125000000000e-01  -7.3150150309441053e-01  -7.3075170447508719e-01   7.4979861932333858e-04
   6.5234375000000000e-01  -2.5315626569801419e-01  -2.5189732998391462e-01   1.2589357140995738e-03
   6.6015625000000000e-01   3.9863307456320557e-01   3.9931681471912439e-01   6.8374015591882165e-04
   6.6796875000000000e-01   7.5118118372678444e-01   7.5072266582085467e-01   4.5851790592976727e-04
   6.7578125000000000e-01   5.7871125382400956e-01   5.7752368033047841e-01   1.1875734935311577e-03
   6.8359375000000000e-01   3.6762313136026681e-02   3.5863000944800084e-02   8.9931219122659639e-04
   6.9140625000000000e-01  -4.9278895947733847e-01  -4.9264955341938388e-01   1.3940605795459415e-04
   6.9921875000000000e-01  -6.8323983580031888e-01  -6.8220189191475977e-01   1.0379438855591117e-03
   7.0703125000000000e-01  -4.5280456964503601e-01  -4.5175893408829287e-01   1.0456355567431408e-03
   7.1484375000000000e-01   3.2986287718365259e-02   3.3163152838648992e-02   1.7686512028373264e-04
   7.2265625000000000e-01   4.8969149311490839e-01   4.8887474225556810e-01   8.1675085934029834e-04
   7.3046875000000000e-01   6.6554749031924698e-01   6.6445018033409520e-01   1.0973099851517842e-03
   7.3828125000000000e-01   4.5368343414204737e-01   4.5323452212412069e-01   4.4891201792668367e-04
   7.4609375000000000e-01  -5.0978558993099735e-02  -5.0428108505802462e-02   5.5045048729727292e-04
   8.7890625000000000e-01  -1.0269719377639246e+00  -1.0273484048083128e+00   3.7646704438820677e-04
   8.8671875000000000e-01  -2.3356511977593286e-01  -2.3342484895691773e-01   1.4027081901513139e-04
   8.9453125000000000e-01   7.3652421992774175e-01   7.3708963504372293e-01   5.6541511598118266e-04
   9.0234375000000000e-01   1.1886819439358860e+00   1.1891120692237840e+00   4.3012528789798665e-04
   9.1015625000000000e-01   7.9146583442945007e-01   7.9127016144820217e-01   1.9567298124789634e-04
   9.1796875000000000e-01  -1.8217204566566877e-01  -1.8290074219706806e-01   7.2869653139928658e-04
   9.2578125000000000e-01  -1.0397868763158320e+00  -1.0404008550803567e+00   6.1397876452473632e-04
   9.3359375000000000e-01  -1.1572796402821859e+00  -1.1571488938288512e+00   1.3074645333466250e-04
   9.4140625000000000e-01  -4.3165677400420333e-01  -4.3078637407964443e-01   8.7039992455889559e-04
   9.4921875000000000e-01   6.2677999324587574e-01   6.2767904589510204e-01   8.9905264922629513e-04
   9.5703125000000000e-01   1.2460798486419797e+00   1.2461717148662930e+00   9.1866224313230660e-05
   9.6484375000000000e-01   9.5357685137853943e-01   9.5266430484420828e-01   9.1254653433114896e-04
   9.7265625000000000e-01  -5.8536233200970011e-02  -5.9758055119682296e-02   1.2218219187122847e-03
   9.8046875000000000e-01  -1.0495948789870959e+00  -1.0500647163480168e+00   4.6983736092087725e-04
   9.8828125000000000e-01  -1.2693424552860186e+00  -1.2685504196713384e+00   7.9203561468021988e-04
   9.9609375000000000e-01  -5.3056775175318505e-01  -5.2907080892324432e-01   1.4969428299407284e-03
   7.5390625000000000e-01  -5.7099516419353524e-01  -5.6995073715476574e-01   1.0444270387695020e-03
   7.6171875000000000e-01  -7.7239593102597481e-01  -7.7176106368423814e-01   6.3486734173667791e-04
   7.6953125000000000e-01  -4.7319111786188506e-01  -4.7347598741993169e-01   2.8486955804662983e-04
   7.7734375000000000e-01   1.8960338803478305e-01   1.8870140333559868e-01   9.0198469918437163e-04
   7.8515625000000000e-01   7.9072841569955021e-01   7.9002165759530585e-01   7.0675810424436492e-04
   7.9296875000000000e-01   8.8424788899076778e-01   8.8432150232326667e-01   7.3613332498889683e-05
   8.0078125000000000e-01   3.4445051824282191e-01   3.4516600895739485e-01   7.1549071457294167e-04
   8.0859375000000000e-01  -4.9031739204593949e-01  -4.8964824735705820e-01   6.6914468888129575e-04
   8.1640625000000000e-01  -1.0241733240109616e+00  -1.0241311991287732e+00   4.2124882188465662e-05
   8.2421875000000000e-01  -8.3899034368691183e-01  -8.3953398596694206e-01   5.4364228003023207e-04
   8.3203125000000000e-01  -3.0267046102136930e-02  -3.0824159735464603e-02   5.5711363332767300e-04
   8.3984375000000000e-01   8.3328315767568284e-01   8.3323651192126535e-01   4.6645754417484753e-05
   8.4765625000000000e-01   1.1176030883914723e+00   1.1180492881037727e+00   4.4619971230042133e-04
   8.5546875000000000e-01   5.9719057479968884e-01   5.9762681336968615e-01   4.3623856999730481e-04
   8.6328125000000000e-01  -3.6649515439861680e-01  -3.6652882590959024e-01   3.3671510973443119e-05
   8.7109375000000000e-01  -1.0813512998094685e+00  -1.0818069114676025e+00   4.5561165813401416e-04
