#                  Coord.                Numerical               Analytical                    Error
   3.9062500000000000e-03   3.4986944348335791e-01   3.4953268214457517e-01   3.3676133878274284e-04
   1.1718750000000000e-02   3.6355330002794384e-01   3.6346356515031514e-01   8.9734877628699916e-05
   1.9531250000000000e-02   3.8405239757007031e-01   3.8341054776700051e-01   6.4184980306980499e-04
   2.7343750000000000e-02   4.1051796833691723e-01   4.1005003139165719e-01   4.6793694526003904e-04
   3.5156250000000000e-02   4.4366762350213473e-01   4.4359171167323846e-01   7.5911828896269018e-05
   4.2968750000000000e-02   4.8444571626633848e-01   4.8379380917056308e-01   6.5190709577539474e-04
   5.0781250000000000e-02   5.3066935914140489e-01   5.3001732049114059e-01   6.5203865026430829e-04
   5.8593750000000000e-02   5.8140396204898237e-01   5.8131119739807191e-01   9.2764650910459601e-05
   6.6406250000000000e-02   6.3714703769048153e-01   6.3651798359677547e-01   6.2905409370606069e-04
   7.4218750000000000e-02   6.9527493609927737e-01   6.9438829025944748e-01   8.8664583982989154e-04
   8.2031250000000000e-02   7.5387527690695189e-01   7.5369259492205765e-01   1.8268198489423959e-04
   8.9843750000000000e-02   8.1386986719852084e-01   8.1332009314905218e-01   5.4977404946865427e-04
   9.7656250000000000e-02   8.7346923731202442e-01   8.7235649579653096e-01   1.1127415154934539e-03
   1.0546875000000000e-01   9.3050629168351628e-01   9.3013544607983523e-01   3.7084560368105812e-04
   1.1328125000000000e-01   9.8669719735522776e-01   9.8626128997202145e-01   4.3590738320631317e-04
   1.2109375000000000e-01   1.0418689034517798e+00   1.0406039316638174e+00   1.2649717879624767e-03
   1.2890625000000000e-01   1.0939125750720569e+00   1.0932691409990078e+00   6.4343407304900957e-04
   1.3671875000000000e-01   1.1448904396750357e+00   1.1445497165665897e+00   3.4072310844601716e-04
   1.4453125000000000e-01   1.1961712076578730e+00   1.1948641966682514e+00   1.3070109896216042e-03
   1.5234375000000000e-01   1.2456549652250521e+00   1.2446902946353178e+00   9.6467058973437325e-04
   1.6015625000000000e-01   1.2947920128454737e+00   1.2944999497091514e+00   2.9206313632235137e-04
   1.6796875000000000e-01   1.3459372417159583e+00   1.3447019427149001e+00   1.2352990010582321e-03
   1.7578125000000000e-01   1.3968884733374471e+00   1.3955965978138760e+00   1.2918755235711288e-03
   1.8359375000000000e-01   1.4476818519510508e+00   1.4473453815684332e+00   3.3647038261763740e-04
   1.9140625000000000e-01   1.5010198555146546e+00   1.4999564292882213e+00   1.0634262264332950e-03
   1.9921875000000000e-01   1.5548622919696162e+00   1.5532853700094220e+00   1.5769219601942108e-03
   2.0703125000000000e-01   1.6075539750406775e+00   1.6070494423671122e+00   5.0453267356531661e-04
   2.1484375000000000e-01   1.6616742876472970e+00   1.6608519008879838e+00   8.2238675931312066e-04
   2.2265625000000000e-01   1.7159703127833210e+00   1.7142131569045604e+00   1.7571558787605746e-03
   2.3046875000000000e-01   1.7674144877057694e+00   1.7666049767196743e+00   8.0951098609505223e-04
   2.3828125000000000e-01   1.8180619080581548e+00   1.8174843218340546e+00   5.7758622410020166e-04
   2.4609375000000000e-01   1.8680885266921941e+00   1.8663239772478724e+00   1.7645494443216947e-03
   2.5390625000000000e-01   1.9138534034888399e+00   1.9126378696064277e+00   1.2155338824122452e-03
   2.6171875000000000e-01   1.9564367186872693e+00   1.9559998175117104e+00   4.3690117555894581e-04
   2.6953125000000000e-01   1.9976198769011180e+00   1.9960552796548257e+00   1.5645972462923208e-03
   2.7734375000000000e-01   2.0341516613785542e+00   2.0325263884956080e+00   1.6252728829462271e-03
   2.8515625000000000e-01   2.0656804543147507e+00   2.0652111180275821e+00   4.6933628716860909e-04
   2.9296875000000000e-01   2.0951741528036032e+00   2.0939778009488137e+00   1.1963518547895013e-03
   3.0078125000000000e-01   2.1206617616259789e+00   2.1187563772227964e+00   1.9053844031824418e-03
   3.0859375000000000e-01   2.1402495062983613e+00   2.1395277399384685e+00   7.2176635989285032e-04
   3.1640625000000000e-01   2.1570889967453075e+00   2.1563123820120276e+00   7.7661473327994557e-04
   3.2421875000000000e-01   2.1710928376634415e+00   2.1691592873001992e+00   1.9335503632422757e-03
   3.3203125000000000e-01   2.1792655234344749e+00   2.1781357068080331e+00   1.1298166264417375e-03
   3.3984375000000000e-01   2.1837780579905774e+00   2.1833181679609894e+00   4.5989002958801706e-04
   3.4765625000000000e-01   2.1864508517914327e+00   2.1847848274929573e+00   1.6660242984753992e-03
   3.5546875000000000e-01   2.1841501214805970e+00   2.1826091278629414e+00   1.5409936176555838e-03
   3.6328125000000000e-01   2.1772215026207058e+00   2.1768546669609172e+00   3.6683565978856691e-04
   3.7109375000000000e-01   2.1687483814244759e+00   2.1675712357811410e+00   1.1771456433349314e-03
   3.7890625000000000e-01   2.1565731300848250e+00   2.1547920951828283e+00   1.7810349019966587e-03
   3.8671875000000000e-01   2.1390683077805122e+00   2.1385327129171241e+00   5.3559486338805584e-04
   3.9453125000000000e-01   2.1194216816183142e+00   2.1187913198860948e+00   6.3036173221941993e-04
   4.0234375000000000e-01   2.0972730736106642e+00   2.0955517237672585e+00   1.7213498434056618e-03
   4.1015625000000000e-01   2.0696489074311613e+00   2.0687887998643757e+00   8.6010756678556177e-04
   4.1796875000000000e-01   2.0386895311869848e+00   2.0384769392180879e+00   2.1259196889689136e-04
   4.2578125000000000e-01   2.0059580582228098e+00   2.0046014680638411e+00   1.3565901589687179e-03
   4.3359375000000000e-01   1.9683700583889387e+00   1.9671726782110706e+00   1.1973801778681903e-03
   4.4140625000000000e-01   1.9263074412262406e+00   1.9262416632762200e+00   6.5777950020606824e-05
   4.4921875000000000e-01   1.8827132238865782e+00   1.8819166968659280e+00   7.9652702065025061e-04
   4.5703125000000000e-01   1.8357499880142623e+00   1.8343784827792455e+00   1.3715052350167234e-03
   4.6484375000000000e-01   1.7841201366622901e+00   1.7838923241032398e+00   2.2781255905024445e-04
   4.7265625000000000e-01   1.7310561915770906e+00   1.7308151622192200e+00   2.4102935787051472e-04
   4.8046875000000000e-01   1.6768504727784719e+00   1.6755955780532776e+00   1.2548947251942444e-03
   4.8828125000000000e-01   1.6193559353651654e+00   1.6187652536986818e+00   5.9068166648357234e-04
   4.9609375000000000e-01   1.5608291152541651e+00   1.5609210608360846e+00   9.1945581919494757e-05
   5.0390625000000000e-01   1.5035476943768880e+00   1.5026978381361675e+00   8.4985624072042576e-04
   5.1171875000000000e-01   1.4456705509139252e+00   1.4447329737811925e+00   9.3757713273268095e-04
   5.1953125000000000e-01   1.3875559694343125e+00   1.3876250210367322e+00   6.9051602419767377e-05
   5.2734375000000000e-01   1.3322070218903701e+00   1.3318896200923029e+00   3.1740179806716284e-04
   5.3515625000000000e-01   1.2789400208596209e+00   1.2779168418111722e+00   1.0231790484487302e-03
   5.4296875000000000e-01   1.2261745610874397e+00   1.2259345745817063e+00   2.3998650573342495e-04
   5.5078125000000000e-01   1.1758872043721502e+00   1.1759826307461339e+00   9.5426373983631407e-05
   5.5859375000000000e-01   1.1286641952277598e+00   1.1279017782008374e+00   7.6241702692247948e-04
   5.6640625000000000e-01   1.0819381769576397e+00   1.0813408831602986e+00   5.9729379734108079e-04
   5.7421875000000000e-01   1.0355778145778036e+00   1.0357838230375647e+00   2.0600845976104232e-04
   5.8203125000000000e-01   9.9087553539732487e-01   9.9059590293152466e-01   2.7963246580020584e-04
   5.8984375000000000e-01   9.4582133311464311e-01   9.4508735740864735e-01   7.3397570599575968e-04
   5.9765625000000000e-01   8.9855723416692468e-01   8.9858936288987867e-01   3.2128722953994604e-05
   6.0546875000000000e-01   8.5036967649191908e-01   8.5053607486650340e-01   1.6639837458432005e-04
   6.1328125000000000e-01   8.0108745560796157e-01   8.0054478892413128e-01   5.4266668383029515e-04
   6.2109375000000000e-01   7.4871825230355038e-01   7.4848562549431985e-01   2.3262680923052947e-04
   6.2890625000000000e-01   6.9416974268934184e-01   6.9453231559579154e-01   3.6257290644969853e-04
   6.3671875000000000e-01   6.3932653974490294e-01   6.3918679281515756e-01   1.3974692974538794e-04
   6.4453125000000000e-01   5.8364392317090186e-01   5.8327234602953004e-01   3.7157714137181497e-04
   6.5234375000000000e-01   5.2763200496256057e-01   5.2789291850304154e-01   2.6091354048096704e-04
   6.6015625000000000e-01   4.7413572041318730e-01   4.7435950821793310e-01   2.2378780474580084e-04
   6.6796875000000000e-01   4.2437956978301050e-01   4.2408820318614537e-01   2.9136659686512800e-04
   6.7578125000000000e-01   3.7848635693771876e-01   3.7847779181721353e-01   8.5651205052328372e-06
   6.8359375000000000e-01   3.3844002246710958e-01   3.3877772647213095e-01   3.3770400502136644e-04
   6.9140625000000000e-01   3.0602187218344101e-01   3.0595912445450807e-01   6.2747728932943669e-05
   6.9921875000000000e-01   2.8084114169265167e-01   2.8060217811712296e-01   2.3896357552871672e-04
   7.0703125000000000e-01   2.6265074580487419e-01   2.6281264472467003e-01   1.6189891979584425e-04
   7.1484375000000000e-01   2.5203924757013074e-01   2.5217797260578123e-01   1.3872503565048877e-04
   7.2265625000000000e-01   2.4805383898606012e-01   2.4777022734876109e-01   2.8361163729903605e-04
   7.3046875000000000e-01   2.4834838000641607e-01   2.4819859888577345e-01   1.4978112064262250e-04
   7.3828125000000000e-01   2.5153676646937739e-01   2.5170931658128337e-01   1.7255011190597802e-04
   7.4609375000000000e-01   2.5646925460216763e-01   2.5632578447860915e-01   1.4347012355847566e-04
   8.7890625000000000e-01   2.6670801687762223e-02   2.6617986251835073e-02   5.2815435927149740e-05
   8.8671875000000000e-01   5.0781303244815203e-02   5.0813658068714677e-02   3.2354823899474749e-05
   8.9453125000000000e-01   8.1374367297582101e-02   8.1165635858288232e-02   2.0873143929386884e-04
   9.0234375000000000e-01   1.1586466073756492e-01   1.1566904019005171e-01   1.9562054751320890e-04
   9.1015625000000000e-01   1.5207123857190852e-01   1.5212128840375660e-01   5.0049831848086868e-05
   9.1796875000000000e-01   1.8858568883509685e-01   1.8832436674191733e-01   2.6132209317952793e-04
   9.2578125000000000e-01   2.2267728772406381e-01   2.2228223766443278e-01   3.9505005963103024e-04
   9.3359375000000000e-01   2.5236979939829451e-01   2.5237463896487033e-01   4.8395665758205197e-06
   9.4140625000000000e-01   2.7771946216780102e-01   2.7749133330898107e-01   2.2812885881995371e-04
   9.4921875000000000e-01   2.9766431467456977e-01   2.9711521325988960e-01   5.4910141468017537e-04
   9.5703125000000000e-01   3.1144923423579091e-01   3.1134805944890970e-01   1.0117478688120851e-04
   9.6484375000000000e-01   3.2104210583232723e-01   3.2087859193150581e-01   1.6351390082142148e-04
   9.7265625000000000e-01   3.2751496701960231e-01   3.2689812144354924e-01   6.1684557605307111e-04
   9.8046875000000000e-01   3.3119672020880259e-01   3.3097401373454771e-01   2.2270647425487455e-04
   9.8828125000000000e-01   3.3500885219700444e-01   3.3489484604947528e-01   1.1400614752915539e-04
   9.9609375000000000e-01   3.4113554626773890e-01   3.4050323273144961e-01   6.3231353628928622e-04
   7.5390625000000000e-01   2.6038470925025342e-01   2.6001721863617772e-01   3.6749061407570505e-04
   7.6171875000000000e-01   2.6084784154949675e-01   2.6088054407909428e-01   3.2702529597528063e-05
   7.6953125000000000e-01   2.5726860875575364e-01   2.5731822497908241e-01   4.9616223328774467e-05
   7.7734375000000000e-01   2.4854719536766481e-01   2.4819435188238564e-01   3.5284348527916953e-04
   7.8515625000000000e-01   2.3309739015272957e-01   2.3295280672507768e-01   1.4458342765188981e-04
   7.9296875000000000e-01   2.1153711245844348e-01   2.1168458068742310e-01   1.4746822897962475e-04
   8.0078125000000000e-01   1.8530279739043332e-01   1.8513604319591395e-01   1.6675419451936402e-04
   8.0859375000000000e-01   1.5486830858947068e-01   1.5465569075158847e-01   2.1261783788220634e-04
   8.1640625000000000e-01   1.2196840475338937e-01   1.2208305396381217e-01   1.1464921042279863e-04
   8.2421875000000000e-01   8.9582712984977858e-02   8.9589359869037211e-02   6.6468840593525425e-06
   8.3203125000000000e-01   5.9626417083747760e-02   5.9484593749367730e-02   1.4182333438002986e-04
   8.3984375000000000e-01   3.3972308888706053e-02   3.4009222609872977e-02   3.6913721166924318e-05
   8.4765625000000000e-01   1.5100358831718402e-02   1.5130621092842030e-02   3.0262261123627579e-05
   8.5546875000000000e-01   4.4090736264575181e-03   4.3639661707326376e-03   4.5107455724880535e-05
   8.6328125000000000e-01   2.6279895833935542e-03   2.6350485868504641e-03   7.0590034569099035e-06
   8.7109375000000000e-01   1.0278386749215378e-02   1.0198319880250323e-02   8.0066868965054591e-05
