#                  Coord.                Numerical               Analytical                    Error
   3.9062500000000000e-03  -4.6240793961674598e-01  -4.6138913656278280e-01   1.0188030539631798e-03
   1.1718750000000000e-02   3.5834953530738756e-01   3.5858141266257210e-01   2.3187735518453989e-04
   1.9531250000000000e-02   8.7033886435604202e-01   8.6953561688151371e-01   8.0324747452831247e-04
   2.7343750000000000e-02   7.3778392394917269e-01   7.3658382942743905e-01   1.2000945217336412e-03
   3.5156250000000000e-02   1.0515478595831840e-01   1.0457721106458194e-01   5.7757489373645721e-04
   4.2968750000000000e-02  -5.3628943641052940e-01  -5.3572302664412652e-01   5.6640976640287555e-04
   5.0781250000000000e-02  -7.2979836928828745e-01  -7.2854389957359744e-01   1.2544697146900097e-03
   5.8593750000000000e-02  -3.8804353996945490e-01  -3.8717322299238066e-01   8.7031697707423694e-04
   6.6406250000000000e-02   1.7253400010543962e-01   1.7225900327324592e-01   2.7499683219370241e-04
   7.4218750000000000e-02   5.1155634847939102e-01   5.1036374654283978e-01   1.1926019365512408e-03
   8.2031250000000000e-02   4.1955101190921046e-01   4.1847867800173688e-01   1.0723339074735772e-03
   8.9843750000000000e-02   5.4238316956810209e-02   5.4224560131441023e-02   1.3756825369186376e-05
   9.7656250000000000e-02  -2.4030904592984698e-01  -2.3925753736481936e-01   1.0515085650276146e-03
   1.0546875000000000e-01  -2.5205829423268056e-01  -2.5088067743956749e-01   1.1776167931130677e-03
   1.1328125000000000e-01  -6.4121638886006638e-02  -6.3863493584653097e-02   2.5814530135354063e-04
   1.2109375000000000e-01   7.4068692963757288e-02   7.3189225266887550e-02   8.7946769686973736e-04
   1.2890625000000000e-01   2.2817770816726979e-02   2.1607709232115229e-02   1.2100615846117498e-03
   1.3671875000000000e-01  -1.0769477697829355e-01  -1.0813965383590221e-01   4.4487685760866147e-04
   1.4453125000000000e-01  -9.5089044933138189e-02  -9.4376962644607237e-02   7.1208228853095190e-04
   1.5234375000000000e-01   1.2475131133905792e-01   1.2595835174346948e-01   1.2070404044115524e-03
   1.6015625000000000e-01   3.4639780741675880e-01   3.4699078494464891e-01   5.9297752789011504e-04
   1.6796875000000000e-01   2.8392297030901081e-01   2.8336043557478041e-01   5.6253473423040212e-04
   1.7578125000000000e-01  -1.1024195866100717e-01  -1.1144217150988335e-01   1.2002128488761837e-03
   1.8359375000000000e-01  -5.2817563881753915e-01  -5.2890879831122950e-01   7.3315949369034961e-04
   1.9140625000000000e-01  -5.5183655128728126e-01  -5.5142092391600994e-01   4.1562737127132099e-04
   1.9921875000000000e-01  -6.3070300659654854e-02  -6.1870994096841873e-02   1.1993065628129809e-03
   2.0703125000000000e-01   5.7776371410823457e-01   5.7865699110722424e-01   8.9327699898966717e-04
   2.1484375000000000e-01   8.0014898302112103e-01   7.9990652743892188e-01   2.4245558219915253e-04
   2.2265625000000000e-01   3.3717143410394146e-01   3.3597979280546819e-01   1.1916412984732672e-03
   2.3046875000000000e-01  -4.8152701230624506e-01  -4.8261166325200316e-01   1.0846509457581033e-03
   2.3828125000000000e-01  -9.6270949968112118e-01  -9.6269558881271200e-01   1.3910868409183763e-05
   2.4609375000000000e-01  -6.4482640470728814e-01  -6.4367935925673025e-01   1.1470454505578820e-03
   2.5390625000000000e-01   2.6240418545111666e-01   2.6369790386330300e-01   1.2937184121863399e-03
   2.6171875000000000e-01   1.0098818579157931e+00   1.0101629383888313e+00   2.8108047303820882e-04
   2.6953125000000000e-01   9.3483713519841283e-01   9.3380532572625519e-01   1.0318094721576410e-03
   2.7734375000000000e-01   5.0400312653605672e-02   4.8912843312457044e-02   1.4874693411486284e-03
   2.8515625000000000e-01  -9.2741776553381960e-01  -9.2805640022728075e-01   6.3863469346114865e-04
   2.9296875000000000e-01  -1.1661117479629846e+00  -1.1652920923540464e+00   8.1965560893815237e-04
   3.0078125000000000e-01  -4.2878740121139092e-01  -4.2716519874367948e-01   1.6222024677114422e-03
   3.0859375000000000e-01   7.0121755880137993e-01   7.0224411828303057e-01   1.0265594816506463e-03
   3.1640625000000000e-01   1.2897346841821549e+00   1.2892333054469469e+00   5.0137873520794685e-04
   3.2421875000000000e-01   8.2953385272883229e-01   8.2788180052030458e-01   1.6520522085277101e-03
   3.3203125000000000e-01  -3.2698189905122466e-01  -3.2837639652377898e-01   1.3944974725543235e-03
   3.3984375000000000e-01  -1.2467583113892236e+00  -1.2466635688978476e+00   9.4742491375976456e-05
   3.4765625000000000e-01  -1.1776304182323263e+00  -1.1760826514289098e+00   1.5477668034165060e-03
   3.5546875000000000e-01  -1.6306778661266735e-01  -1.6137971232396606e-01   1.6880742887012967e-03
   3.6328125000000000e-01   9.9261305760046314e-01   9.9297606084164858e-01   3.6300324118543337e-04
   3.7109375000000000e-01   1.3733273197924603e+00   1.3720278990712349e+00   1.2994207212253528e-03
   3.7890625000000000e-01   6.8178415971215467e-01   6.7992810568861539e-01   1.8560540235392775e-03
   3.8671875000000000e-01  -5.3439997920753157e-01  -5.3521670779018293e-01   8.1672858265136039e-04
   3.9453125000000000e-01  -1.3280108627252318e+00  -1.3270895102533093e+00   9.2135247192248748e-04
   4.0234375000000000e-01  -1.0985138240786196e+00  -1.0966527453363861e+00   1.8610787422335129e-03
   4.1015625000000000e-01  -4.5455139588798987e-02  -4.4247767432781741e-02   1.2073721560172460e-03
   4.1796875000000000e-01   1.0119640503816467e+00   1.0115110873823483e+00   4.5296299929842299e-04
   4.2578125000000000e-01   1.2827001120293222e+00   1.2810102462562114e+00   1.6898657731108102e-03
   4.3359375000000000e-01   5.9988256892662073e-01   5.9840545352008168e-01   1.4771154065390535e-03
   4.4140625000000000e-01  -4.8662823949374162e-01  -4.8667880338756142e-01   5.0563893819799421e-05
   4.4921875000000000e-01  -1.1617443113065340e+00  -1.1603929396650901e+00   1.3513716414439436e-03
   4.5703125000000000e-01  -9.6486135957691255e-01  -9.6328369681705373e-01   1.5776627598588222e-03
   4.6484375000000000e-01  -1.0092348546832880e-01  -1.0040725473485126e-01   5.1623073347753512e-04
   4.7265625000000000e-01   7.6427768669542107e-01   7.6338844701616360e-01   8.8923967925746972e-04
   4.8046875000000000e-01   1.0265046183681421e+00   1.0250153268380759e+00   1.4892915300661613e-03
   4.8828125000000000e-01   5.6664369278715865e-01   5.6576894737442074e-01   8.7474541273790951e-04
   4.9609375000000000e-01  -2.2269484096573272e-01  -2.2232539557077130e-01   3.6944539496142070e-04
   5.0390625000000000e-01  -7.7602108136136394e-01  -7.7479859015030228e-01   1.2224912110616604e-03
   5.1171875000000000e-01  -7.6416094784061384e-01  -7.6308977821004798e-01   1.0711696305658602e-03
   5.1953125000000000e-01  -2.7415982410398587e-01  -2.7403034967534207e-01   1.2947442864380543e-04
   5.2734375000000000e-01   3.2122780578024601e-01   3.2040774481935064e-01   8.2006096089537461e-04
   5.3515625000000000e-01   6.5021323359237360e-01   6.4913492562322928e-01   1.0783079691443209e-03
   5.4296875000000000e-01   5.6098272375110714e-01   5.6045463900274040e-01   5.2808474836674169e-04
   5.5078125000000000e-01   1.5825151912515234e-01   1.5860544367105558e-01   3.5392454590324474e-04
   5.5859375000000000e-01  -3.0396877371700126e-01  -3.0306051861403643e-01   9.0825510296482781e-04
   5.6640625000000000e-01  -5.6900331432591456e-01  -5.6823144310450946e-01   7.7187122140509601e-04
   5.7421875000000000e-01  -4.9377044263790526e-01  -4.9367356474769836e-01   9.6877890206903405e-05
   5.8203125000000000e-01  -1.1515065541909758e-01  -1.1575502235479018e-01   6.0436693569260180e-04
   5.8984375000000000e-01   3.5033203523276857e-01   3.4949576862668030e-01   8.3626660608826509e-04
   5.9765625000000000e-01   6.0414942404965666e-01   6.0369038528304009e-01   4.5903876661657073e-04
   6.0546875000000000e-01   4.5038349265390898e-01   4.5061751536210221e-01   2.3402270819322668e-04
   6.1328125000000000e-01  -3.7772956856281403e-02  -3.7038889002770144e-02   7.3406785351125964e-04
   6.2109375000000000e-01  -5.2135160529883295e-01  -5.2066734024217942e-01   6.8426505665353243e-04
   6.2890625000000000e-01  -6.2313140428817793e-01  -6.2300016987073914e-01   1.3123441743878583e-04
   6.3671875000000000e-01  -2.3578831442856940e-01  -2.3629498210033012e-01   5.0666767176071881e-04
   6.4453125000000000e-01   3.5114938621635661e-01   3.5039329021188947e-01   7.5609600446713277e-04
   6.5234375000000000e-01   6.5605529796044959e-01   6.5562202995559260e-01   4.3326800485699035e-04
   6.6015625000000000e-01   4.0771854354403136e-01   4.0793084393450135e-01   2.1230039046998828e-04
   6.6796875000000000e-01  -1.9678721820266820e-01  -1.9609815811329570e-01   6.8906008937250074e-04
   6.7578125000000000e-01  -6.3347899230337179e-01  -6.3284525776407274e-01   6.3373453929904677e-04
   6.8359375000000000e-01  -5.0304660888174924e-01  -5.0295481698239897e-01   9.1791899350268658e-05
   6.9140625000000000e-01   9.6837549299557901e-02   9.6320551030574728e-02   5.1699826898317369e-04
   6.9921875000000000e-01   6.3069907664726566e-01   6.2998010285428629e-01   7.1897379297936048e-04
   7.0703125000000000e-01   5.9411146006045790e-01   5.9375489722592811e-01   3.5656283452978332e-04
   7.1484375000000000e-01  -1.4953504815431784e-02  -1.4668576752228369e-02   2.8492806320341499e-04
   7.2265625000000000e-01  -6.6142627448233382e-01  -6.6072965018302865e-01   6.9662429930517078e-04
   7.3046875000000000e-01  -7.3640339182169245e-01  -7.3585342204861837e-01   5.4996977307408823e-04
   7.3828125000000000e-01  -1.1964230844489013e-01  -1.1967739204096446e-01   3.5083596074333978e-05
   7.4609375000000000e-01   6.7407140204249583e-01   6.7348745051919368e-01   5.8395152330215083e-04
   8.7890625000000000e-01  -1.2077367384966164e+00  -1.2076325872763589e+00   1.0415122025753121e-04
   8.8671875000000000e-01  -1.2716637922202447e+00  -1.2713646765494899e+00   2.9911567075480150e-04
   8.9453125000000000e-01  -3.6631228756409773e-01  -3.6595837104201828e-01   3.5391652207944491e-04
   9.0234375000000000e-01   7.9718861312528932e-01   7.9737606124672444e-01   1.8744812143511869e-04
   9.1015625000000000e-01   1.3355775839996409e+00   1.3354089386311254e+00   1.6864536851546319e-04
   9.1796875000000000e-01   8.6899384614263442e-01   8.6850100836117705e-01   4.9283778145736701e-04
   9.2578125000000000e-01  -2.1880421826714480e-01  -2.1930059604793617e-01   4.9637778079136829e-04
   9.3359375000000000e-01  -1.1053132573007800e+00  -1.1053898684145320e+00   7.6611113752012017e-05
   9.4140625000000000e-01  -1.1576573974031628e+00  -1.1571557408508704e+00   5.0165655229239547e-04
   9.4921875000000000e-01  -3.8040596594691928e-01  -3.7964726391070308e-01   7.5870203621619670e-04
   9.5703125000000000e-01   6.2850997901380745e-01   6.2890807533484272e-01   3.9809632103526837e-04
   9.6484375000000000e-01   1.1427605492735866e+00   1.1423957992005331e+00   3.6475007305347695e-04
   9.7265625000000000e-01   8.2928345254592584e-01   8.2836889002025360e-01   9.1456252567223562e-04
   9.8046875000000000e-01  -4.4296208178010998e-02  -4.5029715956257710e-02   7.3350777824671143e-04
   9.8828125000000000e-01  -8.3599188034823901e-01  -8.3588827537796750e-01   1.0360497027150917e-04
   9.9609375000000000e-01  -1.0004000074704256e+00  -9.9946946444271068e-01   9.3054302771489183e-04
   7.5390625000000000e-01   9.2519478107637299e-01   9.2454385598134958e-01   6.5092509502340246e-04
   7.6171875000000000e-01   3.5503656732207445e-01   3.5484268038013689e-01   1.9388694193755995e-04
   7.6953125000000000e-01  -5.9054586784503726e-01  -5.9014015325675118e-01   4.0571458828608797e-04
   7.7734375000000000e-01  -1.0957318551760560e+00  -1.0950791007589986e+00   6.5275441705736625e-04
   7.8515625000000000e-01  -6.8047512834016277e-01  -6.8010946708005082e-01   3.6566126011194910e-04
   7.9296875000000000e-01   3.5610486890850540e-01   3.5591090304368078e-01   1.9396586482461897e-04
   8.0078125000000000e-01   1.1574714581575622e+00   1.1569146049997299e+00   5.5685315783238210e-04
   8.0859375000000000e-01   1.0262708873993289e+00   1.0258146667224821e+00   4.5622067684680800e-04
   8.1640625000000000e-01   2.8650969497197032e-02   2.8631139920267872e-02   1.9829576929159681e-05
   8.2421875000000000e-01  -1.0365832680508507e+00  -1.0362079501441479e+00   3.7531790670275456e-04
   8.3203125000000000e-01  -1.2900620450973248e+00  -1.2896166985957513e+00   4.4534650157346256e-04
   8.3984375000000000e-01  -5.0251547917605044e-01  -5.0231800452174113e-01   1.9747465430930422e-04
   8.4765625000000000e-01   7.0723410398816489e-01   7.0709907507946268e-01   1.3502890870220607e-04
   8.5546875000000000e-01   1.3719093318864106e+00   1.3715833822701320e+00   3.2594961627863128e-04
   8.6328125000000000e-01   9.5858147059741272e-01   9.5827974598450960e-01   3.0172461290312036e-04
   8.7109375000000000e-01  -2.0650857831915648e-01  -2.0663429345208345e-01   1.2571513292697345e-04
