#                  Coord.                Numerical               Analytical                    Error
   3.9062500000000000e-03  -2.7040772999746399e-01  -2.7203851042747118e-01   1.6307804300071949e-03
   1.1718750000000000e-02  -9.3082819295080466e-01  -9.3012369993988331e-01   7.0449301092134764e-04
   1.9531250000000000e-02  -9.0501526578327429e-01  -9.0246606725784617e-01   2.5491985254281202e-03
   2.7343750000000000e-02  -1.3331066857507956e-01  -1.3110466143192084e-01   2.2060071431587169e-03
   3.5156250000000000e-02   8.2364843515776021e-01   8.2352268406869755e-01   1.2575108906265342e-04
   4.2968750000000000e-02   1.1915034016874890e+00   1.1890524782925729e+00   2.4509233949161491e-03
   5.0781250000000000e-02   6.1770141967066428e-01   6.1499648246144001e-01   2.7049372092242674e-03
   5.8593750000000000e-02  -4.9446440525762375e-01  -4.9505430718608184e-01   5.8990192845809197e-04
   6.6406250000000000e-02  -1.2693246325156082e+00  -1.2672169030510836e+00   2.1077294645246436e-03
   7.4218750000000000e-02  -1.0615427448192456e+00  -1.0585016968538308e+00   3.0410479654148226e-03
   8.2031250000000000e-02  -2.6698631591791089e-03  -1.3201383356610350e-03   1.3497248235180739e-03
   8.9843750000000000e-02   1.0797963992946171e+00   1.0782457735047704e+00   1.5506257898467712e-03
   9.7656250000000000e-02   1.3242026242621414e+00   1.3210413894970676e+00   3.1612347650737949e-03
   1.0546875000000000e-01   5.3590717705300761e-01   5.3385014992273605e-01   2.0570271302715604e-03
   1.1328125000000000e-01  -6.5526139280321205e-01  -6.5441502770775284e-01   8.4636509545921168e-04
   1.2109375000000000e-01  -1.3108294425763960e+00  -1.3077775418380782e+00   3.0519007383178476e-03
   1.2890625000000000e-01  -9.4053660862301713e-01  -9.3790824287273000e-01   2.6283657502871316e-03
   1.3671875000000000e-01   1.2363760304347100e-01   1.2355178040828527e-01   8.5822635185736629e-05
   1.4453125000000000e-01   1.0270383577442557e+00   1.0242950236604516e+00   2.7433340838041165e-03
   1.5234375000000000e-01   1.0933646994218940e+00   1.0903468382077428e+00   3.0178612141511518e-03
   1.6015625000000000e-01   3.4132333404318604e-01   3.4067281933217702e-01   6.5051471100902036e-04
   1.6796875000000000e-01  -5.8497004962930765e-01  -5.8267884951377846e-01   2.2912001155291906e-03
   1.7578125000000000e-01  -9.7250665183219875e-01  -9.6929181428410394e-01   3.2148375480948177e-03
   1.8359375000000000e-01  -5.9846909905927270e-01  -5.9717108606128744e-01   1.2980129979852650e-03
   1.9140625000000000e-01   1.5332647800784069e-01   1.5156490538443221e-01   1.7615726234084805e-03
   1.9921875000000000e-01   6.6606297062764874e-01   6.6282098094228470e-01   3.2419896853640440e-03
   2.0703125000000000e-01   6.0099194360925512e-01   5.9916570040288186e-01   1.8262432063732570e-03
   2.1484375000000000e-01   1.1956755236866179e-01   1.2077723610760861e-01   1.2096837389468235e-03
   2.2265625000000000e-01  -3.2654260835263293e-01  -3.2340435055367134e-01   3.1382577989615967e-03
   2.3046875000000000e-01  -4.0864252240818094e-01  -4.0640803374854040e-01   2.2344886596405433e-03
   2.3828125000000000e-01  -1.6621199574726930e-01  -1.6688100432300373e-01   6.6900857573443107e-04
   2.4609375000000000e-01   1.0082436132458276e-01   9.7881530769915681e-02   2.9428305546670835e-03
   2.5390625000000000e-01   1.5094248931743615e-01   1.4840116221426378e-01   2.5413271031723694e-03
   2.6171875000000000e-01   1.6713850843278408e-02   1.6864236371651492e-02   1.5038552837308428e-04
   2.6953125000000000e-01  -7.3639628638481849e-02  -7.0956994206137672e-02   2.6826344323441775e-03
   2.7734375000000000e-01   3.1411460212533555e-02   3.4183397400284317e-02   2.7719371877507615e-03
   2.8515625000000000e-01   2.2537266705328618e-01   2.2572921015017661e-01   3.5654309689042707e-04
   2.9296875000000000e-01   2.4500980238471176e-01   2.4264405420706420e-01   2.3657481776475642e-03
   3.0078125000000000e-01  -3.7459316805241338e-02  -4.0400425004420114e-02   2.9411081991787755e-03
   3.0859375000000000e-01  -4.2692742340873902e-01  -4.2779150351085399e-01   8.6408010211497244e-04
   3.1640625000000000e-01  -5.3880293341672703e-01  -5.3681821392693485e-01   1.9847194897921749e-03
   3.2421875000000000e-01  -1.6439442558547179e-01  -1.6134626201045860e-01   3.0481635750131963e-03
   3.3203125000000000e-01   4.6989208257753384e-01   4.7127204546640150e-01   1.3799628888676585e-03
   3.3984375000000000e-01   8.3002995336970331e-01   8.2850824575930559e-01   1.5217076103977156e-03
   3.4765625000000000e-01   5.2744104863418095e-01   5.2437040410156266e-01   3.0706445326182941e-03
   3.5546875000000000e-01  -2.8905937696611683e-01  -2.9095157989708109e-01   1.8922029309642596e-03
   3.6328125000000000e-01  -9.8334255137665139e-01  -9.8237831245878882e-01   9.6423891786256988e-04
   3.7109375000000000e-01  -9.3696122971699891e-01  -9.3398603241084055e-01   2.9751973061583614e-03
   3.7890625000000000e-01  -1.0096030012680046e-01  -9.8590376119571985e-02   2.3699240072284772e-03
   3.8671875000000000e-01   8.9946368585106606e-01   8.9915004716715941e-01   3.1363868390665850e-04
   3.9453125000000000e-01   1.2431912313463120e+00   1.2404675701681191e+00   2.7236611781928932e-03
   4.0234375000000000e-01   5.9992157261938794e-01   5.9715864913321115e-01   2.7629234861767937e-03
   4.1015625000000000e-01  -5.5921512835311449e-01  -5.5962392694051533e-01   4.0879858740083819e-04
   4.1796875000000000e-01  -1.3160249066804690e+00  -1.3137349390465658e+00   2.2899676339032116e-03
   4.2578125000000000e-01  -1.0502729280664296e+00  -1.0472641809897338e+00   3.0087470766957392e-03
   4.3359375000000000e-01   4.3271132476433050e-02   4.4420911013659567e-02   1.1497785372265173e-03
   4.4140625000000000e-01   1.1035908383941466e+00   1.1019173771892845e+00   1.6734612048621145e-03
   4.4921875000000000e-01   1.2988105721794472e+00   1.2957592910812581e+00   3.0512810981890848e-03
   4.5703125000000000e-01   4.9256454757193524e-01   4.9072627984621109e-01   1.8382677257241520e-03
   4.6484375000000000e-01  -6.6272731236664228e-01  -6.6182211487297571e-01   9.0519749366657631e-04
   4.7265625000000000e-01  -1.2660401599513993e+00  -1.2631861544083789e+00   2.8540055430203992e-03
   4.8046875000000000e-01  -8.8384827166948632e-01  -8.8145462014106646e-01   2.3936515284198601e-03
   4.8828125000000000e-01   1.3688668271756796e-01   1.3683631290853682e-01   5.0369809031142188e-05
   4.9609375000000000e-01   9.8359844055818269e-01   9.8118258543765680e-01   2.4158551205258894e-03
   5.0390625000000000e-01   1.0331213630310256e+00   1.0303740303210807e+00   2.7473327099449829e-03
   5.1171875000000000e-01   3.1256380003736917e-01   3.1175683207647287e-01   8.0696796089629874e-04
   5.1953125000000000e-01  -5.7391338635109079e-01  -5.7214298700387067e-01   1.7703993472201196e-03
   5.2734375000000000e-01  -9.5036579965629064e-01  -9.4751211044962580e-01   2.8536892066648445e-03
   5.3515625000000000e-01  -5.8355182146941964e-01  -5.8197771594673231e-01   1.5741055226873302e-03
   5.4296875000000000e-01   1.8201597150320786e-01   1.8102971177739507e-01   9.8625972581278809e-04
   5.5078125000000000e-01   7.3372132174671556e-01   7.3101737802279121e-01   2.7039437239243513e-03
   5.5859375000000000e-01   6.7335835847547409e-01   6.7118564440667428e-01   2.1727140687998192e-03
   5.6640625000000000e-01   9.9361635216074384e-02   9.9510731506676664e-02   1.4909629060227969e-04
   5.7421875000000000e-01  -5.0387786805783519e-01  -5.0155368131864864e-01   2.3241867391865512e-03
   5.8203125000000000e-01  -6.5978297476437697e-01  -6.5723270835056502e-01   2.5502664138119524e-03
   5.8984375000000000e-01  -2.6707436499970355e-01  -2.6642214528330216e-01   6.5221971640139209e-04
   5.9765625000000000e-01   3.3382347913968047e-01   3.3205275284756880e-01   1.7707262921116684e-03
   6.0546875000000000e-01   6.3911846098571001e-01   6.3642962545590398e-01   2.6888355298060329e-03
   6.1328125000000000e-01   3.8880396136731854e-01   3.8746156237326834e-01   1.3423989940501979e-03
   6.2109375000000000e-01  -2.1513761758813882e-01  -2.1402200894034296e-01   1.1156086477958627e-03
   6.2890625000000000e-01  -6.6087827777255670e-01  -6.5827547296151423e-01   2.6028048110424695e-03
   6.3671875000000000e-01  -5.4435613694146001e-01  -5.4248264174982352e-01   1.8734951916364873e-03
   6.4453125000000000e-01   7.6846265785379897e-02   7.6417473429474705e-02   4.2879235590519149e-04
   6.5234375000000000e-01   6.9700661415191423e-01   6.9468150339856061e-01   2.3251107533536208e-03
   6.6015625000000000e-01   7.6386661052420979e-01   7.6165458250578255e-01   2.2120280184272367e-03
   6.6796875000000000e-01   1.5780830667611867e-01   1.5758524872303470e-01   2.2305795308397158e-04
   6.7578125000000000e-01  -6.6088809079019351e-01  -6.5898285741135898e-01   1.9052333788345255e-03
   6.8359375000000000e-01  -9.9819323155953077e-01  -9.9583734628192278e-01   2.3558852776079942e-03
   6.9140625000000000e-01  -5.1033083191058271e-01  -5.0954245817771671e-01   7.8837373286599899e-04
   6.9921875000000000e-01   4.6420973803471643e-01   4.6281204872987047e-01   1.3976893048459615e-03
   7.0703125000000000e-01   1.1379673076522214e+00   1.1356510121490688e+00   2.3162955031525989e-03
   7.1484375000000000e-01   9.1621595707061099e-01   9.1498913367393298e-01   1.2268233966780118e-03
   7.2265625000000000e-01  -8.0343956535006367e-02  -7.9483250461811594e-02   8.6070607319477244e-04
   7.3046875000000000e-01  -1.0725100251989472e+00  -1.0703891096126685e+00   2.1209155862786933e-03
   7.3828125000000000e-01  -1.2438092567162276e+00  -1.2422972038300224e+00   1.5120528862051508e-03
   7.4609375000000000e-01  -4.2176518548919933e-01  -4.2211893416395180e-01   3.5374867475246319e-04
   8.7890625000000000e-01   5.2665186340395109e-01   5.2773856257683371e-01   1.0866991728826214e-03
   8.8671875000000000e-01  -4.2347994291710073e-02  -4.2034396508403724e-02   3.1359778330634913e-04
   8.9453125000000000e-01  -5.1068655936427054e-01  -5.1152795889996094e-01   8.4139953569040138e-04
   9.0234375000000000e-01  -6.0834585037913602e-01  -6.0952298989813869e-01   1.1771395190026679e-03
   9.1015625000000000e-01  -3.2630753426796577e-01  -3.2658003012754611e-01   2.7249585958033506e-04
   9.1796875000000000e-01   1.3371191126257997e-01   1.3474603100176114e-01   1.0341197391811607e-03
   9.2578125000000000e-01   4.9703357689272731e-01   4.9844839571403771e-01   1.4148188213103929e-03
   9.3359375000000000e-01   5.5260405926506850e-01   5.5297329235877457e-01   3.6923309370606727e-04
   9.4140625000000000e-01   2.5287002825266924e-01   2.5167432161592052e-01   1.1957066367487279e-03
   9.4921875000000000e-01  -2.4254460466353484e-01  -2.4430187845213086e-01   1.7572737885960255e-03
   9.5703125000000000e-01  -6.2081912432011377e-01  -6.2146041907070471e-01   6.4129475059093721e-04
   9.6484375000000000e-01  -5.9130210596653177e-01  -5.9006761098031557e-01   1.2344949862161947e-03
   9.7265625000000000e-01  -1.0871566495300175e-01  -1.0659020595206553e-01   2.1254590009362195e-03
   9.8046875000000000e-01   5.2751864933419146e-01   5.2859961551917389e-01   1.0809661849824348e-03
   9.8828125000000000e-01   8.3523615494512760e-01   8.3415702445674267e-01   1.0791304883849273e-03
   9.9609375000000000e-01   5.1250971701442127e-01   5.1009029420064655e-01   2.4194228137747187e-03
   7.5390625000000000e-01   7.5776309113919904e-01   7.5594960301990699e-01   1.8134881192920504e-03
   7.6171875000000000e-01   1.3563046542289645e+00   1.3546666379726708e+00   1.6380162562936729e-03
   7.6953125000000000e-01   8.9587175975012312e-01   8.9580247982355532e-01   6.9279926567800132e-05
   7.7734375000000000e-01  -2.5426268952670206e-01  -2.5281141719036510e-01   1.4512723363369617e-03
   7.8515625000000000e-01  -1.1846839632433133e+00  -1.1830726901999429e+00   1.6112730433703870e-03
   7.9296875000000000e-01  -1.1832028642389867e+00  -1.1828410218805061e+00   3.6184235848057966e-04
   8.0078125000000000e-01  -2.9015740987112137e-01  -2.9126000809360214e-01   1.1025982224807662e-03
   8.0859375000000000e-01   7.6930624404225201e-01   7.6783087604103628e-01   1.4753680012157266e-03
   8.1640625000000000e-01   1.1888578964180738e+00   1.1883537244274114e+00   5.0417199066243867e-04
   8.2421875000000000e-01   7.0621328416071982e-01   7.0704821274995544e-01   8.3492858923561730e-04
   8.3203125000000000e-01  -2.4389786058838975e-01  -2.4260447210281291e-01   1.2933884855768352e-03
   8.3984375000000000e-01  -9.2504124340211669e-01  -9.2453341622950380e-01   5.0782717261288468e-04
   8.4765625000000000e-01  -8.7952181236143345e-01  -8.8021975863534374e-01   6.9794627391028818e-04
   8.5546875000000000e-01  -2.2842377369260236e-01  -2.2956457172524691e-01   1.1407980326445522e-03
   8.6328125000000000e-01   4.9658759235144045e-01   4.9616783844704104e-01   4.1975390439941140e-04
   8.7109375000000000e-01   7.9239119129263602e-01   7.9309931531654776e-01   7.0812402391173812e-04
