#                  Coord.                Numerical               Analytical                    Error
   3.9062500000000000e-03  -7.3259608183297109e-01  -7.3300811922657660e-01   4.1203739360551328e-04
   1.1718750000000000e-02   4.5955552385243681e-03   4.2497279021679081e-03   3.4582733635645999e-04
   1.9531250000000000e-02   6.6909654721735268e-01   6.6914827462214088e-01   5.1727404788204367e-05
   2.7343750000000000e-02   8.3660331878248650e-01   8.3698374864931058e-01   3.8042986682407243e-04
   3.5156250000000000e-02   4.6237880615086219e-01   4.6269926565800257e-01   3.2045950714038041e-04
   4.2968750000000000e-02  -1.5719381627180795e-01  -1.5725480522731217e-01   6.0988955504215348e-05
   5.0781250000000000e-02  -6.2769137875931957e-01  -6.2807508381655053e-01   3.8370505723095416e-04
   5.8593750000000000e-02  -6.9754075911136493e-01  -6.9786603376291911e-01   3.2527465155418600e-04
   6.6406250000000000e-02  -3.6064449606950050e-01  -3.6058098604462141e-01   6.3510024879087634e-05
   7.4218750000000000e-02   1.7995915667530132e-01   1.8036682999416151e-01   4.0767331886018554e-04
   8.2031250000000000e-02   6.2239494307740151e-01   6.2275939116710088e-01   3.6444808969937625e-04
   8.9843750000000000e-02   7.0447278517601508e-01   7.0443140326135023e-01   4.1381914664850861e-05
   9.7656250000000000e-02   3.4470296723094473e-01   3.4426932839692059e-01   4.3363883402414150e-04
   1.0546875000000000e-01  -2.7294787454018243e-01  -2.7337899441953312e-01   4.3111987935068319e-04
   1.1328125000000000e-01  -7.6021730329592441e-01  -7.6023279997188609e-01   1.5496675961679252e-05
   1.2109375000000000e-01  -7.5735888724413281e-01  -7.5691719436576554e-01   4.4169287836726134e-04
   1.2890625000000000e-01  -2.1131040235594295e-01  -2.1080192082941596e-01   5.0848152652699374e-04
   1.3671875000000000e-01   5.2674790073097655e-01   5.2685162165168886e-01   1.0372092071231354e-04
   1.4453125000000000e-01   9.1764234744079320e-01   9.1722363338488722e-01   4.1871405590598876e-04
   1.5234375000000000e-01   6.4276090720910428e-01   6.4218168676667065e-01   5.7922044243363668e-04
   1.6015625000000000e-01  -1.1726430297324444e-01  -1.1747808333217324e-01   2.1378035892880010e-04
   1.6796875000000000e-01  -7.9203287289107771e-01  -7.9167131540416691e-01   3.6155748691080181e-04
   1.7578125000000000e-01  -8.6396610412019392e-01  -8.6333953151937115e-01   6.2657260082277233e-04
   1.8359375000000000e-01  -2.8861044887230058e-01  -2.8828155533219180e-01   3.2889354010878780e-04
   1.9140625000000000e-01   4.6791394487718369e-01   4.6763909778454488e-01   2.7484709263880802e-04
   1.9921875000000000e-01   8.1578120545614041e-01   8.1513893816025274e-01   6.4226729588767739e-04
   2.0703125000000000e-01   5.2417695235429973e-01   5.2374321953795133e-01   4.3373281634839778e-04
   2.1484375000000000e-01  -1.1365184093274003e-01  -1.1348142145853958e-01   1.7041947420044778e-04
   2.2265625000000000e-01  -5.6306736497446774e-01  -5.6244060653301153e-01   6.2675844145620996e-04
   2.3046875000000000e-01  -5.1183737885050296e-01  -5.1131947912728692e-01   5.1789972321603095e-04
   2.3828125000000000e-01  -1.0070017819656538e-01  -1.0076107674639193e-01   6.0898549826549075e-05
   2.4609375000000000e-01   2.6218826428925812e-01   2.6160195499655392e-01   5.8630929270420129e-04
   2.5390625000000000e-01   2.9847767851837848e-01   2.9789998213047736e-01   5.7769638790111655e-04
   2.6171875000000000e-01   8.5540253138265271e-02   8.5497733986683061e-02   4.2519151582209869e-05
   2.6953125000000000e-01  -8.2519167955958622e-02  -8.1989307679368392e-02   5.2986027659022994e-04
   2.7734375000000000e-01  -2.9147863205173596e-02  -2.8530919459340928e-02   6.1694374583266820e-04
   2.8515625000000000e-01   1.2577572721314190e-01   1.2591461163092904e-01   1.3888441778714400e-04
   2.9296875000000000e-01   1.2062051694003859e-01   1.2015585048708952e-01   4.6466645294906961e-04
   3.0078125000000000e-01  -1.3008323700820748e-01  -1.3072366169069599e-01   6.4042468248851070e-04
   3.0859375000000000e-01  -3.9863524257225302e-01  -3.9886246317910556e-01   2.2722060685254064e-04
   3.1640625000000000e-01  -3.5331765461212628e-01  -3.5292322133430892e-01   3.9443327781735205e-04
   3.2421875000000000e-01   7.9447647625827900e-02   8.0101997370909256e-02   6.5434974508135624e-04
   3.3203125000000000e-01   5.7258457155449782e-01   5.7289744156561029e-01   3.1287001111246493e-04
   3.3984375000000000e-01   6.5638826025228481e-01   6.5607047834029053e-01   3.1778191199427486e-04
   3.4765625000000000e-01   1.6577100853449245e-01   1.6510993388000569e-01   6.6107465448675407e-04
   3.5546875000000000e-01  -5.4817678980033202e-01  -5.4857665173782133e-01   3.9986193748930976e-04
   3.6328125000000000e-01  -8.7808741179196614e-01  -8.7785637822330720e-01   2.3103356865894487e-04
   3.7109375000000000e-01  -4.9261792019231410e-01  -4.9195879908284995e-01   6.5912110946414471e-04
   3.7890625000000000e-01   3.3503584764044458e-01   3.3552587568760650e-01   4.9002804716191672e-04
   3.8671875000000000e-01   9.2374576303321931e-01   9.2361421471414129e-01   1.3154831907802311e-04
   3.9453125000000000e-01   7.6216961739267131e-01   7.6152597140832490e-01   6.4364598434640818e-04
   4.0234375000000000e-01  -3.3914261678890112e-02  -3.4495267496791979e-02   5.8100581790186678e-04
   4.1015625000000000e-01  -8.0066268082010339e-01  -8.0064996147358980e-01   1.2719346513589969e-05
   4.1796875000000000e-01  -8.9035480635644604e-01  -8.8974616861707367e-01   6.0863773937236409e-04
   4.2578125000000000e-01  -2.3355382972715108e-01  -2.3288561689359233e-01   6.6821283355875116e-04
   4.3359375000000000e-01   5.9761764904609138e-01   5.9774074366922458e-01   1.2309462313320196e-04
   4.4140625000000000e-01   8.8732411425176805e-01   8.8677652274666452e-01   5.4759150510352850e-04
   4.4921875000000000e-01   4.0058229282164776e-01   3.9983920380452914e-01   7.4308901711861441e-04
   4.5703125000000000e-01  -4.1562178327439048e-01  -4.1589520298842886e-01   2.7341971403838095e-04
   4.6484375000000000e-01  -8.3255101361423978e-01  -8.3209598691368114e-01   4.5502670055863614e-04
   4.7265625000000000e-01  -4.8698372520382038e-01  -4.8618778451849598e-01   7.9594068532440332e-04
   4.8046875000000000e-01   2.9844872518662002e-01   2.9888039759903795e-01   4.3167241241792720e-04
   4.8828125000000000e-01   8.0632124639656233e-01   8.0599264939224025e-01   3.2859700432208427e-04
   4.9609375000000000e-01   5.6848048313761568e-01   5.6766419002520641e-01   8.1629311240927205e-04
   5.0390625000000000e-01  -2.1011821620897830e-01  -2.1070596704650543e-01   5.8775083752712898e-04
   5.1171875000000000e-01  -8.2751522758381113e-01  -8.2734441888537458e-01   1.7080869843655311e-04
   5.1953125000000000e-01  -7.0899290356020028e-01  -7.0819969724027643e-01   7.9320631992385593e-04
   5.2734375000000000e-01   7.1961185945523864e-02   7.2688639816900061e-02   7.2745387137619633e-04
   5.3515625000000000e-01   8.4109953000509041e-01   8.4111683123090986e-01   1.7301225819443822e-05
   5.4296875000000000e-01   9.0639531258250061e-01   9.0567517991586965e-01   7.2013266663095710e-04
   5.5078125000000000e-01   1.7114626394719190e-01   1.7030806340637458e-01   8.3820054081731876e-04
   5.5859375000000000e-01  -7.6094396750157667e-01  -7.6116757139834845e-01   2.2360389677178460e-04
   5.6640625000000000e-01  -1.0897283272802176e+00  -1.0891348962136842e+00   5.9343106653342304e-04
   5.7421875000000000e-01  -5.0504479652851209e-01  -5.0414051849001318e-01   9.0427803849890687e-04
   5.8203125000000000e-01   5.3300067398630757e-01   5.3343422305457799e-01   4.3354906827042239e-04
   5.8984375000000000e-01   1.1657169327824168e+00   1.1653017186116057e+00   4.1521417081114009e-04
   5.9765625000000000e-01   8.5198093057212088e-01   8.5106774745129543e-01   9.1318312082544484e-04
   6.0546875000000000e-01  -1.7189937565888264e-01  -1.7252811536356008e-01   6.2873970467744456e-04
   6.1328125000000000e-01  -1.0763753017073034e+00  -1.0761792128374827e+00   1.9608886982069862e-04
   6.2109375000000000e-01  -1.1176783367746514e+00  -1.1168197919746496e+00   8.5854480000180367e-04
   6.2890625000000000e-01  -2.5135455638303839e-01  -2.5056472768664889e-01   7.8982869638949404e-04
   6.3671875000000000e-01   8.2567988458863950e-01   8.2572651010413445e-01   4.6625515494946868e-05
   6.4453125000000000e-01   1.2401731004174674e+00   1.2394358835840056e+00   7.3721683346184008e-04
   6.5234375000000000e-01   6.5320014333097309e-01   6.5230378490908736e-01   8.9635842188573456e-04
   6.6015625000000000e-01  -4.6279917632957956e-01  -4.6309378813543250e-01   2.9461180585294011e-04
   6.6796875000000000e-01  -1.2057326986744008e+00  -1.2051767805551008e+00   5.5591811930000290e-04
   6.7578125000000000e-01  -9.7423666691253441e-01  -9.7330146243939297e-01   9.3520447314143773e-04
   6.8359375000000000e-01   4.5395946991017080e-02   4.5919135614421805e-02   5.2318862340472450e-04
   6.9140625000000000e-01   1.0297025990617161e+00   1.0293751717732520e+00   3.2742728846413272e-04
   6.9921875000000000e-01   1.1835639507086408e+00   1.1826665373429335e+00   8.9741336570736685e-04
   7.0703125000000000e-01   3.8200405027519813e-01   3.8129496489797221e-01   7.0908537722591536e-04
   7.1484375000000000e-01  -7.3005550394178753e-01  -7.2998548995256507e-01   7.0013989222461603e-05
   7.2265625000000000e-01  -1.2587854641811700e+00  -1.2580045597373812e+00   7.8090444378875468e-04
   7.3046875000000000e-01  -7.8025829702247262e-01  -7.7942742428493417e-01   8.3087273753845725e-04
   7.3828125000000000e-01   3.2253467112230061e-01   3.2272602024964181e-01   1.9134912734120046e-04
   7.4609375000000000e-01   1.1713289218743403e+00   1.1707333777875506e+00   5.9554408678974546e-04
   8.7890625000000000e-01  -7.9654451778082602e-01  -7.9589970094127249e-01   6.4481683955353031e-04
   8.8671875000000000e-01  -1.2054484121202134e+00  -1.2047722504368672e+00   6.7616168334616589e-04
   8.9453125000000000e-01  -7.3298463315939366e-01  -7.3284380039230712e-01   1.4083276708654058e-04
   9.0234375000000000e-01   2.7751675017792066e-01   2.7702068516357092e-01   4.9606501434973360e-04
   9.1015625000000000e-01   1.0850172158479925e+00   1.0843250212310198e+00   6.9219461697267448e-04
   9.1796875000000000e-01   1.0936601853539738e+00   1.0933680264945966e+00   2.9215885937716735e-04
   9.2578125000000000e-01   2.9709574609164036e-01   2.9743431893128702e-01   3.3857283964666696e-04
   9.3359375000000000e-01  -7.1220652912454407e-01  -7.1156004065222500e-01   6.4648847231907336e-04
   9.4140625000000000e-01  -1.1853517076986593e+00  -1.1849742376686645e+00   3.7747002999477530e-04
   9.4921875000000000e-01  -7.8052938629109891e-01  -7.8073179816439897e-01   2.0241187330005683e-04
   9.5703125000000000e-01   1.8423836350065961e-01   1.8367341554635166e-01   5.6494795430794831e-04
   9.6484375000000000e-01   9.8347023246180931e-01   9.8306999748695978e-01   4.0023497484953374e-04
   9.7265625000000000e-01   1.0405238154287297e+00   1.0406322747638526e+00   1.0845933512282357e-04
   9.8046875000000000e-01   3.5120798416368026e-01   3.5168625561875788e-01   4.7827145507761681e-04
   9.8828125000000000e-01  -5.4520639412279748e-01  -5.4482609599499909e-01   3.8029812779838412e-04
   9.9609375000000000e-01  -9.9964249731138488e-01  -9.9970381479217163e-01   6.1317480786748924e-05
   7.5390625000000000e-01   1.0954691148636573e+00   1.0945935997583096e+00   8.7551510534766841e-04
   7.6171875000000000e-01   1.5973793617294818e-01   1.5930588160758133e-01   4.3205456536685172e-04
   7.6953125000000000e-01  -8.9792744121074886e-01  -8.9757201573538914e-01   3.5542547535971636e-04
   7.7734375000000000e-01  -1.2554195361680263e+00  -1.2545852989789550e+00   8.3423718907127409e-04
   7.8515625000000000e-01  -6.4591110489004844e-01  -6.4528675931016055e-01   6.2434557988788608e-04
   7.9296875000000000e-01   4.5066624673335254e-01   4.5057872812980354e-01   8.7518603548997209e-05
   8.0078125000000000e-01   1.1945659668697910e+00   1.1938540335565728e+00   7.1193331321817155e-04
   8.0859375000000000e-01   1.0322010400404464e+00   1.0314529926143960e+00   7.4804742605039110e-04
   8.1640625000000000e-01   1.0186731388177839e-01   1.0168925438519226e-01   1.7805949658612763e-04
   8.2421875000000000e-01  -8.9180055002042369e-01  -8.9127593181777709e-01   5.2461820264659842e-04
   8.3203125000000000e-01  -1.2153410656166541e+00  -1.2145505682729170e+00   7.9049734373715097e-04
   8.3984375000000000e-01  -6.4320141533664321e-01  -6.4279193482002916e-01   4.0948051661404694e-04
   8.4765625000000000e-01   3.9339877370085452e-01   3.9310080152252186e-01   2.9797217833266165e-04
   8.5546875000000000e-01   1.1343920106252869e+00   1.1336410176471996e+00   7.5099297808733922e-04
   8.6328125000000000e-01   1.0443597498215138e+00   1.0437800081366335e+00   5.7974168488028610e-04
   8.7109375000000000e-01   1.9387367314532597e-01   1.9393904590674685e-01   6.5372761420878778e-05
