#                  Coord.                Numerical               Analytical                    Error
   3.9062500000000000e-03   1.1877871051234592e+00   1.1861533332666441e+00   1.6337718568151249e-03
   1.1718750000000000e-02   1.2441181987120873e+00   1.2440969530860104e+00   2.1245626076860091e-05
   1.9531250000000000e-02   1.2959472514114649e+00   1.2943738657681401e+00   1.5733856433248761e-03
   2.7343750000000000e-02   1.3378865715325230e+00   1.3356850507015632e+00   2.2015208309598133e-03
   3.5156250000000000e-02   1.3674745868001690e+00   1.3672878071988950e+00   1.8677960127400084e-04
   4.2968750000000000e-02   1.3898903729025947e+00   1.3890041111825786e+00   8.8626172001604608e-04
   5.0781250000000000e-02   1.4036789096799842e+00   1.4011900303181040e+00   2.4888793618802474e-03
   5.8593750000000000e-02   1.4054436027713126e+00   1.4046705140137985e+00   7.7308875751413986e-04
   6.6406250000000000e-02   1.4009346590613065e+00   1.4006468890556962e+00   2.8777000561031052e-04
   7.4218750000000000e-02   1.3929210037038273e+00   1.3905865757374047e+00   2.3344279664225809e-03
   8.2031250000000000e-02   1.3776926846629687e+00   1.3761056542364900e+00   1.5870304264786750e-03
   8.9843750000000000e-02   1.3589363668587722e+00   1.3588548439161727e+00   8.1522942599443482e-05
   9.7656250000000000e-02   1.3422152613149463e+00   1.3404182389583694e+00   1.7970223565768606e-03
   1.0546875000000000e-01   1.3245367885064718e+00   1.3222319431946121e+00   2.3048453118597045e-03
   1.1328125000000000e-01   1.3059122738255649e+00   1.3055268577428776e+00   3.8541608268727323e-04
   1.2109375000000000e-01   1.2924129417067665e+00   1.2912966750604631e+00   1.1162666463033766e-03
   1.2890625000000000e-01   1.2829388364179364e+00   1.2802890380348968e+00   2.6497983830395810e-03
   1.3671875000000000e-01   1.2741060950837311e+00   1.2730152306472902e+00   1.0908644364409081e-03
   1.4453125000000000e-01   1.2703567426623454e+00   1.2697720050315018e+00   5.8473763084365693e-04
   1.5234375000000000e-01   1.2731869795632125e+00   1.2706684298507502e+00   2.5185497124622369e-03
   1.6015625000000000e-01   1.2775605859841102e+00   1.2756510324822459e+00   1.9095535018642806e-03
   1.6796875000000000e-01   1.2849181617109082e+00   1.2845219136096933e+00   3.9624810121496878e-04
   1.7578125000000000e-01   1.2989443281792430e+00   1.2969467053032320e+00   1.9976228760110182e-03
   1.8359375000000000e-01   1.3150138074285351e+00   1.3124518805197831e+00   2.5619269087520102e-03
   1.9140625000000000e-01   1.3310156256336141e+00   1.3304135999035331e+00   6.0202573008094618e-04
   1.9921875000000000e-01   1.3513282665316857e+00   1.3500425939357514e+00   1.2856725959342619e-03
   2.0703125000000000e-01   1.3732038672525255e+00   1.3703711716382692e+00   2.8326956142563642e-03
   2.1484375000000000e-01   1.3913574157103881e+00   1.3902490725415004e+00   1.1083431688876377e-03
   2.2265625000000000e-01   1.4089584401174957e+00   1.4083544254516875e+00   6.0401466580817242e-04
   2.3046875000000000e-01   1.4258365828782307e+00   1.4232245873275953e+00   2.6119955506354042e-03
   2.3828125000000000e-01   1.4350250935680611e+00   1.4333092951506248e+00   1.7157984174362984e-03
   2.4609375000000000e-01   1.4371949197325709e+00   1.4370456770036715e+00   1.4924272889937917e-04
   2.5390625000000000e-01   1.4348694913988016e+00   1.4329516144532704e+00   1.9178769455312494e-03
   2.6171875000000000e-01   1.4218958411911728e+00   1.4197311283584741e+00   2.1647128326987009e-03
   2.6953125000000000e-01   1.3964329619505738e+00   1.3963832453027603e+00   4.9716647813502490e-05
   2.7734375000000000e-01   1.3632425894049915e+00   1.3623044854103985e+00   9.3810399459304250e-04
   2.8515625000000000e-01   1.3195672345059462e+00   1.3173748746176761e+00   2.1923598882700457e-03
   2.9296875000000000e-01   1.2623063991429131e+00   1.2620182723577760e+00   2.8812678513712164e-04
   3.0078125000000000e-01   1.1972200686138663e+00   1.1972297310707873e+00   9.6624569210224109e-06
   3.0859375000000000e-01   1.1262598042366994e+00   1.1245653569733483e+00   1.6944472633511065e-03
   3.1640625000000000e-01   1.0467816971323292e+00   1.0460934192191995e+00   6.8827791312964237e-04
   3.2421875000000000e-01   9.6373223102993510e-01   9.6430889840747669e-01   5.7666737754158426e-04
   3.3203125000000000e-01   8.8281637629143150e-01   8.8201690441280844e-01   7.9947187862305924e-04
   3.3984375000000000e-01   8.0315983834395166e-01   8.0219308703958170e-01   9.6675130436996159e-04
   3.4765625000000000e-01   7.2725583682827388e-01   7.2783103884528766e-01   5.7520201701377616e-04
   3.5546875000000000e-01   6.6164627545357779e-01   6.6178757319009829e-01   1.4129773652049593e-04
   3.6328125000000000e-01   6.0752881028442784e-01   6.0663659282373983e-01   8.9221746068801622e-04
   3.7109375000000000e-01   5.6445643239192200e-01   5.6454110498292143e-01   8.4672590999423925e-05
   3.7890625000000000e-01   5.3645207659337146e-01   5.3715095691541670e-01   6.9888032204523665e-04
   3.8671875000000000e-01   5.2596877260527986e-01   5.2553131611502346e-01   4.3745649025639377e-04
   3.9453125000000000e-01   5.3069927468578093e-01   5.3012411065524101e-01   5.7516403053992082e-04
   4.0234375000000000e-01   5.5015702249762066e-01   5.5074189914117078e-01   5.8487664355011404e-04
   4.1015625000000000e-01   5.8643514574664579e-01   5.8659125278286939e-01   1.5610703622359612e-04
   4.1796875000000000e-01   6.3734223549343538e-01   6.3632093646781618e-01   1.0212990256192045e-03
   4.2578125000000000e-01   6.9826123905393311e-01   6.9808911368508308e-01   1.7212536885002905e-04
   4.3359375000000000e-01   7.6914132876682861e-01   7.6964350879644339e-01   5.0218002961477382e-04
   4.4140625000000000e-01   8.4944029189662540e-01   8.4840887187737346e-01   1.0314200192519385e-03
   4.4921875000000000e-01   9.3279336115685940e-01   9.3157704983907341e-01   1.2163113177859897e-03
   4.5703125000000000e-01   1.0159024521321298e+00   1.0161962552006827e+00   2.9380306855286697e-04
   4.6484375000000000e-01   1.0999413472467783e+00   1.0992574977468084e+00   6.8384949996991296e-04
   4.7265625000000000e-01   1.1798334855505050e+00   1.1777773744217828e+00   2.0561111287222822e-03
   4.8046875000000000e-01   1.2493518785911999e+00   1.2488773149571180e+00   4.7456363408193702e-04
   4.8828125000000000e-01   1.3101357043272925e+00   1.3098598420616967e+00   2.7586226559583871e-04
   4.9609375000000000e-01   1.3606188583538419e+00   1.3582823946098033e+00   2.3364637440386193e-03
   5.0390625000000000e-01   1.3935168824030935e+00   1.3920288294118994e+00   1.4880529911940332e-03
   5.1171875000000000e-01   1.4094923276071298e+00   1.4093779759957836e+00   1.1435161134620841e-04
   5.1953125000000000e-01   1.4110714497136019e+00   1.4090677251806816e+00   2.0037245329203035e-03
   5.2734375000000000e-01   1.3926396516804007e+00   1.3903522550559717e+00   2.2873966244290056e-03
   5.3515625000000000e-01   1.3533475473803542e+00   1.3530492934297380e+00   2.9825395061622295e-04
   5.4296875000000000e-01   1.2988679637635754e+00   1.2975739060311131e+00   1.2940577324622726e-03
   5.5078125000000000e-01   1.2274763681216911e+00   1.2249552594923760e+00   2.5211086293150942e-03
   5.5859375000000000e-01   1.1375369915085671e+00   1.1368331620792533e+00   7.0382942931379588e-04
   5.6640625000000000e-01   1.0359925168652135e+00   1.0354319111748618e+00   5.6060569035176755e-04
   5.7421875000000000e-01   9.2562116459239663e-01   9.2351001598341198e-01   2.1111486089846476e-03
   5.8203125000000000e-01   8.0533342841929378e-01   8.0428563375790729e-01   1.0477946613864919e-03
   5.8984375000000000e-01   6.8143694429019508e-01   6.8133896182072406e-01   9.7982469471014078e-05
   5.9765625000000000e-01   5.5979297236523562e-01   5.5849426596840912e-01   1.2987063968264989e-03
   6.0546875000000000e-01   4.4075034052007228e-01   4.3968560107821159e-01   1.0647394418606959e-03
   6.1328125000000000e-01   3.2878646291100555e-01   3.2881149975045182e-01   2.5036839446268555e-05
   6.2109375000000000e-01   2.3009856272799986e-01   2.2958488545429381e-01   5.1367727370604799e-04
   6.2890625000000000e-01   1.4608594073503076e-01   1.4538513288747951e-01   7.0080784755124914e-04
   6.3671875000000000e-01   7.9142349769034420e-02   7.9119488055416937e-02   2.2861713617483570e-05
   6.4453125000000000e-01   3.3228441561159318e-02   3.3100929737202488e-02   1.2751182395683014e-04
   6.5234375000000000e-01   9.1419585903763680e-03   8.9489819781122231e-03   1.9297661226414485e-04
   6.6015625000000000e-01   7.5071645944766747e-03   7.5189832658834263e-03   1.1818671406751621e-05
   6.6796875000000000e-01   2.9084864113123981e-02   2.8863924956614911e-02   2.2093915650906945e-04
   6.7578125000000000e-01   7.2179025744677744e-02   7.2231266219787746e-02   5.2240475110001960e-05
   6.8359375000000000e-01   1.3587414447111354e-01   1.3609522250867853e-01   2.2107803756499234e-04
   6.9140625000000000e-01   2.1877084101083794e-01   2.1822303885361630e-01   5.4780215722163850e-04
   6.9921875000000000e-01   3.1602381295829685e-01   3.1577183847016194e-01   2.5197448813490952e-04
   7.0703125000000000e-01   4.2498905862864300e-01   4.2541091960266009e-01   4.2186097401708533e-04
   7.1484375000000000e-01   5.4421212091731197e-01   5.4346298293107109e-01   7.4913798624087757e-04
   7.2265625000000000e-01   6.6709125746639097e-01   6.6605680650622134e-01   1.0344509601696306e-03
   7.3046875000000000e-01   7.8899647768848880e-01   7.8928341088463605e-01   2.8693319614725432e-04
   7.3828125000000000e-01   9.1000697796467633e-01   9.0934780267359427e-01   6.5917529108205919e-04
   7.4609375000000000e-01   1.0246104923940942e+00   1.0227089412868546e+00   1.9015511072395519e-03
   8.7890625000000000e-01   9.0577497353730907e-01   9.0397417177434869e-01   1.8008017629603801e-03
   8.8671875000000000e-01   8.4256494744022004e-01   8.4198835036633923e-01   5.7659707388080239e-04
   8.9453125000000000e-01   7.9009801287920023e-01   7.8814666456418958e-01   1.9513483150106481e-03
   9.0234375000000000e-01   7.4639273648514437e-01   7.4444698790000863e-01   1.9457485851357426e-03
   9.1015625000000000e-01   7.1303228793454543e-01   7.1253899783882435e-01   4.9329009572107729e-04
   9.1796875000000000e-01   6.9509946747360507e-01   6.9365096270174464e-01   1.4485047718604260e-03
   9.2578125000000000e-01   6.9053258117717553e-01   6.8852499985377524e-01   2.0075813234002871e-03
   9.3359375000000000e-01   6.9788370519772425e-01   6.9736705286889389e-01   5.1665232883035817e-04
   9.4140625000000000e-01   7.2085310666347535e-01   7.1981793754456269e-01   1.0351691189126599e-03
   9.4921875000000000e-01   7.5705409439884053e-01   7.5495105167968324e-01   2.1030427191572887e-03
   9.5703125000000000e-01   8.0197676159767617e-01   8.0130073666296298e-01   6.7602493471319303e-04
   9.6484375000000000e-01   8.5754947498447043e-01   8.5692294604692820e-01   6.2652893754222561e-04
   9.7265625000000000e-01   9.2166632012045568e-01   9.1948705106069395e-01   2.1792690597617348e-03
   9.8046875000000000e-01   9.8745016086729054e-01   9.8639460865959494e-01   1.0555522076955981e-03
   9.8828125000000000e-01   1.0551464902763741e+00   1.0549180877284814e+00   2.2840254789269210e-04
   9.9609375000000000e-01   1.1243932155449237e+00   1.1223502420583404e+00   2.0429734865832216e-03
   7.5390625000000000e-01   1.1265621799150010e+00   1.1262015962442147e+00   3.6058367078628528e-04
   7.6171875000000000e-01   1.2175545654887121e+00   1.2171351722029653e+00   4.1939328574680523e-04
   7.6953125000000000e-01   1.2957809478619302e+00   1.2933662686512024e+00   2.4146792107277992e-03
   7.7734375000000000e-01   1.3547122737849271e+00   1.3533435792626187e+00   1.3686945223083669e-03
   7.8515625000000000e-01   1.3964276543480807e+00   1.3961255749033221e+00   3.0207944475857396e-04
   7.9296875000000000e-01   1.4237549430225935e+00   1.4213731001186241e+00   2.3818429039694777e-03
   8.0078125000000000e-01   1.4316678778219010e+00   1.4293203980182709e+00   2.3474798036300371e-03
   8.0859375000000000e-01   1.4212221149606550e+00   1.4207290371737793e+00   4.9307778687568415e-04
   8.1640625000000000e-01   1.3987470066092238e+00   1.3968296589664804e+00   1.9173476427434277e-03
   8.2421875000000000e-01   1.3621778334985981e+00   1.3592563607257011e+00   2.9214727728970047e-03
   8.3203125000000000e-01   1.3109234592948300e+00   1.3099779092327535e+00   9.4555006207652781e-04
   8.3984375000000000e-01   1.2525377138452969e+00   1.2512289383102400e+00   1.3087755350569275e-03
   8.4765625000000000e-01   1.1883797581347850e+00   1.1854429819174832e+00   2.9367762173018175e-03
   8.5546875000000000e-01   1.1166379963038346e+00   1.1151878329078215e+00   1.4501633960131155e-03
   8.6328125000000000e-01   1.0439272691004902e+00   1.0431025177075355e+00   8.2475139295468125e-04
   8.7109375000000000e-01   9.7435411576002262e-01   9.7183434419160042e-01   2.5197715684222022e-03
