#                  Coord.                Numerical               Analytical                    Error
   3.9062500000000000e-03   8.0842947547405608e-01   8.0923006171904932e-01   8.0058624499323994e-04
   1.1718750000000000e-02   4.9243614859011137e-01   4.9264723995502258e-01   2.1109136491120895e-04
   1.9531250000000000e-02  -2.6224405715478527e-01  -2.6288800367201343e-01   6.4394651722815555e-04
   2.7343750000000000e-02  -8.8635696785955798e-01  -8.8733814234440878e-01   9.8117448485079972e-04
   3.5156250000000000e-02  -8.7043784316742556e-01  -8.7085102772845591e-01   4.1318456103034418e-04
   4.2968750000000000e-02  -1.8236582969447232e-01  -1.8174354581558816e-01   6.2228387888416115e-04
   5.0781250000000000e-02   6.8455141601393488e-01   6.8574043474509894e-01   1.1890187311640599e-03
   5.8593750000000000e-02   1.0776590419066077e+00   1.0783433926822783e+00   6.8435077567063907e-04
   6.6406250000000000e-02   6.8189436790003244e-01   6.8135907351739533e-01   5.3529438263710816e-04
   7.4218750000000000e-02  -2.3368951516402103e-01  -2.3508184617352429e-01   1.3923310095032559e-03
   8.2031250000000000e-02  -1.0055624393632012e+00  -1.0065925764894990e+00   1.0301371262977366e-03
   8.9843750000000000e-02  -1.0600532188718550e+00  -1.0597120901309556e+00   3.4112874089942125e-04
   9.7656250000000000e-02  -3.3755039203230286e-01  -3.3600936705078155e-01   1.5410249815213106e-03
   1.0546875000000000e-01   6.5211950594222534e-01   6.5354933700504170e-01   1.4298310628163557e-03
   1.1328125000000000e-01   1.1882254817367888e+00   1.1882130718800554e+00   1.2409856733341940e-05
   1.2109375000000000e-01   8.6182052735610060e-01   8.6024383755833689e-01   1.5766897977637084e-03
   1.2890625000000000e-01  -1.1160899373180036e-01  -1.1344484054017688e-01   1.8358468083765206e-03
   1.3671875000000000e-01  -1.0273416200129928e+00  -1.0277909964648841e+00   4.4937645189135900e-04
   1.4453125000000000e-01  -1.1975354528906945e+00  -1.1960869003670767e+00   1.4485525236178631e-03
   1.5234375000000000e-01  -4.7081090463937614e-01  -4.6862812413916188e-01   2.1827805002142542e-03
   1.6015625000000000e-01   6.2806948114103700e-01   6.2908480926275157e-01   1.0153281217145649e-03
   1.6796875000000000e-01   1.2704473702345414e+00   1.2693183242567356e+00   1.1290459778057205e-03
   1.7578125000000000e-01   9.5180098133174651e-01   9.4940022087356701e-01   2.4007604581794961e-03
   1.8359375000000000e-01  -1.0188084191228773e-01  -1.0350430896604020e-01   1.6234670537524643e-03
   1.9140625000000000e-01  -1.0849228549330583e+00  -1.0843007933280093e+00   6.2206160504896246e-04
   1.9921875000000000e-01  -1.2298992247208291e+00  -1.2274677456416241e+00   2.4314790792050456e-03
   2.0703125000000000e-01  -4.1802929541075962e-01  -4.1583440507738290e-01   2.1948903333767200e-03
   2.1484375000000000e-01   7.1269539120974235e-01   7.1272827928606119e-01   3.2888076318848825e-05
   2.2265625000000000e-01   1.2679423677207105e+00   1.2657007438382550e+00   2.2416238824554124e-03
   2.3046875000000000e-01   8.1478011533155781e-01   8.1213496228445059e-01   2.6451530471072182e-03
   2.3828125000000000e-01  -2.6758316590152142e-01  -2.6834709410363133e-01   7.6392820210990919e-04
   2.4609375000000000e-01  -1.0990594611692197e+00  -1.0972250049314125e+00   1.8344562378072027e-03
   2.5390625000000000e-01  -1.0209190562650612e+00  -1.0180139729146942e+00   2.9050833503669882e-03
   2.6171875000000000e-01  -1.3102608852605724e-01  -1.2954259535131346e-01   1.4834931747437774e-03
   2.6953125000000000e-01   8.1343267225829052e-01   8.1218810475399494e-01   1.2445675042955795e-03
   2.7734375000000000e-01   1.0395025451441982e+00   1.0365716829485163e+00   2.9308621956818381e-03
   2.8515625000000000e-01   4.0100114306151757e-01   3.9889912942723960e-01   2.1020136342779772e-03
   2.9296875000000000e-01  -5.2194461702885930e-01  -5.2140415313374744e-01   5.4046389511186455e-04
   3.0078125000000000e-01  -9.3947884209498089e-01  -9.3676482358091184e-01   2.7140185140690498e-03
   3.0859375000000000e-01  -5.3002581347367717e-01  -5.2748240202284624e-01   2.5434114508309236e-03
   3.1640625000000000e-01   3.0504230403832527e-01   3.0523714999663559e-01   1.9484595831031903e-04
   3.2421875000000000e-01   8.1743657086539012e-01   8.1515352946351705e-01   2.2830414018730760e-03
   3.3203125000000000e-01   5.7500723739810045e-01   5.7224496960875260e-01   2.7622677893478498e-03
   3.3984375000000000e-01  -1.7316492756426016e-01  -1.7404491050348553e-01   8.7998293922536552e-04
   3.4765625000000000e-01  -7.3973710933479320e-01  -7.3804565984856074e-01   1.6914494862324547e-03
   3.5546875000000000e-01  -6.1958597261130044e-01  -6.1684290448262724e-01   2.7430681286731984e-03
   3.6328125000000000e-01   6.8126362938369933e-02   6.9568992292495968e-02   1.4426293541260349e-03
   3.7109375000000000e-01   7.0027174595794683e-01   6.9925829963860153e-01   1.0134463193453014e-03
   3.7890625000000000e-01   7.1092746088416692e-01   7.0842135465018496e-01   2.5061062339819529e-03
   3.8671875000000000e-01   8.8108617631079855e-02   8.6271472486405335e-02   1.8371451446745207e-03
   3.9453125000000000e-01  -6.2652834181321160e-01  -6.2620754191107297e-01   3.2079990213862430e-04
   4.0234375000000000e-01  -8.1811258732701031e-01  -8.1602029597317871e-01   2.0922913538315990e-03
   4.1015625000000000e-01  -3.2591556612137074e-01  -3.2387738335620547e-01   2.0381827651652640e-03
   4.1796875000000000e-01   4.3590534304689416e-01   4.3622001750431005e-01   3.1467445741589772e-04
   4.2578125000000000e-01   8.4516825163574461e-01   8.4360875190706186e-01   1.5594997286827450e-03
   4.3359375000000000e-01   5.8891332677065200e-01   5.8686878962214439e-01   2.0445371485076080e-03
   4.4140625000000000e-01  -1.0669341014339848e-01  -1.0752882623756363e-01   8.3541609416515339e-04
   4.4921875000000000e-01  -6.9489622702933862e-01  -6.9392371546062226e-01   9.7251156871636102e-04
   4.5703125000000000e-01  -7.5417941974337377e-01  -7.5230617003709721e-01   1.8732497062765585e-03
   4.6484375000000000e-01  -2.8558801065577055e-01  -2.8439025217524294e-01   1.1977584805276109e-03
   4.7265625000000000e-01   3.4274306312988156e-01   3.4234562210351971e-01   3.9744102636185552e-04
   4.8046875000000000e-01   7.0231778807172818e-01   7.0076149319395720e-01   1.5562948777709806e-03
   4.8828125000000000e-01   5.9390046987718093e-01   5.9252888864421194e-01   1.3715812329689880e-03
   4.9609375000000000e-01   1.2853828538776169e-01   1.2844140474135585e-01   9.6880646405839155e-05
   5.0390625000000000e-01  -3.9360620452649386e-01  -3.9245975300275099e-01   1.1464515237428752e-03
   5.1171875000000000e-01  -6.7349128004346037e-01  -6.7213935896380106e-01   1.3519210796593129e-03
   5.1953125000000000e-01  -5.5687481724104226e-01  -5.5642264701705402e-01   4.5217022398824636e-04
   5.2734375000000000e-01  -9.7086268281127486e-02  -9.7794875707095275e-02   7.0860742596778881e-04
   5.3515625000000000e-01   4.5947092342148288e-01   4.5831142399520386e-01   1.1594994262790204e-03
   5.4296875000000000e-01   7.7498613885704737e-01   7.7435924500283304e-01   6.2689385421432764e-04
   5.5078125000000000e-01   6.0651170837114710e-01   6.0682919383412781e-01   3.1748546298071556e-04
   5.5859375000000000e-01  -4.1204432745468589e-03  -3.2751099787953148e-03   8.4533329575154411e-04
   5.6640625000000000e-01  -6.8820935347001544e-01  -6.8760047345238040e-01   6.0888001763503841e-04
   5.7421875000000000e-01  -9.5371917282570629e-01  -9.5376039485249597e-01   4.1222026789689004e-05
   5.8203125000000000e-01  -5.4367669620054337e-01  -5.4415993427086828e-01   4.8323807032490951e-04
   5.8984375000000000e-01   3.1573459708883223e-01   3.1531439107989007e-01   4.2020600894215887e-04
   5.9765625000000000e-01   1.0165238723664338e+00   1.0164531446406160e+00   7.0727725817842924e-05
   6.0546875000000000e-01   1.0022646489751121e+00   1.0024243757592952e+00   1.5972678418307851e-04
   6.1328125000000000e-01   2.2154631632087743e-01   2.2166586926683787e-01   1.1955294596044386e-04
   6.2109375000000000e-01  -7.7706387500000984e-01  -7.7706042488126947e-01   3.4501187403668254e-06
   6.2890625000000000e-01  -1.2304927575998232e+00  -1.2304471094891640e+00   4.5648110659213259e-05
   6.3671875000000000e-01  -7.5572328889915374e-01  -7.5551437712684555e-01   2.0891177230819569e-04
   6.4453125000000000e-01   3.1893221600307320e-01   3.1914753157415643e-01   2.1531557108322996e-04
   6.5234375000000000e-01   1.1764798277119586e+00   1.1763963573723937e+00   8.3470339564906126e-05
   6.6015625000000000e-01   1.1400321617266460e+00   1.1395629841493999e+00   4.6917757724607156e-04
   6.6796875000000000e-01   2.1753405966991571e-01   2.1701875762480638e-01   5.1530204510932820e-04
   6.7578125000000000e-01  -8.8273153813261784e-01  -8.8278236301620583e-01   5.0824883587985425e-05
   6.8359375000000000e-01  -1.2981907520852580e+00  -1.2976012144620130e+00   5.8953762324498449e-04
   6.9140625000000000e-01  -6.9641318734803703e-01  -6.9560686003142636e-01   8.0632731661067769e-04
   6.9921875000000000e-01   4.5073979997705910e-01   4.5105293205292379e-01   3.1313207586469716e-04
   7.0703125000000000e-01   1.2341974601542653e+00   1.2336603652371971e+00   5.3709491706821488e-04
   7.1484375000000000e-01   1.0321014448377066e+00   1.0310972838745711e+00   1.0041609631354920e-03
   7.2265625000000000e-01   1.1263527243591670e-02   1.0634728875946194e-02   6.2879836764547642e-04
   7.3046875000000000e-01  -1.0044138322341372e+00  -1.0040899184584737e+00   3.2391377566343138e-04
   7.3828125000000000e-01  -1.1990564050089580e+00  -1.1980057368573960e+00   1.0506681515620730e-03
   7.4609375000000000e-01  -4.2600031372780456e-01  -4.2508869283563377e-01   9.1162089217078357e-04
   8.7890625000000000e-01   8.5887071459275988e-02   8.5332590242753636e-02   5.5448121652235116e-04
   8.8671875000000000e-01  -3.6688695504722291e-01  -3.6675976455829368e-01   1.2719048892922968e-04
   8.9453125000000000e-01  -4.2079975000837672e-01  -4.2013181822801832e-01   6.6793178035839951e-04
   9.0234375000000000e-01  -1.4342613413464345e-01  -1.4276361690435985e-01   6.6251723028359910e-04
   9.1015625000000000e-01   1.2799696693631268e-01   1.2813750693396811e-01   1.4053999765542557e-04
   9.1796875000000000e-01   1.5175514724302841e-01   1.5128408829804171e-01   4.7105894498669643e-04
   9.2578125000000000e-01  -1.3976943168754197e-03  -2.0889664078520983e-03   6.9127209097667860e-04
   9.3359375000000000e-01  -7.4526915763690943e-02  -7.4877174342071334e-02   3.5025857838039132e-04
   9.4140625000000000e-01   6.4342442576494685e-02   6.4617550534361690e-02   2.7510795786700459e-04
   9.4921875000000000e-01   2.6158425733193913e-01   2.6226007747030949e-01   6.7582013837036436e-04
   9.5703125000000000e-01   2.3831614564752573e-01   2.3882609974924829e-01   5.0995410172255395e-04
   9.6484375000000000e-01  -9.1706816895126719e-02  -9.1809816005193126e-02   1.0299911006640683e-04
   9.7265625000000000e-01  -4.7885617103448619e-01  -4.7951011192225490e-01   6.5394088776871140e-04
   9.8046875000000000e-01  -5.3734500091627446e-01  -5.3799456821663627e-01   6.4956730036180854e-04
   9.8828125000000000e-01  -1.1791265377237853e-01  -1.1796385996615527e-01   5.1206193776742737e-05
   9.9609375000000000e-01   5.0114197735761601e-01   5.0178658499409379e-01   6.4460763647777863e-04
   7.5390625000000000e-01   6.7596558351691849e-01   6.7596249534512598e-01   3.0881717925090868e-06
   7.6171875000000000e-01   1.2088449360920384e+00   1.2079134214964558e+00   9.3151459558260541e-04
   7.6953125000000000e-01   7.5160042851775688e-01   7.5051273608946634e-01   1.0876924282905431e-03
   7.7734375000000000e-01  -3.0192891515740838e-01  -3.0227603106534612e-01   3.4711590793773395e-04
   7.8515625000000000e-01  -1.0804906459295385e+00  -1.0798239588791259e+00   6.6668705041261767e-04
   7.9296875000000000e-01  -9.6101952812259117e-01  -9.5990619373155983e-01   1.1133343910313398e-03
   8.0078125000000000e-01  -7.3242040807930620e-02  -7.2593639082823874e-02   6.4840172510674532e-04
   8.0859375000000000e-01   8.3223889693135644e-01   8.3192080159065185e-01   3.1809534070459389e-04
   8.1640625000000000e-01   1.0251337044260793e+00   1.0241481114865252e+00   9.8559293955413629e-04
   8.2421875000000000e-01   3.9343512978244921e-01   3.9259631067419487e-01   8.3881910825434058e-04
   8.3203125000000000e-01  -4.9999591510622043e-01  -5.0003564933534095e-01   3.9734229120513831e-05
   8.3984375000000000e-01  -9.2316479054458089e-01  -9.2242414967746944e-01   7.4064086711145283e-04
   8.4765625000000000e-01  -5.8681260712710559e-01  -5.8591834293451384e-01   8.9426419259175383e-04
   8.5546875000000000e-01   1.5865279759319512e-01   1.5899649390147969e-01   3.4369630828456899e-04
   8.6328125000000000e-01   6.7551121223598720e-01   6.7507689896541423e-01   4.3431327057297242e-04
   8.7109375000000000e-01   5.9517048423786423e-01   5.9434553165660486e-01   8.2495258125936388e-04
