#                  Coord.                Numerical               Analytical                    Error
   3.9062500000000000e-03   1.0286005548865664e-05   4.9851703976805065e-06   5.3008351511851574e-06
   1.1718750000000000e-02   3.4722139989239115e-06   8.1545882276257443e-06   4.6823742287018332e-06
   1.9531250000000000e-02   1.7657145540298899e-05   1.3224913390734750e-05   4.4322321495641487e-06
   2.7343750000000000e-02   3.2314852133869810e-05   2.1272288946214634e-05   1.1042563187655176e-05
   3.5156250000000000e-02   2.4605449726581160e-05   3.3933221505464065e-05   9.3277717788829054e-06
   4.2968750000000000e-02   5.8731658521541818e-05   5.3669823008253992e-05   5.0618355132878260e-06
   5.0781250000000000e-02   1.0781969962303395e-04   8.4147554765259493e-05   2.3672144857774457e-05
   5.8593750000000000e-02   1.1579851667774211e-04   1.3076639940271315e-04   1.4967882724971034e-05
   6.6406250000000000e-02   2.0476630402862739e-04   2.0139808675873451e-04   3.3682172698928719e-06
   7.4218750000000000e-02   3.5668830520482037e-04   3.0739571755541154e-04   4.9292587649408832e-05
   8.2031250000000000e-02   4.4727984920621644e-04   4.6495763161699406e-04   1.7677782410777619e-05
   8.9843750000000000e-02   6.9271319782488350e-04   6.9694407885961698e-04   4.2308810347334823e-06
   9.7656250000000000e-02   1.1320432349248169e-03   1.0352621431202638e-03   9.6781091804553103e-05
   1.0546875000000000e-01   1.5171937939621200e-03   1.5239498411982321e-03   6.7560472361120633e-06
   1.1328125000000000e-01   2.2000752530927977e-03   2.2231020777957909e-03   2.3026824702993172e-05
   1.2109375000000000e-01   3.3906339149503469e-03   3.2137861691730824e-03   1.7684774577726454e-04
   1.2890625000000000e-01   4.6448434077522530e-03   4.6040891437148356e-03   4.0754264037417415e-05
   1.3671875000000000e-01   6.4786756544073214e-03   6.5364185440493711e-03   5.7742889642049648e-05
   1.4453125000000000e-01   9.4947945621861179e-03   9.1961380772012206e-03   2.9865648498489730e-04
   1.5234375000000000e-01   1.2988440075308914e-02   1.2821554171063371e-02   1.6688590424554332e-04
   1.6015625000000000e-01   1.7608446629018622e-02   1.7715174803631044e-02   1.0672817461242212e-04
   1.6796875000000000e-01   2.4716825453986544e-02   2.4256034536433130e-02   4.6079091755341431e-04
   1.7578125000000000e-01   3.3349217093641595e-02   3.2912718293429566e-02   4.3649880021202903e-04
   1.8359375000000000e-01   4.4111355419694576e-02   4.4256523005935237e-02   1.4516758624066178e-04
   1.9140625000000000e-01   5.9614842746974678e-02   5.8973976804661356e-02   6.4086594231332200e-04
   1.9921875000000000e-01   7.8808734945986628e-02   7.7877701007100078e-02   9.3103393888654962e-04
   2.0703125000000000e-01   1.0181555758007776e-01   1.0191436738058156e-01   9.8809800503793510e-05
   2.1484375000000000e-01   1.3295494444250042e-01   1.3216829444709527e-01   7.8664999540514757e-04
   2.2265625000000000e-01   1.7157219070967306e-01   1.6985906934790226e-01   1.7131213617707919e-03
   2.3046875000000000e-01   2.1651876836280445e-01   2.1633150742122795e-01   1.8726094157650586e-04
   2.3828125000000000e-01   2.7387627855738494e-01   2.7303630271470980e-01   8.3997584267514469e-04
   2.4609375000000000e-01   3.4426376373421863e-01   3.4149991023744553e-01   2.7638534967731054e-03
   2.5390625000000000e-01   4.2422723654777650e-01   4.2328255987131880e-01   9.4467667645770081e-04
   2.6171875000000000e-01   5.2073020783115020e-01   5.1992384747973208e-01   8.0636035141812279e-04
   2.6953125000000000e-01   6.3679406241233472e-01   6.3287608104169313e-01   3.9179813706415878e-03
   2.7734375000000000e-01   7.6582927958381819e-01   7.6342646004905457e-01   2.4028195347636228e-03
   2.8515625000000000e-01   9.1344045788786810e-01   9.1261019509743257e-01   8.3026279043552087e-04
   2.9296875000000000e-01   1.0859853877197265e+00   1.0811177695124368e+00   4.8676182072897589e-03
   3.0078125000000000e-01   1.2738211501478918e+00   1.2692006232713000e+00   4.6205268765917573e-03
   3.0859375000000000e-01   1.4778410669685191e+00   1.4765805025325294e+00   1.2605644359897639e-03
   3.1640625000000000e-01   1.7076643708616057e+00   1.7023684580507781e+00   5.2959128108276410e-03
   3.2421875000000000e-01   1.9523227406850732e+00   1.9449998855308459e+00   7.3228551542272591e-03
   3.3203125000000000e-01   2.2047118030478190e+00   2.2021919862600456e+00   2.5198167877733546e-03
   3.3984375000000000e-01   2.4760126504101923e+00   2.4709295171308203e+00   5.0831332793719319e-03
   3.4765625000000000e-01   2.7573563077822518e+00   2.7474836619825784e+00   9.8726457996733963e-03
   3.5546875000000000e-01   3.0323444333252842e+00   3.0274673028115302e+00   4.8771305137540466e-03
   3.6328125000000000e-01   3.3104164479387319e+00   3.3059279624636324e+00   4.4884854750995018e-03
   3.7109375000000000e-01   3.5889452099458876e+00   3.5774773438417373e+00   1.1467866104150293e-02
   3.7890625000000000e-01   3.8446148999092515e+00   3.8364538641781754e+00   8.1610357310761827e-03
   3.8671875000000000e-01   4.0812423380440421e+00   4.0771120708225608e+00   4.1302672214813541e-03
   3.9453125000000000e-01   4.3053427639073183e+00   4.2938305399723351e+00   1.1512223934983190e-02
   4.0234375000000000e-01   4.4929855049328191e+00   4.4813280128759576e+00   1.1657492056861507e-02
   4.1015625000000000e-01   4.6395135431733916e+00   4.6348763023876707e+00   4.6372407857209197e-03
   4.1796875000000000e-01   4.7604498340502008e+00   4.7504980504411805e+00   9.9517836090203815e-03
   4.2578125000000000e-01   4.8393643225548777e+00   4.8251378144449086e+00   1.4226508109969060e-02
   4.3359375000000000e-01   4.8631584880789935e+00   4.8567962173513308e+00   6.3622707276627111e-03
   4.4140625000000000e-01   4.8520502076614171e+00   4.8446189413987737e+00   7.4312662626434545e-03
   4.4921875000000000e-01   4.8036716731239633e+00   4.7889350364919476e+00   1.4736636632015632e-02
   4.5703125000000000e-01   4.7001413839842838e+00   4.6912421455957771e+00   8.8992383885067028e-03
   4.6484375000000000e-01   4.5592265226905129e+00   4.5541395730774967e+00   5.0869496130161451e-03
   4.7265625000000000e-01   4.3939008176688752e+00   4.3812133711887986e+00   1.2687446480076581e-02
   4.8046875000000000e-01   4.1879521838689051e+00   4.1768805354270295e+00   1.1071648441875581e-02
   4.8828125000000000e-01   3.9501676532962855e+00   3.9462017539355143e+00   3.9658993607711857e-03
   4.9609375000000000e-01   3.7033943027369238e+00   3.6946737770867100e+00   8.7205256502138617e-03
   5.0390625000000000e-01   3.4394805709105833e+00   3.4280132570567385e+00   1.1467313853844807e-02
   5.1171875000000000e-01   3.1562228083545394e+00   3.1519438272633487e+00   4.2789810911907367e-03
   5.1953125000000000e-01   2.8764751990654522e+00   2.8719972980887238e+00   4.4779009767283995e-03
   5.2734375000000000e-01   2.6027972704333320e+00   2.5933382557621192e+00   9.4590146712127954e-03
   5.3515625000000000e-01   2.3257457503000460e+00   2.3206192361513271e+00   5.1265141487188970e-03
   5.4296875000000000e-01   2.0594483831315200e+00   2.0578712076045971e+00   1.5771755269229359e-03
   5.5078125000000000e-01   1.8142348127078542e+00   1.8084315513259936e+00   5.8032613818606027e-03
   5.5859375000000000e-01   1.5802079413157792e+00   1.5749092790207257e+00   5.2986622950534912e-03
   5.6640625000000000e-01   1.3597723896788088e+00   1.3591850523958353e+00   5.8733728297344356e-04
   5.7421875000000000e-01   1.1645853162024693e+00   1.1624418029830947e+00   2.1435132193745599e-03
   5.8203125000000000e-01   9.8943559189210717e-01   9.8522047924481682e-01   4.2151126472903533e-03
   5.8984375000000000e-01   8.2835369760938526e-01   8.2749470541337244e-01   8.5899219601281995e-04
   5.9765625000000000e-01   6.8859856943063025e-01   6.8875790816131044e-01   1.5933873068019189e-04
   6.0546875000000000e-01   5.7042796744002400e-01   5.6811669867106029e-01   2.3112687689637035e-03
   6.1328125000000000e-01   4.6568435475245246e-01   4.6438490318651893e-01   1.2994515659335293e-03
   6.2109375000000000e-01   3.7536247376479087e-01   3.7617351254186254e-01   8.1103877707167094e-04
   6.2890625000000000e-01   3.0249875700701595e-01   3.0197286101531623e-01   5.2589599169972079e-04
   6.3671875000000000e-01   2.4146459955813510e-01   2.4022444385324429e-01   1.2401557048908052e-03
   6.4453125000000000e-01   1.8893946237740117e-01   1.8938084985047002e-01   4.4138747306884940e-04
   6.5234375000000000e-01   1.4748673873802198e-01   1.4795324920319811e-01   4.6651046517612316e-04
   6.6015625000000000e-01   1.1525618883385619e-01   1.1454668749530222e-01   7.0950133855396391e-04
   6.6796875000000000e-01   8.7983110000288550e-02   8.7884066390661500e-02   9.9043609627050277e-05
   6.7578125000000000e-01   6.6202657419714747e-02   6.6820132718824421e-02   6.1747529910967380e-04
   6.8359375000000000e-01   5.0462857237005644e-02   5.0347058977710919e-02   1.1579825929472487e-04
   6.9140625000000000e-01   3.7919339927724234e-02   3.7593301003835462e-02   3.2603892388877176e-04
   6.9921875000000000e-01   2.7495332145569377e-02   2.7817391562302382e-02   3.2205941673300528e-04
   7.0703125000000000e-01   2.0188506132569096e-02   2.0398204270221244e-02   2.0969813765214784e-04
   7.1484375000000000e-01   1.5054098927156803e-02   1.4823032774622543e-02   2.3106615253425979e-04
   7.2265625000000000e-01   1.0659343706047538e-02   1.0674604985229846e-02   1.5261279182308268e-05
   7.3046875000000000e-01   7.3925047229996457e-03   7.6179160568287888e-03   2.2541133382914316e-04
   7.3828125000000000e-01   5.4304695893752225e-03   5.3875360262083229e-03   4.2933563166899606e-05
   7.4609375000000000e-01   3.8777684259384791e-03   3.7758419794036453e-03   1.0192644653483386e-04
   8.7890625000000000e-01   5.7253147607229030e-06   2.3135426463081661e-06   3.4117721144147369e-06
   8.8671875000000000e-01   4.3575489721120781e-06   1.4025112021979019e-06   2.9550377699141762e-06
   8.9453125000000000e-01   2.8291695162444651e-07   8.4298695466706758e-07   5.6007000304262108e-07
   9.0234375000000000e-01   1.3261018610266561e-06   4.9646522649214667e-07   8.2963663453450942e-07
   9.1015625000000000e-01   2.7903782304296016e-06   2.7908762892521299e-07   2.5112906015043887e-06
   9.1796875000000000e-01   1.1660135850525975e-06   1.4199717022536220e-07   1.0240164148272353e-06
   9.2578125000000000e-01   9.1289707078500688e-07   5.8563992799740039e-08   8.5433307798526686e-07
   9.3359375000000000e-01   1.6858291130474303e-06   1.6274924851436298e-08   1.6695541881959940e-06
   9.4140625000000000e-01   1.0026848020043663e-06   1.1961493098986850e-08   9.9072330890537949e-07
   9.4921875000000000e-01   1.7199340067821273e-06   4.9676131938526203e-08   1.6702578748436012e-06
   9.5703125000000000e-01   1.8984312350268904e-06   1.4100102889619543e-07   1.7574302061306948e-06
   9.6484375000000000e-01   3.0992253847624248e-07   3.0797107020949172e-07   1.9514682667507581e-09
   9.7265625000000000e-01   3.0542159622430726e-06   5.8919611850242353e-07   2.4650198437406492e-06
   9.8046875000000000e-01   3.8613971077403743e-06   1.0502681479177925e-06   2.8111289598225818e-06
   9.8828125000000000e-01   7.5220004516203473e-08   1.8002325993429905e-06   1.7250125948267869e-06
   9.9609375000000000e-01   6.3715699085358269e-06   3.0168975814677878e-06   3.3546723270680391e-06
   7.5390625000000000e-01   2.5247454776126119e-03   2.6224485229349318e-03   9.7703045322319881e-05
   7.6171875000000000e-01   1.7459741949410598e-03   1.8049677649144209e-03   5.8993569973361066e-05
   7.6953125000000000e-01   1.3015027166307198e-03   1.2311210532086117e-03   7.0381663422108050e-05
   7.7734375000000000e-01   8.3708299635156880e-04   8.3214683043504568e-04   4.9361659165231232e-06
   7.8515625000000000e-01   5.0152439301177746e-04   5.5739809586323658e-04   5.5873702851459120e-05
   7.9296875000000000e-01   3.8028304002247988e-04   3.6999423012618060e-04   1.0288809896299284e-05
   8.0078125000000000e-01   2.7444335023566569e-04   2.4338033914140454e-04   3.1063011094261154e-05
   8.0859375000000000e-01   1.4166377924277359e-04   1.5864811569076453e-04   1.6984336447990940e-05
   8.1640625000000000e-01   8.7924313854217362e-05   1.0248140590022021e-04   1.4557092046002849e-05
   8.2421875000000000e-01   8.1715081827293245e-05   6.5603819209634009e-05   1.6111262617659236e-05
   8.3203125000000000e-01   4.7596616257502212e-05   4.1622240551735014e-05   5.9743757057671978e-06
   8.3984375000000000e-01   1.6127831322637424e-05   2.6177081758948319e-05   1.0049250436310895e-05
   8.4765625000000000e-01   1.7399835917595343e-05   1.6326274255955981e-05   1.0735616616393624e-06
   8.5546875000000000e-01   1.8152604610078506e-05   1.0104586683598770e-05   8.0480179264797365e-06
   8.6328125000000000e-01   5.5563071301077315e-06   6.2124685798375808e-06   6.5616144972984931e-07
   8.7109375000000000e-01   1.2910883628971686e-06   3.7991784756315985e-06   2.5080901127344300e-06
