#                  Coord.                Numerical               Analytical                    Error
   3.9062500000000000e-03   6.2555387319916000e-01   6.2617234061243754e-01   6.1846741327753474e-04
   1.1718750000000000e-02   7.4937498391182633e-01   7.4884371536563710e-01   5.3126854618923414e-04
   1.9531250000000000e-02   8.7400803153344242e-01   8.7018901982245067e-01   3.8190117109917487e-03
   2.7343750000000000e-02   9.8797423516684213e-01   9.8694340442364203e-01   1.0308307432000952e-03
   3.5156250000000000e-02   1.0963044742884289e+00   1.0961721384024241e+00   1.3233588600480850e-04
   4.2968750000000000e-02   1.2001383176370484e+00   1.1953393736604929e+00   4.7989439765554476e-03
   5.0781250000000000e-02   1.2858941335756804e+00   1.2823510243495626e+00   3.5431092261177799e-03
   5.8593750000000000e-02   1.3558294207362402e+00   1.3555740583263189e+00   2.5536240992130033e-04
   6.6406250000000000e-02   1.4184806672276982e+00   1.4138361823089569e+00   4.6444849187412540e-03
   7.4218750000000000e-02   1.4623924444846119e+00   1.4564109602299644e+00   5.9814842546475067e-03
   8.2031250000000000e-02   1.4842699453777002e+00   1.4829937651634575e+00   1.2761802142426948e-03
   8.9843750000000000e-02   1.4972744470019648e+00   1.4936736354297515e+00   3.6008115722132583e-03
   9.7656250000000000e-02   1.4962546553131792e+00   1.4889051633045969e+00   7.3494920085823701e-03
   1.0546875000000000e-01   1.4724813956971359e+00   1.4694831302419562e+00   2.9982654551796717e-03
   1.1328125000000000e-01   1.4388954456562502e+00   1.4365209047291070e+00   2.3745409271431761e-03
   1.2109375000000000e-01   1.3986041088425396e+00   1.3914318597466151e+00   7.1722490959245100e-03
   1.2890625000000000e-01   1.3406275219007968e+00   1.3359114781624040e+00   4.7160437383928500e-03
   1.3671875000000000e-01   1.2735470101201569e+00   1.2719166166347415e+00   1.6303934854153823e-03
   1.4453125000000000e-01   1.2074052883353525e+00   1.2016377752568392e+00   5.7675130785133089e-03
   1.5234375000000000e-01   1.1331589502393034e+00   1.1274602931622650e+00   5.6986570770383160e-03
   1.6015625000000000e-01   1.0534383236576363e+00   1.0519112014373100e+00   1.5271222203263601e-03
   1.6796875000000000e-01   9.8155252329170106e-01   9.7758996264844944e-01   3.9625606432516225e-03
   1.7578125000000000e-01   9.1281255714650378e-01   9.0708336408679502e-01   5.7291930597087593e-03
   1.8359375000000000e-01   8.4465432293907294e-01   8.4286717801776345e-01   1.7871449213094914e-03
   1.9140625000000000e-01   7.8965737104244405e-01   7.8719956404720848e-01   2.4578069952355674e-03
   1.9921875000000000e-01   7.4720099150978070e-01   7.4201324550328829e-01   5.1877460064924108e-03
   2.0703125000000000e-01   7.1090473468727489e-01   7.0881493744296220e-01   2.0897972443126855e-03
   2.1484375000000000e-01   6.9002037442417918e-01   6.8860108900642381e-01   1.4192854177553782e-03
   2.2265625000000000e-01   6.8637708050458157e-01   6.8179857229328256e-01   4.5785082112990150e-03
   2.3046875000000000e-01   6.9066569413510148e-01   6.8823747136330959e-01   2.4282227717918881e-03
   2.3828125000000000e-01   7.0782531491823852e-01   7.0716069825686834e-01   6.6461666137018760e-04
   2.4609375000000000e-01   7.4131977494474488e-01   7.3727201583795821e-01   4.0477591067866747e-03
   2.5390625000000000e-01   7.7983226098665748e-01   7.7682050971428129e-01   3.0117512723761841e-03
   2.6171875000000000e-01   8.2382927782235627e-01   8.2371601648795556e-01   1.1326133440070496e-04
   2.6953125000000000e-01   8.7901560388209188e-01   8.7566689186749325e-01   3.3487120145986315e-03
   2.7734375000000000e-01   9.3423623184251714e-01   9.3032916090459095e-01   3.9070709379261936e-03
   2.8515625000000000e-01   9.8546053866298156e-01   9.8545482114370087e-01   5.7175192806901975e-06
   2.9296875000000000e-01   1.0412733117617987e+00   1.0390270344236192e+00   2.2462773381795031e-03
   3.0078125000000000e-01   1.0941781561859607e+00   1.0893711680648976e+00   4.8069881210630605e-03
   3.0859375000000000e-01   1.1359652972279766e+00   1.1352330090651632e+00   7.3228816281334375e-04
   3.1640625000000000e-01   1.1767403585520624e+00   1.1758187214679536e+00   9.2163708410875067e-04
   3.2421875000000000e-01   1.2159526738750168e+00   1.2107948917157734e+00   5.1577821592434514e-03
   3.3203125000000000e-01   1.2426243572795621e+00   1.2402508943524067e+00   2.3734629271554564e-03
   3.3984375000000000e-01   1.2646399272756503e+00   1.2646293853353123e+00   1.0541940338004707e-05
   3.4765625000000000e-01   1.2892015403098176e+00   1.2846336052421745e+00   4.5679350676430808e-03
   3.5546875000000000e-01   1.3055543581354510e+00   1.3011220455894406e+00   4.4323125460103974e-03
   3.6328125000000000e-01   1.3152102561930470e+00   1.3150017117199260e+00   2.0854447312101954e-04
   3.7109375000000000e-01   1.3303270048773141e+00   1.3271306560780030e+00   3.1963487993111883e-03
   3.7890625000000000e-01   1.3442460503879010e+00   1.3382387494411667e+00   6.0073009467342953e-03
   3.8671875000000000e-01   1.3505754491605915e+00   1.3488730291167474e+00   1.7024200438440218e-03
   3.9453125000000000e-01   1.3611178890743352e+00   1.3593707394411543e+00   1.7471496331809000e-03
   4.0234375000000000e-01   1.3762215031815788e+00   1.3698597539880746e+00   6.3617491935041848e-03
   4.1015625000000000e-01   1.3841936834348358e+00   1.3802828507412113e+00   3.9108326936245774e-03
   4.1796875000000000e-01   1.3914481519997568e+00   1.3904396811508699e+00   1.0084708488868888e-03
   4.2578125000000000e-01   1.4054660907637240e+00   1.4000385345853168e+00   5.4275561784071780e-03
   4.3359375000000000e-01   1.4146240739448823e+00   1.4087493419216468e+00   5.8747320232355182e-03
   4.4140625000000000e-01   1.4175660556574423e+00   1.4162498411330193e+00   1.3162145244229873e-03
   4.4921875000000000e-01   1.4260168889223750e+00   1.4222583572339520e+00   3.7585316884229947e-03
   4.5703125000000000e-01   1.4333878276192276e+00   1.4265490120448601e+00   6.8388155743674961e-03
   4.6484375000000000e-01   1.4313712789363193e+00   1.4289480571423145e+00   2.4232217940047818e-03
   4.7265625000000000e-01   1.4313923476967911e+00   1.4293130347253971e+00   2.0793129713940761e-03
   4.8046875000000000e-01   1.4340887350752582e+00   1.4274992208431225e+00   6.5895142321357181e-03
   4.8828125000000000e-01   1.4271127837305717e+00   1.4233199345104770e+00   3.7928492200947073e-03
   4.9609375000000000e-01   1.4173953337712419e+00   1.4165085247141427e+00   8.8680905709925817e-04
   5.0390625000000000e-01   1.4120180701448470e+00   1.4066900102479465e+00   5.3280598969005499e-03
   5.1171875000000000e-01   1.3982988392709568e+00   1.3933694130212646e+00   4.9294262496921704e-03
   5.1953125000000000e-01   1.3763343982420129e+00   1.3759418984654270e+00   3.9249977658584179e-04
   5.2734375000000000e-01   1.3571399365136554e+00   1.3537271442592653e+00   3.4127922543900624e-03
   5.3515625000000000e-01   1.3314446471062913e+00   1.3260272231111145e+00   5.4174239951767511e-03
   5.4296875000000000e-01   1.2928131383335879e+00   1.2922040838607765e+00   6.0905447281145442e-04
   5.5078125000000000e-01   1.2530561170577046e+00   1.2517698367436603e+00   1.2862803140443191e-03
   5.5859375000000000e-01   1.2094449638082696e+00   1.2044808477166455e+00   4.9641160916240601e-03
   5.6640625000000000e-01   1.1517957490213979e+00   1.1504254017730049e+00   1.3703472483930224e-03
   5.7421875000000000e-01   1.0896099292970869e+00   1.0900945779895181e+00   4.8464869243125541e-04
   5.8203125000000000e-01   1.0278886054771610e+00   1.0244270326778511e+00   3.4615727993099199e-03
   5.8984375000000000e-01   9.5706012668042384e-01   9.5482052178550125e-01   2.2396048949225866e-03
   5.9765625000000000e-01   8.8179767610546933e-01   8.8310599424517200e-01   1.3083181397026689e-03
   6.0546875000000000e-01   8.1272534321922807e-01   8.1148363858931749e-01   1.2417046299105783e-03
   6.1328125000000000e-01   7.4500378503134745e-01   7.4242398295887191e-01   2.5798020724755455e-03
   6.2109375000000000e-01   6.7763156483724829e-01   6.7854062762203460e-01   9.0906278478630753e-04
   6.2890625000000000e-01   6.2160290807621865e-01   6.2244404753411531e-01   8.4113945789665578e-04
   6.3671875000000000e-01   5.7852237433381759e-01   5.7658782608196757e-01   1.9345482518500212e-03
   6.4453125000000000e-01   5.4349069725062260e-01   5.4311946243413722e-01   3.7123481648537737e-04
   6.5234375000000000e-01   5.2198468358238981e-01   5.2374745728694694e-01   1.7627737045571301e-03
   6.6015625000000000e-01   5.2011256571482845e-01   5.1963478918326023e-01   4.7777653156821920e-04
   6.6796875000000000e-01   5.3299834496373433e-01   5.3132634221540098e-01   1.6720027483333455e-03
   6.7578125000000000e-01   5.5771489082319814e-01   5.5871463966709212e-01   9.9974884389397722e-04
   6.8359375000000000e-01   6.0010542799956090e-01   6.0104474866647040e-01   9.3932066690949334e-04
   6.9140625000000000e-01   6.5916236129764649e-01   6.5695584123102413e-01   2.2065200666223639e-03
   6.9921875000000000e-01   7.2562268674567854e-01   7.2455399114859531e-01   1.0686955970832246e-03
   7.0703125000000000e-01   8.0017948244677406e-01   8.0150864463363480e-01   1.3291621868607439e-03
   7.1484375000000000e-01   8.8695908698908288e-01   8.8516400887280766e-01   1.7950781162752172e-03
   7.2265625000000000e-01   9.7605572740884772e-01   9.7265641511069356e-01   3.3993122981541557e-03
   7.3046875000000000e-01   1.0607831069278366e+00   1.0610294645916070e+00   2.4635766377034685e-04
   7.3828125000000000e-01   1.1482435333861907e+00   1.1473402807906357e+00   9.0325259555501525e-04
   7.4609375000000000e-01   1.2336917964598593e+00   1.2287522155537072e+00   4.9395809061520968e-03
   8.7890625000000000e-01   5.8804557234274324e-01   5.8457888458454055e-01   3.4666877582026911e-03
   8.8671875000000000e-01   4.6491959627130031e-01   4.6466335416921778e-01   2.5624210208252673e-04
   8.9453125000000000e-01   3.5327714829855161e-01   3.5208227126517289e-01   1.1948770333787273e-03
   9.0234375000000000e-01   2.5281977258285854e-01   2.5041851657776476e-01   2.4012560050937770e-03
   9.1015625000000000e-01   1.6341581740450792e-01   1.6300101211533916e-01   4.1480528916876258e-04
   9.1796875000000000e-01   9.2959532361937963e-02   9.2757927136573493e-02   2.0160522536447067e-04
   9.2578125000000000e-01   4.3038894740518523e-02   4.2081156139890205e-02   9.5773860062831756e-04
   9.3359375000000000e-01   1.2894520453041219e-02   1.2711523942421111e-02   1.8299651062010820e-04
   9.4140625000000000e-01   5.8763324141328415e-03   5.6531412422008995e-03   2.2319117193194196e-04
   9.4921875000000000e-01   2.1281489397751079e-02   2.1123455430296978e-02   1.5803396745410134e-04
   9.5703125000000000e-01   5.8053117030049922e-02   5.8542979957099124e-02   4.8986292704920192e-04
   9.6484375000000000e-01   1.1722734154070201e-01   1.1656569110552596e-01   6.6165043517604771e-04
   9.7265625000000000e-01   1.9376827027634178e-01   1.9314795947263882e-01   6.2031080370295033e-04
   9.8046875000000000e-01   2.8463775461558893e-01   2.8565095875976809e-01   1.0132041441791584e-03
   9.8828125000000000e-01   3.9180085102601953e-01   3.9096906764055506e-01   8.3178338546446851e-04
   9.9609375000000000e-01   5.0780085873319791e-01   5.0567509243074371e-01   2.1257663024542017e-03
   7.5390625000000000e-01   1.3045717374421915e+00   1.3026115954342028e+00   1.9601420079886633e-03
   7.6171875000000000e-01   1.3667534573540154e+00   1.3665082535872237e+00   2.4520376679171285e-04
   7.6953125000000000e-01   1.4234686366164377e+00   1.4183214148911352e+00   5.1472217253025754e-03
   7.7734375000000000e-01   1.4606545061331648e+00   1.4562537961831994e+00   4.4007099499654423e-03
   7.8515625000000000e-01   1.4791817822082867e+00   1.4788574395808050e+00   3.2434262748171072e-04
   7.9296875000000000e-01   1.4891950009619166e+00   1.4850547920062305e+00   4.1402089556861199e-03
   8.0078125000000000e-01   1.4802571232752955e+00   1.4741579359630439e+00   6.0991873122515639e-03
   8.0859375000000000e-01   1.4470995101814144e+00   1.4458877887035784e+00   1.2117214778359919e-03
   8.1640625000000000e-01   1.4029052405459039e+00   1.4003936906804861e+00   2.5115498654177948e-03
   8.2421875000000000e-01   1.3446622430484447e+00   1.3382722958987905e+00   6.3899471496542404e-03
   8.3203125000000000e-01   1.2630866812539525e+00   1.2605832599019846e+00   2.5034213519679049e-03
   8.3984375000000000e-01   1.1698988528313599e+00   1.1688580841546896e+00   1.0407686766702451e-03
   8.4765625000000000e-01   1.0702971115063245e+00   1.0650977795039949e+00   5.1993320023295819e-03
   8.5546875000000000e-01   9.5522763758646323e-01   9.5175487253017810e-01   3.4727650562851320e-03
   8.6328125000000000e-01   8.3198126740207368e-01   8.3169575940884577e-01   2.8550799322790699e-04
   8.7109375000000000e-01   7.1127043617804553e-01   7.0814051127646427e-01   3.1299249015812602e-03
