#                  Coord.                Numerical               Analytical                    Error
   3.9062500000000000e-03   5.6093816457990020e-01   5.6119937456627567e-01   2.6120998637546577e-04
   1.1718750000000000e-02   2.8689746883314715e-02   2.8625965418604762e-02   6.3781464709953412e-05
   1.9531250000000000e-02  -5.7909081383348671e-01  -5.7940268034792441e-01   3.1186651443770863e-04
   2.7343750000000000e-02  -8.1617858888430495e-01  -8.1641051942583720e-01   2.3193054153225479e-04
   3.5156250000000000e-02  -4.4956498483292118e-01  -4.4946802466808411e-01   9.6960164837067708e-05
   4.2968750000000000e-02   3.0691914291593658e-01   3.0726156090405099e-01   3.4241798811440738e-04
   5.0781250000000000e-02   8.9032740492953444e-01   8.9057553460032135e-01   2.4812967078691184e-04
   5.8593750000000000e-02   8.0653558459391672e-01   8.0642258866916183e-01   1.1299592475488840e-04
   6.6406250000000000e-02   5.8201914398088139e-02   5.7804814558562546e-02   3.9709983952559286e-04
   7.4218750000000000e-02  -7.9587591698666860e-01  -7.9619176826484661e-01   3.1585127817801428e-04
   8.2031250000000000e-02  -1.0554093344115623e+00  -1.0553257675723235e+00   8.3566839238713442e-05
   8.9843750000000000e-02  -4.6057685111854907e-01  -4.6013203246611362e-01   4.4481865243545249e-04
   9.7656250000000000e-02   5.5070439039375729e-01   5.5112818695819232e-01   4.2379656443503055e-04
   1.0546875000000000e-01   1.1633141632588542e+00   1.1633222785135697e+00   8.1152547155571852e-06
   1.1328125000000000e-01   8.4933085096177829e-01   8.4887772156759700e-01   4.5312939418129528e-04
   1.2109375000000000e-01  -1.7383225336263070e-01  -1.7437835009534916e-01   5.4609673271846515e-04
   1.2890625000000000e-01  -1.0935225194842051e+00  -1.0936828324165337e+00   1.6031293232865451e-04
   1.3671875000000000e-01  -1.1566613215300932e+00  -1.1562605520880629e+00   4.0076944203026876e-04
   1.4453125000000000e-01  -2.9204382180712674e-01  -2.9139124975668246e-01   6.5257205044427780e-04
   1.5234375000000000e-01   8.2058124911164887e-01   8.2093770753100048e-01   3.5645841935161293e-04
   1.6015625000000000e-01   1.2966974678016692e+00   1.2964264604808429e+00   2.7100732082629975e-04
   1.6796875000000000e-01   7.5902005822026042e-01   7.5831154487507746e-01   7.0851334518295950e-04
   1.7578125000000000e-01  -3.6603262726599251e-01  -3.6660040198679417e-01   5.6777472080166147e-04
   1.8359375000000000e-01  -1.1985084423445362e+00  -1.1984371977388411e+00   7.1244605695186536e-05
   1.9140625000000000e-01  -1.1042402194665928e+00  -1.1035494530197454e+00   6.9076644684740174e-04
   1.9921875000000000e-01  -1.7850221994914184e-01  -1.7774410659072945e-01   7.5811335841238781e-04
   2.0703125000000000e-01   8.5431700419451573e-01   8.5449513579132530e-01   1.7813159680957202e-04
   2.1484375000000000e-01   1.2178043740839337e+00   1.2172155821892283e+00   5.8879189470539828e-04
   2.2265625000000000e-01   6.6973692542557606e-01   6.6884202725942266e-01   8.9489816615340168e-04
   2.3046875000000000e-01  -3.4525178123959827e-01  -3.4570038384679780e-01   4.4860260719953304e-04
   2.3828125000000000e-01  -1.0615549527865682e+00  -1.0611500100208218e+00   4.0494276574642996e-04
   2.4609375000000000e-01  -9.7182842598066754e-01  -9.7087676504999831e-01   9.5166093066922919e-04
   2.5390625000000000e-01  -1.8235046210636296e-01  -1.8164747809610227e-01   7.0298401026069879e-04
   2.6171875000000000e-01   6.9744510449168906e-01   6.9728269984663371e-01   1.6240464505534735e-04
   2.6953125000000000e-01   1.0227431151350717e+00   1.0218235405547780e+00   9.1957458029368055e-04
   2.7734375000000000e-01   5.8345160150342357e-01   5.8254104402854201e-01   9.1055747488155703e-04
   2.8515625000000000e-01  -2.6046859271106704e-01  -2.6058415051404943e-01   1.1555780298239116e-04
   2.9296875000000000e-01  -8.6393254000891995e-01  -8.6313237965677736e-01   8.0016035214258707e-04
   3.0078125000000000e-01  -7.8463750848827907e-01  -7.8358878793968878e-01   1.0487205485902873e-03
   3.0859375000000000e-01  -1.1178229560295420e-01  -1.1138411890668662e-01   3.9817669626758534e-04
   3.1640625000000000e-01   6.1087117913525968e-01   6.1026495213924892e-01   6.0622699601076135e-04
   3.2421875000000000e-01   8.1300308817006950e-01   8.1189900270033710e-01   1.1040854697323965e-03
   3.3203125000000000e-01   3.4973899179664780e-01   3.4908168173188919e-01   6.5731006475860942e-04
   3.3984375000000000e-01  -3.8142460281780288e-01  -3.8106616882208971e-01   3.5843399571316992e-04
   3.4765625000000000e-01  -7.6443965414749515e-01  -7.6336438312109822e-01   1.0752710263969290e-03
   3.5546875000000000e-01  -4.7761527759738476e-01  -4.7674121666131325e-01   8.7406093607150792e-04
   3.6328125000000000e-01   2.2804984831246392e-01   2.2797459138682841e-01   7.5256925635508454e-05
   3.7109375000000000e-01   7.3271702419357820e-01   7.3175252445168826e-01   9.6449974188994592e-04
   3.7890625000000000e-01   5.7921447184036168e-01   5.7818329956770464e-01   1.0311722726570327e-03
   3.8671875000000000e-01  -1.1690638459271130e-01  -1.1712608227689646e-01   2.1969768418515778e-04
   3.9453125000000000e-01  -7.4634465984625398e-01  -7.4556327608433604e-01   7.8138376191794201e-04
   4.0234375000000000e-01  -7.2862824774234169e-01  -7.2750907195832304e-01   1.1191757840186556e-03
   4.1015625000000000e-01  -3.5406996521369027e-02  -3.4901379395182959e-02   5.0561712618606841e-04
   4.1796875000000000e-01   7.5290923966066825e-01   7.5236855526126079e-01   5.4068439940746504e-04
   4.2578125000000000e-01   9.3184480967192540e-01   9.3071395857417927e-01   1.1308510977461328e-03
   4.3359375000000000e-01   2.9410233071292285e-01   2.9334121099439969e-01   7.6111971852316218e-04
   4.4140625000000000e-01  -6.5796905947422046e-01  -6.5770938618266250e-01   2.5967329155796026e-04
   4.4921875000000000e-01  -1.1151291369369656e+00  -1.1140641470125394e+00   1.0649899244261629e-03
   4.5703125000000000e-01  -6.5104983934282701e-01  -6.5008437986709444e-01   9.6545947573256630e-04
   4.6484375000000000e-01   3.9199318477244427e-01   3.9203158272352140e-01   3.8397951077129289e-05
   4.7265625000000000e-01   1.1651561822694929e+00   1.1642284555537310e+00   9.2772671576191179e-04
   4.8046875000000000e-01   1.0147543516864790e+00   1.0136518351080810e+00   1.1025165783979940e-03
   4.8828125000000000e-01   3.5062336448779818e-02   3.4733284132797415e-02   3.2905231598240325e-04
   4.9609375000000000e-01  -9.9632363831192272e-01  -9.9559194626219960e-01   7.3169204972312052e-04
   5.0390625000000000e-01  -1.2505320593284963e+00  -1.2493699299961689e+00   1.1621293323273996e-03
   5.1171875000000000e-01  -5.2233369008547470e-01  -5.2174601445695867e-01   5.8767562851602673e-04
   5.1953125000000000e-01   6.0778204729877394e-01   6.0728460562608833e-01   4.9744167268561679e-04
   5.2734375000000000e-01   1.2494491358226143e+00   1.2483033502882446e+00   1.1457855343697254e-03
   5.3515625000000000e-01   9.1707847491912542e-01   9.1628620867637600e-01   7.9226624274941759e-04
   5.4296875000000000e-01  -9.8977543593230105e-02  -9.8726183077601476e-02   2.5136051562862916e-04
   5.5078125000000000e-01  -9.9028193637646367e-01  -9.8921789908058044e-01   1.0640372958832245e-03
   5.5859375000000000e-01  -1.0860612039884605e+00  -1.0851270578729417e+00   9.3414611551878579e-04
   5.6640625000000000e-01  -3.6723406217885091e-01  -3.6724954128734039e-01   1.5479108489480087e-05
   5.7421875000000000e-01   5.6096007617417509e-01   5.6002404721524957e-01   9.3602895892552773e-04
   5.8203125000000000e-01   9.8363896569482479e-01   9.8262383153370303e-01   1.0151341611217557e-03
   5.8984375000000000e-01   6.3837921167821543e-01   6.3818478156823921e-01   1.9443010997621801e-04
   5.9765625000000000e-01  -1.2460810976159303e-01  -1.2382550154149510e-01   7.8260822009793007e-04
   6.0546875000000000e-01  -6.7956649969042215e-01  -6.7852098828420315e-01   1.0455114062190018e-03
   6.1328125000000000e-01  -6.4607026734055650e-01  -6.4569865083268208e-01   3.7161650787442824e-04
   6.2109375000000000e-01  -1.5551637012758152e-01  -1.5613788480765098e-01   6.2151468006946264e-04
   6.2890625000000000e-01   3.2862840377994207e-01   3.2758772781517570e-01   1.0406759647663688e-03
   6.3671875000000000e-01   4.3938772536661447e-01   4.3886737946486043e-01   5.2034590175403794e-04
   6.4453125000000000e-01   1.9317700191340262e-01   1.9363850721844378e-01   4.6150530504115994e-04
   6.5234375000000000e-01  -9.6595142021297098e-02  -9.5580080019569413e-02   1.0150620017276846e-03
   6.6015625000000000e-01  -1.5886613804527072e-01  -1.5821984271336534e-01   6.4629533190538324e-04
   6.6796875000000000e-01  -1.6519233025014457e-02  -1.6824436686272228e-02   3.0520366125777118e-04
   6.7578125000000000e-01   8.2940493983108876e-02   8.1964674241712457e-02   9.7581974139641925e-04
   6.8359375000000000e-01  -3.3303718073577404e-02  -3.4063743550536721e-02   7.6002547695931677e-04
   6.9140625000000000e-01  -2.5239245535988269e-01  -2.5224636983932563e-01   1.4608552055705992e-04
   6.9921875000000000e-01  -2.8119806624729871e-01  -2.8027595555384266e-01   9.2211069345604635e-04
   7.0703125000000000e-01   2.6904673814369340e-02   2.7769188662888182e-02   8.6451484851884225e-04
   7.1484375000000000e-01   4.5930247845034411e-01   4.5932462742675556e-01   2.2148976411451304e-05
   7.2265625000000000e-01   5.9209638615949889e-01   5.9125075150849526e-01   8.4563465100362389e-04
   7.3046875000000000e-01   1.9565107155493486e-01   1.9469805954423822e-01   9.5301201069664110e-04
   7.3828125000000000e-01  -4.8407614008248828e-01  -4.8427582826577198e-01   1.9968818328369720e-04
   7.4609375000000000e-01  -8.7315484778100028e-01  -8.7241662986148893e-01   7.3821791951134141e-04
   8.7890625000000000e-01   1.1328309430199395e+00   1.1320308038663442e+00   8.0013915359522514e-04
   8.8671875000000000e-01   8.4958190625667518e-01   8.4927445737892127e-01   3.0744887775391305e-04
   8.9453125000000000e-01  -1.3505132963167910e-02  -1.3093902960931899e-02   4.1123000223601026e-04
   9.0234375000000000e-01  -7.8848435298441366e-01  -7.8776386404342857e-01   7.2048894098508676e-04
   9.1015625000000000e-01  -9.4567248149986116e-01  -9.4528450283697418e-01   3.8797866288697858e-04
   9.1796875000000000e-01  -4.5157867475168634e-01  -4.5182447680616694e-01   2.4580205448060388e-04
   9.2578125000000000e-01   2.8166156075758919e-01   2.8105584720094351e-01   6.0571355664568172e-04
   9.3359375000000000e-01   7.4781218372831026e-01   7.4740596592727215e-01   4.0621780103811123e-04
   9.4140625000000000e-01   6.9267397060552771e-01   6.9279775652884423e-01   1.2378592331652172e-04
   9.4921875000000000e-01   2.2204186470312270e-01   2.2252656271466836e-01   4.8469801154565895e-04
   9.5703125000000000e-01  -3.3527015444420549e-01  -3.3489450694730255e-01   3.7564749690294219e-04
   9.6484375000000000e-01  -6.5314308073932659e-01  -6.5319882905614512e-01   5.5748316818537980e-05
   9.7265625000000000e-01  -5.7139670031850964e-01  -5.7178041496967402e-01   3.8371465116437964e-04
   9.8046875000000000e-01  -1.4812813032877092e-01  -1.4844624779745380e-01   3.1811746868287694e-04
   9.8828125000000000e-01   3.7673714099403288e-01   3.7677786201273850e-01   4.0721018705613954e-05
   9.9609375000000000e-01   6.8787548167417056e-01   6.8819873386968722e-01   3.2325219551665452e-04
   7.5390625000000000e-01  -5.6286222733366575e-01  -5.6184810233160698e-01   1.0141250020587744e-03
   7.6171875000000000e-01   2.8172358410624643e-01   2.8210513879458138e-01   3.8155468833495076e-04
   7.6953125000000000e-01   9.9465408250206244e-01   9.9406133970668276e-01   5.9274279537968599e-04
   7.7734375000000000e-01   9.4797628436406201e-01   9.4694246325751463e-01   1.0338211065473724e-03
   7.8515625000000000e-01   1.0925852449402862e-01   1.0870620783998193e-01   5.5231665404668895e-04
   7.9296875000000000e-01  -8.8097736700715390e-01  -8.8056320582660663e-01   4.1416118054726780e-04
   8.0078125000000000e-01  -1.2126316910881392e+00  -1.2116318668054571e+00   9.9982428268208245e-04
   8.0859375000000000e-01  -5.8241867159885685e-01  -5.8172470506478635e-01   6.9396653407050035e-04
   8.1640625000000000e-01   5.3255435243812066e-01   5.3234009215824840e-01   2.1426027987225815e-04
   8.2421875000000000e-01   1.2488073329242435e+00   1.2478976523103125e+00   9.0968061393104094e-04
   8.3203125000000000e-01   9.9385372543512907e-01   9.9306375948469217e-01   7.8996595043689943e-04
   8.3984375000000000e-01  -2.9746434286735679e-02  -2.9734749607903226e-02   1.1684678832453443e-05
   8.4765625000000000e-01  -1.0151147801129086e+00  -1.0143458265477994e+00   7.6895356510919832e-04
   8.5546875000000000e-01  -1.2050547369911879e+00  -1.2042285951645704e+00   8.2614182661755464e-04
   8.6328125000000000e-01  -4.8476468137929662e-01  -4.8459585555966084e-01   1.6882581963578724e-04
   8.7109375000000000e-01   5.5952688148617646e-01   5.5893155168662245e-01   5.9532979955401188e-04
