#                  Coord.                Numerical               Analytical                    Error
   3.9062500000000000e-03  -1.1828936047356131e+00  -1.1822712420165920e+00   6.2236271902116336e-04
   1.1718750000000000e-02  -1.2264643942151388e+00  -1.2259375587125285e+00   5.2683550261023449e-04
   1.9531250000000000e-02  -3.0012147416601720e-01  -3.0007283819318886e-01   4.8635972828336982e-05
   2.7343750000000000e-02   8.5341024065885385e-01   8.5294472515287800e-01   4.6551550597584423e-04
   3.5156250000000000e-02   1.3121424177723466e+00   1.3115040829067797e+00   6.3833486556696961e-04
   4.2968750000000000e-02   7.1424183161056010e-01   7.1391484597186583e-01   3.2698563869426600e-04
   5.0781250000000000e-02  -4.5021020805674994e-01  -4.4996801483211663e-01   2.4219322463331361e-04
   5.8593750000000000e-02  -1.2353595443502865e+00  -1.2347253139684069e+00   6.3423038187959691e-04
   6.6406250000000000e-02  -1.0075616707441237e+00  -1.0070315944376338e+00   5.3007630648993498e-04
   7.4218750000000000e-02   3.8437170549659672e-02   3.8439131973539598e-02   1.9614238799259276e-06
   8.2031250000000000e-02   1.0399077294898582e+00   1.0393734007962880e+00   5.3432869357017410e-04
   8.9843750000000000e-02   1.1756630396820491e+00   1.1750223733853262e+00   6.4066629672288045e-04
   9.7656250000000000e-02   3.4226339007680251e-01   3.4203486967808383e-01   2.2852039871867902e-04
   1.0546875000000000e-01  -7.6317679370477343e-01  -7.6280875849879159e-01   3.6803520598183148e-04
   1.1328125000000000e-01  -1.2241325186825667e+00  -1.2234747714601613e+00   6.5774722240541372e-04
   1.2109375000000000e-01  -6.6680063482302210e-01  -6.6639244872476122e-01   4.0818609826087648e-04
   1.2890625000000000e-01   4.3319562946248602e-01   4.3302452273698111e-01   1.7110672550491035e-04
   1.3671875000000000e-01   1.1552505027111120e+00   1.1546486163042000e+00   6.0188640691194450e-04
   1.4453125000000000e-01   9.0727578335770587e-01   9.0674518157010198e-01   5.3060178760389043e-04
   1.5234375000000000e-01  -8.4097008574191168e-02  -8.4127086619434716e-02   3.0078045243547846e-05
   1.6015625000000000e-01  -9.7705426381869975e-01  -9.7657117553250650e-01   4.8308828619325617e-04
   1.6796875000000000e-01  -1.0325171789865690e+00  -1.0319303806649887e+00   5.8679832158037293e-04
   1.7578125000000000e-01  -2.3252343177127199e-01  -2.3231521903871011e-01   2.0821273256188544e-04
   1.8359375000000000e-01   7.2352543812445047e-01   7.2319348984994725e-01   3.3194827450322428e-04
   1.9140625000000000e-01   1.0301600005320088e+00   1.0295775075146962e+00   5.8249301731261305e-04
   1.9921875000000000e-01   4.6119855481716687e-01   4.6085331008626562e-01   3.4524473090125074e-04
   2.0703125000000000e-01  -4.5857271966723795e-01  -4.5840124237894775e-01   1.7147728829020048e-04
   2.1484375000000000e-01  -9.2994430898970404e-01  -9.2941820533021635e-01   5.2610365948768667e-04
   2.2265625000000000e-01  -5.7623346544569420e-01  -5.7580544451422633e-01   4.2802093146787623e-04
   2.3046875000000000e-01   2.4884811920527095e-01   2.4882313462065209e-01   2.4984584618858996e-05
   2.3828125000000000e-01   7.9907950426643315e-01   7.9864762157201330e-01   4.3188269441984950e-04
   2.4609375000000000e-01   6.0527762492222170e-01   6.0482734449772368e-01   4.5028042449801742e-04
   2.5390625000000000e-01  -1.2164627268979061e-01  -1.2173194337442954e-01   8.5670684638924910e-05
   2.6171875000000000e-01  -7.0294167232664539e-01  -7.0261806698284190e-01   3.2360534380349026e-04
   2.6953125000000000e-01  -6.1475508952750579e-01  -6.1433678443913020e-01   4.1830508837559233e-04
   2.7734375000000000e-01   4.4647441199824806e-02   4.4796965217606684e-02   1.4952401778187824e-04
   2.8515625000000000e-01   6.5841962321867831e-01   6.5820795338755067e-01   2.1166983112763660e-04
   2.9296875000000000e-01   6.6043798238531448e-01   6.6009844845856069e-01   3.3953392675378780e-04
   3.0078125000000000e-01   4.8519177654505918e-02   4.8359653657052158e-02   1.5952399745376017e-04
   3.0859375000000000e-01  -6.2045523427812532e-01  -6.2033531208822490e-01   1.1992218990042325e-04
   3.1640625000000000e-01  -7.4012978769063775e-01  -7.3989605852568596e-01   2.3372916495179030e-04
   3.2421875000000000e-01  -2.0088994277198088e-01  -2.0076967274691523e-01   1.2027002506564966e-04
   3.3203125000000000e-01   5.1912202805690255e-01   5.1906193493870478e-01   6.0093118197768192e-05
   3.3984375000000000e-01   7.8961470486909469e-01   7.8949495736121122e-01   1.1974750788346089e-04
   3.4765625000000000e-01   3.8729392067934298e-01   3.8725174266624074e-01   4.2178013102245338e-05
   3.5546875000000000e-01  -3.2304589674984907e-01  -3.2300703719352908e-01   3.8859556319992272e-05
   3.6328125000000000e-01  -7.3131920943107320e-01  -7.3130296004860740e-01   1.6249382465804985e-05
   3.7109375000000000e-01  -5.2135231872677501e-01  -5.2141204712774070e-01   5.9728400965686212e-05
   3.7890625000000000e-01   7.9718819723835821e-02   7.9661900288286985e-02   5.6919435548835606e-05
   3.8671875000000000e-01   5.4217317841999246e-01   5.4223254226325790e-01   5.9363843265436422e-05
   3.9453125000000000e-01   5.1511406562054463e-01   5.1528073315590750e-01   1.6666753536287437e-04
   4.0234375000000000e-01   1.0286644507419412e-01   1.0297402890245838e-01   1.0758382826425716e-04
   4.1015625000000000e-01  -2.8845734344670515e-01  -2.8856158842800367e-01   1.0424498129851800e-04
   4.1796875000000000e-01  -3.5018905839522069e-01  -3.5045477631928124e-01   2.6571792406054895e-04
   4.2578125000000000e-01  -1.2565500526453055e-01  -1.2583523210647299e-01   1.8022684194243799e-04
   4.3359375000000000e-01   9.6938870303561867e-02   9.7051234242999981e-02   1.1236393943811485e-04
   4.4140625000000000e-01   1.0729256741485105e-01   1.0763405774550826e-01   3.4149033065720980e-04
   4.4921875000000000e-01  -2.7877669495707844e-02  -2.7617332014045207e-02   2.6033748166263623e-04
   4.5703125000000000e-01  -7.7222964918569781e-02  -7.7311820837437498e-02   8.8855918867716821e-05
   4.6484375000000000e-01   7.1445758046212116e-02   7.1058340916114085e-02   3.8741713009803058e-04
   4.7265625000000000e-01   2.6659809390035089e-01   2.6626204526031283e-01   3.3604864003805579e-04
   4.8046875000000000e-01   2.4622110950204007e-01   2.4626370412459098e-01   4.2594622550906625e-05
   4.8828125000000000e-01  -6.6465670156278578e-02  -6.6061778300708904e-02   4.0389185556967411e-04
   4.9609375000000000e-01  -4.3588873731683597e-01  -4.3548854482497168e-01   4.0019249186429295e-04
   5.0390625000000000e-01  -5.0589905886922160e-01  -5.0588266040012930e-01   1.6398469092293588e-05
   5.1171875000000000e-01  -1.4192810583291079e-01  -1.4232428063848435e-01   3.9617480557355145e-04
   5.1953125000000000e-01   4.0606737278402971e-01   4.0561691991991411e-01   4.5045286411560248e-04
   5.2734375000000000e-01   6.9128516074602342e-01   6.9120316770093082e-01   8.1993045092598749e-05
   5.3515625000000000e-01   4.5227514190135654e-01   4.5264917810301913e-01   3.7403620166259754e-04
   5.4296875000000000e-01  -1.5148282378068534e-01  -1.5099037272369037e-01   4.9245105699496916e-04
   5.5078125000000000e-01  -6.6139623178722307e-01  -6.6124509269420828e-01   1.5113909301478490e-04
   5.5859375000000000e-01  -6.9098507380974095e-01  -6.9132742768973632e-01   3.4235387999537181e-04
   5.6640625000000000e-01  -2.2708735746297126e-01  -2.2761732213848501e-01   5.2996467551374993e-04
   5.7421875000000000e-01   3.8023480835930218e-01   3.8001074187802658e-01   2.2406648127559770e-04
   5.8203125000000000e-01   7.0382679407218429e-01   7.0413220255505216e-01   3.0540848286786382e-04
   5.8984375000000000e-01   5.4962213086608069e-01   5.5019250001988429e-01   5.7036915380359599e-04
   5.9765625000000000e-01   5.7657271608792193e-02   5.7966581293165259e-02   3.0930968437306583e-04
   6.0546875000000000e-01  -4.3881565785486770e-01  -4.3907324281250310e-01   2.5758495763539280e-04
   6.1328125000000000e-01  -6.4687275442030512e-01  -6.4748814949116207e-01   6.1539507085695000e-04
   6.2109375000000000e-01  -4.6977226279094175e-01  -4.7018902929837064e-01   4.1676650742888954e-04
   6.2890625000000000e-01  -2.3324475414092549e-02  -2.3138840345783927e-02   1.8563506830862261e-04
   6.3671875000000000e-01   4.4474048110978620e-01   4.4539699446702247e-01   6.5651335723626580e-04
   6.4453125000000000e-01   6.7185788729335449e-01   6.7240764055041968e-01   5.4975325706518863e-04
   6.5234375000000000e-01   5.0437477619630577e-01   5.0430068436017284e-01   7.4091836132939015e-05
   6.6015625000000000e-01  -1.0189245787162182e-03  -1.6941438541968601e-03   6.7521927548064189e-04
   6.6796875000000000e-01  -5.6285519705851672e-01  -5.6355614470878401e-01   7.0094765026729178e-04
   6.7578125000000000e-01  -8.0840566447926210e-01  -8.0849536559481361e-01   8.9701115551510391e-05
   6.8359375000000000e-01  -5.1986285097451868e-01  -5.1921803939320443e-01   6.4481158131424188e-04
   6.9140625000000000e-01   1.6871447188662880e-01   1.6956160573150375e-01   8.4713384487494769e-04
   6.9921875000000000e-01   8.0571012166258615e-01   8.0601374513515300e-01   3.0362347256684963e-04
   7.0703125000000000e-01   9.1732180216645254e-01   9.1677912152962415e-01   5.4268063682838541e-04
   7.1484375000000000e-01   3.7071074725916658e-01   3.6975388318908659e-01   9.5686407007999907e-04
   7.2265625000000000e-01  -4.8369810892735043e-01  -4.8425018591693603e-01   5.5207698958559259e-04
   7.3046875000000000e-01  -1.0353905427754202e+00  -1.0350365009339511e+00   3.5404184146914375e-04
   7.3828125000000000e-01  -8.6008411017072961e-01  -8.5909039339457871e-01   9.9371677615089915e-04
   7.4609375000000000e-01  -5.2672933117021925e-02  -5.1869478404125695e-02   8.0345471289623022e-04
   8.7890625000000000e-01   1.0009487823010277e+00   1.0003324200832098e+00   6.1636221781791178e-04
   8.8671875000000000e-01  -2.0333353980673485e-02  -2.0003266957792226e-02   3.3008702288125913e-04
   8.9453125000000000e-01  -1.0480441737323709e+00  -1.0470697280441246e+00   9.7444568824633926e-04
   9.0234375000000000e-01  -1.3013977408911082e+00  -1.3005745832961828e+00   8.2315759492535001e-04
   9.1015625000000000e-01  -5.6896806094095220e-01  -5.6892531557355064e-01   4.2745367401564316e-05
   9.1796875000000000e-01   6.0905310054779260e-01   6.0833218370259712e-01   7.2091684519548505e-04
   9.2578125000000000e-01   1.3360504945281142e+00   1.3351692749823034e+00   8.8121954581077411e-04
   9.3359375000000000e-01   1.0451217840083313e+00   1.0447562924078291e+00   3.6549160050225460e-04
   9.4140625000000000e-01  -5.2360527633375148e-02  -5.1978144403113054e-02   3.8238323026209414e-04
   9.4921875000000000e-01  -1.1157826257201375e+00  -1.1149961431730144e+00   7.8648254712310184e-04
   9.5703125000000000e-01  -1.3205827542373363e+00  -1.3199980201252053e+00   5.8473411213100235e-04
   9.6484375000000000e-01  -5.0294605948682758e-01  -5.0296794356716468e-01   2.1884080337097878e-05
   9.7265625000000000e-01   7.0418759749832360e-01   7.0362273747675974e-01   5.6486002156386217e-04
   9.8046875000000000e-01   1.3597714537235148e+00   1.3591018188293729e+00   6.6963489414195720e-04
   9.8828125000000000e-01   9.5149472534481672e-01   9.5119917967923118e-01   2.9554566558553930e-04
   9.9609375000000000e-01  -1.9829212650073130e-01  -1.9802404010027758e-01   2.6808640045372645e-04
   7.5390625000000000e-01   8.1976154981956806e-01   8.1968093302880274e-01   8.0616790765319912e-05
   7.6171875000000000e-01   1.1237282220301827e+00   1.1228023167303289e+00   9.2590529985381309e-04
   7.6953125000000000e-01   6.2517757933576124e-01   6.2416589763080865e-01   1.0116817049525828e-03
   7.7734375000000000e-01  -3.3182498779850811e-01  -3.3207440209600741e-01   2.4941429749930633e-04
   7.8515625000000000e-01  -1.0667909561098330e+00  -1.0660524968014840e+00   7.3845930834903761e-04
   7.9296875000000000e-01  -1.0492791717973382e+00  -1.0481508286468433e+00   1.1283431504949260e-03
   8.0078125000000000e-01  -2.8045608822099033e-01  -2.7986729828316298e-01   5.8878993782734979e-04
   8.0859375000000000e-01   7.0137286426402579e-01   7.0092999315718918e-01   4.4287110683660647e-04
   8.1640625000000000e-01   1.1962854460932282e+00   1.1951691409178216e+00   1.1163051754066178e-03
   8.2421875000000000e-01   8.3883187513339041e-01   8.3795475032446010e-01   8.7712480893031852e-04
   8.3203125000000000e-01  -1.3236502322009261e-01  -1.3228677617934254e-01   7.8247040750073493e-05
   8.3984375000000000e-01  -1.0284484736828212e+00  -1.0274851361330313e+00   9.6333754978994435e-04
   8.4765625000000000e-01  -1.1937913199374302e+00  -1.1927331225604605e+00   1.0581973769696607e-03
   8.5546875000000000e-01  -4.8590823997790489e-01  -4.8561192114163465e-01   2.9631883627023736e-04
   8.6328125000000000e-01   5.9836974474893245e-01   5.9768272290260605e-01   6.8702184632640773e-04
   8.7109375000000000e-01   1.2642237738678048e+00   1.2631290583012182e+00   1.0947155665865793e-03
