#                  Coord.                Numerical               Analytical                    Error
   3.9062500000000000e-03   8.2355907159662534e-01   8.2187024425107857e-01   1.6888273455467617e-03
   1.1718750000000000e-02   2.7715493449027129e-01   2.7667022045084777e-01   4.8471403942351721e-04
   1.9531250000000000e-02  -5.5873908810228490e-01  -5.5762042877089923e-01   1.1186593313856630e-03
   2.7343750000000000e-02  -9.3291977571930873e-01  -9.3117476579588987e-01   1.7450099234188610e-03
   3.5156250000000000e-02  -4.8157037290844235e-01  -4.8069297033793168e-01   8.7740257051066584e-04
   4.2968750000000000e-02   4.3480019280387394e-01   4.3407486923144201e-01   7.2532357243193513e-04
   5.0781250000000000e-02   1.0270448791399207e+00   1.0253561949446117e+00   1.6886841953089871e-03
   5.8593750000000000e-02   7.5747536933135140e-01   7.5626937584712617e-01   1.2059934842252318e-03
   6.6406250000000000e-02  -1.8261019420211583e-01  -1.8231734479202244e-01   2.9284941009338761e-04
   7.4218750000000000e-02  -1.0158275002875994e+00  -1.0143079991115838e+00   1.5195011760156252e-03
   8.2031250000000000e-02  -1.0290242406566077e+00  -1.0275841630579980e+00   1.4400775986096459e-03
   8.9843750000000000e-02  -1.8192592937651589e-01  -1.8178154958575027e-01   1.4437979076561969e-04
   9.7656250000000000e-02   8.4360904194773734e-01   8.4236500544884396e-01   1.2440364988933750e-03
   1.0546875000000000e-01   1.2012762067805567e+00   1.1997270956774093e+00   1.5491111031473714e-03
   1.1328125000000000e-01   5.8252410606003879e-01   5.8198245087463474e-01   5.4165518540405522e-04
   1.2109375000000000e-01  -5.2092672647927951e-01  -5.2004167544262481e-01   8.8505103665470486e-04
   1.2890625000000000e-01  -1.2138474311477310e+00  -1.2123336503106406e+00   1.5137808370904171e-03
   1.3671875000000000e-01  -9.2846905158165938e-01  -9.2761642655387888e-01   8.5262502778049587e-04
   1.4453125000000000e-01   1.0970803474452850e-01   1.0922517516783205e-01   4.8285957669645663e-04
   1.5234375000000000e-01   1.0623190615466809e+00   1.0609844256215415e+00   1.3346359251393825e-03
   1.6015625000000000e-01   1.1577979606780220e+00   1.1567699877498954e+00   1.0279729281266192e-03
   1.6796875000000000e-01   3.1745007730908359e-01   3.1754585120228640e-01   9.5773893202810712e-05
   1.7578125000000000e-01  -7.8004769564878851e-01  -7.7901136583136521e-01   1.0363298174232982e-03
   1.8359375000000000e-01  -1.2475482062955210e+00  -1.2465054115040239e+00   1.0427947914970481e-03
   1.9140625000000000e-01  -7.0677301462142172e-01  -7.0655876823610408e-01   2.1424638531764018e-04
   1.9921875000000000e-01   4.0628263380487994e-01   4.0561174730776817e-01   6.7088649711177784e-04
   2.0703125000000000e-01   1.1940412948819641e+00   1.1931439823116643e+00   8.9731257029979083e-04
   2.1484375000000000e-01   1.0216462570999743e+00   1.0212529321720101e+00   3.9332492796417817e-04
   2.2265625000000000e-01   2.7179527746198501e-02   2.7486814735757151e-02   3.0728698955865066e-04
   2.3046875000000000e-01  -9.9226223216752041e-01  -9.9163851067807574e-01   6.2372148944467298e-04
   2.3828125000000000e-01  -1.2225240356693903e+00  -1.2221116994412506e+00   4.1233622813963144e-04
   2.4609375000000000e-01  -4.8222869876223340e-01  -4.8224348190756011e-01   1.4783145326713321e-05
   2.5390625000000000e-01   6.3937294203677542e-01   6.3909315299100744e-01   2.7978904576797525e-04
   2.6171875000000000e-01   1.2580354617091210e+00   1.2577598564672143e+00   2.7560524190661795e-04
   2.6953125000000000e-01   8.9425463003959038e-01   8.9410446702284241e-01   1.5016301674797283e-04
   2.7734375000000000e-01  -1.5979233586281372e-01  -1.5985205540680975e-01   5.9719543996028523e-05
   2.8515625000000000e-01  -1.0837171599970992e+00  -1.0837038742817848e+00   1.3285715314337310e-05
   2.9296875000000000e-01  -1.1732393873851541e+00  -1.1730845514002810e+00   1.5483598487309180e-04
   3.0078125000000000e-01  -3.7417229228405419e-01  -3.7385111177266001e-01   3.2118051139418125e-04
   3.0859375000000000e-01   6.9633014871391974e-01   6.9664069652155503e-01   3.1054780763528633e-04
   3.1640625000000000e-01   1.2337287867000284e+00   1.2337259413877515e+00   2.8453122769001027e-06
   3.2421875000000000e-01   8.4969131595921421e-01   8.4924391836797997e-01   4.4739759123424427e-04
   3.3203125000000000e-01  -1.5575412426961485e-01  -1.5637611212324451e-01   6.2198785362965747e-04
   3.3984375000000000e-01  -1.0351212552264650e+00  -1.0353915668851872e+00   2.7031165872215546e-04
   3.4765625000000000e-01  -1.1487130683404656e+00  -1.1483048889706200e+00   4.0817936984560710e-04
   3.5546875000000000e-01  -4.2349836478184916e-01  -4.2265169450785067e-01   8.4667027399848438e-04
   3.6328125000000000e-01   6.0591700242147106e-01   6.0651689107286111e-01   5.9988865139004588e-04
   3.7109375000000000e-01   1.1902190244826130e+00   1.1900064870850071e+00   2.1253739760584978e-04
   3.7890625000000000e-01   9.0597193425692213e-01   9.0503910945017740e-01   9.3282480674472534e-04
   3.8671875000000000e-01  -3.9802925099915953e-02  -4.0715821826024595e-02   9.1289672610864181e-04
   3.9453125000000000e-01  -9.5774382975391248e-01  -9.5784652240725088e-01   1.0269265333839872e-04
   4.0234375000000000e-01  -1.1750897211284377e+00  -1.1742369914331463e+00   8.5272969529137654e-04
   4.1015625000000000e-01  -5.2949999048437602e-01  -5.2836230530235551e-01   1.1376851820205092e-03
   4.1796875000000000e-01   5.0519888818351821e-01   5.0567324721388796e-01   4.7435903036974203e-04
   4.2578125000000000e-01   1.1643757461355961e+00   1.1637640229271065e+00   6.1172320848967843e-04
   4.3359375000000000e-01   9.6152366837700998e-01   9.6030612607676569e-01   1.2175423002442898e-03
   4.4140625000000000e-01   5.4141065728993798e-02   5.3314482769782838e-02   8.2658295921095998e-04
   4.4921875000000000e-01  -8.7648826365416976e-01  -8.7623956986808893e-01   2.4869378608083359e-04
   4.5703125000000000e-01  -1.1435431320267238e+00  -1.1424184449455783e+00   1.1246870811454368e-03
   4.6484375000000000e-01  -5.7108331426594827e-01  -5.6999708119375014e-01   1.0862330721981284e-03
   4.7265625000000000e-01   3.8976412969262830e-01   3.8993848425659899e-01   1.7435456397069116e-04
   4.8046875000000000e-01   1.0240085003556039e+00   1.0231471960893876e+00   8.6130426621622291e-04
   4.8828125000000000e-01   8.9693411896960495e-01   8.9574189614737942e-01   1.1922228222255304e-03
   4.9609375000000000e-01   1.5319798089832998e-01   1.5262104622106273e-01   5.7693467726724346e-04
   5.0390625000000000e-01  -6.3755216518406488e-01  -6.3708377082510104e-01   4.6839435896384174e-04
   5.1171875000000000e-01  -9.3012668480676219e-01  -9.2900915216994062e-01   1.1175326368215721e-03
   5.1953125000000000e-01  -5.8167437645183040e-01  -5.8078837946609541e-01   8.8599698573499364e-04
   5.2734375000000000e-01   1.0669972728300503e-01   1.0668842189772378e-01   1.1305385281254465e-05
   5.3515625000000000e-01   6.5829509104516648e-01   6.5742698990924386e-01   8.6810113592261651e-04
   5.4296875000000000e-01   7.5331711415214841e-01   7.5227452519488180e-01   1.0425889572666103e-03
   5.5078125000000000e-01   3.9098928902537466e-01   3.9055877350904183e-01   4.3051551633283003e-04
   5.5859375000000000e-01  -1.7346257312771973e-01  -1.7297414494036059e-01   4.8842818735914117e-04
   5.6640625000000000e-01  -6.1035991975697734e-01  -6.0933589728144022e-01   1.0240224755371230e-03
   5.7421875000000000e-01  -6.8472713777822380e-01  -6.8394297505362733e-01   7.8416272459647107e-04
   5.8203125000000000e-01  -3.5426528907483623e-01  -3.5431215668221755e-01   4.6867607381317899e-05
   5.8984375000000000e-01   2.0803202165628454e-01   2.0718827088868197e-01   8.4375076760256906e-04
   5.9765625000000000e-01   6.7709683337772320e-01   6.7609805800482603e-01   9.9877537289716489e-04
   6.0546875000000000e-01   7.3890365249725543e-01   7.3852391162968922e-01   3.7974086756620284e-04
   6.1328125000000000e-01   3.0214817898747048e-01   3.0269600840093597e-01   5.4782941346548375e-04
   6.2109375000000000e-01  -3.8511978032894112e-01  -3.8406292407034065e-01   1.0568562586004693e-03
   6.2890625000000000e-01  -8.5197859145211785e-01  -8.5125352615501559e-01   7.2506529710225642e-04
   6.3671875000000000e-01  -7.3078523097629777e-01  -7.3098683723626501e-01   2.0160625996723525e-04
   6.4453125000000000e-01  -6.4669573366296723e-02  -6.5647958229625325e-02   9.7838486332860186e-04
   6.5234375000000000e-01   6.7536539624345804e-01   6.7441244602366324e-01   9.5295021979480143e-04
   6.6015625000000000e-01   9.2784208526212231e-01   9.2771275922999152e-01   1.2932603213078320e-04
   6.6796875000000000e-01   4.8801751270536720e-01   4.8882682854094039e-01   8.0931583557319886e-04
   6.7578125000000000e-01  -3.0907224215654838e-01  -3.0801063224562286e-01   1.0616099109255206e-03
   6.8359375000000000e-01  -8.4604770811365859e-01  -8.4564450169497551e-01   4.0320641868307749e-04
   6.9140625000000000e-01  -7.2195776609117335e-01  -7.2256097095739091e-01   6.0320486621756597e-04
   6.9921875000000000e-01  -7.2663358898727215e-02  -7.3745677973865983e-02   1.0823190751387685e-03
   7.0703125000000000e-01   5.6099056722100948e-01   5.6037777354851892e-01   6.1279367249056360e-04
   7.1484375000000000e-01   6.9722010802060796e-01   6.9761572933607285e-01   3.9562131546488910e-04
   7.2265625000000000e-01   3.0082396390797139e-01   3.0187733137945921e-01   1.0533674714878205e-03
   7.3046875000000000e-01  -2.3502023251135515e-01  -2.3424533087608265e-01   7.7490163527249578e-04
   7.3828125000000000e-01  -4.6907586518742156e-01  -4.6927492862218345e-01   1.9906343476189248e-04
   7.4609375000000000e-01  -2.9106152962736626e-01  -2.9206780833905593e-01   1.0062787116896788e-03
   8.7890625000000000e-01  -8.8117739545533835e-01  -8.7972257089914463e-01   1.4548245561937234e-03
   8.8671875000000000e-01  -2.5791483456263825e-01  -2.5778101072782750e-01   1.3382383481075344e-04
   8.9453125000000000e-01   5.9875944108978030e-01   5.9740138732087678e-01   1.3580537689035221e-03
   9.0234375000000000e-01   9.7012673905693747e-01   9.6843567344166026e-01   1.6910656152772097e-03
   9.1015625000000000e-01   5.3596190970742441e-01   5.3542661838962857e-01   5.3529131779583849e-04
   9.1796875000000000e-01  -3.3772131152111062e-01  -3.3660191143588869e-01   1.1194000852219332e-03
   9.2578125000000000e-01  -9.0690681768017811e-01  -9.0509129655920717e-01   1.8155211209709421e-03
   9.3359375000000000e-01  -6.9297035910386340e-01  -6.9204418996553463e-01   9.2616913832876957e-04
   9.4140625000000000e-01   1.0190131011718401e-01   1.0111979231358420e-01   7.8151780359980716e-04
   9.4921875000000000e-01   7.7510525433669353e-01   7.7329239709636732e-01   1.8128572403262044e-03
   9.5703125000000000e-01   7.4298779638884960e-01   7.4172116733815574e-01   1.2666290506938571e-03
   9.6484375000000000e-01   5.2850764210462114e-02   5.3228249012580088e-02   3.7748480211797358e-04
   9.7265625000000000e-01  -6.6510882135706728e-01  -6.6342423103380344e-01   1.6845903232638459e-03
   9.8046875000000000e-01  -7.6275521852591899e-01  -7.6122867024620056e-01   1.5265482797184315e-03
   9.8828125000000000e-01  -1.5373803358699908e-01  -1.5368269230381434e-01   5.5341283184739964e-05
   9.9609375000000000e-01   6.0814671007306598e-01   6.0670013440446247e-01   1.4465756686035114e-03
   7.5390625000000000e-01   3.8267770005831370e-02   3.7348100664945247e-02   9.1966934088612284e-04
   7.6171875000000000e-01   1.8811274402361147e-01   1.8811210811799900e-01   6.3590561247273136e-07
   7.6953125000000000e-01   8.2990446123523853e-02   8.3939084826705285e-02   9.4863870318143140e-04
   7.7734375000000000e-01  -6.4362618759724072e-02  -6.3291905761298783e-02   1.0707129984252883e-03
   7.8515625000000000e-01  -2.2344908797223395e-02  -2.2120454938679406e-02   2.2445385854398883e-04
   7.9296875000000000e-01   1.8362088329551607e-01   1.8275217566105939e-01   8.6870763445667798e-04
   8.0078125000000000e-01   2.8537669813919575e-01   2.8414653232522347e-01   1.2301658139722838e-03
   8.0859375000000000e-01   7.0373920343016705e-02   6.9880773524758077e-02   4.9314681825862738e-04
   8.1640625000000000e-01  -3.4516908389531031e-01  -3.4443014343504280e-01   7.3894046026751203e-04
   8.2421875000000000e-01  -5.7180900063899021e-01  -5.7043060860805628e-01   1.3783920309339281e-03
   8.3203125000000000e-01  -3.1322193846275703e-01  -3.1241316243235273e-01   8.0877603040430124e-04
   8.3984375000000000e-01   3.0154443059004876e-01   3.0101402865722848e-01   5.3040193282027914e-04
   8.4765625000000000e-01   7.6706648126654831e-01   7.6559249482862923e-01   1.4739864379190726e-03
   8.5546875000000000e-01   6.3213511496656349e-01   6.3099080002573260e-01   1.1443149408308928e-03
   8.6328125000000000e-01  -6.4869441673077621e-02  -6.4634752845265431e-02   2.3468882781219058e-04
   8.7109375000000000e-01  -7.7341133607423274e-01  -7.7193476280849704e-01   1.4765732657356923e-03
