#                  Coord.                Numerical               Analytical                    Error
   3.9062500000000000e-03   4.4636358115139196e-01   4.4496349939192836e-01   1.4000817594636006e-03
   1.1718750000000000e-02  -2.0994232287634196e-02  -2.1680638451279634e-02   6.8640616364543799e-04
   1.9531250000000000e-02  -6.0436281084252108e-01  -6.0371474824043114e-01   6.4806260208993827e-04
   2.7343750000000000e-02  -7.7464596323993684e-01  -7.7320078114537150e-01   1.4451820945653449e-03
   3.5156250000000000e-02  -2.9211223482661491e-01  -2.9111550800798569e-01   9.9672681862922330e-04
   4.2968750000000000e-02   5.2013725847247483e-01   5.1979929764873922e-01   3.3796082373560576e-04
   5.0781250000000000e-02   9.9619452827584953e-01   9.9478192995203230e-01   1.4125983238172379e-03
   5.8593750000000000e-02   6.8695980394424805e-01   6.8567891913741652e-01   1.2808848068315282e-03
   6.6406250000000000e-02  -2.2067539300423247e-01  -2.2069971843645925e-01   2.4325432226773858e-05
   7.4218750000000000e-02  -1.0122008193263450e+00  -1.0109173412878749e+00   1.2834780384700650e-03
   8.2031250000000000e-02  -1.0215270343870662e+00  -1.0200289296560605e+00   1.4981047310056450e-03
   8.9843750000000000e-02  -1.9965662524325462e-01  -1.9925058129646503e-01   4.0604394678958600e-04
   9.7656250000000000e-02   8.1390134408765169e-01   8.1284391013115498e-01   1.0574339564967117e-03
   1.0546875000000000e-01   1.1975114827205617e+00   1.1958974474413349e+00   1.6140352792268775e-03
   1.1328125000000000e-01   6.2272506093544799e-01   6.2196124544410614e-01   7.6381549134185711e-04
   1.2109375000000000e-01  -4.6257909781955409e-01  -4.6182313039544981e-01   7.5596742410427575e-04
   1.2890625000000000e-01  -1.1865865026707634e+00  -1.1849726176130437e+00   1.6138850577196440e-03
   1.3671875000000000e-01  -9.5994524710958429e-01  -9.5888407140038900e-01   1.0611757091952834e-03
   1.4453125000000000e-01   4.0892583921758652e-02   4.0481741418472050e-02   4.1084250328660143e-04
   1.5234375000000000e-01   1.0112760396539202e+00   1.0097777761736548e+00   1.4982634802653827e-03
   1.6015625000000000e-01   1.1681266267255233e+00   1.1668688520457895e+00   1.2577746797337586e-03
   1.6796875000000000e-01   3.8429047283920414e-01   3.8436153534034767e-01   7.1062501143526191e-05
   1.7578125000000000e-01  -7.0827693771635780e-01  -7.0698449188791401e-01   1.2924458284437890e-03
   1.8359375000000000e-01  -1.2301295778574537e+00  -1.2287868174403103e+00   1.3427604171434293e-03
   1.9140625000000000e-01  -7.6450995829508450e-01  -7.6428798628758798e-01   2.2197200749651813e-04
   1.9921875000000000e-01   3.0999316862620202e-01   3.0895853868678996e-01   1.0346299394120573e-03
   2.0703125000000000e-01   1.1308547332724816e+00   1.1295351940409744e+00   1.3195392315072940e-03
   2.1484375000000000e-01   1.0488281339113277e+00   1.0483942152874035e+00   4.3391862392416769e-04
   2.2265625000000000e-01   1.4290102338632199e-01   1.4367154141970287e-01   7.7051803338087921e-04
   2.3046875000000000e-01  -8.5843450765599916e-01  -8.5722523585935095e-01   1.2092717966482036e-03
   2.3828125000000000e-01  -1.1718864940679405e+00  -1.1713423330354684e+00   5.4416103247212355e-04
   2.4609375000000000e-01  -5.7773231246946233e-01  -5.7828100740007160e-01   5.4869493060927255e-04
   2.5390625000000000e-01   4.3244890814907583e-01   4.3139537953867907e-01   1.0535286103967589e-03
   2.6171875000000000e-01   1.0735414386787734e+00   1.0729825942032782e+00   5.5884447549514604e-04
   2.6953125000000000e-01   8.8776574285741428e-01   8.8817021253361039e-01   4.0446967619611751e-04
   2.7734375000000000e-01   6.8199281838796200e-02   6.9101197908699660e-02   9.0191606990346063e-04
   2.8515625000000000e-01  -7.4164524355001904e-01  -7.4114735294089495e-01   4.9789060912408534e-04
   2.9296875000000000e-01  -9.6699699772233361e-01  -9.6735734192365042e-01   3.6034420131680900e-04
   3.0078125000000000e-01  -5.0959063376862401e-01  -5.1039717509439686e-01   8.0654132577284710e-04
   3.0859375000000000e-01   2.4530873678428472e-01   2.4489712993122492e-01   4.1160685305979827e-04
   3.1640625000000000e-01   7.6521980774712706e-01   7.6562632952201903e-01   4.0652177489197694e-04
   3.2421875000000000e-01   7.4799363331621471e-01   7.4879791183408162e-01   8.0427851786690763e-04
   3.3203125000000000e-01   2.7146024676342356e-01   2.7181664554268342e-01   3.5639877925985886e-04
   3.3984375000000000e-01  -3.2768802076229026e-01  -3.2819487083015503e-01   5.0685006786477249e-04
   3.4765625000000000e-01  -6.9408786350321494e-01  -6.9499322105126604e-01   9.0535754805110003e-04
   3.5546875000000000e-01  -6.3989179438545429e-01  -6.4027378026724169e-01   3.8198588178739445e-04
   3.6328125000000000e-01  -2.0879137594856084e-01  -2.0818439043305373e-01   6.0698551550711355e-04
   3.7109375000000000e-01   3.5980786970405049e-01   3.6089828494017129e-01   1.0904152361208008e-03
   3.7890625000000000e-01   7.3653200517811934e-01   7.3705128256381136e-01   5.1927738569201853e-04
   3.8671875000000000e-01   6.6579598622705394e-01   6.6514980673243462e-01   6.4617949461931445e-04
   3.9453125000000000e-01   1.3941994124142931e-01   1.3810914817257094e-01   1.3107930688583680e-03
   4.0234375000000000e-01  -5.3744019472474613e-01  -5.3821036693373614e-01   7.7017220899000538e-04
   4.1015625000000000e-01  -8.9622833792521783e-01  -8.9565700945501936e-01   5.7132847019847333e-04
   4.1796875000000000e-01  -6.3060102070228952e-01  -6.2910023836333195e-01   1.5007823389575625e-03
   4.2578125000000000e-01   1.2866644099412483e-01   1.2976738561010626e-01   1.1009446159814251e-03
   4.3359375000000000e-01   8.4526138636603787e-01   8.4490258477267932e-01   3.5880159335854866e-04
   4.4140625000000000e-01   9.5671827605665105e-01   9.5512304912204304e-01   1.5952269346080072e-03
   4.4921875000000000e-01   3.3381009793333288e-01   3.3235697078776977e-01   1.4531271455631156e-03
   4.5703125000000000e-01  -5.6909844404840637e-01  -5.6908004418691549e-01   1.8399861490880909e-05
   4.6484375000000000e-01  -1.0429762384916559e+00  -1.0414269205616138e+00   1.5493179300420934e-03
   4.7265625000000000e-01  -6.9690632703607158e-01  -6.9514547048353470e-01   1.7608565525368824e-03
   4.8046875000000000e-01   2.0051536009467796e-01   2.0092585360503840e-01   4.1049351036043236e-04
   4.8828125000000000e-01   9.2194230511362285e-01   9.2059372659362859e-01   1.3485785199942590e-03
   4.9609375000000000e-01   8.7988525022770347e-01   8.7791745113067865e-01   1.9677990970248249e-03
   5.0390625000000000e-01   1.2280798207812796e-01   1.2193678677615248e-01   8.7119530197547757e-04
   5.1171875000000000e-01  -7.0273740646461924e-01  -7.0172662203929059e-01   1.0107844253286480e-03
   5.1953125000000000e-01  -9.0260215590495607e-01  -9.0056239931375781e-01   2.0397565911982607e-03
   5.2734375000000000e-01  -3.2853186320968075e-01  -3.2722297924288690e-01   1.3088839667938501e-03
   5.3515625000000000e-01   5.0032597198310125e-01   4.9976173514389555e-01   5.6423683920570067e-04
   5.4296875000000000e-01   8.5549840108223651e-01   8.5353633287106701e-01   1.9620682111695098e-03
   5.5078125000000000e-01   4.3722819590651224e-01   4.3555387338080204e-01   1.6743225257102035e-03
   5.5859375000000000e-01  -3.6687250379102571e-01  -3.6681563956842222e-01   5.6864222603481007e-05
   5.6640625000000000e-01  -8.2944192655351090e-01  -8.2770036980797967e-01   1.7415567455312253e-03
   5.7421875000000000e-01  -5.3035895885712925e-01  -5.2842665939126854e-01   1.9322994658607096e-03
   5.8203125000000000e-01   2.6818615255063222e-01   2.6865200168256920e-01   4.6584913193697952e-04
   5.8984375000000000e-01   8.5054105227978161e-01   8.4914465845310405e-01   1.3963938266775555e-03
   5.9765625000000000e-01   6.8023272214024677e-01   6.7817243946355432e-01   2.0602826766924487e-03
   6.0546875000000000e-01  -1.1980479046764214e-01  -1.2076671612074664e-01   9.6192565310450340e-04
   6.1328125000000000e-01  -8.6277760168144313e-01  -8.6182616750698149e-01   9.5143417446164058e-04
   6.2109375000000000e-01  -8.8938997041732359e-01  -8.8734486459099449e-01   2.0451058263291078e-03
   6.2890625000000000e-01  -1.4302352011547670e-01  -1.4163098291457185e-01   1.3925372009048476e-03
   6.3671875000000000e-01   7.6865208075231750e-01   7.6821480780856533e-01   4.3727294375217607e-04
   6.4453125000000000e-01   1.0797380799839811e+00   1.0778576260421284e+00   1.8804539418526556e-03
   6.5234375000000000e-01   5.0951921685283064e-01   5.0779769032276101e-01   1.7215265300696281e-03
   6.6015625000000000e-01  -4.9840247503658752e-01  -4.9851752996242960e-01   1.1505492584207300e-04
   6.6796875000000000e-01  -1.1363280546587347e+00  -1.1347612263720135e+00   1.5668282867211669e-03
   6.7578125000000000e-01  -8.8748075413590999e-01  -8.8556773149010548e-01   1.9130226458045074e-03
   6.8359375000000000e-01   6.1406304198203476e-02   6.2064011397244878e-02   6.5770719904140185e-04
   6.9140625000000000e-01   9.7415715455600360e-01   9.7303359618872998e-01   1.1235583672736249e-03
   6.9921875000000000e-01   1.1469734536363043e+00   1.1450322905848287e+00   1.9411630514756251e-03
   7.0703125000000000e-01   4.4995239930597331e-01   4.4881435951021947e-01   1.1380397957538313e-03
   7.1484375000000000e-01  -5.8577025769686930e-01  -5.8518126310542384e-01   5.8899459144545752e-04
   7.2265625000000000e-01  -1.1822057947153963e+00  -1.1804079449525560e+00   1.7978497628403645e-03
   7.3046875000000000e-01  -8.9940842480688765e-01  -8.9790308041179112e-01   1.5053443950965306e-03
   7.3828125000000000e-01   4.6972217249567239e-02   4.6953769544937435e-02   1.8447704629803718e-05
   7.4609375000000000e-01   9.5615459980967943e-01   9.5465551308481733e-01   1.4990867248620976e-03
   8.7890625000000000e-01  -4.0047412517269998e-01  -3.9895954185201221e-01   1.5145833206877679e-03
   8.8671875000000000e-01  -8.4143421829284115e-01  -8.4065598954447307e-01   7.7822874836808165e-04
   8.9453125000000000e-01  -6.0184207136189449e-01  -6.0246888401945187e-01   6.2681265755737403e-04
   9.0234375000000000e-01   3.8319778540548188e-02   3.6886069758038924e-02   1.4337087825092645e-03
   9.1015625000000000e-01   5.2436109830682309e-01   5.2341950876874399e-01   9.4158953807910173e-04
   9.1796875000000000e-01   5.1544687663368927e-01   5.1582626087153993e-01   3.7938423785066622e-04
   9.2578125000000000e-01   1.3384392226318309e-01   1.3517465276500232e-01   1.3307305018192273e-03
   9.3359375000000000e-01  -2.1725474715139159e-01  -2.1618177071751249e-01   1.0729764338791026e-03
   9.4140625000000000e-01  -2.5781161036118533e-01  -2.5795291345938426e-01   1.4130309819893050e-04
   9.4921875000000000e-01  -6.3316182420017242e-02  -6.4530008595486257e-02   1.2138261754690155e-03
   9.5703125000000000e-01   7.4680907651655221e-02   7.3488092847652939e-02   1.1928148040022818e-03
   9.6484375000000000e-01  -1.1712481282334486e-02  -1.1819417688083329e-02   1.0693640574884269e-04
   9.7265625000000000e-01  -1.8548244541000278e-01  -1.8440796865671819e-01   1.0744767532845922e-03
   9.8046875000000000e-01  -1.6697785915304741e-01  -1.6567146892125809e-01   1.3063902317893283e-03
   9.8828125000000000e-01   1.3245622202823457e-01   1.3283787509661873e-01   3.8165306838416901e-04
   9.9609375000000000e-01   4.6177206798663062e-01   4.6087907761056940e-01   8.9299037606122011e-04
   7.5390625000000000e-01   1.1608771214254145e+00   1.1591554720524779e+00   1.7216493729366178e-03
   7.6171875000000000e-01   5.1277522478571735e-01   5.1225088662340723e-01   5.2433816231012287e-04
   7.6953125000000000e-01  -5.1220003572021888e-01  -5.1111394472982585e-01   1.0860909903930294e-03
   7.7734375000000000e-01  -1.1608982163763062e+00  -1.1591259013625097e+00   1.7723150137964883e-03
   7.8515625000000000e-01  -9.5376163594279162e-01  -9.5278355645926638e-01   9.7807948352524043e-04
   7.9296875000000000e-01  -4.1361396186405885e-02  -4.1979706446366574e-02   6.1831025996068878e-04
   8.0078125000000000e-01   8.9973585038067982e-01   8.9806431208086157e-01   1.6715382998182537e-03
   8.0859375000000000e-01   1.1668936618303138e+00   1.1655903837143178e+00   1.3032781159960649e-03
   8.1640625000000000e-01   5.6184544216272703e-01   5.6200456025413914e-01   1.5911809141211375e-04
   8.2421875000000000e-01  -4.5328629051829805e-01  -4.5182820114426181e-01   1.4580893740362422e-03
   8.3203125000000000e-01  -1.1065367924104621e+00  -1.1050503478037388e+00   1.4864446067233139e-03
   8.3984375000000000e-01  -9.1179299828280380e-01  -9.1155435108673832e-01   2.3864719606547791e-04
   8.4765625000000000e-01  -4.3463514730226804e-02  -4.4648250040322864e-02   1.1847353100960592e-03
   8.5546875000000000e-01   8.1114290982433623e-01   8.0959779149823896e-01   1.5451183260972723e-03
   8.6328125000000000e-01   1.0042576016250013e+00   1.0037077951430275e+00   5.4980648197378024e-04
   8.7109375000000000e-01   4.3493753399801505e-01   4.3583569974128999e-01   8.9816574327494791e-04
