#                  Coord.                Numerical               Analytical                    Error
   3.9062500000000000e-03   3.0573879737047713e-02   3.0459516522968539e-02   1.1436321407917380e-04
   1.1718750000000000e-02   6.5002634053095615e-02   6.4960655465606670e-02   4.1978587488944452e-05
   1.9531250000000000e-02  -9.2974286146727536e-02  -9.2896663293929857e-02   7.7622852797679109e-05
   2.7343750000000000e-02  -1.9374875145590187e-01  -1.9361628314768189e-01   1.3246830821997402e-04
   3.5156250000000000e-02  -2.2854474986956363e-02  -2.2787264400223668e-02   6.7210586732695254e-05
   4.2968750000000000e-02   3.2527271014772019e-01   3.2520252639264902e-01   7.0183755071173692e-05
   5.0781250000000000e-02   4.9531190284838145e-01   4.9515364282174357e-01   1.5826002663787975e-04
   5.8593750000000000e-02   2.2026161533557992e-01   2.2015014552711396e-01   1.1146980846596377e-04
   6.6406250000000000e-02  -3.6409774527431682e-01  -3.6405335177580378e-01   4.4393498513040086e-05
   7.4218750000000000e-02  -7.7137456438708862e-01  -7.7119543281435543e-01   1.7913157273319325e-04
   8.2031250000000000e-02  -5.7971561297682195e-01  -5.7954666270112598e-01   1.6895027569596710e-04
   8.9843750000000000e-02   1.5202815915313833e-01   1.5203343206919467e-01   5.2729160563425026e-06
   9.7656250000000000e-02   8.6596714988866141e-01   8.6578651570191123e-01   1.8063418675018372e-04
   1.0546875000000000e-01   9.4502096474524699e-01   9.4479530038448234e-01   2.2566436076465468e-04
   1.1328125000000000e-01   2.5260616763670884e-01   2.5252977018008516e-01   7.6397456623689131e-05
   1.2109375000000000e-01  -7.0363557089818052e-01  -7.0348443252898651e-01   1.5113836919400381e-04
   1.2890625000000000e-01  -1.1555703429348139e+00  -1.1553067394208385e+00   2.6360351397536341e-04
   1.3671875000000000e-01  -7.0589852515307860e-01  -7.0573988293426926e-01   1.5864221880934615e-04
   1.4453125000000000e-01   3.2141336492608014e-01   3.2132511124285185e-01   8.8253683228289859e-05
   1.5234375000000000e-01   1.1199455122298572e+00   1.1196777674728011e+00   2.6774475705604317e-04
   1.6015625000000000e-01   1.0476681231016323e+00   1.0474414057357457e+00   2.2671736588653069e-04
   1.6796875000000000e-01   1.5353354925156623e-01   1.5353958722707811e-01   6.0379755118800116e-06
   1.7578125000000000e-01  -8.5370908497594178e-01  -8.5347538720988303e-01   2.3369776605874915e-04
   1.8359375000000000e-01  -1.1754825573790708e+00  -1.1752147620408526e+00   2.6779533821819079e-04
   1.9140625000000000e-01  -5.6830854872314807e-01  -5.6822791139265483e-01   8.0637330493238402e-05
   1.9921875000000000e-01   4.6395703005119882e-01   4.6379026463200163e-01   1.6676541919719012e-04
   2.0703125000000000e-01   1.0871064342110559e+00   1.0868351115758010e+00   2.7132263525486700e-04
   2.1484375000000000e-01   8.1831668159481252e-01   8.1816511287504745e-01   1.5156871976507169e-04
   2.2265625000000000e-01  -8.8771633597340249e-02  -8.8688829524077264e-02   8.2804073262984779e-05
   2.3046875000000000e-01  -8.6978148342733952e-01  -8.6954387322359750e-01   2.3761020374202246e-04
   2.3828125000000000e-01  -8.9238167680971792e-01  -8.9218835649651840e-01   1.9332031319951870e-04
   2.4609375000000000e-01  -1.7645917230945954e-01  -1.7645669917654935e-01   2.4731329101856936e-06
   2.5390625000000000e-01   6.4172246188998017e-01   6.4154905199164114e-01   1.7340989833902754e-04
   2.6171875000000000e-01   8.6359795843041320e-01   8.6339577352220864e-01   2.0218490820456125e-04
   2.6953125000000000e-01   3.2416234493860774e-01   3.2408709445031231e-01   7.5250488295430795e-05
   2.7734375000000000e-01  -4.7925770154934699e-01  -4.7916721288353198e-01   9.0488665815013913e-05
   2.8515625000000000e-01  -8.3078160784014976e-01  -8.3061080908577178e-01   1.7079875437797654e-04
   2.9296875000000000e-01  -4.2365852999444742e-01  -4.2353779925991392e-01   1.2073073453350291e-04
   3.0078125000000000e-01   3.7425883310045582e-01   3.7425642335706089e-01   2.4097433949377134e-06
   3.0859375000000000e-01   8.4677777072264315e-01   8.4666975162280567e-01   1.0801909983748637e-04
   3.1640625000000000e-01   5.6074199457237550e-01   5.6060816412049386e-01   1.3383045188164466e-04
   3.2421875000000000e-01  -2.4950674091942832e-01  -2.4958510379098720e-01   7.8362871558879110e-05
   3.3203125000000000e-01  -8.8027396342510611e-01  -8.8025187704545205e-01   2.2086379654062682e-05
   3.3984375000000000e-01  -7.6726389819783647e-01  -7.6715195785895740e-01   1.1194033887906851e-04
   3.4765625000000000e-01   2.2190768991016574e-02   2.2331554528462277e-02   1.4078553744570343e-04
   3.5546875000000000e-01   8.3705332023354573e-01   8.3713108111641421e-01   7.7760882868482817e-05
   3.6328125000000000e-01   9.8815711516746629e-01   9.8810193371143829e-01   5.5181456028008391e-05
   3.7109375000000000e-01   3.2701267047883553e-01   3.2683567532547331e-01   1.7699515336222493e-04
   3.7890625000000000e-01  -6.2680938585966806e-01  -6.2699249622290221e-01   1.8311036323415131e-04
   3.8671875000000000e-01  -1.1085875740573439e+00  -1.1086201234689943e+00   3.2549411650428794e-05
   3.9453125000000000e-01  -7.2595317831073336e-01  -7.2577267380392019e-01   1.8050450681317276e-04
   4.0234375000000000e-01   2.3082992224733462e-01   2.3111225979769864e-01   2.8233755036402575e-04
   4.1015625000000000e-01   1.0233179286426419e+00   1.0234690809464564e+00   1.5115230381446132e-04
   4.1796875000000000e-01   1.0428288934279553e+00   1.0426867924939520e+00   1.4210093400324197e-04
   4.2578125000000000e-01   2.7420718907822483e-01   2.7384551607507568e-01   3.6167300314915440e-04
   4.3359375000000000e-01  -7.0251865118977874e-01  -7.0280816581067163e-01   2.8951462089288338e-04
   4.4140625000000000e-01  -1.1563269968450947e+00  -1.1562707043269276e+00   5.6292518167078143e-05
   4.4921875000000000e-01  -7.5070575264889672e-01  -7.5030401437303162e-01   4.0173827586509336e-04
   4.5703125000000000e-01   2.1212015021053693e-01   2.1254862148770398e-01   4.2847127716705291e-04
   4.6484375000000000e-01   1.0182042607803576e+00   1.0182772998491245e+00   7.3039068766878046e-05
   4.7265625000000000e-01   1.0683189951993539e+00   1.0679326579897437e+00   3.8633720961023243e-04
   4.8046875000000000e-01   3.2103991737153614e-01   3.2049670974927807e-01   5.4320762225806840e-04
   4.8828125000000000e-01  -6.7025021994436340e-01  -6.7048119300665876e-01   2.3097306229535874e-04
   4.9609375000000000e-01  -1.1608376047370976e+00  -1.1605279016461880e+00   3.0970309090960768e-04
   5.0390625000000000e-01  -7.7196874907636803e-01  -7.7135752380963096e-01   6.1122526673706989e-04
   5.1171875000000000e-01   2.1104837694253775e-01   2.1144294969930780e-01   3.9457275677004522e-04
   5.1953125000000000e-01   1.0387389696609231e+00   1.0385636331515939e+00   1.7533650932910483e-04
   5.2734375000000000e-01   1.0651932148762349e+00   1.0645795134718179e+00   6.1370140441696641e-04
   5.3515625000000000e-01   2.5767422667664697e-01   2.5713875740620695e-01   5.3546927044001436e-04
   5.4296875000000000e-01  -7.5888029674162649e-01  -7.5887755911019394e-01   2.7376314325477935e-06
   5.5078125000000000e-01  -1.1808985411162738e+00  -1.1803535213968386e+00   5.4501971943521355e-04
   5.5859375000000000e-01  -6.6553763410928313e-01  -6.6490873372417247e-01   6.2890038511065338e-04
   5.6640625000000000e-01   3.8321649268025132e-01   3.8340089300678415e-01   1.8440032653282978e-04
   5.7421875000000000e-01   1.1279931494487649e+00   1.1275830819983366e+00   4.1006745042837522e-04
   5.8203125000000000e-01   9.7073774666944301e-01   9.7008237708728728e-01   6.5536958215572927e-04
   5.8984375000000000e-01   3.8917743774115915e-02   3.8562073053699457e-02   3.5567072041645803e-04
   5.9765625000000000e-01  -9.1747266468656385e-01  -9.1724468840459705e-01   2.2797628196680186e-04
   6.0546875000000000e-01  -1.1361852095199876e+00  -1.1355771155695487e+00   6.0809395043892600e-04
   6.1328125000000000e-01  -4.5690139753085696e-01  -4.5641897567229933e-01   4.8242185855762454e-04
   6.2109375000000000e-01   5.6374802966596116e-01   5.6371850185076511e-01   2.9527815196050966e-05
   6.2890625000000000e-01   1.1182487293710515e+00   1.1177514719275738e+00   4.9725744347761669e-04
   6.3671875000000000e-01   7.9709065215525776e-01   7.9654238065035032e-01   5.4827150490743826e-04
   6.4453125000000000e-01  -1.1107299260671331e-01  -1.1123045610816719e-01   1.5746350145387500e-04
   6.5234375000000000e-01  -8.8747765505932574e-01  -8.8713718039421763e-01   3.4047466510811475e-04
   6.6015625000000000e-01  -9.6586391040442898e-01  -9.6532119342275968e-01   5.4271698166930005e-04
   6.6796875000000000e-01  -3.4543731562004898e-01  -3.4513572122391795e-01   3.0159439613103300e-04
   6.7578125000000000e-01   4.6762723896195368e-01   4.6746169535241178e-01   1.6554360954190717e-04
   6.8359375000000000e-01   8.8779562319331007e-01   8.8732182685878980e-01   4.7379633452027115e-04
   6.9140625000000000e-01   6.7430606203049881e-01   6.7391918264183637e-01   3.8687938866244220e-04
   6.9921875000000000e-01   4.2567558565984986e-02   4.2566095091283576e-02   1.4634747014102834e-06
   7.0703125000000000e-01  -5.5568167168056992e-01  -5.5532606295764553e-01   3.5560872292439427e-04
   7.1484375000000000e-01  -7.5906195468360527e-01  -7.5865764751417930e-01   4.0430716942596590e-04
   7.2265625000000000e-01  -4.9101765008202580e-01  -4.9088290254752293e-01   1.3474753450287702e-04
   7.3046875000000000e-01   5.4375241028245092e-02   5.4163310719533779e-02   2.1193030871131252e-04
   7.3828125000000000e-01   5.5621367104923980e-01   5.5585542440346714e-01   3.5824664577266407e-04
   7.4609375000000000e-01   7.3098306667823565e-01   7.3076713510457469e-01   2.1593157366095461e-04
   8.7890625000000000e-01  -8.8187660154812475e-01  -8.8171575599824470e-01   1.6084554988005095e-04
   8.8671875000000000e-01  -1.1670444609124451e+00  -1.1669697107882693e+00   7.4750124175793076e-05
   8.9453125000000000e-01  -5.4549569669123033e-01  -5.4556762061499242e-01   7.1923923762096109e-05
   9.0234375000000000e-01   4.6605549551769976e-01   4.6589981975013273e-01   1.5567576756703172e-04
   9.1015625000000000e-01   1.0625474883878521e+00   1.0624381057020145e+00   1.0938268583760014e-04
   9.1796875000000000e-01   8.0890040241873606e-01   8.0892667130364493e-01   2.6268884908864365e-05
   9.2578125000000000e-01  -3.1546602998374418e-02  -3.1414870665791600e-02   1.3173233258281791e-04
   9.3359375000000000e-01  -7.5631229676263989e-01  -7.5619284807485043e-01   1.1944868778945850e-04
   9.4140625000000000e-01  -8.2349231449247862e-01  -8.2348762515767182e-01   4.6893348067955642e-06
   9.4921875000000000e-01  -2.7081943635728040e-01  -2.7092516089753738e-01   1.0572454025697953e-04
   9.5703125000000000e-01   3.8150836213058631e-01   3.8139280511793039e-01   1.1555701265592022e-04
   9.6484375000000000e-01   6.1627757741070144e-01   6.1625707290744514e-01   2.0504503256302264e-05
   9.7265625000000000e-01   3.4255022694331000e-01   3.4263765575533395e-01   8.7428812023948588e-05
   9.8046875000000000e-01  -9.9648678156661175e-02  -9.9538696675091590e-02   1.0998148156958487e-04
   9.8828125000000000e-01  -3.0798809796876614e-01  -3.0795988614250663e-01   2.8211826259505468e-05
   9.9609375000000000e-01  -1.8534435881800199e-01  -1.8542467869961732e-01   8.0319881615331656e-05
   7.5390625000000000e-01   4.6291724267326129e-01   4.6298768141410934e-01   7.0438740848055570e-05
   7.6171875000000000e-01  -1.2200661288569037e-01  -1.2174098130571306e-01   2.6563157997730458e-04
   7.6953125000000000e-01  -6.8282064277093324e-01  -6.8257970682427094e-01   2.4093594666230178e-04
   7.7734375000000000e-01  -8.3384997948005912e-01  -8.3380154364272252e-01   4.8435837336602283e-05
   7.8515625000000000e-01  -4.0805318211618535e-01  -4.0820102229694216e-01   1.4784018075680860e-04
   7.9296875000000000e-01   3.6413836299656066e-01   3.6392444294166348e-01   2.1392005489717647e-04
   8.0078125000000000e-01   9.4778348089774234e-01   9.4765551938091386e-01   1.2796151682847867e-04
   8.0859375000000000e-01   8.7199206625414827e-01   8.7202180447946964e-01   2.9738225321374046e-05
   8.1640625000000000e-01   1.2249951124035777e-01   1.2265032006139645e-01   1.5080882103868376e-04
   8.2421875000000000e-01  -7.7945058569676440e-01  -7.7928661465466109e-01   1.6397104210330582e-04
   8.3203125000000000e-01  -1.1368267112237760e+00  -1.1367573035922520e+00   6.9407631523965563e-05
   8.3984375000000000e-01  -6.2986930659861984e-01  -6.2993824706300727e-01   6.8940464387434730e-05
   8.4765625000000000e-01   3.8880484816427824e-01   3.8864680233376175e-01   1.5804583051648446e-04
   8.5546875000000000e-01   1.1355646829968902e+00   1.1354301667010893e+00   1.3451629580085722e-04
   8.6328125000000000e-01   1.0125378507207321e+00   1.0125265381375470e+00   1.1312583185096869e-05
   8.7109375000000000e-01   1.0231730529450112e-01   1.0243910219049000e-01   1.2179689598888765e-04
