#                  Coord.                Numerical               Analytical                    Error
   3.9062500000000000e-03  -9.6369858113145468e-01  -9.6344644576358296e-01   2.5213536787171975e-04
   1.1718750000000000e-02  -1.1149527905492422e+00  -1.1147758482650711e+00   1.7694228417108882e-04
   1.9531250000000000e-02  -4.0681312503220768e-01  -4.0680620240819276e-01   6.9226240149156126e-06
   2.7343750000000000e-02   6.1316433061830677e-01   6.1304952796298939e-01   1.1480265531738088e-04
   3.5156250000000000e-02   1.1656698870469935e+00   1.1655309197237240e+00   1.3896732326945660e-04
   4.2968750000000000e-02   8.3834001743668729e-01   8.3824288614678755e-01   9.7131289899743400e-05
   5.0781250000000000e-02  -1.1246898736427535e-01  -1.1250363533270732e-01   3.4647968431972265e-05
   5.8593750000000000e-02  -9.6964066457875941e-01  -9.6959788638170208e-01   4.2778197057335987e-05
   6.6406250000000000e-02  -1.0976853667143054e+00  -1.0975596659042586e+00   1.2570081004681377e-04
   7.4218750000000000e-02  -4.0986318344037176e-01  -4.0969743844152945e-01   1.6574499884230987e-04
   8.2031250000000000e-02   5.7657060737736188e-01   5.7666386865110597e-01   9.3261273744094098e-05
   8.9843750000000000e-02   1.1267691328474891e+00   1.1266843331071006e+00   8.4799740388552536e-05
   9.7656250000000000e-02   8.3096177099428281e-01   8.3071243034879005e-01   2.4934064549275714e-04
   1.0546875000000000e-01  -9.0503145191428630e-02  -9.0742521403113716e-02   2.3937621168508560e-04
   1.1328125000000000e-01  -9.4485787072069893e-01  -9.4487503848429799e-01   1.7167763599057473e-05
   1.2109375000000000e-01  -1.0807574055194376e+00  -1.0804919576033432e+00   2.6544791609439677e-04
   1.2890625000000000e-01  -3.8489390475670643e-01  -3.8453287599719549e-01   3.6102875951093960e-04
   1.3671875000000000e-01   6.1634819356485859e-01   6.1650467625099747e-01   1.5648268613888128e-04
   1.4453125000000000e-01   1.1466497076822189e+00   1.1464440867419163e+00   2.0562094030251998e-04
   1.5234375000000000e-01   7.8069217441111216e-01   7.8026571461856875e-01   4.2645979254340993e-04
   1.6015625000000000e-01  -2.0834789448861490e-01  -2.0865171929076790e-01   3.0382480215299101e-04
   1.6796875000000000e-01  -1.0450868621400475e+00  -1.0450077641184632e+00   7.9098021584345091e-05
   1.7578125000000000e-01  -1.0591095377963546e+00  -1.0586960199552291e+00   4.1351784112553247e-04
   1.8359375000000000e-01  -2.2728189311631358e-01  -2.2686140850059475e-01   4.2048461571883577e-04
   1.9140625000000000e-01   7.9404119861134914e-01   7.9413016116095847e-01   8.8962549609328256e-05
   1.9921875000000000e-01   1.1889478471292008e+00   1.1886308459291084e+00   3.1700120009237054e-04
   2.0703125000000000e-01   6.4003342847880507e-01   6.3955929803200462e-01   4.7413044680044703e-04
   2.1484375000000000e-01  -4.1380076192504289e-01  -4.1406274963867434e-01   2.6198771363145079e-04
   2.2265625000000000e-01  -1.1339562200209499e+00  -1.1338045917041246e+00   1.5162831682524747e-04
   2.3046875000000000e-01  -9.5934753158539643e-01  -9.5890090161870833e-01   4.4662996668809463e-04
   2.3828125000000000e-01  -4.7525499020355744e-02  -4.7123977146859723e-02   4.0152187349602048e-04
   2.4609375000000000e-01   8.7282649660837675e-01   8.7287799968386592e-01   5.1503075489178762e-05
   2.5390625000000000e-01   1.0979693201019036e+00   1.0976312689098187e+00   3.3805119208496492e-04
   2.6171875000000000e-01   4.9446887343336277e-01   4.9399185638246512e-01   4.7701705089764346e-04
   2.6953125000000000e-01  -4.3643111498889620e-01  -4.3668792441677795e-01   2.5680942788175454e-04
   2.7734375000000000e-01  -9.8934651169969567e-01  -9.8918353123393610e-01   1.6298046575957681e-04
   2.8515625000000000e-01  -7.9974828588943669e-01  -7.9927850900781994e-01   4.6977688161675690e-04
   2.9296875000000000e-01  -7.2852719659833975e-02  -7.2428289085506969e-02   4.2443057432700604e-04
   3.0078125000000000e-01   6.3531873069340616e-01   6.3536819308174453e-01   4.9462388338361585e-05
   3.0859375000000000e-01   8.5503831465487223e-01   8.5466063715743157e-01   3.7767749744066492e-04
   3.1640625000000000e-01   5.0450021533249123e-01   5.0397589110987062e-01   5.2432422262060907e-04
   3.2421875000000000e-01  -1.2682551406847453e-01  -1.2709029254668974e-01   2.6477847821521072e-04
   3.3203125000000000e-01  -6.2633341317692948e-01  -6.2612127178982169e-01   2.1214138710778929e-04
   3.3984375000000000e-01  -7.1811984601136258e-01  -7.1758384573720135e-01   5.3600027416123019e-04
   3.4765625000000000e-01  -3.8189589799987989e-01  -3.8145011776523569e-01   4.4578023464419969e-04
   3.5546875000000000e-01   1.7734165688716286e-01   1.7734138190436882e-01   2.7498279403515014e-07
   3.6328125000000000e-01   6.4262416399034972e-01   6.4216702479913712e-01   4.5713919121259661e-04
   3.7109375000000000e-01   7.3228675215661987e-01   7.3172392679296050e-01   5.6282536365936942e-04
   3.7890625000000000e-01   3.5318011981952968e-01   3.5295716295148793e-01   2.2295686804174597e-04
   3.8671875000000000e-01  -3.0317872087387565e-01  -3.0287702139293182e-01   3.0169948094382892e-04
   3.9453125000000000e-01  -8.2005155804746743e-01  -8.1945211538134910e-01   5.9944266611833275e-04
   4.0234375000000000e-01  -8.0415923508037457e-01  -8.0373404278257154e-01   4.2519229780302314e-04
   4.1015625000000000e-01  -1.9305774806355255e-01  -1.9315204726798799e-01   9.4299204435432937e-05
   4.1796875000000000e-01   6.2620617407427615e-01   6.2565409779825121e-01   5.5207627602493758e-04
   4.2578125000000000e-01   1.0459769737253566e+00   1.0454017815818271e+00   5.7519214352952375e-04
   4.3359375000000000e-01   6.9726110718244438e-01   6.9713079859706362e-01   1.3030858538076728e-04
   4.4140625000000000e-01  -2.1554885947346031e-01  -2.1511402268237248e-01   4.3483679108782813e-04
   4.4921875000000000e-01  -1.0158351815671689e+00  -1.0151775866514838e+00   6.5759491568506689e-04
   4.5703125000000000e-01  -1.0644756508079158e+00  -1.0641349962769249e+00   3.4065453099096921e-04
   4.6484375000000000e-01  -2.8676227256362607e-01  -2.8703171399354699e-01   2.6944142992091358e-04
   4.7265625000000000e-01   7.3176610376689288e-01   7.3109863189270763e-01   6.6747187418525478e-04
   4.8046875000000000e-01   1.1932112189329003e+00   1.1927025094921910e+00   5.0870944070924295e-04
   4.8828125000000000e-01   7.3035597368124794e-01   7.3044198890964318e-01   8.6015228395242005e-05
   4.9609375000000000e-01  -2.8845861919590648e-01  -2.8784312800024758e-01   6.1549119565890154e-04
   5.0390625000000000e-01  -1.0561083760314962e+00  -1.0554892438381496e+00   6.1913219334663872e-04
   5.1171875000000000e-01  -9.8325171424111890e-01  -9.8316284038349100e-01   8.8873857627902453e-05
   5.1953125000000000e-01  -1.6686556024767052e-01  -1.6738618331332408e-01   5.2062306565356375e-04
   5.2734375000000000e-01   7.1508233833327262e-01   7.1440947407893740e-01   6.7286425433521480e-04
   5.3515625000000000e-01   9.7852410836352743e-01   9.7828985225398668e-01   2.3425610954075360e-04
   5.4296875000000000e-01   4.8146614047574621e-01   4.8187374613868156e-01   4.0760566293535083e-04
   5.5078125000000000e-01  -3.0775319044000748e-01  -3.0707255017707635e-01   6.8064026293113145e-04
   5.5859375000000000e-01  -7.4697168263337155e-01  -7.4662717304042669e-01   3.4450959294485273e-04
   5.6640625000000000e-01  -5.5751907852810378e-01  -5.5781563867793216e-01   2.9656014982837320e-04
   5.7421875000000000e-01  -1.8553724239901703e-03  -2.5188726068379116e-03   6.6350018284774132e-04
   5.8203125000000000e-01   4.1297931199758525e-01   4.1255109910699433e-01   4.2821289059091772e-04
   5.8984375000000000e-01   3.9915177291612380e-01   3.9934569369369144e-01   1.9392077756763548e-04
   5.9765625000000000e-01   9.4014684914228708e-02   9.4651969479326636e-02   6.3728456509792863e-04
   6.0546875000000000e-01  -1.4462756397338497e-01  -1.4412738642611675e-01   5.0017754726822128e-04
   6.1328125000000000e-01  -1.1643031349028055e-01  -1.1652443026187376e-01   9.4116771593211190e-05
   6.2109375000000000e-01   4.9044471698823866e-02   4.8436812487877116e-02   6.0765921094674963e-04
   6.2890625000000000e-01   7.6829045234506455e-02   7.6256736097523634e-02   5.7230913698282093e-04
   6.3671875000000000e-01  -1.2297952556404929e-01  -1.2299543699676203e-01   1.5911432712747975e-05
   6.4453125000000000e-01  -3.3199735870475333e-01  -3.3142963682795867e-01   5.6772187679465791e-04
   6.5234375000000000e-01  -2.4648922066475565e-01  -2.4583962155207209e-01   6.4959911268355763e-04
   6.6015625000000000e-01   1.7288120486880776e-01   1.7302746360851959e-01   1.4625873971182979e-04
   6.6796875000000000e-01   5.9085786062871160e-01   5.9035271198479866e-01   5.0514864391293379e-04
   6.7578125000000000e-01   5.7457817756439789e-01   5.7385421691679195e-01   7.2396064760593681e-04
   6.8359375000000000e-01   2.2094106223659066e-02   2.1791285509504120e-02   3.0282071415494577e-04
   6.9140625000000000e-01  -6.7088059466892425e-01  -6.7047649336366677e-01   4.0410130525747601e-04
   6.9921875000000000e-01  -9.0440085984455887e-01  -9.0362321306355664e-01   7.7764678100222806e-04
   7.0703125000000000e-01  -4.0166502546079624e-01  -4.0118852693761625e-01   4.7649852317999120e-04
   7.1484375000000000e-01   4.9866327122726778e-01   4.9840660379414936e-01   2.5666743311841822e-04
   7.2265625000000000e-01   1.0759589949384918e+00   1.0751692610222501e+00   7.8973391624170830e-04
   7.3046875000000000e-01   8.2046831902209771e-01   8.1982039082947555e-01   6.4792819262216028e-04
   7.3828125000000000e-01  -1.1387395099728537e-01  -1.1380861954431555e-01   6.5331452969816239e-05
   7.4609375000000000e-01  -9.9970091352235713e-01  -9.9895931462543153e-01   7.4159889692559933e-04
   8.7890625000000000e-01   8.1727022357468093e-01   8.1654671093263986e-01   7.2351264204106869e-04
   8.8671875000000000e-01   6.0317378142190914e-01   6.0290080650921296e-01   2.7297491269617780e-04
   8.9453125000000000e-01  -1.5630719024742451e-01  -1.5592760667730668e-01   3.7958357011783073e-04
   9.0234375000000000e-01  -7.7898691419561750e-01  -7.7832236287053824e-01   6.6455132507925452e-04
   9.1015625000000000e-01  -7.0068478966061987e-01  -7.0031399779863057e-01   3.7079186198929470e-04
   9.1796875000000000e-01   2.5226307830466463e-02   2.5017991039149416e-02   2.0831679131704667e-04
   9.2578125000000000e-01   7.6621175715605472e-01   7.6565042093434132e-01   5.6133622171339326e-04
   9.3359375000000000e-01   8.5817346387917515e-01   8.5775601747728214e-01   4.1744640189300686e-04
   9.4140625000000000e-01   1.8904888468242131e-01   1.8910289010457565e-01   5.4005422154335125e-05
   9.4921875000000000e-01  -6.8969544888330936e-01  -6.8926772625974486e-01   4.2772262356449708e-04
   9.5703125000000000e-01  -1.0253331592825328e+00  -1.0249213652134750e+00   4.1179406905778038e-04
   9.6484375000000000e-01  -5.0635243182908918e-01  -5.0628293568625149e-01   6.9496142837688346e-05
   9.7265625000000000e-01   4.6356477326273132e-01   4.6328738939197128e-01   2.7738387076003956e-04
   9.8046875000000000e-01   1.0933231954273024e+00   1.0929681169849879e+00   3.5507844231452701e-04
   9.8828125000000000e-01   8.5720091263979192e-01   8.5705118661193092e-01   1.4972602786100797e-04
   9.9609375000000000e-01  -7.2234678687151055e-02  -7.2108457329232351e-02   1.2622135791870437e-04
   7.5390625000000000e-01  -1.1177540626506759e+00  -1.1169662278443562e+00   7.8783480631972047e-04
   7.6171875000000000e-01  -3.5330478805807625e-01  -3.5315325149387644e-01   1.5153656419980566e-04
   7.6953125000000000e-01   6.9463990449449620e-01   6.9401241718138929e-01   6.2748731310691142e-04
   7.7734375000000000e-01   1.1921908657760103e+00   1.1913200997434594e+00   8.7076603255087370e-04
   7.8515625000000000e-01   7.4736777551591271e-01   7.4700479218366056e-01   3.6298333225215362e-04
   7.9296875000000000e-01  -2.7270414355902683e-01  -2.7224434943296522e-01   4.5979412606161896e-04
   8.0078125000000000e-01  -1.0450239349351771e+00  -1.0441412991875350e+00   8.8263574764213537e-04
   8.0859375000000000e-01  -9.6286598817081714e-01  -9.6232355668060798e-01   5.4243149020916093e-04
   8.1640625000000000e-01  -1.2302589775899948e-01  -1.2328603423546015e-01   2.6013647646067062e-04
   8.2421875000000000e-01   7.6904875298457231e-01   7.6822551968164809e-01   8.2323330292422003e-04
   8.3203125000000000e-01   9.9039736448252813e-01   9.8973078820049321e-01   6.6657628203492525e-04
   8.3984375000000000e-01   3.9359622492754665e-01   3.9365363673925385e-01   5.7411811707208660e-05
   8.4765625000000000e-01  -4.8874271387481621e-01  -4.8803590003135427e-01   7.0681384346193976e-04
   8.5546875000000000e-01  -9.0716350822697156e-01  -9.0643679688557854e-01   7.2671134139301596e-04
   8.6328125000000000e-01  -5.3022029431063966e-01  -5.3009497141786643e-01   1.2532289277322750e-04
   8.7109375000000000e-01   2.8589375240747927e-01   2.8534112421424973e-01   5.5262819322954293e-04
