#                  Coord.                Numerical               Analytical                    Error
   3.9062500000000000e-03   1.6872591550484268e+00   1.6836049102948958e+00   3.6542447535310441e-03
   1.1718750000000000e-02   1.6020402482393357e+00   1.6001188702324387e+00   1.9213780068969566e-03
   1.9531250000000000e-02   1.5093242844088783e+00   1.5091300285453453e+00   1.9425586353305491e-04
   2.7343750000000000e-02   1.4143045116409572e+00   1.4119143342361398e+00   2.3901774048173952e-03
   3.5156250000000000e-02   1.3122068126536151e+00   1.3099091038251531e+00   2.2977088284619196e-03
   4.2968750000000000e-02   1.2045469219116547e+00   1.2047075499332021e+00   1.6062802154737099e-04
   5.0781250000000000e-02   1.0988383004002387e+00   1.0980442798035417e+00   7.9402059669697600e-04
   5.8593750000000000e-02   9.9379422747326907e-01   9.9176835553329457e-01   2.0258719399744995e-03
   6.6406250000000000e-02   8.8786837225337722e-01   8.8780144668423566e-01   6.6925569141562669e-05
   7.4218750000000000e-02   7.8765157878939374e-01   7.8808011962638946e-01   4.2854083699572776e-04
   8.2031250000000000e-02   6.9564087905715255e-01   6.9448327822683042e-01   1.1576008303221252e-03
   8.9843750000000000e-02   6.0923467331632353e-01   6.0874799486830566e-01   4.8667844801786320e-04
   9.7656250000000000e-02   5.3154329842298320e-01   5.3237918012774621e-01   8.3588170476300849e-04
   1.0546875000000000e-01   4.6668877553962834e-01   4.6656042634414907e-01   1.2834919547927148e-04
   1.1328125000000000e-01   4.1277552031074538e-01   4.1207461912271032e-01   7.0090118803506352e-04
   1.2109375000000000e-01   3.6877677247497603e-01   3.6924328280297147e-01   4.6651032799543968e-04
   1.2890625000000000e-01   3.3735342541013813e-01   3.3789294335509967e-01   5.3951794496154282e-04
   1.3671875000000000e-01   3.1792043558001903e-01   3.1735501335834093e-01   5.6542222167810241e-04
   1.4453125000000000e-01   3.0677154241432913e-01   3.0650293314308857e-01   2.6860927124056078e-04
   1.5234375000000000e-01   3.0325473638271921e-01   3.0382679028761478e-01   5.7205390489556418e-04
   1.6015625000000000e-01   3.0776093335912524e-01   3.0754176005325073e-01   2.1917330587450934e-04
   1.6796875000000000e-01   3.1661349707621383e-01   3.1572291624372406e-01   8.9058083248977349e-04
   1.7578125000000000e-01   3.2638895775190485e-01   3.2645573141933837e-01   6.6773667433517314e-05
   1.8359375000000000e-01   3.3791352907769084e-01   3.3798935024535764e-01   7.5821167666800804e-05
   1.9140625000000000e-01   3.5001403282393867e-01   3.4887880630350948e-01   1.1352265204291889e-03
   1.9921875000000000e-01   3.5873013871182818e-01   3.5810293045345731e-01   6.2720825837087046e-04
   2.0703125000000000e-01   3.6500351158384875e-01   3.6514675123133050e-01   1.4323964748175211e-04
   2.1484375000000000e-01   3.7109074598477138e-01   3.7004050824938600e-01   1.0502377353853731e-03
   2.2265625000000000e-01   3.7454214863551494e-01   3.7335161617896706e-01   1.1905324565478770e-03
   2.3046875000000000e-01   3.7612940932624600e-01   3.7613054018195086e-01   1.1308557048561596e-06
   2.3828125000000000e-01   3.8065869990979045e-01   3.7981603256800750e-01   8.4266734178295444e-04
   2.4609375000000000e-01   3.8764747599755212e-01   3.8610901468806652e-01   1.5384613094855948e-03
   2.5390625000000000e-01   3.9705766194928821e-01   3.9682713827704325e-01   2.3052367224496439e-04
   2.6171875000000000e-01   4.1441469543098303e-01   4.1375344275399284e-01   6.6125267699018719e-04
   2.6953125000000000e-01   4.4028044876455324e-01   4.3849243502846869e-01   1.7880137360845594e-03
   2.7734375000000000e-01   4.7285184995101781e-01   4.7234543833375342e-01   5.0641161726439066e-04
   2.8515625000000000e-01   5.1670983487621447e-01   5.1621443586467075e-01   4.9539901154371790e-04
   2.9296875000000000e-01   5.7258092552136475e-01   5.7054024846703733e-01   2.0406770543274222e-03
   3.0078125000000000e-01   6.3619044998837593e-01   6.3527717684918672e-01   9.1327313918920794e-04
   3.0859375000000000e-01   7.1022074186700745e-01   7.0990265679139242e-01   3.1808507561503774e-04
   3.1640625000000000e-01   7.9569784678957378e-01   7.9345741641542822e-01   2.2404303741455633e-03
   3.2421875000000000e-01   8.8615874959039886e-01   8.8460938252629084e-01   1.5493670641080204e-03
   3.3203125000000000e-01   9.8193322406144889e-01   9.8173332345744058e-01   1.9990060400831844e-04
   3.3984375000000000e-01   1.0852316050014355e+00   1.0829979655396342e+00   2.2336394618012179e-03
   3.4765625000000000e-01   1.1888280586241438e+00   1.1864529789580758e+00   2.3750796660679807e-03
   3.5546875000000000e-01   1.2904130856720779e+00   1.2901095970128518e+00   3.0348865922613655e-04
   3.6328125000000000e-01   1.3939229781201519e+00   1.3920104498629637e+00   1.9125282571881286e-03
   3.7109375000000000e-01   1.4934564827657535e+00   1.4902861792077475e+00   3.1703035580059602e-03
   3.7890625000000000e-01   1.5839726952143673e+00   1.5831982924450538e+00   7.7440276931350915e-04
   3.8671875000000000e-01   1.6705165669746393e+00   1.6691693016034539e+00   1.3472653711854576e-03
   3.9453125000000000e-01   1.7504370468969133e+00   1.7468023301459001e+00   3.6347167510131229e-03
   4.0234375000000000e-01   1.8165181694154777e+00   1.8148929921484420e+00   1.6251772670357045e-03
   4.1015625000000000e-01   1.8731816875560128e+00   1.8724364572958849e+00   7.4523026012784932e-04
   4.1796875000000000e-01   1.9221479006876672e+00   1.9186322751520259e+00   3.5156255356412203e-03
   4.2578125000000000e-01   1.9555605323497629e+00   1.9528888488987421e+00   2.6716834510207566e-03
   4.3359375000000000e-01   1.9752683553635364e+00   1.9748285516714532e+00   4.3980369208318493e-04
   4.4140625000000000e-01   1.9870591636638348e+00   1.9842935034310905e+00   2.7656602327443824e-03
   4.4921875000000000e-01   1.9848993438476643e+00   1.9813511024273960e+00   3.5482414202683277e-03
   4.5703125000000000e-01   1.9669837208592831e+00   1.9662976450502510e+00   6.8607580903212728e-04
   4.6484375000000000e-01   1.9413001872624351e+00   1.9396578610072392e+00   1.6423262551958917e-03
   4.7265625000000000e-01   1.9060279495385497e+00   1.9021780015813308e+00   3.8499479572189355e-03
   4.8046875000000000e-01   1.8562889819126027e+00   1.8548102823002803e+00   1.4786996123223872e-03
   4.8828125000000000e-01   1.7993231462548536e+00   1.7986870031787554e+00   6.3614307609816123e-04
   4.9609375000000000e-01   1.7384380110100424e+00   1.7350835229163974e+00   3.3544880936449140e-03
   5.0390625000000000e-01   1.6678343331856462e+00   1.6653703871818613e+00   2.4639460037849670e-03
   5.1171875000000000e-01   1.5911984583030079e+00   1.5909562104626427e+00   2.4224784036519509e-04
   5.1953125000000000e-01   1.5154709498940138e+00   1.5132242599245798e+00   2.2466899694340015e-03
   5.2734375000000000e-01   1.4365651246866440e+00   1.4334669366377266e+00   3.0981880489173719e-03
   5.3515625000000000e-01   1.3534083446576006e+00   1.3528233306191222e+00   5.8501403847843747e-04
   5.4296875000000000e-01   1.2732638997025554e+00   1.2722255808158711e+00   1.0383188866842641e-03
   5.5078125000000000e-01   1.1953537252956050e+00   1.1923597630750276e+00   2.9939622205774619e-03
   5.5859375000000000e-01   1.1149929292766714e+00   1.1136463691409770e+00   1.3465601356943413e-03
   5.6640625000000000e-01   1.0365087328054703e+00   1.0362441048320452e+00   2.6462797342508004e-04
   5.7421875000000000e-01   9.6226861042062950e-01   9.6007878547346537e-01   2.1898249471641318e-03
   5.8203125000000000e-01   8.8684875657292783e-01   8.8489668885295603e-01   1.9520677199718062e-03
   5.8984375000000000e-01   8.1046270958574163e-01   8.1033907020143092e-01   1.2363938431070309e-04
   5.9765625000000000e-01   7.3713737068667728e-01   7.3603194285249118e-01   1.1054278341861012e-03
   6.0546875000000000e-01   6.6366707966684080e-01   6.6168300752278331e-01   1.9840721440574915e-03
   6.1328125000000000e-01   5.8756899554246633e-01   5.8717608871586446e-01   3.9290682660186871e-04
   6.2109375000000000e-01   5.1288166892854548e-01   5.1265287141060889e-01   2.2879751793658532e-04
   6.2890625000000000e-01   4.4000660571843420e-01   4.3857229108995111e-01   1.4343146284830910e-03
   6.3671875000000000e-01   3.6639814066175874e-01   3.6573965098295763e-01   6.5848967880111076e-04
   6.4453125000000000e-01   2.9512726941110962e-01   2.9530030942660551e-01   1.7304001549589554e-04
   6.5234375000000000e-01   2.2936287323113785e-01   2.2869633783541635e-01   6.6653539572150700e-04
   6.6015625000000000e-01   1.6821443015189055e-01   1.6758851286131382e-01   6.2591729057673295e-04
   6.6796875000000000e-01   1.1358456523109146e-01   1.1374991278182528e-01   1.6534755073381591e-04
   6.7578125000000000e-01   6.9080890374019696e-02   6.8940754409980265e-02   1.4013596403943118e-04
   6.8359375000000000e-01   3.5102561978434414e-02   3.4776494406530065e-02   3.2606757190434960e-04
   6.9140625000000000e-01   1.2577992791608940e-02   1.2602296911118128e-02   2.4304119509188302e-05
   6.9921875000000000e-01   3.4928974680844779e-03   3.3865646937355880e-03   1.0633277434888991e-04
   7.0703125000000000e-01   7.7007443883275696e-03   7.6443578587282934e-03   5.6386529599276175e-05
   7.1484375000000000e-01   2.5399055348166139e-02   2.5398387077071621e-02   6.6827109451716993e-07
   7.2265625000000000e-01   5.6641538770526523e-02   5.6181238036759118e-02   4.6030073376740477e-04
   7.3046875000000000e-01   9.9212449392728955e-02   9.9078048420276593e-02   1.3440097245236149e-04
   7.3828125000000000e-01   1.5268246491012230e-01   1.5280455783318125e-01   1.2209292305895292e-04
   7.4609375000000000e-01   2.1667894162217469e-01   2.1581180249606063e-01   8.6713912611405264e-04
   8.7890625000000000e-01   1.6111677024508602e+00   1.6081334757636832e+00   3.0342266871770107e-03
   8.8671875000000000e-01   1.6806574941290242e+00   1.6800543022402952e+00   6.0319188872903773e-04
   8.9453125000000000e-01   1.7489891739185912e+00   1.7469909980941110e+00   1.9981758244802528e-03
   9.0234375000000000e-01   1.8115762340541193e+00   1.8077832170129207e+00   3.7930170411986097e-03
   9.1015625000000000e-01   1.8626241042025828e+00   1.8612688137682940e+00   1.3552904342888361e-03
   9.1796875000000000e-01   1.9076963521934567e+00   1.9063387683417028e+00   1.3575838517538852e-03
   9.2578125000000000e-01   1.9460420234588500e+00   1.9419866206988781e+00   4.0554027599719600e-03
   9.3359375000000000e-01   1.9697960183773744e+00   1.9673492608453396e+00   2.4467575320348267e-03
   9.4140625000000000e-01   1.9826082586689426e+00   1.9817372112614149e+00   8.7104740752774745e-04
   9.4921875000000000e-01   1.9882686429742156e+00   1.9846538672947351e+00   3.6147756794804309e-03
   9.5703125000000000e-01   1.9793258434970966e+00   1.9758043881618603e+00   3.5214553352362898e-03
   9.6484375000000000e-01   1.9559135913724237e+00   1.9550959410411295e+00   8.1765033129421738e-04
   9.7265625000000000e-01   1.9251620527081708e+00   1.9226317052557818e+00   2.5303474523890035e-03
   9.8046875000000000e-01   1.8827529806096175e+00   1.8787013847482343e+00   4.0515958613831504e-03
   9.8828125000000000e-01   1.8250299737351687e+00   1.8237709303773204e+00   1.2590433578483218e-03
   9.9609375000000000e-01   1.7596803235779925e+00   1.7584737481995674e+00   1.2065753784251676e-03
   7.5390625000000000e-01   2.8705375418744256e-01   2.8640615662923047e-01   6.4759755821208742e-04
   7.6171875000000000e-01   3.6265748907711931e-01   3.6287221071713444e-01   2.1472164001512528e-04
   7.6953125000000000e-01   4.4462587517364310e-01   4.4358622246038504e-01   1.0396527132580657e-03
   7.7734375000000000e-01   5.2852298609249027e-01   5.2710949106921234e-01   1.4134950232779220e-03
   7.8515625000000000e-01   6.1217890109307760e-01   6.1225373377258152e-01   7.4832679503922250e-05
   7.9296875000000000e-01   6.9903017109962395e-01   6.9811400353505437e-01   9.1616756456958104e-04
   8.0078125000000000e-01   7.8620964491740797e-01   7.8406842889541872e-01   2.1412160219892451e-03
   8.0859375000000000e-01   8.7013533807305243e-01   8.6974762508374071e-01   3.8771298931172815e-04
   8.1640625000000000e-01   9.5560213174945097e-01   9.5497961853778168e-01   6.2251321166928442e-04
   8.2421875000000000e-01   1.0423351546757096e+00   1.0397182444358259e+00   2.6169102398836408e-03
   8.3203125000000000e-01   1.1251040675901753e+00   1.1239640497361236e+00   1.1400178540517114e-03
   8.3984375000000000e-01   1.2080387762521911e+00   1.2076867340243120e+00   3.5204222787910133e-04
   8.4765625000000000e-01   1.2935010558350066e+00   1.2907571887697831e+00   2.7438670652235597e-03
   8.5546875000000000e-01   1.3749693832173233e+00   1.3728954581485397e+00   2.0739250687835664e-03
   8.6328125000000000e-01   1.4539294267762766e+00   1.4536387141785616e+00   2.9071259771495939e-04
   8.7109375000000000e-01   1.5348474417789557e+00   1.5323309142228956e+00   2.5165275560601330e-03
