#                  Coord.                Numerical               Analytical                    Error
   3.9062500000000000e-03  -4.0522418051842435e-01  -4.0408788241576038e-01   1.1362981026639685e-03
   1.1718750000000000e-02  -2.9182822000062597e-01  -2.9131837834022517e-01   5.0984166040080048e-04
   1.9531250000000000e-02   1.4468127480242177e-02   1.3852484910765996e-02   6.1564256947618107e-04
   2.7343750000000000e-02   2.9279187046138344e-01   2.9157834720452286e-01   1.2135232568605825e-03
   3.5156250000000000e-02   3.4312870971950726e-01   3.4241843510511255e-01   7.1027461439471251e-04
   4.2968750000000000e-02   1.4742823246327330e-01   1.4789017377207264e-01   4.6194130879934070e-04
   5.0781250000000000e-02  -1.1856751688978337e-01  -1.1733006453261326e-01   1.2374523571701129e-03
   5.8593750000000000e-02  -2.4166219624568874e-01  -2.4077300137257776e-01   8.8919487311098222e-04
   6.6406250000000000e-02  -1.5634927244396413e-01  -1.5663274322090542e-01   2.8347077694129696e-04
   7.4218750000000000e-02   1.3839861811949572e-02   1.2628335885954899e-02   1.2115259259946731e-03
   8.2031250000000000e-02   9.4921614863001685e-02   9.3889306416776119e-02   1.0323084462255661e-03
   8.9843750000000000e-02   3.9080559142235960e-02   3.9181890378151105e-02   1.0133123591514470e-04
   9.7656250000000000e-02  -4.1191947406612250e-02  -4.0042119560916460e-02   1.1498278456957903e-03
   1.0546875000000000e-01  -1.4301593257825651e-02  -1.3162619946337080e-02   1.1389733114885708e-03
   1.1328125000000000e-01   1.0795707398379922e-01   1.0802884452951717e-01   7.1770545717941836e-05
   1.2109375000000000e-01   1.6962443345361478e-01   1.6855637327016351e-01   1.0680601834512637e-03
   1.2890625000000000e-01   4.5113842993966036e-02   4.3896482780590863e-02   1.2173602133751724e-03
   1.3671875000000000e-01  -1.9412032843327076e-01  -1.9435259284424311e-01   2.3226441097234929e-04
   1.4453125000000000e-01  -3.1526627160949672e-01  -3.1429034303417230e-01   9.7592857532441402e-04
   1.5234375000000000e-01  -1.5335283307044589e-01  -1.5207304659015203e-01   1.2797864802938652e-03
   1.6015625000000000e-01   1.9142454859135050e-01   1.9181208900831956e-01   3.8754041696906216e-04
   1.6796875000000000e-01   4.0962873568174618e-01   4.0875220796237327e-01   8.7652771937291041e-04
   1.7578125000000000e-01   2.6948981874632949e-01   2.6815608668989943e-01   1.3337320564300592e-03
   1.8359375000000000e-01  -1.3582014829035693e-01  -1.3636736106908018e-01   5.4721277872324392e-04
   1.9140625000000000e-01  -4.4204106661499254e-01  -4.4127852027956760e-01   7.6254633542494066e-04
   1.9921875000000000e-01  -3.4768529001858917e-01  -3.4630482156998732e-01   1.3804684486018459e-03
   2.0703125000000000e-01   8.2067727960055681e-02   8.2788099002061355e-02   7.2037104200567414e-04
   2.1484375000000000e-01   4.4993936182659455e-01   4.4931676303452650e-01   6.2259879206805202e-04
   2.2265625000000000e-01   3.9349821363275261e-01   3.9208440071267442e-01   1.4138129200781946e-03
   2.3046875000000000e-01  -5.5197926154278543e-02  -5.6108288214662926e-02   9.1036206038438289e-04
   2.3828125000000000e-01  -4.7490196964654241e-01  -4.7445649766810910e-01   4.4547197843330943e-04
   2.4609375000000000e-01  -4.4551493300872519e-01  -4.4409290100314069e-01   1.4220320055844948e-03
   2.5390625000000000e-01   3.6524923091307476e-02   3.7637014638324369e-02   1.1120915470168927e-03
   2.6171875000000000e-01   5.2582429532004316e-01   5.2559673949052799e-01   2.2755582951516917e-04
   2.6953125000000000e-01   5.3541600784173005e-01   5.3402371951168814e-01   1.3922883300419020e-03
   2.7734375000000000e-01   1.2781786408844975e-02   1.1465703344465525e-02   1.3160830643794506e-03
   2.8515625000000000e-01  -5.7635044810659097e-01  -5.7638730995734977e-01   3.6861850758795889e-05
   2.9296875000000000e-01  -6.6304882168941814e-01  -6.6173815992087914e-01   1.3106617685390010e-03
   3.0078125000000000e-01  -1.1856629766005300e-01  -1.1706127614605442e-01   1.5050215139985751e-03
   3.0859375000000000e-01   5.8959723102217565e-01   5.8993523168135154e-01   3.3800065917588551e-04
   3.1640625000000000e-01   8.0201299518230307e-01   8.0084394460304631e-01   1.1690505792567585e-03
   3.2421875000000000e-01   2.7989929294325055e-01   2.7823706117049618e-01   1.6622317727543745e-03
   3.3203125000000000e-01  -5.4227944039579257e-01  -5.4294470448364163e-01   6.6526408784906010e-04
   3.3984375000000000e-01  -9.2150678135777575e-01  -9.2054357974042611e-01   9.6320161734964049e-04
   3.4765625000000000e-01  -4.7907187035815907e-01  -4.7729992125906900e-01   1.7719490990900644e-03
   3.5546875000000000e-01   4.2897657868803463e-01   4.2998197348693606e-01   1.0053947989014378e-03
   3.6328125000000000e-01   1.0003191193663841e+00   9.9962823292765801e-01   6.9088643872605715e-04
   3.7109375000000000e-01   6.9748504149388879e-01   6.9566830557973391e-01   1.8167359141548767e-03
   3.7890625000000000e-01  -2.5108311827725011e-01  -2.5242323608737582e-01   1.3401178101257183e-03
   3.8671875000000000e-01  -1.0236394943459239e+00  -1.0232822116798330e+00   3.5728266609091897e-04
   3.9453125000000000e-01  -9.1963014207957361e-01  -9.1784887196617337e-01   1.7812701134002351e-03
   4.0234375000000000e-01   8.3431822844950709e-03   9.9938175288651152e-03   1.6506352443700443e-03
   4.1015625000000000e-01   9.7313775592726293e-01   9.7317881502343972e-01   4.1059096176798704e-05
   4.1796875000000000e-01   1.1245288228176487e+00   1.1228850338854879e+00   1.6437889321607724e-03
   4.2578125000000000e-01   2.9658132452288116e-01   2.9467386721444339e-01   1.9074573084377766e-03
   4.3359375000000000e-01  -8.2539506758130732e-01  -8.2588173537655407e-01   4.8666779524675352e-04
   4.4140625000000000e-01  -1.2775625413979608e+00  -1.2761729304838567e+00   1.3896109141040558e-03
   4.4921875000000000e-01  -6.4601393105518523e-01  -6.4393733159256250e-01   2.0765994626227302e-03
   4.5703125000000000e-01   5.6230519960222747e-01   5.6326004646093097e-01   9.5484685870350638e-04
   4.6484375000000000e-01   1.3332007761479641e+00   1.3321879876088298e+00   1.0127885391342240e-03
   4.7265625000000000e-01   9.9977894114288213e-01   9.9765595024993425e-01   2.1229908929478736e-03
   4.8046875000000000e-01  -1.8532276590275493e-01  -1.8673008385628975e-01   1.4073179535348257e-03
   4.8828125000000000e-01  -1.2477682814884425e+00  -1.2472450609040489e+00   5.2322058439369101e-04
   4.9609375000000000e-01  -1.2983713324118091e+00  -1.2963553235528311e+00   2.0160088589780134e-03
   5.0390625000000000e-01  -2.7572624252380057e-01  -2.7393362583200265e-01   1.7926166917979214e-03
   5.1171875000000000e-01   9.9463862382393153e-01   9.9468269413628485e-01   4.4070312353317043e-05
   5.1953125000000000e-01   1.4742222533769767e+00   1.4724794266534400e+00   1.7428267235366501e-03
   5.2734375000000000e-01   7.6201733823877316e-01   7.5995768537915998e-01   2.0596528596131813e-03
   5.3515625000000000e-01  -5.7640545827870715e-01  -5.7704861572503963e-01   6.4315744633247629e-04
   5.4296875000000000e-01  -1.4664922149372135e+00  -1.4651824251874193e+00   1.3097897497942323e-03
   5.5078125000000000e-01  -1.1917641368078065e+00  -1.1896034613426787e+00   2.1606754651277704e-03
   5.5859375000000000e-01   3.2892491489602362e-02   3.4094626400993581e-02   1.2021349113912200e-03
   5.6640625000000000e-01   1.2377196111032607e+00   1.2369653075333968e+00   7.5430356986383451e-04
   5.7421875000000000e-01   1.4727567276425579e+00   1.4706873083213940e+00   2.0694193211638900e-03
   5.8203125000000000e-01   5.5649235974226330e-01   5.5484202087151679e-01   1.6503388707465039e-03
   5.8984375000000000e-01  -7.9117017597696915e-01  -7.9103286365535186e-01   1.3731232161728890e-04
   5.9765625000000000e-01  -1.5227997494703480e+00  -1.5210104335736157e+00   1.7893158967323686e-03
   6.0546875000000000e-01  -1.0803639402034060e+00  -1.0784339014301887e+00   1.9300387732172908e-03
   6.1328125000000000e-01   1.8398744011429424e-01   1.8445378241854263e-01   4.6634230424838496e-04
   6.2109375000000000e-01   1.2964150655342257e+00   1.2950610546188257e+00   1.3540109153999946e-03
   6.2890625000000000e-01   1.4169981512753576e+00   1.4149912115833900e+00   2.0069396919675242e-03
   6.3671875000000000e-01   4.7225663724854205e-01   4.7127564488257356e-01   9.8099236596849160e-04
   6.4453125000000000e-01  -8.1002158761756071e-01  -8.0919868244632009e-01   8.2290517124061768e-04
   6.5234375000000000e-01  -1.4683892468422386e+00  -1.4665076494825686e+00   1.8815973596699731e-03
   6.6015625000000000e-01  -1.0303434684960395e+00  -1.0289946037672457e+00   1.3488647287938083e-03
   6.6796875000000000e-01   1.5390483489182669e-01   1.5363751874476428e-01   2.6731614706240747e-04
   6.7578125000000000e-01   1.1974445395905211e+00   1.1958612529576889e+00   1.5832866328322481e-03
   6.8359375000000000e-01   1.3453110999116229e+00   1.3437759748932756e+00   1.5351250183472942e-03
   6.9140625000000000e-01   5.1900618489603922e-01   5.1876704726735123e-01   2.3913762868799093e-04
   6.9921875000000000e-01  -6.5403483385012740e-01  -6.5286505226567637e-01   1.1697815844510240e-03
   7.0703125000000000e-01  -1.3224090024797881e+00  -1.3208699958522718e+00   1.5390066275162706e-03
   7.1484375000000000e-01  -1.0305513588910107e+00  -1.0299118549345818e+00   6.3950395642886626e-04
   7.2265625000000000e-01  -2.4258968910782802e-02  -2.4969309268217617e-02   7.1034035743481466e-04
   7.3046875000000000e-01   9.5863943366795534e-01   9.5724965489600999e-01   1.3897787719453492e-03
   7.3828125000000000e-01   1.2335237475097465e+00   1.2326222728984753e+00   9.0147461127121353e-04
   7.4609375000000000e-01   6.4446487566974919e-01   6.4473777808404598e-01   2.7290241429678286e-04
   8.7890625000000000e-01  -6.9238113232985410e-01  -6.9308006074710748e-01   6.9892841725338606e-04
   8.8671875000000000e-01  -6.0369893695705201e-01  -6.0429622799001315e-01   5.9729103296113362e-04
   8.9453125000000000e-01  -1.4919420564475769e-01  -1.4910731106170255e-01   8.6894583055135977e-05
   9.0234375000000000e-01   3.4849768901965977e-01   3.4920053454399408e-01   7.0284552433430569e-04
   9.1015625000000000e-01   5.8029408997651633e-01   5.8094295470002399e-01   6.4886472350766944e-04
   9.1796875000000000e-01   4.4243931524414171e-01   4.4239068261863268e-01   4.8632625509026361e-05
   9.2578125000000000e-01   6.6401366672153073e-02   6.5663685427025512e-02   7.3768124512756106e-04
   9.3359375000000000e-01  -3.0149456047230627e-01  -3.0223855019303997e-01   7.4398972073369540e-04
   9.4140625000000000e-01  -4.6126762840228674e-01  -4.6128875217193155e-01   2.1123769644804113e-05
   9.4921875000000000e-01  -3.5500188470518229e-01  -3.5422864798651477e-01   7.7323671866752486e-04
   9.5703125000000000e-01  -6.6113172553233901e-02  -6.5238379264500379e-02   8.7479328873352191e-04
   9.6484375000000000e-01   2.4260631424149326e-01   2.4274794579537845e-01   1.4163155388519089e-04
   9.7265625000000000e-01   4.0740956080927271e-01   4.0663339741991605e-01   7.7616338935665441e-04
   9.8046875000000000e-01   3.3692191533207638e-01   3.3590621870821663e-01   1.0156966238597520e-03
   9.8828125000000000e-01   6.4962207576035463e-02   6.4651140809118338e-02   3.1106676691712576e-04
   9.9609375000000000e-01  -2.4972570000536504e-01  -2.4900098399652768e-01   7.2471600883736165e-04
   7.5390625000000000e-01  -3.5883921676116270e-01  -3.5770142593638404e-01   1.1377908247786617e-03
   7.6171875000000000e-01  -1.0684974054702765e+00  -1.0674765290347954e+00   1.0208764354810995e-03
   7.6953125000000000e-01  -1.0191689494612768e+00  -1.0190812817557195e+00   8.7667705557237241e-05
   7.7734375000000000e-01  -2.8747134605482405e-01  -2.8831690891704354e-01   8.4556286221948440e-04
   7.8515625000000000e-01   5.9695109197075091e-01   5.9593126533709539e-01   1.0198266336555184e-03
   7.9296875000000000e-01   1.0368549139930963e+00   1.0365115163345002e+00   3.4339765859603411e-04
   8.0078125000000000e-01   7.6801107855554318e-01   7.6857918425031868e-01   5.6810569477550033e-04
   8.0859375000000000e-01   9.7558738325608692e-03   1.0696059160589570e-02   9.4018532802870106e-04
   8.1640625000000000e-01  -7.1208687890086886e-01  -7.1159611319141747e-01   4.9076570945139064e-04
   8.2421875000000000e-01  -9.2878247227966704e-01  -9.2913181833383029e-01   3.4934605416325759e-04
   8.3203125000000000e-01  -5.2980739526369125e-01  -5.3064135659936895e-01   8.3396133567770203e-04
   8.3984375000000000e-01   1.8821629724187902e-01   1.8766095889181217e-01   5.5533835006685295e-04
   8.4765625000000000e-01   7.3998432808860992e-01   7.4018928751357671e-01   2.0495942496678854e-04
   8.5546875000000000e-01   7.7949156369243966e-01   7.8023632589917657e-01   7.4476220673691529e-04
   8.6328125000000000e-01   3.1688666659269116e-01   3.1746383310564180e-01   5.7716651295064425e-04
   8.7109375000000000e-01  -3.1259538219295829e-01  -3.1272127751414930e-01   1.2589532119100522e-04
