#                  Coord.                Numerical               Analytical                    Error
   3.9062500000000000e-03   6.6573705483262435e-01   6.6615790057742463e-01   4.2084574480028003e-04
   1.1718750000000000e-02   6.0138049919391734e-01   6.0018150291876360e-01   1.1989962751537409e-03
   1.9531250000000000e-02   5.3939121488705510e-01   5.3893024888083119e-01   4.6096600622391737e-04
   2.7343750000000000e-02   4.8158148578312421e-01   4.8235367357755266e-01   7.7218779442844721e-04
   3.5156250000000000e-02   4.3070473237415591e-01   4.3035011243105464e-01   3.5461994310126421e-04
   4.2968750000000000e-02   3.8365060694369324e-01   3.8276802484363098e-01   8.8258210006225690e-04
   5.0781250000000000e-02   3.3897561698331413e-01   3.3940946787105558e-01   4.3385088774144931e-04
   5.8593750000000000e-02   2.9963497914216963e-01   3.0003643003791691e-01   4.0145089574727955e-04
   6.6406250000000000e-02   2.6507439180353554e-01   2.6438035353803541e-01   6.9403826550012981e-04
   7.4218750000000000e-02   2.3229371969450574e-01   2.3215463270948927e-01   1.3908698501646777e-04
   8.2031250000000000e-02   2.0241796744980062e-01   2.0306925646174506e-01   6.5128901194444477e-04
   8.9843750000000000e-02   1.7696316418101043e-01   1.7684617231197297e-01   1.1699186903746384e-04
   9.7656250000000000e-02   1.5368809991215374e-01   1.5323351361685578e-01   4.5458629529795958e-04
   1.0546875000000000e-01   1.3163766437015931e-01   1.3201666360646797e-01   3.7899923630865806e-04
   1.1328125000000000e-01   1.1266370126538001e-01   1.1302430936575682e-01   3.6060810037680247e-04
   1.2109375000000000e-01   9.6464062501025391e-02   9.6128188507464740e-02   3.3587399356065084e-04
   1.2890625000000000e-01   8.1296129166824840e-02   8.1236103126019824e-02   6.0026040805016834e-05
   1.3671875000000000e-01   6.7866133282499200e-02   6.8278851207615815e-02   4.1271792511661520e-04
   1.4453125000000000e-01   5.7195898964722658e-02   5.7192829426433167e-02   3.0695382894907475e-06
   1.5234375000000000e-01   4.8181181688329404e-02   4.7900988719348704e-02   2.8019296898069979e-04
   1.6015625000000000e-01   4.0170124438014383e-02   4.0295379256867173e-02   1.2525481885278938e-04
   1.6796875000000000e-01   3.4021231148007619e-02   3.4224557089467922e-02   2.0332594146030281e-04
   1.7578125000000000e-01   2.9673819290434941e-02   2.9488577413061344e-02   1.8524187737359657e-04
   1.8359375000000000e-01   2.6002947188222034e-02   2.5843210949795532e-02   1.5973623842650136e-04
   1.9140625000000000e-01   2.2858410295176362e-02   2.3013540112722813e-02   1.5512981754645105e-04
   1.9921875000000000e-01   2.0688326704147227e-02   2.0715458642794966e-02   2.7131938647739079e-05
   2.0703125000000000e-01   1.8896103210690688e-02   1.8682100125149689e-02   2.1400308554099870e-04
   2.1484375000000000e-01   1.6697131746367926e-02   1.6691142354799134e-02   5.9893915687926624e-06
   2.2265625000000000e-01   1.4450016186374755e-02   1.4588502690630023e-02   1.3848650425526791e-04
   2.3046875000000000e-01   1.2395208663898054e-02   1.2304274485419892e-02   9.0934178478161917e-05
   2.3828125000000000e-01   9.9498572482507406e-03   9.8578401208922247e-03   9.2017127358515888e-05
   2.4609375000000000e-01   7.2425321050258503e-03   7.3507745946566061e-03   1.0824248963075579e-04
   2.5390625000000000e-01   4.9301047412029508e-03   4.9481494565882861e-03   1.8044715385335218e-05
   2.6171875000000000e-01   2.9137748912971845e-03   2.8508140147263895e-03   6.2960876570795042e-05
   2.6953125000000000e-01   1.2267558290343355e-03   1.2628157478611710e-03   3.6059918826835541e-05
   2.7734375000000000e-01   3.5608901912152703e-04   3.5903120398454291e-04   2.9421848630158728e-06
   2.8515625000000000e-01   2.6971432553932943e-04   2.5813581946197955e-04   1.1578506077349884e-05
   2.9296875000000000e-01   9.9427271248672005e-04   1.0052224714083781e-03   1.0949758921658054e-05
   3.0078125000000000e-01   2.6686612319049975e-03   2.5668202165467784e-03   1.0184101535821912e-04
   3.0859375000000000e-01   4.8660413307434090e-03   4.8390380973593354e-03   2.7003233384073622e-05
   3.1640625000000000e-01   7.6294798602191951e-03   7.6674207070228997e-03   3.7940846803704610e-05
   3.2421875000000000e-01   1.1080867431634622e-02   1.0875227160429627e-02   2.0564027120499422e-04
   3.3203125000000000e-01   1.4411149741195377e-02   1.4295556233219622e-02   1.1559350797575585e-04
   3.3984375000000000e-01   1.7730885554952249e-02   1.7802249621465975e-02   7.1364066513725927e-05
   3.4765625000000000e-01   2.1600986009476512e-02   2.1334876369426631e-02   2.6610964004988164e-04
   3.5546875000000000e-01   2.5148976056510473e-02   2.4914242219676141e-02   2.3473383683433185e-04
   3.6328125000000000e-01   2.8566784588953221e-02   2.8646551436366914e-02   7.9766847413693248e-05
   3.7109375000000000e-01   3.3020877915195694e-02   3.2716261404313454e-02   3.0461651088223990e-04
   3.7890625000000000e-01   3.7734349011234833e-02   3.7369471606840780e-02   3.6487740439405253e-04
   3.8671875000000000e-01   4.2828795726435741e-02   4.2891075262060256e-02   6.2279535624515381e-05
   3.9453125000000000e-01   4.9932044424339121e-02   4.9579661438268995e-02   3.5238298607012664e-04
   4.0234375000000000e-01   5.8256657973876393e-02   5.7724199305653229e-02   5.3245866822316384e-04
   4.1015625000000000e-01   6.7564718819535477e-02   6.7585907834475822e-02   2.1189014940345419e-05
   4.1796875000000000e-01   7.9793295451192112e-02   7.9387572249019545e-02   4.0572320217256708e-04
   4.2578125000000000e-01   9.4077819721561623e-02   9.3311149016633718e-02   7.6667070492790479e-04
   4.3359375000000000e-01   1.0956928852358050e-01   1.0950306905411901e-01   6.6219469461489822e-05
   4.4140625000000000e-01   1.2852397420297856e-01   1.2808544765292013e-01   4.3852655005843788e-04
   4.4921875000000000e-01   1.5023501180091789e-01   1.4917061968144896e-01   1.0643921194689321e-03
   4.5703125000000000e-01   1.7311223029211908e-01   1.7287613075230246e-01   2.3609953981662546e-04
   4.6484375000000000e-01   1.9977285880139098e-01   1.9933752346581096e-01   4.3533533558001714e-04
   4.7265625000000000e-01   2.3010970563329067e-01   2.2871687170859084e-01   1.3928339246998267e-03
   4.8046875000000000e-01   2.6172143500405470e-01   2.6120588491635072e-01   5.1555008770398647e-04
   4.8828125000000000e-01   2.9742252759705490e-01   2.9702335233838906e-01   3.9917525866584036e-04
   4.9609375000000000e-01   3.3811884822800287e-01   3.3640755760066182e-01   1.7112906273410444e-03
   5.0390625000000000e-01   3.8052913782502279e-01   3.7960493649552635e-01   9.2420132949644351e-04
   5.1171875000000000e-01   4.2721239762751062e-01   4.2685660163152822e-01   3.5579599598239975e-04
   5.1953125000000000e-01   4.8035934270454050e-01   4.7838440280168992e-01   1.9749399028505810e-03
   5.2734375000000000e-01   5.3585315902842712e-01   5.3437797261960263e-01   1.4751864088244915e-03
   5.3515625000000000e-01   5.9532024519859883e-01   5.9498380314626154e-01   3.3644205233729352e-04
   5.4296875000000000e-01   6.6243024749663393e-01   6.6029690979550615e-01   2.1333377011277799e-03
   5.5078125000000000e-01   7.3252195678974341e-01   7.3035516094491770e-01   2.1667958448257085e-03
   5.5859375000000000e-01   8.0555285941126409e-01   8.0513596416597921e-01   4.1689524528487620e-04
   5.6640625000000000e-01   8.8668702100891827e-01   8.8455475202132972e-01   2.1322689875885592e-03
   5.7421875000000000e-01   9.7142223475136991e-01   9.6846461822838015e-01   2.9576165229897589e-03
   5.8203125000000000e-01   1.0573547799158187e+00   1.0566565047661682e+00   6.9827514965048465e-04
   5.8984375000000000e-01   1.1507999462766716e+00   1.1488594962440541e+00   1.9404500326174468e-03
   5.9765625000000000e-01   1.2484788641224160e+00   1.2447409914886567e+00   3.7378726337593537e-03
   6.0546875000000000e-01   1.3451957290392234e+00   1.3439067451306994e+00   1.2889839085239441e-03
   6.1328125000000000e-01   1.4475012325985277e+00   1.4459009625563879e+00   1.6002700421398064e-03
   6.2109375000000000e-01   1.5545401117805442e+00   1.5502067619523345e+00   4.3333498282096539e-03
   6.2890625000000000e-01   1.6584939868467381e+00   1.6562473750558935e+00   2.2466117908446215e-03
   6.3671875000000000e-01   1.7646624574052994e+00   1.7633884457858373e+00   1.2740116194620565e-03
   6.4453125000000000e-01   1.8754933815378125e+00   1.8709417162332795e+00   4.5516653045329925e-03
   6.5234375000000000e-01   1.9816683766620296e+00   1.9781702824506904e+00   3.4980942113391755e-03
   6.6015625000000000e-01   2.0854709235904889e+00   2.0842954794604642e+00   1.1754441300246832e-03
   6.6796875000000000e-01   2.1927930808358278e+00   2.1885053348343102e+00   4.2877460015176005e-03
   6.7578125000000000e-01   2.2947728024860754e+00   2.2899644277038593e+00   4.8083747822160738e-03
   6.8359375000000000e-01   2.3893668062281983e+00   2.3878249129187030e+00   1.5418933094952791e-03
   6.9140625000000000e-01   2.4848356185130225e+00   2.4812384208174656e+00   3.5971976955568863e-03
   6.9921875000000000e-01   2.5751935699622193e+00   2.5693685193654594e+00   5.8250505967598620e-03
   7.0703125000000000e-01   2.6538627083616184e+00   2.6514034219672906e+00   2.4592863943277976e-03
   7.1484375000000000e-01   2.7292889082101128e+00   2.7265686346350515e+00   2.7202735750613272e-03
   7.2265625000000000e-01   2.8003473769745488e+00   2.7941392545814487e+00   6.2081223931000906e-03
   7.3046875000000000e-01   2.8572465618209355e+00   2.8534516539574812e+00   3.7949078634542666e-03
   7.3828125000000000e-01   2.9059283555668554e+00   2.9039143046309377e+00   2.0140509359176662e-03
   7.4609375000000000e-01   2.9507946976751791e+00   2.9450175219074790e+00   5.7771757677000934e-03
   8.7890625000000000e-01   2.2022353953237017e+00   2.1976909891820791e+00   4.5444061416226589e-03
   8.8671875000000000e-01   2.0957568283315715e+00   2.0936755497886361e+00   2.0812785429353831e-03
   8.9453125000000000e-01   1.9879204321387887e+00   1.9876757320334084e+00   2.4470010538024667e-04
   9.0234375000000000e-01   1.8836149416555115e+00   1.8805105501249133e+00   3.1043915305981606e-03
   9.1015625000000000e-01   1.7758366501358334e+00   1.7729664007074932e+00   2.8702494283401325e-03
   9.1796875000000000e-01   1.6656848637103807e+00   1.6657875648049199e+00   1.0270109453913712e-04
   9.2578125000000000e-01   1.5608950289254224e+00   1.5596681548615141e+00   1.2268740639083120e-03
   9.3359375000000000e-01   1.4581444426321033e+00   1.4552457472446332e+00   2.8986953874701182e-03
   9.4140625000000000e-01   1.3535498651818441e+00   1.3530968665463519e+00   4.5299863549219666e-04
   9.4921875000000000e-01   1.2535003683956569e+00   1.2537343782442474e+00   2.3400984859045515e-04
   9.5703125000000000e-01   1.1596164727711771e+00   1.1576067068132494e+00   2.0097659579276783e-03
   9.6484375000000000e-01   1.0663451417740184e+00   1.0650986413812631e+00   1.2465003927553120e-03
   9.7265625000000000e-01   9.7581758377347161e-01   9.7653334277001869e-01   7.1575899654707786e-04
   9.8046875000000000e-01   8.9283790889119408e-01   8.9217505184585977e-01   6.6285704533430856e-04
   9.8828125000000000e-01   8.1381478509824201e-01   8.1223194769105911e-01   1.5828374071829021e-03
   9.9609375000000000e-01   7.3656896149703399e-01   7.3685863856445266e-01   2.8967706741866994e-04
   7.5390625000000000e-01   2.9815340058508366e+00   2.9763419273091749e+00   5.1920785416617043e-03
   7.6171875000000000e-01   2.9993905932442746e+00   2.9975654543714336e+00   1.8251388728409701e-03
   7.6953125000000000e-01   3.0130871423335188e+00   3.0084687485655408e+00   4.6183937679780129e-03
   7.7734375000000000e-01   3.0151124746157714e+00   3.0089388440581115e+00   6.1736305576598483e-03
   7.8515625000000000e-01   3.0012480987673689e+00   2.9989710364206088e+00   2.2770623467600615e-03
   7.9296875000000000e-01   2.9817523238455492e+00   2.9786689113246578e+00   3.0834125208913932e-03
   8.0078125000000000e-01   2.9545529772335613e+00   2.9482425330499527e+00   6.3104441836085989e-03
   8.0859375000000000e-01   2.9112663958065661e+00   2.9080048410285309e+00   3.2615547780352472e-03
   8.1640625000000000e-01   2.8600675586906350e+00   2.8583663454075192e+00   1.7012132831157878e-03
   8.2421875000000000e-01   2.8052326236576914e+00   2.7998282506022716e+00   5.4043730554198532e-03
   8.3203125000000000e-01   2.7373330508467046e+00   2.7329741673715020e+00   4.3588834752026351e-03
   8.3984375000000000e-01   2.6594558107581778e+00   2.6584605975468358e+00   9.9521321134199425e-04
   8.4765625000000000e-01   2.5806506282959756e+00   2.5770063913215324e+00   3.6442369744431602e-03
   8.5546875000000000e-01   2.4943365634216002e+00   2.4893813860461456e+00   4.9551773754545891e-03
   8.6328125000000000e-01   2.3976067268151788e+00   2.3963944403997206e+00   1.2122864154582302e-03
   8.7109375000000000e-01   2.3005382690703344e+00   2.2988810815850362e+00   1.6571874852981949e-03
