#                  Coord.                Numerical               Analytical                    Error
   3.9062500000000000e-03   8.4596364659091861e-01   8.4520864420742758e-01   7.5500238349102133e-04
   1.1718750000000000e-02  -7.2377825024589115e-02  -7.2581311725089082e-02   2.0348670049996631e-04
   1.9531250000000000e-02  -9.9342177828476219e-01  -9.9289631024550717e-01   5.2546803925501706e-04
   2.7343750000000000e-02  -1.1947071623311727e+00  -1.1939051188582999e+00   8.0204347287282651e-04
   3.5156250000000000e-02  -4.7724365627871074e-01  -4.7685534143575797e-01   3.8831484295276386e-04
   4.2968750000000000e-02   6.4146485805240294e-01   6.4110800372099785e-01   3.5685433140508760e-04
   5.0781250000000000e-02   1.2999070517160451e+00   1.2991180102762727e+00   7.8904143977243102e-04
   5.8593750000000000e-02   9.6602664693449436e-01   9.6548661298964189e-01   5.4003394485246936e-04
   6.6406250000000000e-02  -1.2181893909127872e-01  -1.2165117512050026e-01   1.6776397077845895e-04
   7.4218750000000000e-02  -1.1211940778295748e+00  -1.1204739299181015e+00   7.2014791147334556e-04
   8.2031250000000000e-02  -1.2487077923199914e+00  -1.2480602831159888e+00   6.4750920400258316e-04
   8.9843750000000000e-02  -4.1012002346817378e-01  -4.1009567876441838e-01   2.4344703755396768e-05
   9.7656250000000000e-02   7.2261145510260694e-01   7.2200543008931084e-01   6.0602501329609648e-04
   1.0546875000000000e-01   1.2573495751204777e+00   1.2566434974064404e+00   7.0607771403730091e-04
   1.1328125000000000e-01   8.0141528567940179e-01   8.0121264418246196e-01   2.0264149693982603e-04
   1.2109375000000000e-01  -2.3970562777445614e-01  -2.3924304164934346e-01   4.6258612511268504e-04
   1.2890625000000000e-01  -1.0213480717350740e+00  -1.0206308193901330e+00   7.1725234494102175e-04
   1.3671875000000000e-01  -9.5906755785721287e-01  -9.5871264411919377e-01   3.5491373801910253e-04
   1.4453125000000000e-01  -1.7761611383588927e-01  -1.7792215830597982e-01   3.0604447009055513e-04
   1.5234375000000000e-01   6.4598433967625335e-01   6.4529353235839448e-01   6.9080731785886584e-04
   1.6015625000000000e-01   8.7486858179160176e-01   8.7439503049995670e-01   4.7355129164505794e-04
   1.6796875000000000e-01   4.1664696905437681e-01   4.1679836191180036e-01   1.5139285742354902e-04
   1.7578125000000000e-01  -2.6965987923066093e-01  -2.6902454679181886e-01   6.3533243884206225e-04
   1.8359375000000000e-01  -6.1880655513342353e-01  -6.1824815014434387e-01   5.5840498907966385e-04
   1.9140625000000000e-01  -4.3296519215921159e-01  -4.3297424552680364e-01   9.0533675920489998e-06
   1.9921875000000000e-01   1.9219500970795389e-02   1.8655955215042475e-02   5.6354575575291374e-04
   2.0703125000000000e-01   3.1300075296710661e-01   3.1238517910426405e-01   6.1557386284255555e-04
   2.1484375000000000e-01   2.6087723152947029e-01   2.6075843999650650e-01   1.1879153296379119e-04
   2.2265625000000000e-01   2.8427863562541289e-02   2.8911130022623587e-02   4.8326646008229820e-04
   2.3046875000000000e-01  -9.4042273676056276e-02  -9.3389629415187803e-02   6.5264426086847349e-04
   2.3828125000000000e-01  -4.8213892862136731e-03  -4.5871748408168843e-03   2.3421444539678885e-04
   2.4609375000000000e-01   1.2544669079193016e-01   1.2504770268793558e-01   3.9898810399457973e-04
   2.5390625000000000e-01   6.6791993659892968e-02   6.6115472084537080e-02   6.7652157535588731e-04
   2.6171875000000000e-01  -1.9178992374721837e-01  -1.9213354088647167e-01   3.4361713925329385e-04
   2.6953125000000000e-01  -3.9326969044528176e-01  -3.9296141200907025e-01   3.0827843621150652e-04
   2.7734375000000000e-01  -2.5913102647499914e-01  -2.5844096188385574e-01   6.9006459114340224e-04
   2.8515625000000000e-01   2.0039501409821148e-01   2.0084564629547902e-01   4.5063219726754200e-04
   2.9296875000000000e-01   6.2682256802726077e-01   6.2661836345761734e-01   2.0420456964342915e-04
   3.0078125000000000e-01   5.9926888690548907e-01   5.9858323367774147e-01   6.8565322774760684e-04
   3.0859375000000000e-01   3.2798793686428240e-02   3.2244640808391851e-02   5.5415287803638885e-04
   3.1640625000000000e-01  -6.7759501202053518e-01  -6.7751254024411545e-01   8.2471776419734688e-05
   3.2421875000000000e-01  -9.3703468306119930e-01  -9.3637881690506697e-01   6.5586615613233423e-04
   3.3203125000000000e-01  -4.5267317719965922e-01  -4.5202468908758919e-01   6.4848811207002255e-04
   3.3984375000000000e-01   4.6778906584823343e-01   4.6784767662566784e-01   5.8610777434409123e-05
   3.4765625000000000e-01   1.1087150536791073e+00   1.1081238410634902e+00   5.9121261561712046e-04
   3.5546875000000000e-01   9.1297794583519132e-01   9.1225654362377784e-01   7.2140221141347993e-04
   3.6328125000000000e-01  -3.2331502534774736e-02  -3.2543620754504898e-02   2.1211821973016187e-04
   3.7109375000000000e-01  -1.0146436199174975e+00  -1.0141559327692231e+00   4.8768714827440718e-04
   3.7890625000000000e-01  -1.2427493265666012e+00  -1.2419904348544539e+00   7.5889171214726936e-04
   3.8671875000000000e-01  -4.9587145335922633e-01  -4.9550644746229339e-01   3.6500589693294616e-04
   3.9453125000000000e-01   6.6528996579021737e-01   6.6494232403757847e-01   3.4764175263890529e-04
   4.0234375000000000e-01   1.3254043091348549e+00   1.3246542277764675e+00   7.5008135838738887e-04
   4.1015625000000000e-01   9.5047822956190686e-01   9.4998313703779935e-01   4.9509252410750992e-04
   4.1796875000000000e-01  -1.6929970039969719e-01  -1.6911389837703150e-01   1.8580202266568757e-04
   4.2578125000000000e-01  -1.1450512984439283e+00  -1.1443611141505545e+00   6.9018429337375231e-04
   4.3359375000000000e-01  -1.2071579755374182e+00  -1.2065735213768036e+00   5.8445416061458921e-04
   4.4140625000000000e-01  -3.2585073944107779e-01  -3.2587374322845913e-01   2.3003787381348229e-05
   4.4921875000000000e-01   7.7682569023281589e-01   7.7623831341369254e-01   5.8737681912335304e-04
   4.5703125000000000e-01   1.2262114447947550e+00   1.2255902976495385e+00   6.2114714521643855e-04
   4.6484375000000000e-01   7.0084325805035053e-01   7.0072607494053429e-01   1.1718310981623237e-04
   4.7265625000000000e-01  -3.3538724315218760e-01  -3.3492695709371234e-01   4.6028605847525661e-04
   4.8046875000000000e-01  -1.0441048197485190e+00  -1.0434995889301599e+00   6.0523081835905934e-04
   4.8828125000000000e-01  -8.9953111375772943e-01  -8.9931487911523667e-01   2.1623464249276303e-04
   4.9609375000000000e-01  -7.9573305206760120e-02  -7.9905932892002124e-02   3.3262768524200403e-04
   5.0390625000000000e-01   7.3131838835894047e-01   7.3077031495250200e-01   5.4807340643847624e-04
   5.1171875000000000e-01   9.1979006610973824e-01   9.1952300180986279e-01   2.6706429987544134e-04
   5.1953125000000000e-01   4.0691786769819460e-01   4.0714255151967244e-01   2.2468382147783350e-04
   5.2734375000000000e-01  -3.5342053740809282e-01  -3.5295038340332285e-01   4.7015400476996261e-04
   5.3515625000000000e-01  -7.8100173110849036e-01  -7.8073026770739440e-01   2.7146340109596157e-04
   5.4296875000000000e-01  -6.1170832567646183e-01  -6.1186126662103379e-01   1.5294094457196650e-04
   5.5078125000000000e-01  -3.7665044010964543e-02  -3.8058911872039455e-02   3.9386786107491190e-04
   5.5859375000000000e-01   5.0261908217584850e-01   5.0237362339179203e-01   2.4545878405646260e-04
   5.6640625000000000e-01   6.6154986997837628e-01   6.6167035428989751e-01   1.2048431152122951e-04
   5.7421875000000000e-01   3.8538921545336791e-01   3.8572714460740237e-01   3.3792915403446644e-04
   5.8203125000000000e-01  -1.1284656452579039e-01  -1.1263836615605978e-01   2.0819836973061390e-04
   5.8984375000000000e-01  -5.2321526687131237e-01  -5.2333685806590757e-01   1.2159119459520529e-04
   5.9765625000000000e-01  -6.1214442257995993e-01  -6.1245896278514689e-01   3.1454020518695280e-04
   6.0546875000000000e-01  -3.2481859702326665e-01  -3.2499967326596613e-01   1.8107624269947387e-04
   6.1328125000000000e-01   1.8986825796309656e-01   1.9000954324269861e-01   1.4128527960205473e-04
   6.2109375000000000e-01   6.3299453787322046e-01   6.3332035882565818e-01   3.2582095243771647e-04
   6.2890625000000000e-01   7.0026420532724720e-01   7.0044513066104830e-01   1.8092533380109632e-04
   6.3671875000000000e-01   2.8281851753167886e-01   2.8265750539699586e-01   1.6101213468300291e-04
   6.4453125000000000e-01  -4.0058455042796098e-01  -4.0094828858907938e-01   3.6373816111839874e-04
   6.5234375000000000e-01  -8.8504014686250621e-01  -8.8525745175142767e-01   2.1730488892146571e-04
   6.6015625000000000e-01  -7.6820717442131181e-01  -7.6804891991324409e-01   1.5825450806772334e-04
   6.6796875000000000e-01  -4.9270013157273973e-02  -4.8859213451816513e-02   4.1079970545745970e-04
   6.7578125000000000e-01   7.9211923745147350e-01   7.9240745842633320e-01   2.8822097485969866e-04
   6.8359375000000000e-01   1.1077172173229082e+00   1.1075964833348049e+00   1.2073398810330538e-04
   6.9140625000000000e-01   5.8994778078982790e-01   5.8949929383105826e-01   4.4848695876964495e-04
   6.9921875000000000e-01  -4.2951703467277236e-01  -4.2989988054669342e-01   3.8284587392106717e-04
   7.0703125000000000e-01  -1.1810895769564742e+00  -1.1810466264304504e+00   4.2950526023766145e-05
   7.1484375000000000e-01  -1.0491929047068449e+00  -1.0487345923816271e+00   4.5831232521775789e-04
   7.2265625000000000e-01  -9.1076079214884087e-02  -9.0592867876855609e-02   4.8321133802847749e-04
   7.3046875000000000e-01   9.6576047282732813e-01   9.6583210575269951e-01   7.1632925371378775e-05
   7.3828125000000000e-01   1.2848437035219711e+00   1.2844168318543183e+00   4.2687166765276174e-04
   7.4609375000000000e-01   6.0093539097617632e-01   6.0036575482968435e-01   5.6963614649196970e-04
   8.7890625000000000e-01  -1.1718121593651654e-02  -1.1229726165819015e-02   4.8839542783263822e-04
   8.8671875000000000e-01   5.7873386716478159e-01   5.7860835585375958e-01   1.2551131102200852e-04
   8.9453125000000000e-01   6.5194845551057079e-01   6.5130595986293605e-01   6.4249564763474432e-04
   9.0234375000000000e-01   1.5207940239635287e-01   1.5144943051000764e-01   6.2997188634522638e-04
   9.1015625000000000e-01  -4.9369400247858092e-01  -4.9378108222018186e-01   8.7079741600937233e-05
   9.1796875000000000e-01  -7.3874724981298012e-01  -7.3820703923091535e-01   5.4021058206477068e-04
   9.2578125000000000e-01  -3.6530723335102755e-01  -3.6458147816809339e-01   7.2575518293416241e-04
   9.3359375000000000e-01   3.4024650869100481e-01   3.4054704825383114e-01   3.0053956282632965e-04
   9.4140625000000000e-01   8.1335728073444613e-01   8.1296792310751964e-01   3.8935762692648979e-04
   9.4921875000000000e-01   6.5535164975336258e-01   6.5458789186634314e-01   7.6375788701943392e-04
   9.5703125000000000e-01  -4.6781036277479510e-02  -4.7274927680823225e-02   4.9389140334371584e-04
   9.6484375000000000e-01  -7.6930531258312451e-01  -7.6910153447423435e-01   2.0377810889016246e-04
   9.7265625000000000e-01  -9.3982587727725875e-01  -9.3908539600931118e-01   7.4048126794756808e-04
   9.8046875000000000e-01  -3.8164020518061620e-01  -3.8098999670372208e-01   6.5020847689412076e-04
   9.8828125000000000e-01   5.2199147812377134e-01   5.2199186957014920e-01   3.9144637786758807e-07
   9.9609375000000000e-01   1.0877038636480871e+00   1.0870459442325342e+00   6.5791941555293221e-04
   7.5390625000000000e-01  -5.4792033437475685e-01  -5.4813208603990182e-01   2.1175166514497690e-04
   7.6171875000000000e-01  -1.2473525434268371e+00  -1.2470014682160859e+00   3.5107521075117276e-04
   7.6953125000000000e-01  -9.5063653532841674e-01  -9.5001146830483774e-01   6.2506702357900679e-04
   7.7734375000000000e-01   7.8402078244920362e-02   7.8763970438150546e-02   3.6189219323018440e-04
   7.8515625000000000e-01   9.9409227268148226e-01   9.9386688490594766e-01   2.2538777553460232e-04
   7.9296875000000000e-01   1.0733193525146405e+00   1.0726875503397209e+00   6.3180217491964896e-04
   8.0078125000000000e-01   3.0061721514705303e-01   3.0011464343791200e-01   5.0257170914103089e-04
   8.0859375000000000e-01  -6.5024719121829566e-01  -6.5018548912881691e-01   6.1702089478754552e-05
   8.1640625000000000e-01  -1.0023584564803907e+00  -1.0017766407614572e+00   5.8181571893345385e-04
   8.2421875000000000e-01  -5.1800965644037822e-01  -5.1739595457619458e-01   6.1370186418363559e-04
   8.3203125000000000e-01   3.4020818087406601e-01   3.4033239355722006e-01   1.2421268315404577e-04
   8.3984375000000000e-01   8.3770983893821438e-01   8.3723495356318911e-01   4.7488537502526906e-04
   8.4765625000000000e-01   5.9412251885954859e-01   5.9344297332326412e-01   6.7954553628446490e-04
   8.5546875000000000e-01  -1.2662404279960471e-01  -1.2693829402493642e-01   3.1425122533171312e-04
   8.6328125000000000e-01  -6.8161399719773619e-01  -6.8129668477991456e-01   3.1731241782162467e-04
   8.7109375000000000e-01  -6.1131129166024523e-01  -6.1062182802021248e-01   6.8946364003275029e-04
