#                  Coord.                Numerical               Analytical                    Error
   3.9062500000000000e-03  -3.5973206379007566e-01  -3.5959539654688266e-01   1.3666724319300050e-04
   1.1718750000000000e-02  -1.1033547131667039e+00  -1.1030567987472706e+00   2.9791441943327612e-04
   1.9531250000000000e-02  -9.7167966274818518e-01  -9.7146351309627466e-01   2.1614965191052438e-04
   2.7343750000000000e-02  -2.1567325068127419e-02  -2.1587675939676983e-02   2.0350871549563998e-05
   3.5156250000000000e-02   9.9708422063143443e-01   9.9687038721048504e-01   2.1383342094938307e-04
   4.2968750000000000e-02   1.2471594784388138e+00   1.2469400397672628e+00   2.1943867155105323e-04
   5.0781250000000000e-02   5.0165346052876036e-01   5.0159206116532085e-01   6.1399363439518240e-05
   5.8593750000000000e-02  -6.5673744789477317e-01  -6.5662667296447463e-01   1.1077493029854057e-04
   6.6406250000000000e-02  -1.3066286879056610e+00  -1.3064671051446186e+00   1.6158276104238922e-04
   7.4218750000000000e-02  -9.3704383512729617e-01  -9.3695783826380608e-01   8.5996863490089837e-05
   8.2031250000000000e-02   1.4728832111786086e-01   1.4727247054458928e-01   1.5850573271580792e-05
   8.9843750000000000e-02   1.0889971211223068e+00   1.0889432752201116e+00   5.3845902195259754e-05
   9.7656250000000000e-02   1.1741226661823163e+00   1.1740842482124514e+00   3.8417969864923407e-05
   1.0546875000000000e-01   3.8202987762977425e-01   3.8199117675155736e-01   3.8700878216890722e-05
   1.1328125000000000e-01  -6.4089565651011982e-01  -6.4097256451932738e-01   7.6908009207565797e-05
   1.2109375000000000e-01  -1.1234114170745264e+00  -1.1234919655904241e+00   8.0548515897671535e-05
   1.2890625000000000e-01  -7.6146834652355366e-01  -7.6144380643424203e-01   2.4540089311630986e-05
   1.3671875000000000e-01   1.0243145141016412e-01   1.0262287467762132e-01   1.9142326745720528e-04
   1.4453125000000000e-01   8.0404842609314064e-01   8.0430065411462281e-01   2.5222802148217038e-04
   1.5234375000000000e-01   8.7748219098855829e-01   8.7755903341383712e-01   7.6842425278833559e-05
   1.6015625000000000e-01   3.5566845459212615e-01   3.5542097667299283e-01   2.4747791913332096e-04
   1.6796875000000000e-01  -3.3231022761252021e-01  -3.3274733341559060e-01   4.3710580307038116e-04
   1.7578125000000000e-01  -7.1877218616974803e-01  -7.1903081361755372e-01   2.5862744780569269e-04
   1.8359375000000000e-01  -6.0719539001762057e-01  -6.0698414754888352e-01   2.1124246873704955e-04
   1.9140625000000000e-01  -1.3767793179854795e-01  -1.3709065410965210e-01   5.8727768889585419e-04
   1.9921875000000000e-01   3.6680321727549570e-01   3.6729663777925120e-01   4.9342050375550395e-04
   2.0703125000000000e-01   6.1393957587895698e-01   6.1387062175791174e-01   6.8954121045239347e-05
   2.1484375000000000e-01   4.8244209364841323e-01   4.8178593837652295e-01   6.5615527189027967e-04
   2.2265625000000000e-01   5.7115087513237295e-02   5.6380006737645871e-02   7.3508077559142349e-04
   2.3046875000000000e-01  -4.1691475471464429e-01  -4.1708188568492766e-01   1.6713097028336898e-04
   2.3828125000000000e-01  -6.4547594268270414e-01  -6.4486332652162792e-01   6.1261616107621819e-04
   2.4609375000000000e-01  -4.4870314993099386e-01  -4.4777161286571038e-01   9.3153706528348312e-04
   2.5390625000000000e-01   9.2078042063828081e-02   9.2539021084089845e-02   4.6097902026176474e-04
   2.6171875000000000e-01   6.2748269134127288e-01   6.2703177498592610e-01   4.5091635534677543e-04
   2.6953125000000000e-01   7.4554702204959900e-01   7.4450772135812771e-01   1.0393006914712899e-03
   2.7734375000000000e-01   2.9088424281941044e-01   2.9011790599478138e-01   7.6633682462906583e-04
   2.8515625000000000e-01  -4.5198805469573883e-01  -4.5180199267324039e-01   1.8606202249843440e-04
   2.9296875000000000e-01  -9.1437313229451089e-01  -9.1334253025254530e-01   1.0306020419655892e-03
   3.0078125000000000e-01  -6.7842352353733326e-01  -6.7739354167887378e-01   1.0299818584594833e-03
   3.0859375000000000e-01   1.4221917619569135e-01   1.4236288626930871e-01   1.4371007361735355e-04
   3.1640625000000000e-01   9.2640847136668159e-01   9.2550676351501682e-01   9.0170785166476808e-04
   3.2421875000000000e-01   1.0152453339008849e+00   1.0140336198263862e+00   1.2117140744987154e-03
   3.3203125000000000e-01   2.7157844304333534e-01   2.7108583295665761e-01   4.9261008667772499e-04
   3.3984375000000000e-01  -7.5276210501638485e-01  -7.5209273592372383e-01   6.6936909266102074e-04
   3.4765625000000000e-01  -1.2277986986071796e+00  -1.2265109009881996e+00   1.2877976189800133e-03
   3.5546875000000000e-01  -7.2693997977806091e-01  -7.2612387964733738e-01   8.1610013072352938e-04
   3.6328125000000000e-01   3.8967715931315877e-01   3.8931389014069945e-01   3.6326917245932400e-04
   3.7109375000000000e-01   1.2367306868765937e+00   1.2354805096994388e+00   1.2501771771549208e-03
   3.7890625000000000e-01   1.1182591542778835e+00   1.1171848114121490e+00   1.0743428657344900e-03
   3.8671875000000000e-01   1.0736360613675860e-01   1.0738812632730918e-01   2.4520190550575416e-05
   3.9453125000000000e-01  -9.9929507835759734e-01  -9.9818412618086017e-01   1.1109521767371788e-03
   4.0234375000000000e-01  -1.3235612608423264e+00  -1.3223154454813806e+00   1.2458153609458122e-03
   4.1015625000000000e-01  -6.1554285025776090e-01  -6.1523466871145649e-01   3.0818154630440908e-04
   4.1796875000000000e-01   5.5300869234398997e-01   5.5211347097431873e-01   8.9522136967123966e-04
   4.2578125000000000e-01   1.2619357147615589e+00   1.2606148032858369e+00   1.3209114757219975e-03
   4.3359375000000000e-01   9.8226668422247609e-01   9.8166497756018301e-01   6.0170666229308889e-04
   4.4140625000000000e-01  -2.3355857866590168e-02  -2.2721664700791486e-02   6.3419316579868198e-04
   4.4921875000000000e-01  -9.4624747668498466e-01  -9.4494025094867140e-01   1.3072257363132556e-03
   4.5703125000000000e-01  -1.0943693037234312e+00  -1.0935340267741529e+00   8.3527694927831853e-04
   4.6484375000000000e-01  -4.2069809712533823e-01  -4.2105864310801694e-01   3.6054598267870608e-04
   4.7265625000000000e-01   4.9218350178903192e-01   4.9095811418907442e-01   1.2253875999574948e-03
   4.8046875000000000e-01   9.3809074471712917e-01   9.3708689263698408e-01   1.0038520801450845e-03
   4.8828125000000000e-01   6.4338652974474098e-01   6.4348454651449238e-01   9.8016769751407828e-05
   4.9609375000000000e-01  -7.0844331450444331e-02  -6.9746811054554922e-02   1.0975203958894092e-03
   5.0390625000000000e-01  -6.1045869009157072e-01  -6.0934784605717518e-01   1.1108440343955417e-03
   5.1171875000000000e-01  -6.0653777436124023e-01  -6.0640027982314659e-01   1.3749453809364098e-04
   5.1953125000000000e-01  -1.7038617963007230e-01  -1.7133342090517287e-01   9.4724127510056877e-04
   5.2734375000000000e-01   2.7302307465195652e-01   2.7185091441389792e-01   1.1721602380586060e-03
   5.3515625000000000e-01   3.8380680616324236e-01   3.8346470167750252e-01   3.4210448573984698e-04
   5.4296875000000000e-01   1.7325305377733236e-01   1.7404376707907809e-01   7.9071330174573795e-04
   5.5078125000000000e-01  -7.5542002724739932e-02  -7.4339407424438522e-02   1.2025953003014095e-03
   5.5859375000000000e-01  -1.1953813703727179e-01  -1.1901585747009026e-01   5.2227956718152446e-04
   5.6640625000000000e-01   1.3900291528922915e-02   1.3267097608897412e-02   6.3319392002550261e-04
   5.7421875000000000e-01   9.2906368136840126e-02   9.1692516250173967e-02   1.2138518866661591e-03
   5.8203125000000000e-01  -3.9669999908824916e-02  -4.0358558577921567e-02   6.8855866909665192e-04
   5.8984375000000000e-01  -2.6827001783976900e-01  -2.6780040353287166e-01   4.6961430689734796e-04
   5.9765625000000000e-01  -3.0377299140469705e-01  -3.0256491571797572e-01   1.2080756867213216e-03
   6.0546875000000000e-01   3.0501573209900101e-03   3.8995323973706974e-03   8.4937507638068723e-04
   6.1328125000000000e-01   4.4885753705494269e-01   4.4856975105618352e-01   2.8778599875917132e-04
   6.2109375000000000e-01   6.1016620915902520e-01   6.0899170586247509e-01   1.1745032965501112e-03
   6.2890625000000000e-01   2.3803305562331445e-01   2.3703156327568978e-01   1.0014923476246718e-03
   6.3671875000000000e-01  -4.4787118173486928e-01  -4.4779288588622362e-01   7.8295848645659749e-05
   6.4453125000000000e-01  -8.7837245941078090e-01  -8.7727802401956556e-01   1.0944353912153426e-03
   6.5234375000000000e-01  -6.1426596863040217e-01  -6.1313416077487293e-01   1.1318078555292432e-03
   6.6015625000000000e-01   2.2315272085060678e-01   2.2331269211441154e-01   1.5997126380476456e-04
   6.6796875000000000e-01   9.8290826327374503e-01   9.8195825688680138e-01   9.5000638694364703e-04
   6.7578125000000000e-01   1.0020251531937867e+00   1.0008114817684195e+00   1.2136714253672132e-03
   6.8359375000000000e-01   1.8877226101049643e-01   1.8835983989768937e-01   4.1242111280706539e-04
   6.9140625000000000e-01  -8.4601424974731620e-01  -8.4528127593080460e-01   7.3297381651160620e-04
   6.9921875000000000e-01  -1.2599649537961521e+00  -1.2587443204174062e+00   1.2206333787458945e-03
   7.0703125000000000e-01  -6.7874081515645046e-01  -6.7808909909117987e-01   6.5171606527059112e-04
   7.1484375000000000e-01   4.6826351109025788e-01   4.6781290496812722e-01   4.5060612213065898e-04
   7.2265625000000000e-01   1.2759187687067333e+00   1.2747866536390169e+00   1.1321150677163772e-03
   7.3046875000000000e-01   1.0948355769558802e+00   1.0939942836267411e+00   8.4129332913907007e-04
   7.3828125000000000e-01   6.1054249599445942e-02   6.1184720335672210e-02   1.3047073622626804e-04
   7.4609375000000000e-01  -1.0138449919808743e+00  -1.0128989912144977e+00   9.4600076637663122e-04
   8.7890625000000000e-01   4.0812741301121114e-01   4.0752314017372887e-01   6.0427283748226701e-04
   8.8671875000000000e-01   7.2140949354824335e-01   7.2091337565197944e-01   4.9611789626391456e-04
   8.9453125000000000e-01   4.3098519881008507e-01   4.3098123896258950e-01   3.9598474955715446e-06
   9.0234375000000000e-01  -2.0856262925306804e-01  -2.0811010408400621e-01   4.5252516906182927e-04
   9.1015625000000000e-01  -6.5650968195232196e-01  -6.5599189433681560e-01   5.1778761550635988e-04
   9.1796875000000000e-01  -5.2867941886196812e-01  -5.2850798896982498e-01   1.7142989214313786e-04
   9.2578125000000000e-01   7.4795735326620691e-02   7.4517412288584273e-02   2.7832303803641822e-04
   9.3359375000000000e-01   6.3624905078079141e-01   6.3577587846196670e-01   4.7317231882471056e-04
   9.4140625000000000e-01   6.4919526707872222e-01   6.4891186782223265e-01   2.8339925648956932e-04
   9.4921875000000000e-01   6.4187837121533309e-02   6.4295636277843904e-02   1.0779915631059511e-04
   9.5703125000000000e-01  -6.3585630618284794e-01  -6.3547372947928682e-01   3.8257670356112161e-04
   9.6484375000000000e-01  -8.2577613439275499e-01  -8.2543700088321703e-01   3.3913350953795884e-04
   9.7265625000000000e-01  -2.8515450126850972e-01  -2.8511387673058924e-01   4.0624537920475046e-05
   9.8046875000000000e-01   5.7160683520489253e-01   5.7134239606760751e-01   2.6443913728502189e-04
   9.8828125000000000e-01   1.0119555827984223e+00   1.0116141454300156e+00   3.4143736840674954e-04
   9.9609375000000000e-01   6.0883001654275815e-01   6.0867693059533190e-01   1.5308594742624582e-04
   7.5390625000000000e-01  -1.2963007476336217e+00  -1.2953525203624623e+00   9.4822727115939642e-04
   7.6171875000000000e-01  -5.8825065432307300e-01  -5.8806307142866421e-01   1.8758289440878873e-04
   7.6953125000000000e-01   5.3812547397741350e-01   5.3744648018668806e-01   6.7899379072544619e-04
   7.7734375000000000e-01   1.2141187290710536e+00   1.2131666722510330e+00   9.5205682002053038e-04
   7.8515625000000000e-01   9.5493466782310088e-01   9.5447856448718205e-01   4.5610333591883379e-04
   7.9296875000000000e-01   6.5301637198116325e-03   6.8992005116561795e-03   3.6903679184454707e-04
   8.0078125000000000e-01  -8.8565942950246102e-01  -8.8480674214523003e-01   8.5268735723098565e-04
   8.0859375000000000e-01  -1.0683098079632476e+00  -1.0676702032180532e+00   6.3960474519442201e-04
   8.1640625000000000e-01  -4.5868770663772501e-01  -4.5874982321352054e-01   6.2116575795523321e-05
   8.2421875000000000e-01   4.3726793795505581e-01   4.3659506095861061e-01   6.7287699644519305e-04
   8.3203125000000000e-01   9.4187682933930161e-01   9.4115520828091503e-01   7.2162105838657897e-04
   8.3984375000000000e-01   7.1559479239880486e-01   7.1539380670085129e-01   2.0098569795357069e-04
   8.4765625000000000e-01  -1.8897820404091881e-02  -1.8452268178838743e-02   4.4555222525313742e-04
   8.5546875000000000e-01  -6.7908262151889609e-01  -6.7837957594679987e-01   7.0304557209621699e-04
   8.6328125000000000e-01  -7.7559203283000666e-01  -7.7520214612049854e-01   3.8988670950812487e-04
   8.7109375000000000e-01  -2.7199135934777868e-01  -2.7220074802796790e-01   2.0938868018921530e-04
