#                  Coord.                Numerical               Analytical                    Error
   3.9062500000000000e-03   9.4202333354479695e-01   9.4194423075767553e-01   7.9102787121421159e-05
   1.1718750000000000e-02  -7.1918713393268940e-02  -7.1899354173333485e-02   1.9359219935455307e-05
   1.9531250000000000e-02  -1.0648004235974080e+00  -1.0646946871446856e+00   1.0573645272238252e-04
   2.7343750000000000e-02  -1.2634409124691830e+00  -1.2633330541722172e+00   1.0785829696580151e-04
   3.5156250000000000e-02  -4.9008055985686616e-01  -4.9005840898733516e-01   2.2150869531001316e-05
   4.2968750000000000e-02   6.7387925755916300e-01   6.7379483105804638e-01   8.4426501116618979e-05
   5.0781250000000000e-02   1.3248737552415888e+00   1.3247506427065958e+00   1.2311253499297514e-04
   5.8593750000000000e-02   9.4642414019999233e-01   9.4636369872539228e-01   6.0441474600048117e-05
   6.6406250000000000e-02  -1.7138384808960783e-01  -1.7132938721688762e-01   5.4460872720207831e-05
   7.4218750000000000e-02  -1.1491196736699631e+00  -1.1489948107622934e+00   1.2486290766977604e-04
   8.2031250000000000e-02  -1.2131982116127102e+00  -1.2131073550261111e+00   9.0856586599130651e-05
   8.9843750000000000e-02  -3.1714703144378387e-01  -3.1716812430730146e-01   2.1092863517591098e-05
   9.7656250000000000e-02   8.1668854871680074e-01   8.1657372680977724e-01   1.1482190702349904e-04
   1.0546875000000000e-01   1.2781996342406821e+00   1.2780899610723098e+00   1.0967316837229291e-04
   1.1328125000000000e-01   7.0659098903893025e-01   7.0658117264079023e-01   9.8163981400167799e-06
   1.2109375000000000e-01  -4.1906366827680330e-01  -4.1896695292480740e-01   9.6715351995901866e-05
   1.2890625000000000e-01  -1.1770945661158503e+00  -1.1769783718400049e+00   1.1619427584541597e-04
   1.3671875000000000e-01  -9.6175914847696620e-01  -9.6172302149511057e-01   3.6126981855622020e-05
   1.4453125000000000e-01   2.5448770892044798e-02   2.5374931331475191e-02   7.3839560569607249e-05
   1.5234375000000000e-01   9.5745781383796302e-01   9.5734444349183534e-01   1.1337034612768360e-04
   1.6015625000000000e-01   1.0774155004212924e+00   1.0773636342731365e+00   5.1866148155887970e-05
   1.6796875000000000e-01   3.1998723086809144e-01   3.2003961349537779e-01   5.2382627286351457e-05
   1.7578125000000000e-01  -6.5914918396528022e-01  -6.5904577089087246e-01   1.0341307440775438e-04
   1.8359375000000000e-01  -1.0538039037105200e+00  -1.0537440894016099e+00   5.9814308910111080e-05
   1.9140625000000000e-01  -5.7918259743425815e-01  -5.7921759582874988e-01   3.4998394491725371e-05
   1.9921875000000000e-01   3.2266321380983859e-01   3.2257122667199861e-01   9.1987137839977251e-05
   2.0703125000000000e-01   8.9382988904462080e-01   8.9376699007580107e-01   6.2898968819724566e-05
   2.1484375000000000e-01   7.0754496744305395e-01   7.0756640260943360e-01   2.1435166379646375e-05
   2.2265625000000000e-01  -9.1423383741401250e-03  -9.0619979656416643e-03   8.0340408498460678e-05
   2.3046875000000000e-01  -6.2535185405753135e-01  -6.2528886607647383e-01   6.2987981057527342e-05
   2.3828125000000000e-01  -6.6963587065762498e-01  -6.6964590289942749e-01   1.0032241802515607e-05
   2.4609375000000000e-01  -1.9866409319708389e-01  -1.9873324149322738e-01   6.9148296143489718e-05
   2.5390625000000000e-01   3.2355179723139826e-01   3.2349048993973506e-01   6.1307291663204033e-05
   2.6171875000000000e-01   4.7638148914743761e-01   4.7638133731268800e-01   1.5183474960656085e-07
   2.6953125000000000e-01   2.3045276025031322e-01   2.3051188748732065e-01   5.9127237007433608e-05
   2.7734375000000000e-01  -1.0106844025274825e-01  -1.0100752760358957e-01   6.0912649158681442e-05
   2.8515625000000000e-01  -2.1023812693124361e-01  -2.1023049304852739e-01   7.6338827162125700e-06
   2.9296875000000000e-01  -7.9686991640461002e-02  -7.9737696708407371e-02   5.0705067946368865e-05
   3.0078125000000000e-01   5.7393508007719474e-02   5.7333173749088404e-02   6.0334258631070115e-05
   3.0859375000000000e-01   6.0729564748825959e-03   6.0573678697029261e-03   1.5588605179669805e-05
   3.1640625000000000e-01  -1.6849309909499888e-01  -1.6845042485338010e-01   4.2674241618773090e-05
   3.2421875000000000e-01  -2.1553346389923234e-01  -2.1547218847472505e-01   6.1275424507289955e-05
   3.3203125000000000e-01   1.2866487142773692e-02   1.2891714407789424e-02   2.5227265015732511e-05
   3.3984375000000000e-01   3.6336565701165024e-01   3.6333278340251068e-01   3.2873609139560944e-05
   3.4765625000000000e-01   4.9146947977557609e-01   4.9140940326315669e-01   6.0076512419404704e-05
   3.5546875000000000e-01   1.9243291352468050e-01   1.9239861623024360e-01   3.4297294436907988e-05
   3.6328125000000000e-01  -3.6208075908475179e-01  -3.6206042347550915e-01   2.0335609242638775e-05
   3.7109375000000000e-01  -7.2428655941715914e-01  -7.2423129883213255e-01   5.5260585026584153e-05
   3.7890625000000000e-01  -5.4355556347381873e-01  -5.4351395250845069e-01   4.1610965368032993e-05
   3.8671875000000000e-01   1.0849001581213159e-01   1.0848482762454367e-01   5.1881875879206119e-06
   3.9453125000000000e-01   7.5457544465532866e-01   7.5452951047542971e-01   4.5934179898954319e-05
   4.0234375000000000e-01   8.7551162314359510e-01   8.7546653112172301e-01   4.5092021872084054e-05
   4.1015625000000000e-01   3.3084943630590768e-01   3.3084129196188583e-01   8.1443440218542662e-06
   4.1796875000000000e-01  -5.0634884472499941e-01  -5.0631678808534042e-01   3.2056639658994968e-05
   4.2578125000000000e-01  -1.0155563874804621e+00  -1.0155148024396707e+00   4.1585040791325412e-05
   4.3359375000000000e-01  -7.9503718732276485e-01  -7.9501804983136093e-01   1.9137491403919960e-05
   4.4140625000000000e-01   2.5878684622889114e-02   2.5864447476675208e-02   1.4237146213905844e-05
   4.4921875000000000e-01   8.6507530124515841e-01   8.6504423094979943e-01   3.1070295358981426e-05
   4.5703125000000000e-01   1.1037303808571712e+00   1.1037054260339489e+00   2.4954823222289590e-05
   4.6484375000000000e-01   5.4126595220644891e-01   5.4126169762537080e-01   4.2545810781113858e-06
   4.7265625000000000e-01  -4.4097488928736767e-01  -4.4096154007548866e-01   1.3349211879010170e-05
   4.8046875000000000e-01  -1.1357922357693482e+00  -1.1357705351835341e+00   2.1700585814077300e-05
   4.8828125000000000e-01  -1.0171590247893687e+00  -1.0171406001828180e+00   1.8424606550659917e-05
   4.9609375000000000e-01  -1.3954945608818470e-01  -1.3954207791877415e-01   7.3781694105434781e-06
   5.0390625000000000e-01   8.7242229306721586e-01   8.7241128452407746e-01   1.1008543138402160e-05
   5.1171875000000000e-01   1.2635579798400880e+00   1.2635298295904402e+00   2.8150249647751480e-05
   5.1953125000000000e-01   7.1431312099601385e-01   7.1428545747988514e-01   2.7663516128706434e-05
   5.2734375000000000e-01  -3.9122903119771457e-01  -3.9123586606373756e-01   6.8348660229866631e-06
   5.3515625000000000e-01  -1.2253192415968395e+00  -1.2252944506684111e+00   2.4790928428330972e-05
   5.4296875000000000e-01  -1.1382192533880180e+00  -1.1381774489523997e+00   4.1804435618297831e-05
   5.5078125000000000e-01  -1.7443403769079557e-01  -1.7440570359696297e-01   2.8334093832599327e-05
   5.5859375000000000e-01   9.3459163727226724e-01   9.3457976839034118e-01   1.1868881926058172e-05
   5.6640625000000000e-01   1.3253520964142511e+00   1.3253046886378084e+00   4.7407776442742744e-05
   5.7421875000000000e-01   6.8489810545339180e-01   6.8484926929966428e-01   4.8836153727527254e-05
   5.8203125000000000e-01  -4.8668047826915845e-01  -4.8668928361844499e-01   8.8053492865447502e-06
   5.8984375000000000e-01  -1.2633948525830547e+00  -1.2633533923859712e+00   4.1460197083509343e-05
   5.9765625000000000e-01  -1.0336941584616524e+00  -1.0336315056239940e+00   6.2652837658383476e-05
   6.0546875000000000e-01   4.6897146708749227e-03   4.7226823544147620e-03   3.2967683539839379e-05
   6.1328125000000000e-01   1.0066715610089059e+00   1.0066470219158281e+00   2.4539093077757812e-05
   6.2109375000000000e-01   1.1719939012892218e+00   1.1719277768248619e+00   6.6124464359829105e-05
   6.2890625000000000e-01   3.9708909906538348e-01   3.9703507318058656e-01   5.4025884796915502e-05
   6.3671875000000000e-01  -6.5454904712125417e-01  -6.5454546378520317e-01   3.5833360509940348e-06
   6.4453125000000000e-01  -1.1179207051676952e+00  -1.1178624363579388e+00   5.8268809756345519e-05
   6.5234375000000000e-01  -6.4707388847331959e-01  -6.4700650105045177e-01   6.7387422867826174e-05
   6.6015625000000000e-01   3.1693983906258377e-01   3.1696216101844221e-01   2.2321955858439768e-05
   6.6796875000000000e-01   9.4648929456080988e-01   9.4644946073414726e-01   3.9833826662616367e-05
   6.7578125000000000e-01   7.3951676829685109e-01   7.3944628354396391e-01   7.0484752887178814e-05
   6.8359375000000000e-01  -7.1818670641678017e-02  -7.1862966514412083e-02   4.4295872734065322e-05
   6.9140625000000000e-01  -7.5537067077930675e-01  -7.5535394969170966e-01   1.6721087597093565e-05
   6.9921875000000000e-01  -7.3205170636198524e-01  -7.3198721579653425e-01   6.4490565450991966e-05
   7.0703125000000000e-01  -6.8047948621647758e-02  -6.7987754236511003e-02   6.0194385136755346e-05
   7.1484375000000000e-01   6.1472655029117829e-01   6.1473583327235792e-01   9.2829811796368844e-06
   7.2265625000000000e-01   7.0901235771763460e-01   7.0896373948901892e-01   4.8618228615682213e-05
   7.3046875000000000e-01   1.5536565876695990e-01   1.5529856604509878e-01   6.7092721861117255e-05
   7.3828125000000000e-01  -5.2798054609187539e-01  -5.2801383226438048e-01   3.3286172505087031e-05
   7.4609375000000000e-01  -7.2452693088061915e-01  -7.2450002943825897e-01   2.6901442360172112e-05
   8.7890625000000000e-01   6.1867702813192671e-01   6.1866149029793860e-01   1.5537833988110705e-05
   8.8671875000000000e-01   5.8889137398454128e-01   5.8881468509416401e-01   7.6688890377263341e-05
   8.9453125000000000e-01   1.9900047039324165e-01   1.9892046854925277e-01   8.0001843988874999e-05
   9.0234375000000000e-01  -3.5017584312180439e-01  -3.5019426125812259e-01   1.8418136318198997e-05
   9.1015625000000000e-01  -7.3280657964354767e-01  -7.3274491352750037e-01   6.1666116047298658e-05
   9.1796875000000000e-01  -6.6992659048639625e-01  -6.6983073094197387e-01   9.5859544422371989e-05
   9.2578125000000000e-01  -1.3307567409257470e-01  -1.3302220975477699e-01   5.3464337797709538e-05
   9.3359375000000000e-01   5.6967185410056487e-01   5.6963756468030291e-01   3.4289420261957027e-05
   9.4140625000000000e-01   9.4755809920012779e-01   9.4746059925649995e-01   9.7499943627843422e-05
   9.4921875000000000e-01   6.7088153645093329e-01   6.7079745636455845e-01   8.4080086374838103e-05
   9.5703125000000000e-01  -1.3707214033846149e-01  -1.3707460837269231e-01   2.4680342308180947e-06
   9.6484375000000000e-01  -9.2194338985771873e-01  -9.2185952489501632e-01   8.3864962702406842e-05
   9.7265625000000000e-01  -1.0780431600053855e+00  -1.0779375987064317e+00   1.0556129895378241e-04
   9.8046875000000000e-01  -4.2632475428296890e-01  -4.2628223754642558e-01   4.2516736543318778e-05
   9.8828125000000000e-01   5.9502993456520958e-01   5.9497306349869883e-01   5.6871066510755242e-05
   9.9609375000000000e-01   1.2209577922492552e+00   1.2208441763842866e+00   1.1361586496860809e-04
   7.5390625000000000e-01  -2.6638597970925038e-01  -2.6632130391506026e-01   6.4675794190116598e-05
   7.6171875000000000e-01   4.3353095320838786e-01   4.3358195285825990e-01   5.0999649872041086e-05
   7.6953125000000000e-01   7.6106913558729739e-01   7.6106816365326713e-01   9.7193403025830349e-07
   7.7734375000000000e-01   4.3805262122172273e-01   4.3800097773345542e-01   5.1643488267305582e-05
   7.8515625000000000e-01  -2.5413283996383151e-01  -2.5419570640773143e-01   6.2866443899911584e-05
   7.9296875000000000e-01  -7.3671380446182122e-01  -7.3674000748503432e-01   2.6203023213100529e-05
   8.0078125000000000e-01  -6.2711961087532586e-01  -6.2708875167750366e-01   3.0859197822197260e-05
   8.0859375000000000e-01  -3.5055440414880124e-02  -3.4990302593970374e-02   6.5137820909749733e-05
   8.1640625000000000e-01   5.6302914089346690e-01   5.6307850696549733e-01   4.9366072030432306e-05
   8.2421875000000000e-01   7.2465828984756853e-01   7.2465306392597040e-01   5.2259215981287355e-06
   8.3203125000000000e-01   3.6751370934413147e-01   3.6745585107508311e-01   5.7858269048360889e-05
   8.3984375000000000e-01  -2.1757711165872484e-01  -2.1764469327806485e-01   6.7581619340006949e-05
   8.4765625000000000e-01  -6.2205843096403335e-01  -6.2208316698652455e-01   2.4736022491200771e-05
   8.5546875000000000e-01  -6.0677604030074961e-01  -6.0673524521510847e-01   4.0795085641143203e-05
   8.6328125000000000e-01  -2.1896532189673523e-01  -2.1888763668606570e-01   7.7685210669531379e-05
   8.7109375000000000e-01   2.8721844589908813e-01   2.8727293183186331e-01   5.4485932775183432e-05
