#                  Coord.                Numerical               Analytical                    Error
   3.9062500000000000e-03   4.2178431401060146e-02   4.2700042528024729e-02   5.2161112696458289e-04
   1.1718750000000000e-02   4.4000117996813914e-02   4.4397040543092903e-02   3.9692254627898826e-04
   1.9531250000000000e-02   1.8209792416612691e-02   1.8133000231383381e-02   7.6792185229310195e-05
   2.7343750000000000e-02  -2.8094772764843734e-02  -2.8582930883241417e-02   4.8815811839768297e-04
   3.5156250000000000e-02  -7.1169018312270849e-02  -7.1643010246273425e-02   4.7399193400257666e-04
   4.2968750000000000e-02  -8.0864309726153022e-02  -8.0904596196944178e-02   4.0286470791156548e-05
   5.0781250000000000e-02  -3.9652194885321665e-02  -3.9217643783085794e-02   4.3455110223587085e-04
   5.8593750000000000e-02   4.0551255663261315e-02   4.1079912955072240e-02   5.2865729181092447e-04
   6.6406250000000000e-02   1.1701324314694878e-01   1.1716638205621940e-01   1.5313890927062812e-04
   7.4218750000000000e-02   1.3644499948640126e-01   1.3608417179757371e-01   3.6082768882755856e-04
   8.2031250000000000e-02   6.9202332656824406e-02   6.8648671701581815e-02   5.5366095524259085e-04
   8.9843750000000000e-02  -6.2826560758507816e-02  -6.3078155416917581e-02   2.5159465840976503e-04
   9.7656250000000000e-02  -1.8660783342960716e-01  -1.8633552252342722e-01   2.7231090617993448e-04
   1.0546875000000000e-01  -2.1484415624373815e-01  -2.1429922216433039e-01   5.4493407940775507e-04
   1.1328125000000000e-01  -1.0357565014744319e-01  -1.0325122449804944e-01   3.2442564939375029e-04
   1.2109375000000000e-01   1.0505438049765065e-01   1.0487426736925191e-01   1.8011312839873173e-04
   1.2890625000000000e-01   2.8999880737252193e-01   2.8949301944333694e-01   5.0578792918498650e-04
   1.3671875000000000e-01   3.1707045589639465e-01   3.1670670987559935e-01   3.6374602079530804e-04
   1.4453125000000000e-01   1.3126159690850331e-01   1.3136084434485826e-01   9.9247436354948926e-05
   1.5234375000000000e-01  -1.8471608973717890e-01  -1.8426742964685486e-01   4.4866009032404341e-04
   1.6015625000000000e-01  -4.3714933235945685e-01  -4.3677936969190562e-01   3.6996266755123797e-04
   1.6796875000000000e-01  -4.3503910717165917e-01  -4.3508298591126782e-01   4.3878739608649298e-05
   1.7578125000000000e-01  -1.2837707775831952e-01  -1.2877026968144145e-01   3.9319192312192719e-04
   1.8359375000000000e-01   3.2516343675064896e-01   3.2481052999096410e-01   3.5290675968485674e-04
   1.9140625000000000e-01   6.3095197892669730e-01   6.3097534868875393e-01   2.3369762056635324e-05
   1.9921875000000000e-01   5.4385579886094237e-01   5.4421918712458106e-01   3.6338826363868648e-04
   2.0703125000000000e-01   5.6882682780582616e-02   5.7217616460523618e-02   3.3493367994100187e-04
   2.1484375000000000e-01  -5.4830262773670269e-01  -5.4833566127245292e-01   3.3033535750237597e-05
   2.2265625000000000e-01  -8.5505026010540341e-01  -8.5542644454023065e-01   3.7618443482723141e-04
   2.3046875000000000e-01  -5.9467132879920470e-01  -5.9501490049152550e-01   3.4357169232079876e-04
   2.3828125000000000e-01   1.2963411299130759e-01   1.2968801039161465e-01   5.3897400307062471e-05
   2.4609375000000000e-01   8.5791966954324428e-01   8.5835562976921564e-01   4.3596022597136574e-04
   2.5390625000000000e-01   1.0589702102160872e+00   1.0593763267573515e+00   4.0611654126432306e-04
   2.6171875000000000e-01   5.1578065311826715e-01   5.1572679488028061e-01   5.3858237986537105e-05
   2.6953125000000000e-01  -4.6615003904574809e-01  -4.6667620702170781e-01   5.2616797595972375e-04
   2.7734375000000000e-01  -1.2151750079458783e+00  -1.2157103701878216e+00   5.3536224194328241e-04
   2.8515625000000000e-01  -1.1505214296966304e+00  -1.1505265466493741e+00   5.1169527437444629e-06
   2.9296875000000000e-01  -2.3267140308369749e-01  -2.3205919257890675e-01   6.1221050479073891e-04
   3.0078125000000000e-01   9.4115089616322922e-01   9.4187334220947716e-01   7.2244604624793762e-04
   3.0859375000000000e-01   1.5179385014597000e+00   1.5180834585151910e+00   1.4495705549100180e-04
   3.1640625000000000e-01   1.0117274823394877e+00   1.0110734146470106e+00   6.5406769247711161e-04
   3.2421875000000000e-01  -2.8685942249569624e-01  -2.8779855639119650e-01   9.3913389550026594e-04
   3.3203125000000000e-01  -1.4586886137931121e+00  -1.4590603240466771e+00   3.7171025356497189e-04
   3.3984375000000000e-01  -1.6069531772270691e+00  -1.6063401199973533e+00   6.1305722971582988e-04
   3.4765625000000000e-01  -5.5181960937844754e-01  -5.5067976899320514e-01   1.1398403852423966e-03
   3.5546875000000000e-01   9.7388928570363942e-01   9.7455502980203734e-01   6.6574409839792459e-04
   3.6328125000000000e-01   1.8280604603403821e+00   1.8275929293003779e+00   4.6753104000418766e-04
   3.7109375000000000e-01   1.3226197037573275e+00   1.3213421000205949e+00   1.2776037367325799e-03
   3.7890625000000000e-01  -2.1059820853740907e-01  -2.1158848976078096e-01   9.9028122337188607e-04
   3.8671875000000000e-01  -1.6241646036957338e+00  -1.6239475726547670e+00   2.1703104096681969e-04
   3.9453125000000000e-01  -1.8182278989024974e+00  -1.8169183332469914e+00   1.3095656555059954e-03
   4.0234375000000000e-01  -6.1112590996062788e-01  -6.0983105531011794e-01   1.2948546505099356e-03
   4.1015625000000000e-01   1.0821786626939049e+00   1.0823012288724263e+00   1.2256617852135498e-04
   4.1796875000000000e-01   1.9422136899885201e+00   1.9410018831521134e+00   1.2118068364066481e-03
   4.2578125000000000e-01   1.2862484757151316e+00   1.2847213647829745e+00   1.5271109321570719e-03
   4.3359375000000000e-01  -3.7268632501481558e-01  -3.7319246344420964e-01   5.0613842939406517e-04
   4.4140625000000000e-01  -1.7195294866244581e+00  -1.7185445244220678e+00   9.8496220239030485e-04
   4.4921875000000000e-01  -1.6879707703602358e+00  -1.6863245720387039e+00   1.6461983215318998e-03
   4.5703125000000000e-01  -3.2210906764432429e-01  -3.2122623201521427e-01   8.8283562911001257e-04
   4.6484375000000000e-01   1.2612790556681135e+00   1.2606271173326011e+00   6.5193833551235869e-04
   4.7265625000000000e-01   1.7877482040548300e+00   1.7861183569975487e+00   1.6298470572813084e-03
   4.8046875000000000e-01   8.6563043364586811e-01   8.6442871411081690e-01   1.2017195350512155e-03
   4.8828125000000000e-01  -7.0995137509563633e-01  -7.0969713687218516e-01   2.5423822345116420e-04
   4.9609375000000000e-01  -1.6371300908721400e+00  -1.6356504322965015e+00   1.4796585756384761e-03
   5.0390625000000000e-01  -1.1927483033628867e+00  -1.1913247040420232e+00   1.4235993208635556e-03
   5.1171875000000000e-01   1.9093936696853642e-01   1.9109753962678319e-01   1.5817265824677462e-04
   5.1953125000000000e-01   1.3299452143968709e+00   1.3287314702635773e+00   1.2137441332935595e-03
   5.2734375000000000e-01   1.3053129569143083e+00   1.3037873417516357e+00   1.5256151626725778e-03
   5.3515625000000000e-01   2.1501307269401199e-01   2.1447159587507306e-01   5.4147681893892963e-04
   5.4296875000000000e-01  -9.6440689203848406e-01  -9.6353793368837604e-01   8.6895835010802891e-04
   5.5078125000000000e-01  -1.2494652945437248e+00  -1.2479620943117979e+00   1.5032002319268489e-03
   5.5859375000000000e-01  -4.7679328558618261e-01  -4.7593998651876290e-01   8.5329906741971051e-04
   5.6640625000000000e-01   6.1746349383664656e-01   6.1697531058968025e-01   4.8818324696631166e-04
   5.7421875000000000e-01   1.0887635731616085e+00   1.0873947692252359e+00   1.3688039363726201e-03
   5.8203125000000000e-01   6.0233766798614985e-01   6.0127034174464189e-01   1.0673262415079598e-03
   5.8984375000000000e-01  -3.3466379378154620e-01  -3.3454908769160924e-01   1.1470608993696674e-04
   5.9765625000000000e-01  -8.8301191548695523e-01  -8.8186263718561497e-01   1.1492783013402619e-03
   6.0546875000000000e-01  -6.2187848364868969e-01  -6.2070370865601332e-01   1.1747749926763751e-03
   6.1328125000000000e-01   1.3225670964679276e-01   1.3247224732575477e-01   2.1553767896201337e-04
   6.2109375000000000e-01   6.7666103319784365e-01   6.7578240003002976e-01   8.7863316781389145e-04
   6.2890625000000000e-01   5.7246041659470892e-01   5.7127906440937348e-01   1.1813521853354381e-03
   6.3671875000000000e-01  -5.7387082678577173e-03  -6.2158864939019310e-03   4.7717822604421371e-04
   6.4453125000000000e-01  -4.9593445060673008e-01  -4.9534399441913790e-01   5.9045618759218099e-04
   6.5234375000000000e-01  -4.8748262750073734e-01  -4.8637768840637607e-01   1.1049390943612680e-03
   6.6015625000000000e-01  -6.0354014631941705e-02  -5.9691701122279700e-02   6.6231350966200475e-04
   6.6796875000000000e-01   3.5155249884302076e-01   3.5123870923933231e-01   3.1378960368844133e-04
   6.7578125000000000e-01   3.9178081064830667e-01   3.9080915524934612e-01   9.7165539896054698e-04
   6.8359375000000000e-01   8.4555777557692918e-02   8.3781889311678542e-02   7.7388824601437589e-04
   6.9140625000000000e-01  -2.4372682459770023e-01  -2.4366007008866650e-01   6.6754509033734033e-05
   6.9921875000000000e-01  -3.0089176887026048e-01  -3.0008686247800020e-01   8.0490639226027394e-04
   7.0703125000000000e-01  -8.3592439610780334e-02  -8.2770224862052516e-02   8.2221474872781752e-04
   7.1484375000000000e-01   1.6707174804650315e-01   1.6721288965168055e-01   1.4114160517739172e-04
   7.2265625000000000e-01   2.2263213427132394e-01   2.2200666649459067e-01   6.2546777673327947e-04
   7.3046875000000000e-01   7.0197702920335156e-02   6.9373772471741368e-02   8.2393044859378761e-04
   7.3828125000000000e-01  -1.1429876342156575e-01  -1.1460997077922336e-01   3.1120735765760577e-04
   7.4609375000000000e-01  -1.5944322358029900e-01  -1.5899813626191203e-01   4.4508731838696636e-04
   8.7890625000000000e-01  -9.4921662358846415e-03  -1.0131599198988704e-02   6.3943296310406232e-04
   8.8671875000000000e-01  -9.4825720498994404e-03  -9.8803929529642943e-03   3.9782090306485392e-04
   8.9453125000000000e-01  -1.5109577810193398e-03  -1.3299489677494332e-03   1.8100881326990658e-04
   9.0234375000000000e-01   2.6344767210881859e-03   3.2168015571227755e-03   5.8232483603458960e-04
   9.1015625000000000e-01  -8.0793776966620046e-04  -3.4288655440900762e-04   4.6505121525719284e-04
   9.1796875000000000e-01  -5.1821751203679767e-03  -5.2319624457246149e-03   4.9787325356638254e-05
   9.2578125000000000e-01  -2.6922156910779427e-03  -3.1960625113116050e-03   5.0384682023366231e-04
   9.3359375000000000e-01   6.4783989691405419e-03   5.9692079813328533e-03   5.0919098780768859e-04
   9.4140625000000000e-01   1.4342456405700088e-02   1.4265598002302508e-02   7.6858403397580058e-05
   9.4921875000000000e-01   1.2831492741879558e-02   1.3240811565781276e-02   4.0931882390171821e-04
   9.5703125000000000e-01   8.0098109376676441e-04   1.3329848035091147e-03   5.3200370974235025e-04
   9.6484375000000000e-01  -1.5221820405911718e-02  -1.5026725243218932e-02   1.9509516269278562e-04
   9.7265625000000000e-01  -2.5506009605950009e-02  -2.5810400425084524e-02   3.0439081913451529e-04
   9.8046875000000000e-01  -2.2588509063060147e-02  -2.3124356714145027e-02   5.3584765108487947e-04
   9.8828125000000000e-01  -5.0462747056742585e-03  -5.3488923888285649e-03   3.0261768315430638e-04
   9.9609375000000000e-01   2.0869805752982279e-02   2.1062584873399317e-02   1.9277912041703801e-04
   7.5390625000000000e-01  -5.2734303966087415e-02  -5.1942552619408028e-02   7.9175134667938685e-04
   7.6171875000000000e-01   7.8540638601260038e-02   7.8986746312746881e-02   4.4610771148684281e-04
   7.6953125000000000e-01   1.1068473289205349e-01   1.1041409762386936e-01   2.7063526818413286e-04
   7.7734375000000000e-01   3.5872877143192983e-02   3.5140539542286263e-02   7.3233760090671979e-04
   7.8515625000000000e-01  -5.4474643578247967e-02  -5.5022473049597863e-02   5.4782947134989629e-04
   7.9296875000000000e-01  -7.4507314061506180e-02  -7.4400926940609485e-02   1.0638712089669489e-04
   8.0078125000000000e-01  -2.1868347248854336e-02  -2.1214877944964416e-02   6.5346930388992044e-04
   8.0859375000000000e-01   3.8354448923222706e-02   3.8974509304719303e-02   6.2006038149659687e-04
   8.1640625000000000e-01   4.8934543004082037e-02   4.8981703832448993e-02   4.7160828366955843e-05
   8.2421875000000000e-01   1.1861234061453396e-02   1.1305791306551400e-02   5.5544275490199656e-04
   8.3203125000000000e-01  -2.7209661323015805e-02  -2.7869589841516423e-02   6.5992851850061804e-04
   8.3984375000000000e-01  -3.1786127855806423e-02  -3.1971288918239200e-02   1.8516106243277736e-04
   8.4765625000000000e-01  -6.3124315414937737e-03  -5.8713580791890365e-03   4.4107346230473719e-04
   8.5546875000000000e-01   1.8189648751539833e-02   1.8855957758400144e-02   6.6630900686031128e-04
   8.6328125000000000e-01   1.9893359057070070e-02   2.0196950760916245e-02   3.0359170384617468e-04
   8.7109375000000000e-01   4.0645240931291848e-03   3.7503515362403610e-03   3.1417255688882383e-04
