#                  Coord.                Numerical               Analytical                    Error
   3.9062500000000000e-03   6.6257804383494168e-01   6.6099547696202221e-01   1.5825668729194664e-03
   1.1718750000000000e-02   7.1582488444253600e-01   7.1497345723483396e-01   8.5142720770203795e-04
   1.9531250000000000e-02   7.7414601840354358e-01   7.7044896023402032e-01   3.6970581695232596e-03
   2.7343750000000000e-02   8.3009431845925508e-01   8.2757730462969259e-01   2.5170138295624866e-03
   3.5156250000000000e-02   8.8730414210659736e-01   8.8654840006314117e-01   7.5574204345618679e-04
   4.2968750000000000e-02   9.5129489717731019e-01   9.4754647089650734e-01   3.7484262808028523e-03
   5.0781250000000000e-02   1.0143185805781716e+00   1.0107132363359734e+00   3.6053442421981607e-03
   5.8593750000000000e-02   1.0769865222737673e+00   1.0761183199409738e+00   8.6820233279349956e-04
   6.6406250000000000e-02   1.1472404710985191e+00   1.1437393111295564e+00   3.5011599689627193e-03
   7.4218750000000000e-02   1.2181934854004721e+00   1.2134524406649667e+00   4.7410447355054064e-03
   8.2031250000000000e-02   1.2863666039411144e+00   1.2850334615648589e+00   1.3331423762554806e-03
   8.9843750000000000e-02   1.3611383477542855e+00   1.3581672069448318e+00   2.9711408094537095e-03
   9.7656250000000000e-02   1.4381960984921240e+00   1.4324635320693893e+00   5.7325664227347861e-03
   1.0546875000000000e-01   1.5097495701188057e+00   1.5074769823476872e+00   2.2725877711184950e-03
   1.1328125000000000e-01   1.5850115223611092e+00   1.5827275467267139e+00   2.2839756343953077e-03
   1.2109375000000000e-01   1.6640339436965861e+00   1.6577201937522519e+00   6.3137499443342016e-03
   1.2890625000000000e-01   1.7356503890927184e+00   1.7319614506335061e+00   3.6889384592122543e-03
   1.3671875000000000e-01   1.8066944183067688e+00   1.8049719647563944e+00   1.7224535503743699e-03
   1.4453125000000000e-01   1.8825497283661541e+00   1.8762946762025772e+00   6.2550521635769130e-03
   1.5234375000000000e-01   1.9508695826655034e+00   1.9454988394191899e+00   5.3707432463134808e-03
   1.6015625000000000e-01   2.0137688764979971e+00   2.0121805986089676e+00   1.5882778890294880e-03
   1.6796875000000000e-01   2.0814548552893086e+00   2.0759611111526013e+00   5.4937441367073347e-03
   1.7578125000000000e-01   2.1433929697671505e+00   2.1364833224953572e+00   6.9096472717933288e-03
   1.8359375000000000e-01   2.1955533269416048e+00   2.1934084444924746e+00   2.1448824491301366e-03
   1.9140625000000000e-01   2.2506548842643785e+00   2.2464130150877977e+00   4.2418691765808703e-03
   1.9921875000000000e-01   2.3030199847477690e+00   2.2951871672322763e+00   7.8328175154926960e-03
   2.0703125000000000e-01   2.3428295835760995e+00   2.3394344557615487e+00   3.3951278145507580e-03
   2.1484375000000000e-01   2.3818020990216957e+00   2.3788733241912170e+00   2.9287748304787087e-03
   2.2265625000000000e-01   2.4210439495388503e+00   2.4132400692619052e+00   7.8038802769451188e-03
   2.3046875000000000e-01   2.4473490885529596e+00   2.4422929970681615e+00   5.0560914847981309e-03
   2.3828125000000000e-01   2.4678625377282661e+00   2.4658173660833400e+00   2.0451716449261248e-03
   2.4609375000000000e-01   2.4903976965233050e+00   2.4836306736144840e+00   6.7670229088210299e-03
   2.5390625000000000e-01   2.5022212084218589e+00   2.4955878512597831e+00   6.6333571620758036e-03
   2.6171875000000000e-01   2.5035652339366541e+00   2.5015859758878571e+00   1.9792580487969502e-03
   2.6953125000000000e-01   2.5065669998289049e+00   2.5015681608830280e+00   4.9988389458768268e-03
   2.7734375000000000e-01   2.5030848977980251e+00   2.4955263566041626e+00   7.5585411938625668e-03
   2.8515625000000000e-01   2.4862917263141382e+00   2.4835028523139799e+00   2.7888740001582590e-03
   2.9296875000000000e-01   2.4686130122109287e+00   2.4655903339159022e+00   3.0226782950264486e-03
   3.0078125000000000e-01   2.4492996859937777e+00   2.4419304159057464e+00   7.3692700880312323e-03
   3.0859375000000000e-01   2.4169285612178535e+00   2.4127106382740005e+00   4.2179229438530363e-03
   3.1640625000000000e-01   2.3796774742357987e+00   2.3781600051569858e+00   1.5174690788128942e-03
   3.2421875000000000e-01   2.3444651713786939e+00   2.3385432455432804e+00   5.9219258354135107e-03
   3.3203125000000000e-01   2.2997699811269459e+00   2.2941540944941763e+00   5.6158866327695733e-03
   3.3984375000000000e-01   2.2463498973208020e+00   2.2453080174241533e+00   1.0418798966487230e-03
   3.4765625000000000e-01   2.1959193975636206e+00   2.1923349145044213e+00   3.5844830591993393e-03
   3.5546875000000000e-01   2.1417501412376185e+00   2.1355724257541717e+00   6.1777154834468107e-03
   3.6328125000000000e-01   2.0770764381234472e+00   2.0753604859655348e+00   1.7159521579124259e-03
   3.7109375000000000e-01   2.0132538591121483e+00   2.0120377305525405e+00   1.2161285596077320e-03
   3.7890625000000000e-01   1.9513143062683520e+00   1.9459402122568459e+00   5.3740940115061253e-03
   3.8671875000000000e-01   1.8804482711072301e+00   1.8774026506619332e+00   3.0456204452968816e-03
   3.9453125000000000e-01   1.8065629962301004e+00   1.8067621122200177e+00   1.9911598991728674e-04
   4.0234375000000000e-01   1.7377319894872720e+00   1.7343636363731174e+00   3.3683531141546208e-03
   4.1015625000000000e-01   1.6646525067814304e+00   1.6605669289206846e+00   4.0855778607458149e-03
   4.1796875000000000e-01   1.5855823602643504e+00   1.5857528948914195e+00   1.7053462706906330e-04
   4.2578125000000000e-01   1.5113539059662064e+00   1.5103285448849262e+00   1.0253610812802627e-03
   4.3359375000000000e-01   1.4387848768099236e+00   1.4347287429215512e+00   4.0561338883724485e-03
   4.4140625000000000e-01   1.3603867982033875e+00   1.3594134174918018e+00   9.7338071158570294e-04
   4.4921875000000000e-01   1.2842770394809830e+00   1.2848592539493331e+00   5.8221446835005075e-04
   4.5703125000000000e-01   1.2143712160804472e+00   1.2115455147973884e+00   2.8257012830588124e-03
   4.6484375000000000e-01   1.1421993400139525e+00   1.1399344450360855e+00   2.2648949778669714e-03
   4.7265625000000000e-01   1.0695841826915100e+00   1.0704476248254315e+00   8.6344213392153257e-04
   4.8046875000000000e-01   1.0044376897238152e+00   1.0034405119601797e+00   9.9717776363550392e-04
   4.8828125000000000e-01   9.4192582838728711e-01   9.3917813396890748e-01   2.7476944183796315e-03
   4.9609375000000000e-01   8.7777118924631103e-01   8.7781530660311524e-01   4.4117356804207475e-05
   5.0390625000000000e-01   8.1886615275716057e-01   8.1938475616063200e-01   5.1860340347142930e-04
   5.1171875000000000e-01   7.6586405616713360e-01   7.6379603576153077e-01   2.0680204056028328e-03
   5.1953125000000000e-01   7.1190529704370853e-01   7.1084714094734514e-01   1.0581560963633940e-03
   5.2734375000000000e-01   6.5917746170797087e-01   6.6024931246661533e-01   1.0718507586444659e-03
   5.3515625000000000e-01   6.1229221260581723e-01   6.1166380428605871e-01   6.2840831975852218e-04
   5.4296875000000000e-01   5.6633110390518537e-01   5.6474759825814957e-01   1.5835056470357989e-03
   5.5078125000000000e-01   5.1856996334290539e-01   5.1920341263605474e-01   6.3344929314934628e-04
   5.5859375000000000e-01   4.7411952635189836e-01   4.7482813967302934e-01   7.0861332113097975e-04
   5.6640625000000000e-01   4.3272201314551662e-01   4.3155329089829864e-01   1.1687222472179792e-03
   5.7421875000000000e-01   3.8971153179163837e-01   3.8947129355458171e-01   2.4023823705665581e-04
   5.8203125000000000e-01   3.4764784919088959e-01   3.4884263431964568e-01   1.1947851287560929e-03
   5.8984375000000000e-01   3.1023317346689966e-01   3.1008082998230702e-01   1.5234348459264302e-04
   5.9765625000000000e-01   2.7451677568288835e-01   2.7371483364106880e-01   8.0194204181954776e-04
   6.0546875000000000e-01   2.3963280030864331e-01   2.4033145818132370e-01   6.9865787268039159e-04
   6.1328125000000000e-01   2.0981750518269152e-01   2.1050333187847162e-01   6.8582669578010069e-04
   6.2109375000000000e-01   1.8537415083011549e-01   1.8471037578523741e-01   6.6377504487807881e-04
   6.2890625000000000e-01   1.6348276240211068e-01   1.6326441542675085e-01   2.1834697535982883e-04
   6.3671875000000000e-01   1.4549389041151342e-01   1.4624700265121920e-01   7.5311223970578323e-04
   6.4453125000000000e-01   1.3353706439459556e-01   1.3346965908363159e-01   6.7405310963969400e-05
   6.5234375000000000e-01   1.2524873979158835e-01   1.2446356873989621e-01   7.8517105169213786e-04
   6.6015625000000000e-01   1.1837046699984652e-01   1.1850244225096893e-01   1.3197525112240704e-04
   6.6796875000000000e-01   1.1424912301520894e-01   1.1465822260664921e-01   4.0909959144026786e-04
   6.7578125000000000e-01   1.1254606254530138e-01   1.1188500994357496e-01   6.6105260172641400e-04
   6.8359375000000000e-01   1.0967307985637695e-01   1.0912262695457708e-01   5.5045290179986384e-04
   6.9140625000000000e-01   1.0498333491806840e-01   1.0540819233564404e-01   4.2485741757564144e-04
   6.9921875000000000e-01   1.0011090505701881e-01   9.9982388703275721e-02   1.2851635374308557e-04
   7.0703125000000000e-01   9.3127034368309713e-02   9.2377107309912540e-02   7.4992705839717344e-04
   7.1484375000000000e-01   8.2343198851531810e-02   8.2472907746591370e-02   1.2970889505956040e-04
   7.2265625000000000e-01   7.0228300077547545e-02   7.0518086666757546e-02   2.8978658921000044e-04
   7.3046875000000000e-01   5.7570699003485888e-02   5.7105714746205988e-02   4.6498425727990039e-04
   7.3828125000000000e-01   4.3215571763641852e-02   4.3110201130973677e-02   1.0537063266817526e-04
   7.4609375000000000e-01   2.9267070379770038e-02   2.9590097583191248e-02   3.2302720342121047e-04
   8.7890625000000000e-01   1.5367854592728628e-01   1.5270144440321826e-01   9.7710152406801920e-04
   8.8671875000000000e-01   1.6113785473516579e-01   1.6117740468034680e-01   3.9549945181016621e-05
   8.9453125000000000e-01   1.7203968122636421e-01   1.7081626203268147e-01   1.2234191936827399e-03
   9.0234375000000000e-01   1.8391961313488639e-01   1.8259024330689269e-01   1.3293698279936983e-03
   9.1015625000000000e-01   1.9739032121243455e-01   1.9737450394804373e-01   1.5817264390816099e-05
   9.1796875000000000e-01   2.1711586777573766e-01   2.1586929423557899e-01   1.2465735401586686e-03
   9.2578125000000000e-01   2.4029288053277878e-01   2.3854740214333481e-01   1.7454783894439718e-03
   9.3359375000000000e-01   2.6576444018259698e-01   2.6563095059968245e-01   1.3348958291453661e-04
   9.4140625000000000e-01   2.9835387552620057e-01   2.9709775821636336e-01   1.2561173098372125e-03
   9.4921875000000000e-01   3.3499586992501573e-01   3.3271387769678062e-01   2.2819922282351079e-03
   9.5703125000000000e-01   3.7247374448955806e-01   3.7208604677140822e-01   3.8769771814983756e-04
   9.6484375000000000e-01   4.1590885356012741e-01   4.1472593396037633e-01   1.1829195997510866e-03
   9.7265625000000000e-01   4.6299006721843622e-01   4.6011738566125704e-01   2.8726815571791797e-03
   9.8046875000000000e-01   5.0864075212479176e-01   5.0777836348370164e-01   8.6238864109011715e-04
   9.8828125000000000e-01   5.5833315866314925e-01   5.5731073133091436e-01   1.0224273322348987e-03
   9.9609375000000000e-01   6.1181513679332145e-01   6.0843322628062335e-01   3.3819105126980942e-03
   7.5390625000000000e-01   1.7787206708849618e-02   1.7668264775319568e-02   1.1894193353004928e-04
   7.6171875000000000e-01   8.5014248979345623e-03   8.4035806976985317e-03   9.7844200236030590e-05
   7.6953125000000000e-01   2.5800097211710260e-03   2.6696402683712948e-03   8.9630547200268869e-05
   7.7734375000000000e-01   1.1529810332506038e-03   1.0551797493566892e-03   9.7801283893914678e-05
   7.8515625000000000e-01   3.7736848514396460e-03   3.7983340773628535e-03   2.4649225923207511e-05
   7.9296875000000000e-01   1.0887807162456358e-02   1.0762637323812038e-02   1.2516983864432028e-04
   8.0078125000000000e-01   2.1890711993449455e-02   2.1457460714188185e-02   4.3325127926126944e-04
   8.0859375000000000e-01   3.5079713606382575e-02   3.5100042758032579e-02   2.0329151650004540e-05
   8.1640625000000000e-01   5.0867026048176105e-02   5.0711137212196146e-02   1.5588883597995873e-04
   8.2421875000000000e-01   6.8098574595814074e-02   6.7232259975469541e-02   8.6631462034453266e-04
   8.3203125000000000e-01   8.3868325806132446e-02   8.3650072985433255e-02   2.1825282069919127e-04
   8.3984375000000000e-01   9.9166997425111342e-02   9.9112893372715560e-02   5.4104052395781421e-05
   8.4765625000000000e-01   1.1416679356196872e-01   1.1302568871759774e-01   1.1411048443709798e-03
   8.5546875000000000e-01   1.2571178802600552e-01   1.2511298275581709e-01   5.9880527018843499e-04
   8.6328125000000000e-01   1.3540804510660956e-01   1.3544339721505211e-01   3.5352108442548991e-05
   8.7109375000000000e-01   1.4563280059393216e-01   1.4441448949870844e-01   1.2183110952237175e-03
