#                  Coord.                Numerical               Analytical                    Error
   3.9062500000000000e-03  -1.2184470772743383e-01  -1.2192456551819179e-01   7.9857790757961733e-05
   1.1718750000000000e-02  -1.4666184402309301e-01  -1.4668206334854358e-01   2.0219325450571146e-05
   1.9531250000000000e-02  -1.5917536523495868e-02  -1.5867309097690033e-02   5.0227425805834947e-05
   2.7343750000000000e-02   1.7435440684579828e-01   1.7440581275748995e-01   5.1405911691670969e-05
   3.5156250000000000e-02   2.3289327940102186e-01   2.3287840770117099e-01   1.4871699850871334e-05
   4.2968750000000000e-02   5.6816510322528088e-02   5.6750043310313754e-02   6.6467012214334320e-05
   5.0781250000000000e-02  -2.3101577449875749e-01  -2.3105382860802717e-01   3.8054109269686220e-05
   5.8593750000000000e-02  -3.5400819163552855e-01  -3.5396027445856432e-01   4.7917176964229480e-05
   6.6406250000000000e-02  -1.3838148455457461e-01  -1.3828497402825182e-01   9.6510526322785006e-05
   7.4218750000000000e-02   2.7664173899291633e-01   2.7668630241133496e-01   4.4563418418630540e-05
   8.2031250000000000e-02   5.1002863466031334e-01   5.0995832948611763e-01   7.0305174195706144e-05
   8.9843750000000000e-02   2.7976963595663729e-01   2.7963586824039321e-01   1.3376771624407091e-04
   9.7656250000000000e-02  -2.8479303962720448e-01  -2.8486374564300959e-01   7.0706015805110933e-05
   1.0546875000000000e-01  -6.8836380833467137e-01  -6.8828739036131892e-01   7.6417973352449486e-05
   1.1328125000000000e-01  -4.9645595041474105e-01  -4.9628404721610681e-01   1.7190319863424897e-04
   1.2109375000000000e-01   2.1854651763586613e-01   2.1866161068106804e-01   1.1509304520190833e-04
   1.2890625000000000e-01   8.5709480035555330e-01   8.5703359220729547e-01   6.1208148257829720e-05
   1.3671875000000000e-01   7.8955036025186476e-01   7.8934426677612146e-01   2.0609347574329639e-04
   1.4453125000000000e-01  -3.7574861576349095e-02  -3.7749291089631924e-02   1.7442951328282968e-04
   1.5234375000000000e-01  -9.6192594249521512e-01  -9.6190617170156012e-01   1.9770793655005114e-05
   1.6015625000000000e-01  -1.1325951267346583e+00  -1.1323780219535686e+00   2.1710478108971643e-04
   1.6796875000000000e-01  -2.8651497808611776e-01  -2.8627866352446663e-01   2.3631456165112974e-04
   1.7578125000000000e-01   9.3219284801044422e-01   9.3223986454747543e-01   4.7016537031208117e-05
   1.8359375000000000e-01   1.4615492871921496e+00   1.4613486036173633e+00   2.0068357478630894e-04
   1.9140625000000000e-01   7.4835798630025896e-01   7.4806788229100196e-01   2.9010400925699731e-04
   1.9921875000000000e-01  -7.0030319186090750e-01  -7.0043683951720759e-01   1.3364765630008435e-04
   2.0703125000000000e-01  -1.6766149655369484e+00  -1.6764648982462371e+00   1.5006729071131986e-04
   2.1484375000000000e-01  -1.2882022603171073e+00  -1.2878806367058533e+00   3.2162361125398498e-04
   2.2265625000000000e-01   2.3377191758955951e-01   2.3400108844402551e-01   2.2917085446599872e-04
   2.3046875000000000e-01   1.6641181418607025e+00   1.6640547418535558e+00   6.3400007146663384e-05
   2.3828125000000000e-01   1.7857274385849333e+00   1.7854112736760688e+00   3.1616490886454685e-04
   2.4609375000000000e-01   4.3012955911306028e-01   4.2981417012120782e-01   3.1538899185246105e-04
   2.5390625000000000e-01  -1.3393804974513799e+00  -1.3394311493654740e+00   5.0651914094146377e-05
   2.6171875000000000e-01  -2.0816986076065631e+00  -2.0814280864385202e+00   2.7052116804293647e-04
   2.6953125000000000e-01  -1.1660096610967892e+00  -1.1656332176667956e+00   3.7644342999354485e-04
   2.7734375000000000e-01   6.9819287843204680e-01   6.9837132899148224e-01   1.7845055943543908e-04
   2.8515625000000000e-01   2.0311897656617521e+00   2.0310180953230281e+00   1.7167033872400594e-04
   2.9296875000000000e-01   1.7784286369668152e+00   1.7780403911085965e+00   3.8824585821872759e-04
   3.0078125000000000e-01   1.4881584395128539e-01   1.4851922617432303e-01   2.9661777696235458e-04
   3.0859375000000000e-01  -1.5735408437343015e+00  -1.5735050673863915e+00   3.5776347909965978e-05
   3.1640625000000000e-01  -2.0639633925243821e+00  -2.0636213943194353e+00   3.4199820494684730e-04
   3.2421875000000000e-01  -9.8730682588564578e-01  -9.8692692821218464e-01   3.7989767346113812e-04
   3.3203125000000000e-01   7.8527676866079066e-01   7.8539214052701078e-01   1.1537186622012641e-04
   3.3984375000000000e-01   1.8994720850860465e+00   1.8992311213422575e+00   2.4096374378901331e-04
   3.4765625000000000e-01   1.5676321958685493e+00   1.5672219703795833e+00   4.1022548896596511e-04
   3.5546875000000000e-01   1.2142538933369831e-01   1.2116921477370253e-01   2.5617455999578376e-04
   3.6328125000000000e-01  -1.3141831251811498e+00  -1.3140848018334457e+00   9.8323347704099007e-05
   3.7109375000000000e-01  -1.7094992876957822e+00  -1.7091225629845639e+00   3.7672471121830142e-04
   3.7890625000000000e-01  -8.7071037773655857e-01  -8.7035275217755093e-01   3.5762555900764603e-04
   3.8671875000000000e-01   4.9883041368910697e-01   4.9888653731785992e-01   5.6123628752957622e-05
   3.9453125000000000e-01   1.3913511868046031e+00   1.3910646291052668e+00   2.8655769933627617e-04
   4.0234375000000000e-01   1.2404816194945669e+00   1.2400797033937496e+00   4.0191610081730111e-04
   4.1015625000000000e-01   2.6735931654801548e-01   2.6715901054656233e-01   2.0030600145315436e-04
   4.1796875000000000e-01  -7.6927294035649540e-01  -7.6911813702197063e-01   1.5480333452477790e-04
   4.2578125000000000e-01  -1.1647875962207210e+00  -1.1644043885213793e+00   3.8320769934174770e-04
   4.3359375000000000e-01  -7.4187725176962760e-01  -7.4156987545521802e-01   3.0737631440957980e-04
   4.4140625000000000e-01   1.0506041328674703e-01   1.0505367595248533e-01   6.7373342617083054e-06
   4.4921875000000000e-01   7.5981128437970813e-01   7.5950252758552883e-01   3.0875679417929902e-04
   4.5703125000000000e-01   8.2816527749067093e-01   8.2780383338595875e-01   3.6144410471217192e-04
   4.6484375000000000e-01   3.6101370167580382e-01   3.6088414242418959e-01   1.2955925161423076e-04
   4.7265625000000000e-01  -2.5451736384690993e-01  -2.5431870610663826e-01   1.9865774027166827e-04
   4.8046875000000000e-01  -6.0466905344572774e-01  -6.0430706927432665e-01   3.6198417140109740e-04
   4.8828125000000000e-01  -5.1901422289241272e-01  -5.1877833091509029e-01   2.3589197732243328e-04
   4.9609375000000000e-01  -1.3254428357769199e-01  -1.3261853645176108e-01   7.4252874069091757e-05
   5.0390625000000000e-01   2.5919302753440315e-01   2.5887503022234004e-01   3.1799731206311188e-04
   5.1171875000000000e-01   4.1704821203604925e-01   4.1674562399171072e-01   3.0258804433852537e-04
   5.1953125000000000e-01   2.9446266170768742e-01   2.9441805921936870e-01   4.4602488318723488e-05
   5.2734375000000000e-01   2.4617236898493100e-02   2.4861400975778762e-02   2.4416407728566208e-04
   5.3515625000000000e-01  -2.0033804737585670e-01  -2.0000869547794189e-01   3.2935189791480357e-04
   5.4296875000000000e-01  -2.5857494748177567e-01  -2.5843109496034050e-01   1.4385252143517269e-04
   5.5078125000000000e-01  -1.5501725731032423e-01  -1.5517464160904512e-01   1.5738429872089177e-04
   5.5859375000000000e-01   1.1955723033828358e-02   1.1631102901312211e-02   3.2462013251614678e-04
   5.6640625000000000e-01   1.3133029828160259e-01   1.3111149821936796e-01   2.1880006223462534e-04
   5.7421875000000000e-01   1.4739401918940565e-01   1.4746432043214375e-01   7.0301242738102232e-05
   5.8203125000000000e-01   7.7713625999815239e-02   7.8010833519062212e-02   2.9720751924697253e-04
   5.8984375000000000e-01  -1.6276201759392844e-02  -1.6008166936384041e-02   2.6803482300880380e-04
   5.9765625000000000e-01  -7.6082640523523162e-02  -7.6073473272721043e-02   9.1672508021195531e-06
   6.0546875000000000e-01  -7.8370747451999193e-02  -7.8625399759837428e-02   2.5465230783823511e-04
   6.1328125000000000e-01  -3.8118184745783545e-02  -3.8413016454511020e-02   2.9483170872747488e-04
   6.2109375000000000e-01   1.0745813358893068e-02   1.0667223421686823e-02   7.8589937206245339e-05
   6.2890625000000000e-01   3.9611584445470249e-02   3.9815075144058590e-02   2.0349069858834057e-04
   6.3671875000000000e-01   3.9220857376368878e-02   3.9525090762614755e-02   3.0423338624587654e-04
   6.4453125000000000e-01   1.8741218067111043e-02   1.8878465351004292e-02   1.3724728389324925e-04
   6.5234375000000000e-01  -4.9287583547800995e-03  -5.0762121011668927e-03   1.4745374638679316e-04
   6.6015625000000000e-01  -1.8616200251983184e-02  -1.8914242405961693e-02   2.9804215397850886e-04
   6.6796875000000000e-01  -1.8592475953496529e-02  -1.8776928799009607e-02   1.8445284551307783e-04
   6.7578125000000000e-01  -9.3749563463355612e-03  -9.2861115515272628e-03   8.8844794808298419e-05
   6.8359375000000000e-01   1.3909120131320174e-03   1.6700202296607068e-03   2.7910821652868943e-04
   6.9140625000000000e-01   7.8960971910585487e-03   8.1167904516143748e-03   2.2069326055582615e-04
   6.9921875000000000e-01   8.4342907534004086e-03   8.4032477698957279e-03   3.1042983504680696e-05
   7.0703125000000000e-01   4.7819429263227242e-03   4.5303709150291190e-03   2.5157201129360519e-04
   7.1484375000000000e-01   8.7874412071364816e-05  -1.5888000021353440e-04   2.4675441228489922e-04
   7.2265625000000000e-01  -3.1016798953649727e-03  -3.1255436942800646e-03   2.3863798915091904e-05
   7.3046875000000000e-01  -3.7869540269808433e-03  -3.5695044548648800e-03   2.1744957211596331e-04
   7.3828125000000000e-01  -2.4227135535258848e-03  -2.1590662019320495e-03   2.6364735159383531e-04
   7.4609375000000000e-01  -2.6731691560952231e-04  -1.9174982526071354e-04   7.5567090348808774e-05
   8.7890625000000000e-01   3.9111663829738408e-04   6.0049882273996978e-04   2.0938218444258570e-04
   8.8671875000000000e-01   8.6903724771033586e-03   8.9280402172387408e-03   2.3766774013538224e-04
   8.9453125000000000e-01   9.7274639011049879e-03   9.7772069937856077e-03   4.9743092680619785e-05
   9.0234375000000000e-01  -1.5151057196441386e-03  -1.6879846436255461e-03   1.7287892398140745e-04
   9.1015625000000000e-01  -1.6368956690635400e-02  -1.6594359906388238e-02   2.2540321575283823e-04
   9.1796875000000000e-01  -1.7369366149119880e-02  -1.7441829978994561e-02   7.2463829874681168e-05
   9.2578125000000000e-01   3.2291612204503051e-03   3.3610831893491938e-03   1.3192196889888876e-04
   9.3359375000000000e-01   2.9230171349180212e-02   2.9428226520553741e-02   1.9805517137352902e-04
   9.4140625000000000e-01   3.0541914794976754e-02   3.0622670820748075e-02   8.0756025771320378e-05
   9.4921875000000000e-01  -5.0926804182775953e-03  -5.1869056849830437e-03   9.4225266705448389e-05
   9.5703125000000000e-01  -4.9594676102835855e-02  -4.9755805218576525e-02   1.6112911574066996e-04
   9.6484375000000000e-01  -5.2756091472508149e-02  -5.2830551797991142e-02   7.4460325482993139e-05
   9.7265625000000000e-01   5.5598052492987771e-03   5.6245895789421470e-03   6.4784329643369915e-05
   9.8046875000000000e-01   7.9921168785717589e-02   8.0040601746536114e-02   1.1943296081852461e-04
   9.8828125000000000e-01   8.9178975817736705e-02   8.9232606001936401e-02   5.3630184199696118e-05
   9.9609375000000000e-01  -9.3998911246611500e-04  -9.8910244799366317e-04   4.9113335527548171e-05
   7.5390625000000000e-01   1.3657436142661267e-03   1.1869770892053630e-03   1.7876652506076366e-04
   7.6171875000000000e-01   1.7122884239030092e-03   1.4393432212594258e-03   2.7294520264358347e-04
   7.6953125000000000e-01   8.8475291340750495e-04   7.6223086984805754e-04   1.2252204355944741e-04
   7.7734375000000000e-01  -2.4701735079146747e-04  -1.0860127286691584e-04   1.3841607792455162e-04
   7.8515625000000000e-01  -6.9837320726541530e-04  -4.2317247431346826e-04   2.7520073295194704e-04
   7.9296875000000000e-01  -2.0552569590934211e-04  -4.2262674036623739e-05   1.6326302187271837e-04
   8.0078125000000000e-01   4.7681989479528286e-04   3.7960429740291248e-04   9.7215597392370377e-05
   8.0859375000000000e-01   3.1202721237766351e-04   4.2298074761567055e-05   2.6972913761609643e-04
   8.1640625000000000e-01  -7.5864872486498119e-04  -9.5468025482112239e-04   1.9603152995614119e-04
   8.2421875000000000e-01  -1.4162354520990128e-03  -1.3587512588426689e-03   5.7484193256343878e-05
   8.3203125000000000e-01  -2.8955635331873175e-04  -3.1300458075050068e-05   2.5825589524368169e-04
   8.3984375000000000e-01   2.0524973140765290e-03   2.2736529772680483e-03   2.2115566319151929e-04
   8.4765625000000000e-01   2.9014700767314161e-03   2.8826234049444204e-03   1.8846671786995704e-05
   8.5546875000000000e-01   1.5629724130228340e-04  -8.2438008653663058e-05   2.3873524995594647e-04
   8.6328125000000000e-01  -4.3634726872316676e-03  -4.5997025719114581e-03   2.3622988467979049e-04
   8.7109375000000000e-01  -5.3737459108034180e-03  -5.3919125014540489e-03   1.8166590650630851e-05
