#                  Coord.                Numerical               Analytical                    Error
   3.9062500000000000e-03  -4.3018045543906647e-02  -4.2918202939281329e-02   9.9842604625317855e-05
   1.1718750000000000e-02   6.6235168872904482e-01   6.6167744419600472e-01   6.7424453304010257e-04
   1.9531250000000000e-02   9.6877959679212000e-01   9.6784244111051376e-01   9.3715568160623874e-04
   2.7343750000000000e-02   5.9092323714447148e-01   5.9044216848884812e-01   4.8106865562336232e-04
   3.5156250000000000e-02  -2.6894873320970325e-01  -2.6859693714208360e-01   3.5179606761964743e-04
   4.2968750000000000e-02  -1.0049165100600368e+00  -1.0039924749831781e+00   9.2403507685867581e-04
   5.0781250000000000e-02  -1.0371727323187148e+00  -1.0363876417429656e+00   7.8509057574915886e-04
   5.8593750000000000e-02  -2.8014645943231198e-01  -2.8011595836410458e-01   3.0501068207400284e-05
   6.6406250000000000e-02   7.3777322963862924e-01   7.3701269037612793e-01   7.6053926250130299e-04
   7.4218750000000000e-02   1.2424034293869073e+00   1.2414382982740642e+00   9.6513111284313169e-04
   8.2031250000000000e-02   8.1344710659802777e-01   8.1303598786262099e-01   4.1111873540677912e-04
   8.9843750000000000e-02  -2.5737376935246947e-01  -2.5689686585582866e-01   4.7690349664081255e-04
   9.7656250000000000e-02  -1.1593851047636763e+00  -1.1583866273698182e+00   9.9847739385805490e-04
   1.0546875000000000e-01  -1.1836767717179506e+00  -1.1829450527118366e+00   7.3171900611401774e-04
   1.1328125000000000e-01  -2.9063766623991227e-01  -2.9076133515201735e-01   1.2366891210507935e-04
   1.2109375000000000e-01   8.3681361211838956e-01   8.3592304582787824e-01   8.9056629051131875e-04
   1.2890625000000000e-01   1.3170149952167933e+00   1.3160662021734997e+00   9.4879304329364977e-04
   1.3671875000000000e-01   7.6717364871279559e-01   7.6693195020048788e-01   2.4169851230770867e-04
   1.4453125000000000e-01  -3.8272251494797738e-01  -3.8205255342920391e-01   6.6996151877346533e-04
   1.5234375000000000e-01  -1.2225450021345980e+00  -1.2215051626705484e+00   1.0398394640496189e-03
   1.6015625000000000e-01  -1.0863432549562144e+00  -1.0857858546037773e+00   5.5740035243712072e-04
   1.6796875000000000e-01  -8.8930085826150584e-02  -8.9318115161380024e-02   3.8802933522943950e-04
   1.7578125000000000e-01   9.6384236916997734e-01   9.6283339500287746e-01   1.0089741670998853e-03
   1.8359375000000000e-01   1.2260692813521861e+00   1.2252857064307068e+00   7.8357492147929086e-04
   1.9140625000000000e-01   4.9780248184414355e-01   4.9790082487006981e-01   9.8343025926261873e-05
   1.9921875000000000e-01  -6.1583433608288596e-01  -6.1495329593713099e-01   8.8104014575496326e-04
   2.0703125000000000e-01  -1.2051974757508557e+00  -1.2042999613961305e+00   8.9751435472518182e-04
   2.1484375000000000e-01  -8.0365919048484336e-01  -8.0351169680686063e-01   1.4749367798272406e-04
   2.2265625000000000e-01   2.3700829239197607e-01   2.3630941175873724e-01   6.9888063323883531e-04
   2.3046875000000000e-01   1.0518184997590614e+00   1.0509145391365331e+00   9.0396062252828813e-04
   2.3828125000000000e-01   9.8620987282833950e-01   9.8589472717249516e-01   3.1514565584433996e-04
   2.4609375000000000e-01   1.2811957822331566e-01   1.2862984229192931e-01   5.1026406861365281e-04
   2.5390625000000000e-01  -7.9107824732960674e-01  -7.9024784246631941e-01   8.3040486328733731e-04
   2.6171875000000000e-01  -1.0256380056832717e+00  -1.0252412620877585e+00   3.9674359551322702e-04
   2.6953125000000000e-01  -4.2920868325675232e-01  -4.2956057253006996e-01   3.5188927331764042e-04
   2.7734375000000000e-01   4.6020211722572602e-01   4.5948769682743690e-01   7.1442039828911730e-04
   2.8515625000000000e-01   9.0853041339833274e-01   9.0813435927440678e-01   3.9605412392595962e-04
   2.9296875000000000e-01   6.0305273250933311e-01   6.0330498966983093e-01   2.5225716049781521e-04
   3.0078125000000000e-01  -1.2953175025076702e-01  -1.2893248235486857e-01   5.9926789589845320e-04
   3.0859375000000000e-01  -6.5735849637772381e-01  -6.5700938153623656e-01   3.4911484148725247e-04
   3.1640625000000000e-01  -5.9844972199854130e-01  -5.9865828861671766e-01   2.0856661817636457e-04
   3.2421875000000000e-01  -1.0237522804926646e-01  -1.0288840505252825e-01   5.1317700326178328e-04
   3.3203125000000000e-01   3.5358643011115654e-01   3.5329459766929217e-01   2.9183244186437030e-04
   3.3984375000000000e-01   4.2011516021242956e-01   4.2031761257271122e-01   2.0245236028165747e-04
   3.4765625000000000e-01   1.5139598581101332e-01   1.5186412660109486e-01   4.6814079008153375e-04
   3.5546875000000000e-01  -1.2225131098942585e-01  -1.2199343483716749e-01   2.5787615225836280e-04
   3.6328125000000000e-01  -1.5421430303117001e-01  -1.5441533788630149e-01   2.0103485513148223e-04
   3.7109375000000000e-01  -4.7397239151237003e-03  -5.1926349327831058e-03   4.5291101765940547e-04
   3.7890625000000000e-01   7.4158015017718321e-02   7.3895507607732364e-02   2.6250740998595701e-04
   3.8671875000000000e-01  -5.5473813581251252e-02  -5.5302276406660064e-02   1.7153717459118811e-04
   3.9453125000000000e-01  -2.5111657228597711e-01  -2.5067936078349023e-01   4.3721150248687835e-04
   4.0234375000000000e-01  -2.3847953047015780e-01  -2.3818435998569867e-01   2.9517048445912297e-04
   4.1015625000000000e-01   7.6820410720285448e-02   7.6715094048056653e-02   1.0531667222879459e-04
   4.1796875000000000e-01   4.5991438443897192e-01   4.5951860847164927e-01   3.9577596732265352e-04
   4.2578125000000000e-01   5.3234234527765611e-01   5.3201291404905315e-01   3.2943122860296103e-04
   4.3359375000000000e-01   1.3561813606515349e-01   1.3562560940392657e-01   7.4733387730729905e-06
   4.4140625000000000e-01  -4.7204532066520777e-01  -4.7173696846174401e-01   3.0835220346375758e-04
   4.4921875000000000e-01  -7.9271677550791875e-01  -7.9238793050369249e-01   3.2884500422625251e-04
   4.5703125000000000e-01  -5.0744309498032059e-01  -5.0735315545410453e-01   8.9939526216054055e-05
   4.6484375000000000e-01   2.2429759815901218e-01   2.2411628375127343e-01   1.8131440773874741e-04
   4.7265625000000000e-01   8.5558426145545730e-01   8.5531509384863236e-01   2.6916760682493823e-04
   4.8046875000000000e-01   8.7540764932485016e-01   8.7525978392945403e-01   1.4786539539612953e-04
   4.8828125000000000e-01   2.2408927715285376e-01   2.2413090810332945e-01   4.1630950475685102e-05
   4.9609375000000000e-01  -6.3731880795950868e-01  -6.3717317287278763e-01   1.4563508672105208e-04
   5.0390625000000000e-01  -1.0648992774187462e+00  -1.0647682653130741e+00   1.3101210567212362e-04
   5.1171875000000000e-01  -7.1842692717217893e-01  -7.1835807315306788e-01   6.8854019111053155e-05
   5.1953125000000000e-01   1.7359171632074394e-01   1.7361188038686762e-01   2.0164066123679047e-05
   5.2734375000000000e-01   9.6988281077935956e-01   9.6985986988941009e-01   2.2940889949474297e-05
   5.3515625000000000e-01   1.0802487937220051e+00   1.0801483443221644e+00   1.0044939984066303e-04
   5.4296875000000000e-01   4.0105076335462986e-01   4.0087000319517996e-01   1.8076015944989976e-04
   5.5078125000000000e-01  -5.9413283382444293e-01  -5.9429254656898167e-01   1.5971274453874251e-04
   5.5859375000000000e-01  -1.1825857765506549e+00  -1.1825549820456229e+00   3.0794505031961350e-05
   5.6640625000000000e-01  -9.1519622333215100e-01  -9.1490836684900911e-01   2.8785648314189061e-04
   5.7421875000000000e-01   3.9416482252953244e-02   3.9794284377628733e-02   3.7780212467548868e-04
   5.8203125000000000e-01   9.9245418742678249e-01   9.9259366094076085e-01   1.3947351397836094e-04
   5.8984375000000000e-01   1.2277453805557457e+00   1.2274439857336661e+00   3.0139482207958146e-04
   5.9765625000000000e-01   5.4333343663527200e-01   5.4275566836494404e-01   5.7776827032796074e-04
   6.0546875000000000e-01  -5.6904450758218172e-01  -5.6942564331608803e-01   3.8113573390630151e-04
   6.1328125000000000e-01  -1.2702286042915221e+00  -1.2700234903148031e+00   2.0511397671896248e-04
   6.2109375000000000e-01  -1.0099876706132125e+00  -1.0092779227021009e+00   7.0974791111155788e-04
   6.2890625000000000e-01   3.0757475971809334e-02   3.1404231766838736e-02   6.4675579502940228e-04
   6.3671875000000000e-01   1.0556461939449899e+00   1.0556352850010167e+00   1.0908943973264584e-05
   6.4453125000000000e-01   1.2639218818028546e+00   1.2631829990972037e+00   7.3888270565092284e-04
   6.5234375000000000e-01   4.8734319763475392e-01   4.8645711474929226e-01   8.8608288546165870e-04
   6.6015625000000000e-01  -6.6281992194419226e-01  -6.6307902606587599e-01   2.5910412168372865e-04
   6.6796875000000000e-01  -1.2755919254138874e+00  -1.2749444077602878e+00   6.4751765359960523e-04
   6.7578125000000000e-01  -8.7184782734967625e-01  -8.7079897546868568e-01   1.0488518809905756e-03
   6.8359375000000000e-01   2.0790870925700558e-01   2.0846431076860930e-01   5.5560151160372051e-04
   6.9140625000000000e-01   1.0841734513447805e+00   1.0837281693026537e+00   4.4528204212679334e-04
   6.9921875000000000e-01   1.0609801898348175e+00   1.0598788180061074e+00   1.1013718287100627e-03
   7.0703125000000000e-01   1.9179227000020749e-01   1.9096399910628403e-01   8.2827089392345510e-04
   7.1484375000000000e-01  -7.8182216844662544e-01  -7.8166104981369955e-01   1.6111863292589401e-04
   7.2265625000000000e-01  -1.0617935437038799e+00  -1.0607630574320219e+00   1.0304862718579777e-03
   7.3046875000000000e-01  -4.5743479097872342e-01  -4.5640089064566591e-01   1.0339003330575025e-03
   7.3828125000000000e-01   4.7838256117107081e-01   4.7854866764395410e-01   1.6610647288328728e-04
   7.4609375000000000e-01   9.4412450287059002e-01   9.4328380158406944e-01   8.4070128652058429e-04
   8.7890625000000000e-01  -5.8884109151911923e-01  -5.8798361526021103e-01   8.5747625890819634e-04
   8.8671875000000000e-01   6.8561436429306510e-02   6.9531806282400840e-02   9.7036985309432999e-04
   8.9453125000000000e-01   6.4825627751011961e-01   6.4857230407434929e-01   3.1602656422968778e-04
   9.0234375000000000e-01   7.3456831127519806e-01   7.3398961073091229e-01   5.7870054428577067e-04
   9.1015625000000000e-01   3.0737843820774230e-01   3.0637219420826628e-01   1.0062439994760197e-03
   9.1796875000000000e-01  -2.9675854220812209e-01  -2.9739737330738625e-01   6.3883109926415882e-04
   9.2578125000000000e-01  -6.6726279257302645e-01  -6.6704152359444124e-01   2.2126897858520955e-04
   9.3359375000000000e-01  -5.9601302040958548e-01  -5.9511806663216837e-01   8.9495377741710680e-04
   9.4140625000000000e-01  -1.6574955517279721e-01  -1.6488633925469753e-01   8.6321591809968012e-04
   9.4921875000000000e-01   3.4943596048800640e-01   3.4960226743128076e-01   1.6630694327435247e-04
   9.5703125000000000e-01   6.5515608283380933e-01   6.5450956136935612e-01   6.4652146445320913e-04
   9.6484375000000000e-01   5.7771831155760589e-01   5.7676787466916291e-01   9.5043688844298480e-04
   9.7265625000000000e-01   1.4179991448728269e-01   1.4127568281889674e-01   5.2423166838594382e-04
   9.8046875000000000e-01  -4.2328373222594140e-01  -4.2298653616598020e-01   2.9719605996120224e-04
   9.8828125000000000e-01  -7.7354339620157853e-01  -7.7265837024550954e-01   8.8502595606898549e-04
   9.9609375000000000e-01  -6.4144404562641122e-01  -6.4064738182279746e-01   7.9666380361376188e-04
   7.5390625000000000e-01   5.7814341693679538e-01   5.7700484460920098e-01   1.1385723275944004e-03
   7.6171875000000000e-01  -2.5336313652868536e-01  -2.5385188470155751e-01   4.8874817287214434e-04
   7.6953125000000000e-01  -8.0411513459635864e-01  -8.0356025504465534e-01   5.5487955170330228e-04
   7.7734375000000000e-01  -6.1021315404384024e-01  -6.0908590717479161e-01   1.1272468690486370e-03
   7.8515625000000000e-01   1.1828262337314228e-01   1.1905280555275286e-01   7.7018217961057067e-04
   7.9296875000000000e-01   7.0903457977183804e-01   7.0882975151448258e-01   2.0482825735546051e-04
   8.0078125000000000e-01   6.3687394552929288e-01   6.3587792055752967e-01   9.9602497176320970e-04
   8.0859375000000000e-01  -1.7173116211776640e-02  -1.8144296668792491e-02   9.7118045701585082e-04
   8.1640625000000000e-01  -6.5583019962990652e-01  -6.5599885895827870e-01   1.6865932837217823e-04
   8.2421875000000000e-01  -7.0716742193757731e-01  -7.0641275176940133e-01   7.5467016817598598e-04
   8.3203125000000000e-01  -1.2707650209067567e-01  -1.2601574846245420e-01   1.0607536282214725e-03
   8.3984375000000000e-01   5.7553099619446557e-01   5.7604865076214717e-01   5.1765456768160245e-04
   8.4765625000000000e-01   7.9419291409458315e-01   7.9376299923023952e-01   4.2991486434362791e-04
   8.5546875000000000e-01   3.4663606080595427e-01   3.4561197881485084e-01   1.0240819911034316e-03
   8.6328125000000000e-01  -3.8727357559840547e-01  -3.8807265371903066e-01   7.9907812062518513e-04
   8.7109375000000000e-01  -8.0612108668985327e-01  -8.0606434460032761e-01   5.6742089525663175e-05
