#                  Coord.                Numerical               Analytical                    Error
   3.9062500000000000e-03  -5.4823337794261962e-02  -5.5622839399263338e-02   7.9950160500137646e-04
   1.1718750000000000e-02  -1.0152401237738080e+00  -1.0153760491691228e+00   1.3592539531481762e-04
   1.9531250000000000e-02  -1.1938224855745097e+00  -1.1931405965259336e+00   6.8188904857602317e-04
   2.7343750000000000e-02  -4.8664637514742992e-01  -4.8569756580041201e-01   9.4880934701790931e-04
   3.5156250000000000e-02   5.4897359939430834e-01   5.4937604405540530e-01   4.0244466109695676e-04
   4.2968750000000000e-02   1.1401064030119035e+00   1.1395880740810826e+00   5.1832893082082165e-04
   5.0781250000000000e-02   8.7671743857492690e-01   8.7568784972412284e-01   1.0295888508040640e-03
   5.8593750000000000e-02  -8.7055214514989432e-03  -9.3749951654567079e-03   6.6947371395776473e-04
   6.6406250000000000e-02  -8.4349748350795606e-01  -8.4321547383378048e-01   2.8200967417557621e-04
   7.4218750000000000e-02  -1.0239938270698929e+00  -1.0229708662260546e+00   1.0229608438383497e-03
   8.2031250000000000e-02  -4.4992773038176465e-01  -4.4902213210354003e-01   9.0559827822461747e-04
   8.9843750000000000e-02   4.2323197618040354e-01   4.2323805823585325e-01   6.0820554497187373e-06
   9.7656250000000000e-02   9.3743962127983960e-01   9.3651604597013605e-01   9.2357530970355040e-04
   1.0546875000000000e-01   7.2461293811555283e-01   7.2352989390401656e-01   1.0830442115362660e-03
   1.1328125000000000e-01  -2.4425588024532763e-02  -2.4741941053725239e-02   3.1635302919247668e-04
   1.2109375000000000e-01  -7.1446144280792068e-01  -7.1372046103190689e-01   7.4098177601378268e-04
   1.2890625000000000e-01  -8.1014583056817446e-01  -8.0896093707263506e-01   1.1848934955394075e-03
   1.3671875000000000e-01  -2.5614159668130959e-01  -2.5552071213348754e-01   6.2088454782205371e-04
   1.4453125000000000e-01   4.7963153224044897e-01   4.7914254015960445e-01   4.8899208084451917e-04
   1.5234375000000000e-01   7.8576268578956121e-01   7.8456387104064984e-01   1.1988147489113699e-03
   1.6015625000000000e-01   4.1308702953000948e-01   4.1219851743887603e-01   8.8851209113344209e-04
   1.6796875000000000e-01  -3.1103074368022399e-01  -3.1083710127186498e-01   1.9364240835900715e-04
   1.7578125000000000e-01  -7.5318806493998236e-01  -7.5206295951450763e-01   1.1251054254747261e-03
   1.8359375000000000e-01  -5.1710276415497169e-01  -5.1600538855797851e-01   1.0973755969931887e-03
   1.9140625000000000e-01   2.0105740958955259e-01   2.0117812695685805e-01   1.2071736730545624e-04
   1.9921875000000000e-01   7.6587673972073600e-01   7.6490776321210396e-01   9.6897650863203566e-04
   2.0703125000000000e-01   6.5278322588642201e-01   6.5155585067503108e-01   1.2273752113909353e-03
   2.1484375000000000e-01  -7.5453869434523174e-02  -7.5878704464743721e-02   4.2483503022054669e-04
   2.2265625000000000e-01  -7.9504304760486200e-01  -7.9429764941668857e-01   7.4539818817342951e-04
   2.3046875000000000e-01  -8.5151401682103611e-01  -8.5024688513115465e-01   1.2671316898814622e-03
   2.3828125000000000e-01  -1.4448349215110695e-01  -1.4379326295844158e-01   6.9022919266537031e-04
   2.4609375000000000e-01   7.5213137422634224e-01   7.5165392461925851e-01   4.7744960708373529e-04
   2.5390625000000000e-01   1.0619789347832100e+00   1.0607631833684532e+00   1.2157514147568271e-03
   2.6171875000000000e-01   4.7759247044025621e-01   4.7669708139417238e-01   8.9538904608382763e-04
   2.6953125000000000e-01  -5.5110713342131645e-01  -5.5091828147553912e-01   1.8885194577733522e-04
   2.7734375000000000e-01  -1.1747168108895514e+00  -1.1736361298435420e+00   1.0806810460093352e-03
   2.8515625000000000e-01  -8.5548558705746514e-01  -8.5446625527491549e-01   1.0193317825496484e-03
   2.9296875000000000e-01   1.7193105517372759e-01   1.7201894613876439e-01   8.7890965036807600e-05
   3.0078125000000000e-01   1.0846474798098187e+00   1.0837668381131096e+00   8.8064169670909465e-04
   3.0859375000000000e-01   1.1471524296520061e+00   1.1460955557819423e+00   1.0568738700638125e-03
   3.1640625000000000e-01   3.1104940387209312e-01   3.1072376824782011e-01   3.2563562427301296e-04
   3.2421875000000000e-01  -7.5608497099975880e-01  -7.5544247151096666e-01   6.4249948879213648e-04
   3.3203125000000000e-01  -1.2217967294092960e+00  -1.2207856865655629e+00   1.0110428437331009e-03
   3.3984375000000000e-01  -7.5147207695415941e-01  -7.5097149605814051e-01   5.0058089601889844e-04
   3.4765625000000000e-01   2.5527639569480265e-01   2.5487714415225471e-01   3.9925154254794037e-04
   3.5546875000000000e-01   1.0173561960133823e+00   1.0164574304279592e+00   8.9876558542312246e-04
   3.6328125000000000e-01   9.9388845006581916e-01   9.9328766159143100e-01   6.0078847438815863e-04
   3.7109375000000000e-01   2.6787999452831496e-01   2.6806183705427661e-01   1.8184252596165074e-04
   3.7890625000000000e-01  -5.7907764295768072e-01  -5.7833317414700680e-01   7.4446881067391502e-04
   3.8671875000000000e-01  -9.4634616367054691e-01  -9.4571990088042945e-01   6.2626279011746000e-04
   3.9453125000000000e-01  -6.4203471516332966e-01  -6.4204883579464345e-01   1.4120631313785381e-05
   4.0234375000000000e-01   4.6328882974009965e-02   4.5750374209427430e-02   5.7850876458253458e-04
   4.1015625000000000e-01   6.2492188342916399e-01   6.2433392098863461e-01   5.8796244052938818e-04
   4.1796875000000000e-01   7.4973761781345505e-01   7.4964883576436780e-01   8.8782049087243742e-05
   4.2578125000000000e-01   4.0756542067587731e-01   4.0799586543860766e-01   4.3044476273035315e-04
   4.3359375000000000e-01  -1.4539660939486709e-01  -1.4488658876084204e-01   5.1002063402505460e-04
   4.4140625000000000e-01  -5.7567023422577224e-01  -5.7554465747475547e-01   1.2557675101676491e-04
   4.4921875000000000e-01  -6.5037022241448406e-01  -6.5069553445653638e-01   3.2531204205232811e-04
   4.5703125000000000e-01  -3.3320221163222030e-01  -3.3362376484975859e-01   4.2155321753828412e-04
   4.6484375000000000e-01   2.0184395325732818e-01   2.0173517737117294e-01   1.0877588615523792e-04
   4.7265625000000000e-01   6.3887187589759353e-01   6.3914805952114784e-01   2.7618362355430470e-04
   4.8046875000000000e-01   6.7898963879034113e-01   6.7934198928202527e-01   3.5235049168413912e-04
   4.8828125000000000e-01   2.4328890222634947e-01   2.4335245953879861e-01   6.3557312449141756e-05
   4.9609375000000000e-01  -4.1549936828952727e-01  -4.1578026726415096e-01   2.8089897462368896e-04
   5.0390625000000000e-01  -8.2984153714735076e-01  -8.3016538928273065e-01   3.2385213537988733e-04
   5.1171875000000000e-01  -6.4568177852265440e-01  -6.4569877853610325e-01   1.7000013448842388e-05
   5.1953125000000000e-01   6.4689072722227459e-02   6.5014813161189858e-02   3.2574043896239913e-04
   5.2734375000000000e-01   7.8886103946079711e-01   7.8920809474793496e-01   3.4705528713785405e-04
   5.3515625000000000e-01   9.3782207128162454e-01   9.3782244269308823e-01   3.7141146369545908e-07
   5.4296875000000000e-01   3.3395399303131068e-01   3.3356916834802075e-01   3.8482468328993047e-04
   5.5078125000000000e-01  -5.8903229022468362e-01  -5.8945140694082854e-01   4.1911671614491830e-04
   5.5859375000000000e-01  -1.0903284347793296e+00  -1.0903614756863922e+00   3.3040907062575897e-05
   5.6640625000000000e-01  -7.2295237960634195e-01  -7.2252242631098307e-01   4.2995329535888693e-04
   5.7421875000000000e-01   2.6341658690349790e-01   2.6394147097893522e-01   5.2488407543732629e-04
   5.8203125000000000e-01   1.0848734818546892e+00   1.0849975970316639e+00   1.2411517697463736e-04
   5.8984375000000000e-01   1.0521563383024350e+00   1.0517220630606428e+00   4.3427524179229238e-04
   5.9765625000000000e-01   1.5446929261201800e-01   1.5383108520363559e-01   6.3820740838241297e-04
   6.0546875000000000e-01  -9.0251808856522253e-01  -9.0278537361157829e-01   2.6728504635575856e-04
   6.1328125000000000e-01  -1.2588650824718537e+00  -1.2584861406916230e+00   3.7894178023067937e-04
   6.2109375000000000e-01  -6.0750114275916089e-01  -6.0677269796160604e-01   7.2844479755485025e-04
   6.2890625000000000e-01   5.4275784070990429e-01   5.4320031901872212e-01   4.4247830881782857e-04
   6.3671875000000000e-01   1.2734387054073477e+00   1.2731773508959900e+00   2.6135451135766985e-04
   6.4453125000000000e-01   1.0003050419079771e+00   9.9953555842053221e-01   7.6948348744487749e-04
   6.5234375000000000e-01  -5.6320625432784821e-02  -5.6940801801658288e-02   6.2017636887346655e-04
   6.6015625000000000e-01  -1.0563058750248395e+00  -1.0562199322782846e+00   8.5942746554934502e-05
   6.6796875000000000e-01  -1.2197013737102320e+00  -1.2189590060517426e+00   7.4236765848945119e-04
   6.7578125000000000e-01  -4.4298317655566333e-01  -4.4221488351025179e-01   7.6829304541153887e-04
   6.8359375000000000e-01   6.4091987068462886e-01   6.4104003269325227e-01   1.2016200862341453e-04
   6.9140625000000000e-01   1.1876027883166003e+00   1.1869568091307503e+00   6.4597918584996528e-04
   6.9921875000000000e-01   8.1011457941015741e-01   8.0925396075732836e-01   8.6061865282904826e-04
   7.0703125000000000e-01  -1.4520622175998413e-01  -1.4553184543944747e-01   3.2562367946334381e-04
   7.1484375000000000e-01  -9.1366233087479765e-01  -9.1316745127847943e-01   4.9487959631822065e-04
   7.2265625000000000e-01  -9.3441970733698643e-01  -9.3353550699991039e-01   8.8420033707603540e-04
   7.3046875000000000e-01  -2.6786397359855063e-01  -2.6736426529108953e-01   4.9970830746109973e-04
   7.3828125000000000e-01   5.0822345454049966e-01   5.0790874715403334e-01   3.1470738646632856e-04
   7.4609375000000000e-01   8.0054163120803823e-01   7.9970029255506836e-01   8.4133865296986965e-04
   8.7890625000000000e-01   7.0246983177184052e-01   7.0290290431672353e-01   4.3307254488300639e-04
   8.8671875000000000e-01   7.5841193310818611e-01   7.5827138313348708e-01   1.4054997469903352e-04
   8.9453125000000000e-01   1.5456318999856683e-01   1.5397309848075791e-01   5.9009151780892166e-04
   9.0234375000000000e-01  -6.7820815010463065e-01  -6.7873886266916916e-01   5.3071256453851579e-04
   9.1015625000000000e-01  -1.0430240949207470e+00  -1.0430329397906690e+00   8.8448699220311511e-06
   9.1796875000000000e-01  -5.7128887602293354e-01  -5.7075537797122411e-01   5.3349805170943565e-04
   9.2578125000000000e-01   4.1912760308977626e-01   4.1976070313495845e-01   6.3310004518218888e-04
   9.3359375000000000e-01   1.1418615637661960e+00   1.1420498382970250e+00   1.8827453082903567e-04
   9.4140625000000000e-01   9.8204720620406460e-01   9.8160653250320495e-01   4.4067370085965063e-04
   9.4921875000000000e-01   2.4242157034768619e-02   2.3519987051864647e-02   7.2216998290397169e-04
   9.5703125000000000e-01  -9.8901848639050394e-01  -9.8941114007479225e-01   3.9265368428831326e-04
   9.6484375000000000e-01  -1.2489257114585695e+00  -1.2486276734180548e+00   2.9803804051464766e-04
   9.7265625000000000e-01  -5.3683758255610203e-01  -5.3606419040367503e-01   7.7339215242699932e-04
   9.8046875000000000e-01   5.9607301329754436e-01   5.9667721702184617e-01   6.0420372430181057e-04
   9.8828125000000000e-01   1.2696461223046471e+00   1.2695429586678941e+00   1.0316363675300089e-04
   9.9609375000000000e-01   9.7094070640506158e-01   9.7017516934608639e-01   7.6553705897519642e-04
   7.5390625000000000e-01   4.6469788228715236e-01   4.6407704104654773e-01   6.2084124060463042e-04
   7.6171875000000000e-01  -1.3909608461844264e-01  -1.3895939523218556e-01   1.3668938625707727e-04
   7.6953125000000000e-01  -5.0393650104817000e-01  -5.0318736748377879e-01   7.4913356439121337e-04
   7.7734375000000000e-01  -4.0781867959265539e-01  -4.0713377160893199e-01   6.8490798372339290e-04
   7.8515625000000000e-01  -4.7268173523497381e-02  -4.7244960732773310e-02   2.3212790724071175e-05
   7.9296875000000000e-01   2.0737917045785684e-01   2.0674945527200725e-01   6.2971518584958863e-04
   8.0078125000000000e-01   1.7426183808953130e-01   1.7356090743678518e-01   7.0093065274612343e-04
   8.0859375000000000e-01  -4.8377375831891722e-03  -4.9899203660947675e-03   1.5218278290559523e-04
   8.1640625000000000e-01  -6.2453775971509223e-02  -6.1949515594422799e-02   5.0426037708642402e-04
   8.2421875000000000e-01   8.4834026288242215e-02   8.5520430624998325e-02   6.8640433675611068e-04
   8.3203125000000000e-01   2.3910984731158308e-01   2.3936436540371303e-01   2.5451809212995169e-04
   8.3984375000000000e-01   1.4087222928425963e-01   1.4048899486925640e-01   3.8323441500323630e-04
   8.4765625000000000e-01  -2.1767739244093975e-01  -2.1833609660169448e-01   6.5870416075472504e-04
   8.5546875000000000e-01  -5.2119533109193383e-01  -5.2153872081432973e-01   3.4338972239589260e-04
   8.6328125000000000e-01  -4.1029266935284958e-01  -4.1002756915221977e-01   2.6510020062980866e-04
   8.7109375000000000e-01   1.3657360069364100e-01   1.3720096785526167e-01   6.2736716162067885e-04
