#                  Coord.                Numerical               Analytical                    Error
   3.9062500000000000e-03  -4.5990368983367180e-01  -4.5823626049160315e-01   1.6674293420686492e-03
   1.1718750000000000e-02   2.3534953519713531e-01   2.3500962749652243e-01   3.3990770061287368e-04
   1.9531250000000000e-02   7.2187408132433806e-01   7.1986122740061387e-01   2.0128539237241894e-03
   2.7343750000000000e-02   5.7759258254901757e-01   5.7560436608684740e-01   1.9882164621701781e-03
   3.5156250000000000e-02  -7.7988536593284724e-02  -7.8320341923166309e-02   3.3180532988158484e-04
   4.2968750000000000e-02  -6.9439834375177356e-01  -6.9283891724432656e-01   1.5594265074470037e-03
   5.0781250000000000e-02  -7.5071487614984433e-01  -7.4858465934276996e-01   2.1302168070743699e-03
   5.8593750000000000e-02  -1.8087034309752770e-01  -1.7992918188486817e-01   9.4116121265952479e-04
   6.6406250000000000e-02   5.7296603236272758e-01   5.7196752010467145e-01   9.9851225805613897e-04
   7.4218750000000000e-02   9.0932592749192220e-01   9.0724486562982420e-01   2.0810618620979993e-03
   8.2031250000000000e-02   5.3918304492218838e-01   5.3775166782815820e-01   1.4313770940301840e-03
   8.9843750000000000e-02  -2.8197067888974225e-01  -2.8158464895377266e-01   3.8602993596958957e-04
   9.7656250000000000e-02  -9.3617773895846301e-01  -9.3432799965491764e-01   1.8497393035453724e-03
   1.0546875000000000e-01  -9.0524732580354372e-01  -9.0349083836770561e-01   1.7564874358381166e-03
   1.1328125000000000e-01  -1.7244239840621656e-01  -1.7222877303562847e-01   2.1362537058808306e-04
   1.2109375000000000e-01   7.3944756192008132e-01   7.3797956316219315e-01   1.4679987578881670e-03
   1.2890625000000000e-01   1.1389462222096340e+00   1.1370552535933616e+00   1.8909686162724704e-03
   1.3671875000000000e-01   6.8779187455918578e-01   6.8705312371412908e-01   7.3875084505670152e-04
   1.4453125000000000e-01  -3.1546520598170769e-01  -3.1447748906714390e-01   9.8771691456378541e-04
   1.5234375000000000e-01  -1.1266720340646725e+00  -1.1248375521991569e+00   1.8344818655156025e-03
   1.6015625000000000e-01  -1.1088336311660496e+00  -1.1077019396848076e+00   1.1316914812420364e-03
   1.6796875000000000e-01  -2.3807683217306644e-01  -2.3855431199053614e-01   4.7747981746970591e-04
   1.7578125000000000e-01   8.4332402446752885e-01   8.4170601677745482e-01   1.6180076900740303e-03
   1.8359375000000000e-01   1.3014741192877228e+00   1.3001078561420523e+00   1.3662631456705654e-03
   1.9140625000000000e-01   7.6425095601354465e-01   7.6425392180476703e-01   2.9657912223868266e-06
   1.9921875000000000e-01  -3.6610477922848939e-01  -3.6480865397858692e-01   1.2961252499024689e-03
   2.0703125000000000e-01  -1.2126721719618132e+00  -1.2112276176158592e+00   1.4445543459540300e-03
   2.1484375000000000e-01  -1.1156243791499074e+00  -1.1152392345964879e+00   3.8514455341953635e-04
   2.2265625000000000e-01  -1.6157567008418572e-01  -1.6250879490148654e-01   9.3312481730081775e-04
   2.3046875000000000e-01   8.8706970436572286e-01   8.8567313023742211e-01   1.3965741283007427e-03
   2.3828125000000000e-01   1.2106014748945051e+00   1.2099384090886445e+00   6.6306580586061870e-04
   2.4609375000000000e-01   5.8932441173377748e-01   5.8991025976820521e-01   5.8584803442773836e-04
   2.5390625000000000e-01  -4.4151821042652661e-01  -4.4024846918186111e-01   1.2697412446655010e-03
   2.6171875000000000e-01  -1.0550413896786661e+00  -1.0542021127778738e+00   8.3927690079232953e-04
   2.6953125000000000e-01  -8.1114957018218470e-01  -8.1143824671842046e-01   2.8867653623576572e-04
   2.7734375000000000e-01   1.9212673362255184e-02   1.8100354341806998e-02   1.1123190204481853e-03
   2.8515625000000000e-01   7.3127171483216435e-01   7.3033695665197274e-01   9.3475818019161938e-04
   2.9296875000000000e-01   7.9380605009270810e-01   7.9385898435084890e-01   5.2934258140791002e-05
   3.0078125000000000e-01   2.5574913022148182e-01   2.5670661018580704e-01   9.5747996432521409e-04
   3.0859375000000000e-01  -3.6826132802253508e-01  -3.6727523379091775e-01   9.8609423161732934e-04
   3.1640625000000000e-01  -5.8290071269297661e-01  -5.8276633023401325e-01   1.3438245896335577e-04
   3.2421875000000000e-01  -3.1466983537509630e-01  -3.1549025175026452e-01   8.2041637516822030e-04
   3.3203125000000000e-01   1.0239455618060135e-01   1.0137050420811620e-01   1.0240519724851460e-03
   3.3984375000000000e-01   2.9013420879526608e-01   2.8983358119387070e-01   3.0062760139537570e-04
   3.4765625000000000e-01   1.6845706509262270e-01   1.6915054724310372e-01   6.9348215048101181e-04
   3.5546875000000000e-01  -3.2563964163152243e-02  -3.1500151369881449e-02   1.0638127932707936e-03
   3.6328125000000000e-01  -5.9865854493702630e-02  -5.9392219631571916e-02   4.7363486213071460e-04
   3.7109375000000000e-01   8.8575840404858441e-02   8.8022300330962686e-02   5.5354007389575577e-04
   3.7890625000000000e-01   1.7843975701768333e-01   1.7733943152397791e-01   1.1003254937054230e-03
   3.8671875000000000e-01   1.5741726253518884e-02   1.5071232135494961e-02   6.7049411802392288e-04
   3.9453125000000000e-01  -3.0721047902020027e-01  -3.0683528685615497e-01   3.7519216404530153e-04
   4.0234375000000000e-01  -4.6199198649530682e-01  -4.6087636204811788e-01   1.1156244471889343e-03
   4.1015625000000000e-01  -2.0357471003886202e-01  -2.0268918102189457e-01   8.8552901696745123e-04
   4.1796875000000000e-01   3.4404127445409616e-01   3.4389956794207310e-01   1.4170651202305429e-04
   4.2578125000000000e-01   7.3197091081009280e-01   7.3089126544324257e-01   1.0796453668502348e-03
   4.3359375000000000e-01   5.6108193938677864e-01   5.5998464379877633e-01   1.0972955880023116e-03
   4.4140625000000000e-01  -1.3048875806806542e-01  -1.3063346911491797e-01   1.4471104685254144e-04
   4.4921875000000000e-01  -8.2989595130200366e-01  -8.2892526167417668e-01   9.7068962782698165e-04
   4.5703125000000000e-01  -9.3909541740463687e-01  -9.3782336371172303e-01   1.2720536929138326e-03
   4.6484375000000000e-01  -2.8857188157270247e-01  -2.8810929868037632e-01   4.6258289232614658e-04
   4.7265625000000000e-01   6.6659248659713244e-01   6.6581278824821821e-01   7.7969834891422618e-04
   4.8046875000000000e-01   1.1699353596082560e+00   1.1685628739258620e+00   1.3724856823940090e-03
   4.8828125000000000e-01   7.7310202616900581e-01   7.7233019440321693e-01   7.7183176578887736e-04
   4.9609375000000000e-01  -2.6566345569855265e-01  -2.6514498267902420e-01   5.1847301952845370e-04
   5.0390625000000000e-01  -1.1466848615637473e+00  -1.1453144287844932e+00   1.3704327792540827e-03
   5.1171875000000000e-01  -1.1553091919262011e+00  -1.1542839842125692e+00   1.0252077136319038e-03
   5.1953125000000000e-01  -2.5193479818277975e-01  -2.5215718170056145e-01   2.2238351778169907e-04
   5.2734375000000000e-01   8.6800740245852381e-01   8.6674509180791548e-01   1.2623106506083337e-03
   5.3515625000000000e-01   1.3167340983700266e+00   1.3155585809842578e+00   1.1755173857688206e-03
   5.4296875000000000e-01   7.3093513050838455e-01   7.3087775901414798e-01   5.7371494236568843e-05
   5.5078125000000000e-01  -4.2541916495287052e-01  -4.2434983516669372e-01   1.0693297861767981e-03
   5.5859375000000000e-01  -1.2308374248549643e+00  -1.2296342242131431e+00   1.2032006418212227e-03
   5.6640625000000000e-01  -1.0519592202797576e+00  -1.0516905720735570e+00   2.6864820620065011e-04
   5.7421875000000000e-01  -5.2520611134148631e-02  -5.3359846957926553e-02   8.3923582377792155e-04
   5.8203125000000000e-01   9.5222203196698874e-01   9.5110493810412444e-01   1.1170938628642935e-03
   5.8984375000000000e-01   1.1680962254556058e+00   1.1677221476459529e+00   3.7407780965281745e-04
   5.9765625000000000e-01   4.5930059073856822e-01   4.5993188566866627e-01   6.3129493009805859e-04
   6.0546875000000000e-01  -5.6994989898949122e-01  -5.6899365949293690e-01   9.5623949655432305e-04
   6.1328125000000000e-01  -1.0945197718407698e+00  -1.0941568013255725e+00   3.6297051519729173e-04
   6.2109375000000000e-01  -7.3718919953802131e-01  -7.3768929116864779e-01   5.0009163062647577e-04
   6.2890625000000000e-01   1.6303863737322580e-01   1.6225891832534667e-01   7.7971904787912938e-04
   6.3671875000000000e-01   8.7173073196402484e-01   8.7147429116500919e-01   2.5644079901565586e-04
   6.4453125000000000e-01   8.6495771045673131e-01   8.6543981632219968e-01   4.8210586546837408e-04
   6.5234375000000000e-01   2.1275784585975011e-01   2.1341545965000558e-01   6.5761379025547351e-04
   6.6015625000000000e-01  -5.3814457839026575e-01  -5.3804237528519894e-01   1.0220310506681152e-04
   6.6796875000000000e-01  -8.3081114153899605e-01  -8.3139450231799550e-01   5.8336077899945327e-04
   6.7578125000000000e-01  -5.0819650367719471e-01  -5.0884387643672579e-01   6.4737275953108409e-04
   6.8359375000000000e-01   1.3334482238488632e-01   1.3337231566262397e-01   2.7493277737655752e-05
   6.9140625000000000e-01   6.2334027417047233e-01   6.2411331633688460e-01   7.7304216641227441e-04
   6.9921875000000000e-01   6.6205939358553956e-01   6.6284189101527879e-01   7.8249742973923730e-04
   7.0703125000000000e-01   2.7832373417532685e-01   2.7826586500143208e-01   5.7869173894775638e-05
   7.1484375000000000e-01  -2.5290843816025455e-01  -2.5389509708654090e-01   9.8665892628635454e-04
   7.2265625000000000e-01  -6.1021385481367896e-01  -6.1126897044012984e-01   1.0551156264508865e-03
   7.3046875000000000e-01  -5.9609020432267623e-01  -5.9615702026314732e-01   6.6815940471087742e-05
   7.3828125000000000e-01  -2.1631130654672376e-01  -2.1516861107826166e-01   1.1426954684621016e-03
   7.4609375000000000e-01   3.2498991510434189e-01   3.2640542098750008e-01   1.4155058831581968e-03
   8.7890625000000000e-01   3.6101557029809483e-01   3.5988411880504595e-01   1.1314514930488850e-03
   8.8671875000000000e-01  -7.3675689272112632e-01  -7.3540527046329562e-01   1.3516222578306980e-03
   8.9453125000000000e-01  -1.2277876458685859e+00  -1.2251081696349890e+00   2.6794762335968780e-03
   9.0234375000000000e-01  -7.3498896403873815e-01  -7.3329032063265043e-01   1.6986434060877187e-03
   9.1015625000000000e-01   3.1485451530407416e-01   3.1411668609972870e-01   7.3782920434545263e-04
   9.1796875000000000e-01   1.0566390448998724e+00   1.0541177309044185e+00   2.5213139954538555e-03
   9.2578125000000000e-01   9.0956741038047506e-01   9.0743621674075714e-01   2.1311936397179210e-03
   9.3359375000000000e-01   4.4875395558676368e-02   4.4939852570122778e-02   6.4457011446410195e-05
   9.4140625000000000e-01  -7.8772920363085930e-01  -7.8556742348596298e-01   2.1617801448963192e-03
   9.4921875000000000e-01  -9.0915344307777357e-01  -9.0676633408421525e-01   2.3871089935583178e-03
   9.5703125000000000e-01  -2.7173478634816439e-01  -2.7113599763914176e-01   5.9878870902263515e-04
   9.6484375000000000e-01   5.3698789412240167e-01   5.3534485298507994e-01   1.6430411373217213e-03
   9.7265625000000000e-01   8.2465878375972090e-01   8.2220968837788788e-01   2.4490953818330219e-03
   9.8046875000000000e-01   3.8370682767111525e-01   3.8251481253568570e-01   1.1920151354295472e-03
   9.8828125000000000e-01  -3.6147793590294086e-01  -3.6046086237083974e-01   1.0170735321011204e-03
   9.9609375000000000e-01  -7.5022822766175790e-01  -7.4790920661258564e-01   2.3190210491722540e-03
   7.5390625000000000e-01   7.0792016150527837e-01   7.0828443878402769e-01   3.6427727874932536e-04
   7.6171875000000000e-01   6.5921797022810713e-01   6.5804993791996436e-01   1.1680323081427746e-03
   7.6953125000000000e-01   1.4387756736771667e-01   1.4209054101746274e-01   1.7870263502539341e-03
   7.7734375000000000e-01  -5.4567545223605973e-01  -5.4649011307092410e-01   8.1466083486436691e-04
   7.8515625000000000e-01  -9.2739443978960279e-01  -9.2638741659276336e-01   1.0070231968394294e-03
   7.9296875000000000e-01  -6.6418270230862531e-01  -6.6210521287712842e-01   2.0774894314968817e-03
   8.0078125000000000e-01   1.3420417659985950e-01   1.3555702241718176e-01   1.3528458173222568e-03
   8.0859375000000000e-01   9.1612671946062485e-01   9.1547688786402515e-01   6.4983159659970369e-04
   8.1640625000000000e-01   1.0666031314359747e+00   1.0643943308945216e+00   2.2088005414531153e-03
   8.2421875000000000e-01   4.0329444490382194e-01   4.0140249205308759e-01   1.8919528507343464e-03
   8.3203125000000000e-01  -6.1989348582426129e-01  -6.1976702342567846e-01   1.2646239858282726e-04
   8.3984375000000000e-01  -1.2186596430034631e+00  -1.2165290603424102e+00   2.1305826610529266e-03
   8.4765625000000000e-01  -8.9330282748321066e-01  -8.9096441057278764e-01   2.3384169104230246e-03
   8.5546875000000000e-01   1.4012774591842644e-01   1.4062400977591785e-01   4.9626385749140800e-04
   8.6328125000000000e-01   1.0845391416170747e+00   1.0827057198193870e+00   1.8334217976876399e-03
   8.7109375000000000e-01   1.1880839855673135e+00   1.1854688539609692e+00   2.6151316063443009e-03
