#                  Coord.                Numerical               Analytical                    Error
   3.9062500000000000e-03  -2.7005889974995578e-01  -2.6833375532881926e-01   1.7251444211365263e-03
   1.1718750000000000e-02   6.1124712179591412e-01   6.1111178334765370e-01   1.3533844826041364e-04
   1.9531250000000000e-02   1.0754600217698078e+00   1.0736071312643933e+00   1.8528905054144840e-03
   2.7343750000000000e-02   7.0538646003561656e-01   7.0341907868247944e-01   1.9673813531371209e-03
   3.5156250000000000e-02  -2.5124311478649997e-01  -2.5165780628610185e-01   4.1469149960188245e-04
   4.2968750000000000e-02  -1.0549343133243250e+00  -1.0534681721523678e+00   1.4661411719572026e-03
   5.0781250000000000e-02  -1.0620667136725297e+00  -1.0599737282245865e+00   2.0929854479432297e-03
   5.8593750000000000e-02  -2.4630781755271774e-01  -2.4534072262006520e-01   9.6709493265254021e-04
   6.6406250000000000e-02   7.7255527079476349e-01   7.7160797919642343e-01   9.4729159834006094e-04
   7.4218750000000000e-02   1.2130852487505333e+00   1.2110316965368073e+00   2.0535522137259399e-03
   8.2031250000000000e-02   7.3878747116289911e-01   7.3733356255820748e-01   1.4539086046916339e-03
   8.9843750000000000e-02  -2.8922327418378507e-01  -2.8889002420330634e-01   3.3324998047873367e-04
   9.7656250000000000e-02  -1.0971746761074994e+00  -1.0953507676198910e+00   1.8239084876083833e-03
   1.0546875000000000e-01  -1.0866386747153314e+00  -1.0848357256633552e+00   1.8029490519761993e-03
   1.1328125000000000e-01  -2.7482578684660097e-01  -2.7451654860568375e-01   3.0923824091722008e-04
   1.2109375000000000e-01   7.3162845381412633e-01   7.3021438106240411e-01   1.4140727517222285e-03
   1.2890625000000000e-01   1.1925817340949314e+00   1.1906237044877825e+00   1.9580296071488590e-03
   1.3671875000000000e-01   7.7601636635573279e-01   7.7511625243274085e-01   9.0011392299194082e-04
   1.4453125000000000e-01  -2.0587061769479809e-01  -2.0500183811675332e-01   8.6877957804476491e-04
   1.5234375000000000e-01  -1.0293035393737038e+00  -1.0274126011127618e+00   1.8909382609419989e-03
   1.6015625000000000e-01  -1.0889758226023079e+00  -1.0876230633776685e+00   1.3527592246393993e-03
   1.6796875000000000e-01  -3.4324927762346924e-01  -3.4351791137949855e-01   2.6863375602931283e-04
   1.7578125000000000e-01   6.5099121524717318e-01   6.4936964131191255e-01   1.6215739352606340e-03
   1.8359375000000000e-01   1.1483372495545323e+00   1.1467217242649070e+00   1.6155252896252748e-03
   1.9140625000000000e-01   7.7555539210832292e-01   7.7525477439890600e-01   3.0061770941691712e-04
   1.9921875000000000e-01  -1.7813336205462088e-01  -1.7692857923357019e-01   1.2047828210506872e-03
   2.0703125000000000e-01  -9.7542070944389536e-01  -9.7374868731746311e-01   1.6720221264322488e-03
   2.1484375000000000e-01  -1.0012251453110226e+00  -1.0004603707090922e+00   7.6477460193036251e-04
   2.2265625000000000e-01  -2.4922056161018785e-01  -2.4993784233387309e-01   7.1728072368523743e-04
   2.3046875000000000e-01   6.6964861439787260e-01   6.6810319989480282e-01   1.5454145030697752e-03
   2.3828125000000000e-01   1.0183234970503761e+00   1.0172457117192730e+00   1.0777853311030317e-03
   2.4609375000000000e-01   5.3390781403059551e-01   5.3414658927450820e-01   2.3877524391269223e-04
   2.5390625000000000e-01  -3.5895379674505845e-01  -3.5766317791940033e-01   1.2906188256581186e-03
   2.6171875000000000e-01  -9.0715271742280890e-01  -9.0591783293676154e-01   1.2348844860473607e-03
   2.6953125000000000e-01  -6.6498989933661612e-01  -6.6481768628659443e-01   1.7221305002168563e-04
   2.7734375000000000e-01   1.3192336321854836e-01   1.3095418215098284e-01   9.6918106756552214e-04
   2.8515625000000000e-01   7.7745739770698208e-01   7.7621056942831612e-01   1.2468282786659568e-03
   2.9296875000000000e-01   7.1129591726050889e-01   7.1081996501086386e-01   4.7595224964502858e-04
   3.0078125000000000e-01   6.5648246201986116e-03   7.2084387025869983e-03   6.4361408238838673e-04
   3.0859375000000000e-01  -6.9817453605949742e-01  -6.9701707911712885e-01   1.1574569423685732e-03
   3.1640625000000000e-01  -7.6514873181804965e-01  -7.6448381823153355e-01   6.6491358651610266e-04
   3.2421875000000000e-01  -1.2507323835709949e-01  -1.2543120465626789e-01   3.5796629916839962e-04
   3.3203125000000000e-01   6.5566281580820762e-01   6.5465490117933800e-01   1.0079146288696217e-03
   3.3984375000000000e-01   8.7181932501770509e-01   8.7107280379249308e-01   7.4652122521201569e-04
   3.4765625000000000e-01   3.0561903609134800e-01   3.0575940885946412e-01   1.4037276811612598e-04
   3.5546875000000000e-01  -5.6967181928851574e-01  -5.6883602463889649e-01   8.3579464961924810e-04
   3.6328125000000000e-01  -9.9245757639048826e-01  -9.9172026830267002e-01   7.3730808781824475e-04
   3.7109375000000000e-01  -5.7401547012478193e-01  -5.7402201672820541e-01   6.5466034234740178e-06
   3.7890625000000000e-01   3.5691287845362030e-01   3.5623896718856801e-01   6.7391126505228494e-04
   3.8671875000000000e-01   1.0260273763999206e+00   1.0253656669054252e+00   6.6170949449539940e-04
   3.9453125000000000e-01   8.6758963131712807e-01   8.6755158524886389e-01   3.8046068264185884e-05
   4.0234375000000000e-01   2.0715517386471483e-04   7.5779484917679757e-04   5.5063967531208274e-04
   4.1015625000000000e-01  -8.7586308876422703e-01  -8.7532315659603810e-01   5.3993216818892797e-04
   4.1796875000000000e-01  -1.0616196033946959e+00  -1.0616291465521241e+00   9.5431574282933695e-06
   4.2578125000000000e-01  -4.2434922967782007e-01  -4.2484600808896550e-01   4.9677841114542654e-04
   4.3359375000000000e-01   5.1823219655531461e-01   5.1781885332760980e-01   4.1334322770480991e-04
   4.4140625000000000e-01   1.0376611703456349e+00   1.0377956056557445e+00   1.3443531010959298e-04
   4.4921875000000000e-01   7.7128739837426896e-01   7.7182435661899829e-01   5.3695824472932419e-04
   4.5703125000000000e-01  -3.1420464464679942e-02  -3.1092083793713417e-02   3.2838067096652504e-04
   4.6484375000000000e-01  -7.5286600380665125e-01  -7.5317031897959408e-01   3.0431517294282617e-04
   4.7265625000000000e-01  -8.9817927419661170e-01  -8.9886146092624064e-01   6.8218672962894189e-04
   4.8046875000000000e-01  -4.3032800920211661e-01  -4.3066447274312658e-01   3.3646354100996811e-04
   4.8828125000000000e-01   2.7210089724367453e-01   2.7256408752875022e-01   4.6319028507568749e-04
   4.9609375000000000e-01   7.3445730450473623e-01   7.3537336705915746e-01   9.1606255442122642e-04
   5.0390625000000000e-01   7.0309770849664155e-01   7.0357502787236637e-01   4.7731937572481620e-04
   5.1171875000000000e-01   2.5288905067065287e-01   2.5234828907199058e-01   5.4076159866228712e-04
   5.1953125000000000e-01  -3.1937468216046871e-01  -3.2056463475861624e-01   1.1899525981475256e-03
   5.2734375000000000e-01  -6.8593957681817741e-01  -6.8670417904601455e-01   7.6460222783714116e-04
   5.3515625000000000e-01  -6.4599967720442120e-01  -6.4553056775568640e-01   4.6910944873479465e-04
   5.4296875000000000e-01  -2.1145212766676916e-01  -2.1002429265408282e-01   1.4278350126863404e-03
   5.5078125000000000e-01   3.8473039730829606e-01   3.8589882447995960e-01   1.1684271716635442e-03
   5.5859375000000000e-01   7.8034464855426766e-01   7.8013837358098226e-01   2.0627497328540301e-04
   5.6640625000000000e-01   6.8335690774345970e-01   6.8181150691497328e-01   1.5454008284864207e-03
   5.7421875000000000e-01   9.3450277967122242e-02   9.1828004810408342e-02   1.6222731567138993e-03
   5.8203125000000000e-01  -6.2717277117234183e-01  -6.2742031617547844e-01   2.4754500313661776e-04
   5.8984375000000000e-01  -9.5507185337018685e-01  -9.5359905550960666e-01   1.4727978605801884e-03
   5.9765625000000000e-01  -5.9143299047903763e-01  -5.8939943990774479e-01   2.0335505712928414e-03
   6.0546875000000000e-01   2.5665628241432775e-01   2.5750014664397641e-01   8.4386422964866092e-04
   6.1328125000000000e-01   9.6931401358749958e-01   9.6813785841499223e-01   1.1761551725073538e-03
   6.2109375000000000e-01   9.7012997620518715e-01   9.6782193185498810e-01   2.3080443501990455e-03
   6.2890625000000000e-01   2.0657046062924220e-01   2.0507466452931059e-01   1.4957960999316122e-03
   6.3671875000000000e-01  -7.5691644212744302e-01  -7.5624547467957137e-01   6.7096744787165097e-04
   6.4453125000000000e-01  -1.1558154444162154e+00  -1.1534389947026089e+00   2.3764497136065099e-03
   6.5234375000000000e-01  -6.4355054999906680e-01  -6.4144684529654938e-01   2.1037047025174171e-03
   6.6015625000000000e-01   3.9898509421926326e-01   3.9897421357938928e-01   1.0880639873978026e-05
   6.6796875000000000e-01   1.1435824312458698e+00   1.1413750267617735e+00   2.2074044840962870e-03
   6.7578125000000000e-01   9.7938587465036187e-01   9.7681448131446369e-01   2.5713933358981755e-03
   6.8359375000000000e-01   2.1497752901300397e-02   2.0783403898238993e-02   7.1434900306140484e-04
   6.9140625000000000e-01  -9.6570617407871906e-01  -9.6388736781423923e-01   1.8188062644798331e-03
   6.9921875000000000e-01  -1.1819132308263351e+00  -1.1790759381654814e+00   2.8372926608537519e-03
   7.0703125000000000e-01  -4.4409167726853543e-01  -4.4267863131592500e-01   1.4130459526104366e-03
   7.1484375000000000e-01   6.5787661105306960e-01   6.5661319417001140e-01   1.2634168830581993e-03
   7.2265625000000000e-01   1.2354834070150393e+00   1.2326055060332803e+00   2.8779009817589962e-03
   7.3046875000000000e-01   8.2125872345257034e-01   8.1925259647484838e-01   2.0061269777219559e-03
   7.3828125000000000e-01  -2.5248344097589953e-01  -2.5186856965460547e-01   6.1487132129406374e-04
   7.4609375000000000e-01  -1.1234577388728773e+00  -1.1207498859760396e+00   2.7078528968376148e-03
   8.7890625000000000e-01   4.3812665368553816e-01   4.3602639497635276e-01   2.1002587091853986e-03
   8.8671875000000000e-01   3.6164481652135766e-01   3.6166290237566073e-01   1.8085854303073745e-05
   8.9453125000000000e-01   4.3976832621132056e-02   4.6048859268434363e-02   2.0720266473023066e-03
   9.0234375000000000e-01  -1.5951092198843214e-01  -1.5729286679528945e-01   2.2180551931426928e-03
   9.1015625000000000e-01  -9.5675332682719216e-02  -9.5308477638505293e-02   3.6685504421392345e-04
   9.1796875000000000e-01   6.6304354870481641e-02   6.4528614086707431e-02   1.7757407837742101e-03
   9.2578125000000000e-01   6.0241328707405117e-02   5.7961931075156584e-02   2.2793976322485338e-03
   9.3359375000000000e-01  -1.5777528646778211e-01  -1.5850240005441266e-01   7.2711358663055115e-04
   9.4140625000000000e-01  -3.3772137546363196e-01  -3.3627305062132634e-01   1.4483248423056150e-03
   9.4921875000000000e-01  -1.9748860462297790e-01  -1.9519839474052733e-01   2.2902098824505723e-03
   9.5703125000000000e-01   2.4363531971664376e-01   2.4471106156909800e-01   1.0757418524542373e-03
   9.6484375000000000e-01   6.1414259927726589e-01   6.1306777475348684e-01   1.0748245237790499e-03
   9.7265625000000000e-01   5.1157778691141065e-01   5.0933730625011964e-01   2.2404806612910111e-03
   9.8046875000000000e-01  -8.8259582598201908e-02  -8.9674026979693761e-02   1.4144443814918528e-03
   9.8828125000000000e-01  -7.3570440969329010e-01  -7.3506550939124438e-01   6.3890030204571957e-04
   9.9609375000000000e-01  -8.5778269899308757e-01  -8.5567723326760303e-01   2.1054657254845344e-03
   7.5390625000000000e-01  -1.0965227054425239e+00  -1.0940808002569640e+00   2.4419051855599783e-03
   7.6171875000000000e-01  -2.0103589032641633e-01  -2.0098482876994339e-01   5.1061556472942193e-05
   7.6953125000000000e-01   8.4094990056570007e-01   8.3858084541720934e-01   2.3690551484907285e-03
   7.7734375000000000e-01   1.2031929260314449e+00   1.2004922815348709e+00   2.7006444965740339e-03
   7.8515625000000000e-01   6.1736125892162064e-01   6.1669123452743957e-01   6.7002439418106796e-04
   7.9296875000000000e-01  -4.2704653964955380e-01  -4.2512699984172353e-01   1.9195398078302728e-03
   8.0078125000000000e-01  -1.0962450539200661e+00  -1.0934565827895117e+00   2.7884711305543597e-03
   8.0859375000000000e-01  -8.8856530108544141e-01  -8.8736899807554093e-01   1.1963030099004790e-03
   8.1640625000000000e-01  -1.7782162977887150e-02  -1.9200839668488949e-02   1.4186766906017986e-03
   8.2421875000000000e-01   7.9631254785635530e-01   7.9357913608975073e-01   2.7334117666045765e-03
   8.3203125000000000e-01   9.3297757974144402e-01   9.3136922543762291e-01   1.6083543038211134e-03
   8.3984375000000000e-01   3.5658910324295073e-01   3.5750489962515691e-01   9.1579638220617987e-04
   8.4765625000000000e-01  -4.0724380404497323e-01  -4.0467147161766681e-01   2.5723324273064230e-03
   8.5546875000000000e-01  -7.4979317042420224e-01  -7.4788861127585249e-01   1.9045591483497493e-03
   8.6328125000000000e-01  -4.7840332535025060e-01  -4.7884805896553340e-01   4.4473361528279964e-04
   8.7109375000000000e-01   8.3097071330170524e-02   8.0753963608984319e-02   2.3431077211862050e-03
