#                  Coord.                Numerical               Analytical                    Error
   3.9062500000000000e-03   9.3893756844951759e-01   9.3898914191216543e-01   5.1573462647835910e-05
   1.1718750000000000e-02   1.0316753802965588e+00   1.0303746289656548e+00   1.3007513309040153e-03
   1.9531250000000000e-02   1.1218402196955330e+00   1.1215484630304844e+00   2.9175666504865916e-04
   2.7343750000000000e-02   1.2092007428331528e+00   1.2096168837060868e+00   4.1614087293395663e-04
   3.5156250000000000e-02   1.2930774535677687e+00   1.2918444590234726e+00   1.2329945442961510e-03
   4.2968750000000000e-02   1.3668711705443966e+00   1.3657712103713289e+00   1.0999601730676822e-03
   5.0781250000000000e-02   1.4288968565849012e+00   1.4293207699481094e+00   4.2391336320823925e-04
   5.8593750000000000e-02   1.4816678885513144e+00   1.4808920923196827e+00   7.7579623163170908e-04
   6.6406250000000000e-02   1.5211406392554245e+00   1.5194277251016841e+00   1.7129141537404191e-03
   7.4218750000000000e-02   1.5444534280319031e+00   1.5444529967434810e+00   4.3128842208695062e-07
   8.2031250000000000e-02   1.5562743620569353e+00   1.5560826071742579e+00   1.9175488267730856e-04
   8.9843750000000000e-02   1.5568787142646108e+00   1.5549937921741097e+00   1.8849220905010622e-03
   9.7656250000000000e-02   1.5430915460033467e+00   1.5423681612189257e+00   7.2338478442102172e-04
   1.0546875000000000e-01   1.5196120162940379e+00   1.5198071149366563e+00   1.9509864261846310e-04
   1.1328125000000000e-01   1.4908087242562569e+00   1.4892280665311652e+00   1.5806577250916387e-03
   1.2109375000000000e-01   1.4542132993886592e+00   1.4527502120454436e+00   1.4630873432155411e-03
   1.2890625000000000e-01   1.4124125267569367e+00   1.4125791115984518e+00   1.6658484151510500e-04
   1.3671875000000000e-01   1.3718948910128002e+00   1.3708987902113434e+00   9.9610080145673408e-04
   1.4453125000000000e-01   1.3317209430814276e+00   1.3297785253427019e+00   1.9424177387257213e-03
   1.5234375000000000e-01   1.2913773075445838e+00   1.2910991820632363e+00   2.7812548134753534e-04
   1.6015625000000000e-01   1.2569150433617093e+00   1.2565012179993302e+00   4.1382536237910550e-04
   1.6796875000000000e-01   1.2293756847982882e+00   1.2273537007172068e+00   2.0219840810813405e-03
   1.7578125000000000e-01   1.2057070093150239e+00   1.2047412536058815e+00   9.6575570914247955e-04
   1.8359375000000000e-01   1.1895560374818874e+00   1.1894641090769020e+00   9.1928404985397449e-05
   1.9140625000000000e-01   1.1837922168856534e+00   1.1820456288911778e+00   1.7465879944755791e-03
   1.9921875000000000e-01   1.1844053741180434e+00   1.1827418378618351e+00   1.6635362562082978e-03
   2.0703125000000000e-01   1.1916922871121760e+00   1.1915486418369101e+00   1.4364527526589121e-04
   2.1484375000000000e-01   1.2094751909876567e+00   1.2082042530453596e+00   1.2709379422970457e-03
   2.2265625000000000e-01   1.2343694984077165e+00   1.2321866033231150e+00   2.1828950846014550e-03
   2.3046875000000000e-01   1.2632662958914977e+00   1.2627078046322882e+00   5.5849125920959253e-04
   2.3828125000000000e-01   1.2994879241062292e+00   1.2987096295456886e+00   7.7829456054057111e-04
   2.4609375000000000e-01   1.3412636475669864e+00   1.3388652012657314e+00   2.3984463012549639e-03
   2.5390625000000000e-01   1.3828276222397702e+00   1.3815923797996505e+00   1.2352424401196327e-03
   2.6171875000000000e-01   1.4255418377707396e+00   1.4250836264011946e+00   4.5821136954504738e-04
   2.6953125000000000e-01   1.4696134531433351e+00   1.4673554961450286e+00   2.2579569983065539e-03
   2.7734375000000000e-01   1.5083023682696513e+00   1.5063185669466590e+00   1.9838013229922513e-03
   2.8515625000000000e-01   1.5402986244635370e+00   1.5398658933210032e+00   4.3273114253383760e-04
   2.9296875000000000e-01   1.5677856780166610e+00   1.5659753685212978e+00   1.8103094953632048e-03
   3.0078125000000000e-01   1.5853868202154007e+00   1.5828190862582323e+00   2.5677339571683611e-03
   3.0859375000000000e-01   1.5896355670251752e+00   1.5888712535868130e+00   7.6431343836214083e-04
   3.1640625000000000e-01   1.5842338668446525e+00   1.5830056529675627e+00   1.2282138770898232e-03
   3.2421875000000000e-01   1.5673436922115582e+00   1.5645741750363471e+00   2.7695171752111225e-03
   3.3203125000000000e-01   1.5348045033784661e+00   1.5334594811867772e+00   1.3450221916888605e-03
   3.3984375000000000e-01   1.4908510153068690e+00   1.4900972003477544e+00   7.5381495911464036e-04
   3.4765625000000000e-01   1.4379865191440924e+00   1.4354659009794064e+00   2.5206181646859616e-03
   3.5546875000000000e-01   1.3729727081708534e+00   1.3710460297786518e+00   1.9266783922016195e-03
   3.6328125000000000e-01   1.2993109554102222e+00   1.2987516919445186e+00   5.5926346570367436e-04
   3.7109375000000000e-01   1.2227983303782637e+00   1.2208412360427632e+00   1.9570943355005088e-03
   3.7890625000000000e-01   1.1420751918232728e+00   1.1398138710307784e+00   2.2613207924944145e-03
   3.8671875000000000e-01   1.0589496539367140e+00   1.0582998849175138e+00   6.4976901920021923e-04
   3.9453125000000000e-01   9.8029245507325713e-01   9.7895149335056464e-01   1.3409617226924908e-03
   4.0234375000000000e-01   9.0660538759579623e-01   9.0434008735842819e-01   2.2653002373680398e-03
   4.1015625000000000e-01   8.3771610441443067e-01   8.3686393188020725e-01   8.5217253422342765e-04
   4.1796875000000000e-01   7.7953841064747986e-01   7.7866849955543316e-01   8.6991109204670458e-04
   4.2578125000000000e-01   7.3365269727807703e-01   7.3157991555072077e-01   2.0727817273562543e-03
   4.3359375000000000e-01   6.9810683195755463e-01   6.9705069796890051e-01   1.0561339886541177e-03
   4.4140625000000000e-01   6.7670432084505250e-01   6.7611627642780581e-01   5.8804441724669143e-04
   4.4921875000000000e-01   6.7123507934027382e-01   6.6936071961689070e-01   1.8743597233831233e-03
   4.5703125000000000e-01   6.7817015434726868e-01   6.7689064596374704e-01   1.2795083835216436e-03
   4.6484375000000000e-01   6.9876320090881838e-01   6.9831727155342693e-01   4.4592935539145007e-04
   4.7265625000000000e-01   7.3449046828493858e-01   7.3274773269187210e-01   1.7427355930664801e-03
   4.8046875000000000e-01   7.8040960814557703e-01   7.7878793776624622e-01   1.6216703793308085e-03
   4.8828125000000000e-01   8.3499664886579539e-01   8.3455999299544370e-01   4.3665587035168762e-04
   4.9609375000000000e-01   8.9933740855625754e-01   8.9773749793004753e-01   1.5999106262100105e-03
   5.0390625000000000e-01   9.6769179585105403e-01   9.6560159181924277e-01   2.0902040318112602e-03
   5.1171875000000000e-01   1.0357592680935408e+00   1.0351195288549280e+00   6.3973923861282422e-04
   5.1953125000000000e-01   1.1043896650049609e+00   1.1030458567327084e+00   1.3438082722525557e-03
   5.2734375000000000e-01   1.1685456561420713e+00   1.1660441560433905e+00   2.5015000986807756e-03
   5.3515625000000000e-01   1.2218977055228282e+00   1.2208250276959784e+00   1.0726778268497217e-03
   5.4296875000000000e-01   1.2652793933678741e+00   1.2642938878861705e+00   9.8550548170361907e-04
   5.5078125000000000e-01   1.2962965246439759e+00   1.2937004345101795e+00   2.5960901337964692e-03
   5.5859375000000000e-01   1.3084197921947214e+00   1.3067806269468725e+00   1.6391652478489060e-03
   5.6640625000000000e-01   1.3025399030803482e+00   1.3018818313689087e+00   6.5807171143950072e-04
   5.7421875000000000e-01   1.2802752375338602e+00   1.2780624799685485e+00   2.2127575653116960e-03
   5.8203125000000000e-01   1.2372356722072504e+00   1.2351591168751161e+00   2.0765553321342445e-03
   5.8984375000000000e-01   1.1743316952248555e+00   1.1738158954648175e+00   5.1579976003801598e-04
   5.9765625000000000e-01   1.0969240133228366e+00   1.0954742129327866e+00   1.4498003900500489e-03
   6.0546875000000000e-01   1.0044277931014634e+00   1.0023229361448638e+00   2.1048569565995656e-03
   6.1328125000000000e-01   8.9778664911275996e-01   8.9721230165870502e-01   5.7434745405493537e-04
   6.2109375000000000e-01   7.8416847014691360e-01   7.8353681032112910e-01   6.3165982578450297e-04
   6.2890625000000000e-01   6.6673368036506930e-01   6.6509409587430079e-01   1.6395844907685087e-03
   6.3671875000000000e-01   5.4659842104483169e-01   5.4592772555502767e-01   6.7069548980402960e-04
   6.4453125000000000e-01   4.3025756485609651e-01   4.3016217722940181e-01   9.5387626694698469e-05
   6.5234375000000000e-01   3.2273880509926328e-01   3.2183790392945871e-01   9.0090116980456880e-04
   6.6015625000000000e-01   2.2532908114067682e-01   2.2475357876810803e-01   5.7550237256878689e-04
   6.6796875000000000e-01   1.4226107421645820e-01   1.4232148445410037e-01   6.0410237642166686e-05
   6.7578125000000000e-01   7.7738989298170691e-02   7.7440753933773698e-02   2.9823536439699261e-04
   6.8359375000000000e-01   3.2647593532647401e-02   3.2391944541270354e-02   2.5564899137704711e-04
   6.9140625000000000e-01   8.7541378884835493e-03   8.7553588065654043e-03   1.2209180818550242e-06
   6.9921875000000000e-01   7.4936462028283484e-03   7.3546774670187540e-03   1.3896873580959441e-04
   7.0703125000000000e-01   2.8145698000599677e-02   2.8226852269261464e-02   8.1154268661787210e-05
   7.1484375000000000e-01   7.0638389862329384e-02   7.0618772555425507e-02   1.9617306903876863e-05
   7.2265625000000000e-01   1.3342646438656292e-01   1.3301088501693428e-01   4.1557936962863251e-04
   7.3046875000000000e-01   2.1304147599970241e-01   2.1316760388313025e-01   1.2612788342783454e-04
   7.3828125000000000e-01   3.0811108334727039e-01   3.0821389328083293e-01   1.0280993356254209e-04
   7.4609375000000000e-01   4.1557156845119414e-01   4.1473675086601069e-01   8.3481758518344495e-04
   8.7890625000000000e-01   9.4075501477800749e-01   9.3953266763104315e-01   1.2223471469643421e-03
   8.8671875000000000e-01   8.5943850279316436e-01   8.5963877405359124e-01   2.0027126042687637e-04
   8.9453125000000000e-01   7.8131412471284434e-01   7.8156247299427384e-01   2.4834828142950016e-04
   9.0234375000000000e-01   7.0957692441978248e-01   7.0865394410576188e-01   9.2298031402060499e-04
   9.1015625000000000e-01   6.4420990699263447e-01   6.4395170987180783e-01   2.5819712082664203e-04
   9.1796875000000000e-01   5.8947039979852689e-01   5.9008736624770852e-01   6.1696644918163290e-04
   9.2578125000000000e-01   5.4950855296297652e-01   5.4921314017050937e-01   2.9541279246714236e-04
   9.3359375000000000e-01   5.2360655234812303e-01   5.2295167735325510e-01   6.5487499486793777e-04
   9.4140625000000000e-01   5.1196309467059842e-01   5.1236627246019739e-01   4.0317778959897410e-04
   9.4921875000000000e-01   5.1762078897115060e-01   5.1794914525275371e-01   3.2835628160310382e-04
   9.5703125000000000e-01   5.4034927735502203e-01   5.3962533611130004e-01   7.2394124372199276e-04
   9.6484375000000000e-01   5.7699578083410286e-01   5.7677024416441802e-01   2.2553666968483377e-04
   9.7265625000000000e-01   6.2763502487738299e-01   6.2823958634697474e-01   6.0456146959175783e-04
   9.8046875000000000e-01   6.9283717635734976e-01   6.9241139401216345e-01   4.2578234518630964e-04
   9.8828125000000000e-01   7.6814766482228014e-01   7.6724035265426660e-01   9.0731216801354098e-04
   9.9609375000000000e-01   8.4995601765624595e-01   8.5032512543124272e-01   3.6910777499676861e-04
   7.5390625000000000e-01   5.2918165310965803e-01   5.2890942903453375e-01   2.7222407512428326e-04
   7.6171875000000000e-01   6.4638043987153060e-01   6.4663510721406381e-01   2.5466734253321022e-04
   7.6953125000000000e-01   7.6474446399341522e-01   7.6370544413140751e-01   1.0390198620077173e-03
   7.7734375000000000e-01   8.7693297171292772e-01   8.7596811428366095e-01   9.6485742926677442e-04
   7.8515625000000000e-01   9.7925703592774438e-01   9.7949623006095587e-01   2.3919413321149552e-04
   7.9296875000000000e-01   1.0716000814128317e+00   1.0707516507176960e+00   8.4843069513573788e-04
   8.0078125000000000e-01   1.1483214169327267e+00   1.1467337543290226e+00   1.5876626037041319e-03
   8.0859375000000000e-01   1.2051682750640926e+00   1.2051054355606501e+00   6.2839503442546629e-05
   8.1640625000000000e-01   1.2446326796581637e+00   1.2442889651872249e+00   3.4371447093883845e-04
   8.2421875000000000e-01   1.2652950739097506e+00   1.2635259017973750e+00   1.7691721123755944e-03
   8.3203125000000000e-01   1.2634771077474756e+00   1.2628973893720945e+00   5.7971837538106641e-04
   8.3984375000000000e-01   1.2431250404304974e+00   1.2433037317593147e+00   1.7869132881731531e-04
   8.4765625000000000e-01   1.2077655828075935e+00   1.2064048681906774e+00   1.3607146169161144e-03
   8.5546875000000000e-01   1.1555883239781657e+00   1.1545260096895069e+00   1.0623142886587722e-03
   8.6328125000000000e-01   1.0901334923137320e+00   1.0905349625688301e+00   4.0147025509806866e-04
   8.7109375000000000e-01   1.0182454482042331e+00   1.0176993284747251e+00   5.4611972950802112e-04
