#                  Coord.                Numerical               Analytical                    Error
   3.9062500000000000e-03  -4.7022746768660362e-02  -4.6836530978545343e-02   1.8621579011501854e-04
   1.1718750000000000e-02   7.6498804973316936e-01   7.6499748132836798e-01   9.4315951986168045e-06
   1.9531250000000000e-02   9.4496082913034185e-01   9.4479135232511846e-01   1.6947680522338970e-04
   2.7343750000000000e-02   3.1882145830225889e-01   3.1862106891334868e-01   2.0038938891020486e-04
   3.5156250000000000e-02  -5.9398811811638830e-01  -5.9404802476540919e-01   5.9906649020891045e-05
   4.2968750000000000e-02  -1.0250012561651483e+00  -1.0248747357725585e+00   1.2652039258975734e-04
   5.0781250000000000e-02  -6.1426511471569534e-01  -6.1406478575749868e-01   2.0032895819666052e-04
   5.8593750000000000e-02   2.8902198568013876e-01   2.8912328874509219e-01   1.0130306495342856e-04
   6.6406250000000000e-02   9.3514956901839308e-01   9.3506981975210179e-01   7.9749266291284648e-05
   7.4218750000000000e-02   8.1297682092153123e-01   8.1278967008835878e-01   1.8715083317244474e-04
   8.2031250000000000e-02   6.3884147959492488e-02   6.3752795377352109e-02   1.3135258214037882e-04
   8.9843750000000000e-02  -6.7190765581507650e-01  -6.7187528403216223e-01   3.2371782914264458e-05
   9.7656250000000000e-02  -8.1717486320334853e-01  -8.1701390072993696e-01   1.6096247341157444e-04
   1.0546875000000000e-01  -3.2602496239234213e-01  -3.2587862849598376e-01   1.4633389635837490e-04
   1.1328125000000000e-01   3.3230759261067044e-01   3.3231827028031480e-01   1.0677669644354459e-05
   1.2109375000000000e-01   6.2029995136860894e-01   6.2017538983393661e-01   1.2456153467232944e-04
   1.2890625000000000e-01   3.8620590953952200e-01   3.8606089272166683e-01   1.4501681785517029e-04
   1.3671875000000000e-01  -6.8392990010573751e-02  -6.8436064515442513e-02   4.3074504868761965e-05
   1.4453125000000000e-01  -3.2342960799561971e-01  -3.2334687256499667e-01   8.2735430623037676e-05
   1.5234375000000000e-01  -2.3078158753725866e-01  -2.3065337374904712e-01   1.2821378821153973e-04
   1.6015625000000000e-01   3.5758288294415186e-03   3.6406543936086987e-03   6.4825564167180112e-05
   1.6796875000000000e-01   8.6976033866520641e-02   8.6934338181009069e-02   4.1695685511572433e-05
   1.7578125000000000e-01  -4.0289208095165882e-02  -4.0390552963715520e-02   1.0134486854963820e-04
   1.8359375000000000e-01  -1.6086615747922622e-01  -1.6093948436285885e-01   7.3326883632623963e-05
   1.9140625000000000e-01  -4.5096801121434216e-02  -4.5089920978192033e-02   6.8801432421827791e-06
   1.9921875000000000e-01   2.6209784204537090e-01   2.6216877785527859e-01   7.0935809907690661e-05
   2.0703125000000000e-01   4.4532426771354738e-01   4.4539735262587027e-01   7.3084912322884943e-05
   2.1484375000000000e-01   2.3212197526491796e-01   2.3214322525151351e-01   2.1249986595556214e-05
   2.2265625000000000e-01  -2.9046852906807824e-01  -2.9050967868797151e-01   4.1149619893265932e-05
   2.3046875000000000e-01  -6.9041128460682955e-01  -6.9047989803609122e-01   6.8613429261676906e-05
   2.3828125000000000e-01  -5.6173393234542257e-01  -5.6177821601990752e-01   4.4283674484946189e-05
   2.4609375000000000e-01   7.7112812650992124e-02   7.7126540251853393e-02   1.3727600861268563e-05
   2.5390625000000000e-01   7.4165019393052733e-01   7.4171397760559588e-01   6.3783675068540546e-05
   2.6171875000000000e-01   8.6825832291158822e-01   8.6832243314021507e-01   6.4110228626845789e-05
   2.6953125000000000e-01   3.0452285262784806e-01   3.0453446145504720e-01   1.1608827199138805e-05
   2.7734375000000000e-01  -5.3309345706093658e-01  -5.3315187133350417e-01   5.8414272567586245e-05
   2.8515625000000000e-01  -9.8621872985543657e-01  -9.8630415538808736e-01   8.5425532650784675e-05
   2.9296875000000000e-01  -6.9285768928817149e-01  -6.9289629888081816e-01   3.8609592646676738e-05
   3.0078125000000000e-01   1.1983647651533030e-01   1.1988817302889040e-01   5.1696513560101076e-05
   3.0859375000000000e-01   8.2787448454014079e-01   8.2798209566040482e-01   1.0761112026402841e-04
   3.1640625000000000e-01   9.1176020838017502e-01   9.1183200022587729e-01   7.1791845702273704e-05
   3.2421875000000000e-01   3.4562215373294364e-01   3.4558540578460417e-01   3.6747948339466152e-05
   3.3203125000000000e-01  -4.2366308405379172e-01  -4.2378947350846680e-01   1.2638945467507989e-04
   3.3984375000000000e-01  -8.4872692579552789e-01  -8.4883784115516792e-01   1.1091535964002919e-04
   3.4765625000000000e-01  -6.7938447885018394e-01  -6.7937515944277160e-01   9.3194074123337245e-06
   3.5546875000000000e-01  -8.9963115819099243e-02  -8.9827572671311515e-02   1.3554314778772836e-04
   3.6328125000000000e-01   5.0358940263738194e-01   5.0374199662809360e-01   1.5259399071165802e-04
   3.7109375000000000e-01   7.4399389315482678e-01   7.4402760426295456e-01   3.3711108127776335e-05
   3.7890625000000000e-01   5.2760270651224916e-01   5.2747527445455156e-01   1.2743205769760735e-04
   3.8671875000000000e-01   1.1716114089520613e-02   1.1527368202383946e-02   1.8874588713666679e-04
   3.9453125000000000e-01  -5.0438804826539652e-01  -5.0447684175829544e-01   8.8793492898919801e-05
   4.0234375000000000e-01  -7.3056827814134373e-01  -7.3047319675917832e-01   9.5081382165407291e-05
   4.1015625000000000e-01  -5.2008571852460128e-01  -5.1987918140810940e-01   2.0653711649187834e-04
   4.1796875000000000e-01   3.8915334818193460e-02   3.9060960761746748e-02   1.4562594355328751e-04
   4.2578125000000000e-01   6.2755011218758172e-01   6.2750824103566505e-01   4.1871151916672567e-05
   4.3359375000000000e-01   8.4982522634492075e-01   8.4962469479270553e-01   2.0053155221522179e-04
   4.4140625000000000e-01   4.9622546724614530e-01   4.9602985810116923e-01   1.9560914497607218e-04
   4.4921875000000000e-01  -2.5526526241820502e-01  -2.5529308274630197e-01   2.7820328096950231e-05
   4.5703125000000000e-01  -8.9615051484207175e-01  -8.9598450514032824e-01   1.6600970174351914e-04
   4.6484375000000000e-01  -9.2859115942106363e-01  -9.2836583942053486e-01   2.2532000052877255e-04
   4.7265625000000000e-01  -2.6434352116034071e-01  -2.6424324442934943e-01   1.0027673099127776e-04
   4.8046875000000000e-01   6.4927865145077479e-01   6.4917136729222114e-01   1.0728415855365547e-04
   4.8828125000000000e-01   1.1272602756317651e+00   1.1270331067675987e+00   2.2716886416640492e-04
   4.9609375000000000e-01   7.7256868233912801e-01   7.7240669360113967e-01   1.6198873798833890e-04
   5.0390625000000000e-01  -1.8558157836889855e-01  -1.8554696703821433e-01   3.4611330684219954e-05
   5.1171875000000000e-01  -1.0358952359332017e+00  -1.0356936014860816e+00   2.0163444712006928e-04
   5.1953125000000000e-01  -1.1234818001118509e+00  -1.1232789843624076e+00   2.0281574944336356e-04
   5.2734375000000000e-01  -3.6408215467209204e-01  -3.6404085279320247e-01   4.1301878889565824e-05
   5.3515625000000000e-01   6.7852762274235401e-01   6.7837947124565523e-01   1.4815149669877847e-04
   5.4296875000000000e-01   1.2196532806018570e+00   1.2194411975144972e+00   2.1208308735976011e-04
   5.5078125000000000e-01   8.5231030440379685e-01   8.5220571042883719e-01   1.0459397495965472e-04
   5.5859375000000000e-01  -1.4676656809872068e-01  -1.4668607001211825e-01   8.0498086602431851e-05
   5.6640625000000000e-01  -1.0322413467686635e+00  -1.0320493110957931e+00   1.9203567287040535e-04
   5.7421875000000000e-01  -1.1516120684814548e+00  -1.1514660375757080e+00   1.4603090574683009e-04
   5.8203125000000000e-01  -4.2500331315456941e-01  -4.2501413830056850e-01   1.0825145999093788e-05
   5.8984375000000000e-01   6.0679207743091990e-01   6.0664436181880455e-01   1.4771561211535111e-04
   5.9765625000000000e-01   1.1870058180847929e+00   1.1868461097855250e+00   1.5970829926792440e-04
   6.0546875000000000e-01   8.9529715582794100e-01   8.9524854802127685e-01   4.8607806664158204e-05
   6.1328125000000000e-01  -5.1040444455198813e-02  -5.0951855575218169e-02   8.8588879980644464e-05
   6.2109375000000000e-01  -9.5761442739349267e-01  -9.5746971316477936e-01   1.4471422871331630e-04
   6.2890625000000000e-01  -1.1573903776836811e+00  -1.1573035195418320e+00   8.6858141849166515e-05
   6.3671875000000000e-01  -4.9894777775318988e-01  -4.9897434571124505e-01   2.6567958055168095e-05
   6.4453125000000000e-01   5.3444129412637287e-01   5.3433485368571709e-01   1.0644044065577507e-04
   6.5234375000000000e-01   1.1715154788022266e+00   1.1714159948924008e+00   9.9483909825837102e-05
   6.6015625000000000e-01   9.2533659586095351e-01   9.2531071930519471e-01   2.5876555758808095e-05
   6.6796875000000000e-01  -2.9009695876391461e-02  -2.8956176367101270e-02   5.3519509290191752e-05
   6.7578125000000000e-01  -9.6842966232340266e-01  -9.6834482191449400e-01   8.4840408908659626e-05
   6.8359375000000000e-01  -1.1645047281122549e+00  -1.1644457171522733e+00   5.9010959981620204e-05
   6.9140625000000000e-01  -4.5263047819148183e-01  -4.5262846686231245e-01   2.0113291693824031e-06
   6.9921875000000000e-01   6.2085929674383289e-01   6.2081163743470169e-01   4.7659309131198313e-05
   7.0703125000000000e-01   1.2113972564850455e+00   1.2113305827712568e+00   6.6673713788656386e-05
   7.1484375000000000e-01   8.4237605095318735e-01   8.4232797547344906e-01   4.8075479738285409e-05
   7.2265625000000000e-01  -2.0319124824928037e-01  -2.0319380766435596e-01   2.5594150755980927e-06
   7.3046875000000000e-01  -1.0937063488537304e+00  -1.0936573368499147e+00   4.9012003815684935e-05
   7.3828125000000000e-01  -1.1102857255340313e+00  -1.1102095650031889e+00   7.6160530842361851e-05
   7.4609375000000000e-01  -2.3097701934902104e-01  -2.3092038299465556e-01   5.6636354365480202e-05
   8.7890625000000000e-01   8.2354653461199967e-02   8.2194957876003436e-02   1.5969558519653149e-04
   8.8671875000000000e-01  -7.9823765726686902e-01  -7.9819475196050149e-01   4.2905306367524432e-05
   8.9453125000000000e-01  -9.7554454854597283e-01  -9.7533108294594972e-01   2.1346560002311055e-04
   9.0234375000000000e-01  -3.3791107807609960e-01  -3.3770768704770920e-01   2.0339102839039835e-04
   9.1015625000000000e-01   5.4096631821939356e-01   5.4098172319803706e-01   1.5404978643496214e-05
   9.1796875000000000e-01   9.0632455242000376e-01   9.0613758515162812e-01   1.8696726837563737e-04
   9.2578125000000000e-01   4.6974222038657365e-01   4.6951370060812470e-01   2.2851977844895455e-04
   9.3359375000000000e-01  -3.5569695555976039e-01  -3.5576819221118966e-01   7.1236651429273934e-05
   9.4140625000000000e-01  -8.2998605976066586e-01  -8.2984016862149623e-01   1.4589113916962937e-04
   9.4921875000000000e-01  -5.3963626998171710e-01  -5.3940076461596831e-01   2.3550536574878933e-04
   9.5703125000000000e-01   2.4231329413019642e-01   2.4243327807781767e-01   1.1998394762124942e-04
   9.6484375000000000e-01   8.0404483276282956e-01   8.0394855358857176e-01   9.6279174257807298e-05
   9.7265625000000000e-01   6.3075501452471971e-01   6.3052846680648666e-01   2.2654771823304998e-04
   9.8046875000000000e-01  -1.3369512654198284e-01  -1.3385407680381001e-01   1.5895026182716210e-04
   9.8828125000000000e-01  -8.0916548616543293e-01  -8.0912311921482183e-01   4.2366950611105736e-05
   9.9609375000000000e-01  -7.8038893460845959e-01  -7.8018524385804444e-01   2.0369075041515305e-04
   7.5390625000000000e-01   8.4142068901801281e-01   8.4141277619338195e-01   7.9128246308624028e-06
   7.6171875000000000e-01   1.2412351869581926e+00   1.2411530011233867e+00   8.2185834805903468e-05
   7.6953125000000000e-01   6.4102461926077192e-01   6.4092008686030111e-01   1.0453240047081369e-04
   7.7734375000000000e-01  -4.7910846399997004e-01  -4.7915663019435661e-01   4.8166194386578542e-05
   7.8515625000000000e-01  -1.2170803000754769e+00  -1.2170204836863152e+00   5.9816389161637673e-05
   7.9296875000000000e-01  -9.7822312442859394e-01  -9.7808811907208393e-01   1.3500535651000956e-04
   8.0078125000000000e-01   4.3968495846766820e-02   4.4077091178420805e-02   1.0859533165398505e-04
   8.0859375000000000e-01   1.0260406050039781e+00   1.0260243484301381e+00   1.6256573839967814e-05
   8.1640625000000000e-01   1.1817343581942470e+00   1.1815911530845726e+00   1.4320510967436029e-04
   8.2421875000000000e-01   3.9535994450367062e-01   3.9519714872695322e-01   1.6279577671740597e-04
   8.3203125000000000e-01  -6.9132578676422274e-01  -6.9136714109447039e-01   4.1354330247656002e-05
   8.3984375000000000e-01  -1.2050521350429606e+00  -1.2049244289413845e+00   1.2770610157608608e-04
   8.4765625000000000e-01  -7.4838656860215813e-01  -7.4818533343071714e-01   2.0123517144099434e-04
   8.5546875000000000e-01   2.8732165009485117e-01   2.8742457095362273e-01   1.0292085877156021e-04
   8.6328125000000000e-01   1.0537623715970683e+00   1.0536709029900704e+00   9.1468606997935353e-05
   8.7109375000000000e-01   9.4422867809322475e-01   9.4400997366614148e-01   2.1870442708327165e-04
