#                  Coord.                Numerical               Analytical                    Error
   3.9062500000000000e-03   5.6929391675435626e-01   5.6728458733715414e-01   2.0093294172021103e-03
   1.1718750000000000e-02   4.6506833477956061e-01   4.6447150785111208e-01   5.9682692844853502e-04
   1.9531250000000000e-02   3.7734924198962233e-01   3.7691222012255765e-01   4.3702186706467971e-04
   2.7343750000000000e-02   3.0448133920861886e-01   3.0314080845475899e-01   1.3405307538598699e-03
   3.5156250000000000e-02   2.4216981883975705e-01   2.4164156343407589e-01   5.2825540568116058e-04
   4.2968750000000000e-02   1.9099867704481213e-01   1.9090702752753602e-01   9.1649517276110037e-05
   5.0781250000000000e-02   1.5028170000591592e-01   1.4948418241010747e-01   7.9751759580845571e-04
   5.8593750000000000e-02   1.1644707437267356e-01   1.1600898087787717e-01   4.3809349479638493e-04
   6.6406250000000000e-02   8.9189456819748492e-02   8.9230028017990570e-02   4.0571198242078665e-05
   7.4218750000000000e-02   6.8440712265132833e-02   6.8022641756751018e-02   4.1807050838181536e-04
   8.2031250000000000e-02   5.1727432561431898e-02   5.1394779587695436e-02   3.3265297373646224e-04
   8.9843750000000000e-02   3.8422269613031614e-02   3.8486425044506549e-02   6.4155431474935409e-05
   9.7656250000000000e-02   2.8750288449069170e-02   2.8564010851038608e-02   1.8627759803056115e-04
   1.0546875000000000e-01   2.1241327942888216e-02   2.1011345480563264e-02   2.2998246232495273e-04
   1.1328125000000000e-01   1.5271080388204966e-02   1.5318336204735061e-02   4.7255816530094794e-05
   1.2109375000000000e-01   1.1131844996821336e-02   1.1068592174724567e-02   6.3252822096768885e-05
   1.2890625000000000e-01   8.0720065951415641e-03   7.9267691778924579e-03   1.4523741724910624e-04
   1.3671875000000000e-01   5.6024275845975623e-03   5.6263018020521541e-03   2.3874217454591777e-05
   1.4453125000000000e-01   3.9665361170044353e-03   3.9579719619409776e-03   8.5641550634577013e-06
   1.5234375000000000e-01   2.8431405174405657e-03   2.7595932197761017e-03   8.3547297664464046e-05
   1.6015625000000000e-01   1.8993037235452146e-03   1.9069519110565484e-03   7.6481875113337903e-06
   1.6796875000000000e-01   1.2965447953331441e-03   1.3060392128021576e-03   9.4944174690134338e-06
   1.7578125000000000e-01   9.3050428154786821e-04   8.8653091730213492e-04   4.3973364245733287e-05
   1.8359375000000000e-01   5.9683119646722859e-04   5.9642018098905421e-04   4.1101547817437231e-07
   1.9140625000000000e-01   3.8626377486404979e-04   3.9767845253983991e-04   1.1414677675790114e-05
   1.9921875000000000e-01   2.8412415396834775e-04   2.6280649506757052e-04   2.1317658900777228e-05
   2.0703125000000000e-01   1.7507392148273900e-04   1.7213646675592591e-04   2.9374547268130912e-06
   2.1484375000000000e-01   1.0342313251955271e-04   1.1175349673385336e-04   8.3303642143006559e-06
   2.2265625000000000e-01   8.1543845676205226e-05   7.1917826831468889e-05   9.6260188447363376e-06
   2.3046875000000000e-01   4.8766900106478962e-05   4.5883829150471116e-05   2.8830709560078466e-06
   2.3828125000000000e-01   2.4132159551915705e-05   2.9028171102199196e-05   4.8960115502834909e-06
   2.4609375000000000e-01   2.2392079125550877e-05   1.8214796958887276e-05   4.1772821666636009e-06
   2.5390625000000000e-01   1.3449369299398714e-05   1.1338434016705651e-05   2.1109352826930630e-06
   2.6171875000000000e-01   4.5201290608731810e-06   7.0006024465382167e-06   2.4804733856650358e-06
   2.6953125000000000e-01   6.0971388632799805e-06   4.2824808553411160e-06   1.8146580079388644e-06
   2.7734375000000000e-01   3.9842560214185009e-06   2.5875095703285692e-06   1.3967464510899318e-06
   2.8515625000000000e-01   4.8645522625632553e-07   1.5334681288928697e-06   1.0470129026365443e-06
   2.9296875000000000e-01   1.7038337830474569e-06   8.7916077552070514e-07   8.2467300752675173e-07
   3.0078125000000000e-01   1.3714069743235310e-06   4.7501525428894281e-07   8.9639172003458821e-07
   3.0859375000000000e-01   2.1439242138950218e-08   2.3006463831874059e-07   2.0862539617979038e-07
   3.1640625000000000e-01   5.3332569901401171e-07   9.0134094389408166e-08   4.4319160462460356e-07
   3.2421875000000000e-01   4.6757116743211703e-07   2.3763663231797996e-08   4.4380750420031906e-07
   3.3203125000000000e-01   2.6590652896915465e-07   1.3610822346887406e-08   2.5229570662226724e-07
   3.3984375000000000e-01   6.2177059323423158e-07   5.1922804004300596e-08   5.6984778922993097e-07
   3.4765625000000000e-01   1.5329614150558828e-07   1.3926661012554933e-07   1.4029531380038954e-08
   3.5546875000000000e-01   3.7071241448883276e-07   2.8616421251238695e-07   8.4548201976445802e-08
   3.6328125000000000e-01   1.6702188706061444e-06   5.1770446097870625e-07   1.1525144096274380e-06
   3.7109375000000000e-01   1.1504953365182536e-06   8.8168807832906342e-07   2.6880725818919014e-07
   3.7890625000000000e-01   4.5058629694991105e-07   1.4614989760755037e-06   1.0109126791255926e-06
   3.8671875000000000e-01   3.4923157880729665e-06   2.3957733112488145e-06   1.0965424768241520e-06
   3.9453125000000000e-01   6.1253299155104507e-06   3.9081512869272171e-06   2.2171786285832335e-06
   4.0234375000000000e-01   4.6788427134618992e-06   6.3520530182104201e-06   1.6732103047485209e-06
   4.1015625000000000e-01   8.4946409466632726e-06   1.0277649714201100e-05   1.7830087675378276e-06
   4.1796875000000000e-01   2.1088342637928147e-05   1.6531167541497916e-05   4.5571750964302314e-06
   4.2578125000000000e-01   2.8415096385411874e-05   2.6400561588786302e-05   2.0145347966255715e-06
   4.3359375000000000e-01   3.4890776257232098e-05   4.1826661510764971e-05   6.9358852535328732e-06
   4.4140625000000000e-01   6.6808837345823797e-05   6.5705366591031316e-05   1.1034707547924807e-06
   4.4921875000000000e-01   1.1390170679148763e-04   1.0231459464500161e-04   1.1587112146486023e-05
   4.5703125000000000e-01   1.5222774257397752e-04   1.5790965830790772e-04   5.6819157339302014e-06
   4.6484375000000000e-01   2.2767075674523524e-04   2.4154263817970835e-04   1.3871881434473116e-05
   4.7265625000000000e-01   3.8257694039140248e-04   3.6617505338967571e-04   1.6401887001726769e-05
   4.8046875000000000e-01   5.6437042239200204e-04   5.5016834353526086e-04   1.4202078856741175e-05
   4.8828125000000000e-01   7.8847360187758308e-04   8.1925264975249933e-04   3.0779047874916255e-05
   4.9609375000000000e-01   1.2030190164353369e-03   1.2090899306078896e-03   6.0709141725527084e-06
   5.0390625000000000e-01   1.8153941902277597e-03   1.7685608082553207e-03   4.6833381972438953e-05
   5.1171875000000000e-01   2.5452269652355476e-03   2.5639132935897707e-03   1.8686328354223115e-05
   5.1953125000000000e-01   3.6183462500943317e-03   3.6839125684672261e-03   6.5566318372894429e-05
   5.2734375000000000e-01   5.2941918040481685e-03   5.2461205210565225e-03   4.8071282991645967e-05
   5.3515625000000000e-01   7.4516516713864665e-03   7.4044073883379651e-03   4.7244283048501409e-05
   5.4296875000000000e-01   1.0233336006939646e-02   1.0357751032266875e-02   1.2441502532722915e-04
   5.5078125000000000e-01   1.4314477110829046e-02   1.4360307515285498e-02   4.5830404456451146e-05
   5.5859375000000000e-01   1.9862774623839296e-02   1.9732635919506390e-02   1.3013870433290636e-04
   5.6640625000000000e-01   2.6773393444768100e-02   2.6873828334871109e-02   1.0043489010300860e-04
   5.7421875000000000e-01   3.6027575349066608e-02   3.6274132478770739e-02   2.4655712970413080e-04
   5.8203125000000000e-01   4.8632685113556451e-02   4.8527462619326125e-02   1.0522249423032537e-04
   5.8984375000000000e-01   6.4400074629058265e-02   6.4342981527666668e-02   5.7093101391597623e-05
   5.9765625000000000e-01   8.4115932670879856e-02   8.4554714175582413e-02   4.3878150470255672e-04
   6.0546875000000000e-01   1.0996550131670396e-01   1.1012794016403060e-01   1.6243884732664027e-04
   6.1328125000000000e-01   1.4242081839758525e-01   1.4216092888712453e-01   2.5988951046071462e-04
   6.2109375000000000e-01   1.8147751984853241e-01   1.8188045611829415e-01   4.0293626976173336e-04
   6.2890625000000000e-01   2.2998923664455773e-01   2.3062950283004324e-01   6.4026618548551628e-04
   6.3671875000000000e-01   2.9011567823211620e-01   2.8984561672567039e-01   2.7006150644581783e-04
   6.4453125000000000e-01   3.6104213506944405e-01   3.6102864168632642e-01   1.3493383117624269e-05
   6.5234375000000000e-01   4.4470200517645458e-01   4.4569691086354285e-01   9.9490568708826554e-04
   6.6015625000000000e-01   5.4523309067656067e-01   5.4533156559237073e-01   9.8474915810053965e-05
   6.6796875000000000e-01   6.6200091044629461e-01   6.6130939995689297e-01   6.9151048940163662e-04
   6.7578125000000000e-01   7.9410723714768539e-01   7.9482551696601789e-01   7.1827981833250121e-04
   6.8359375000000000e-01   9.4613166333361176e-01   9.4680807397291877e-01   6.7641063930701240e-04
   6.9140625000000000e-01   1.1190821072245145e+00   1.1178284290230147e+00   1.2536782014997971e-03
   6.9921875000000000e-01   1.3084810133677780e+00   1.3080109949248475e+00   4.7001844293048656e-04
   7.0703125000000000e-01   1.5160851827034383e+00   1.5169479692790542e+00   8.6278657561589256e-04
   7.1484375000000000e-01   1.7450291333283090e+00   1.7436247357332462e+00   1.4043975950628340e-03
   7.2265625000000000e-01   1.9886642127910397e+00   1.9863620268661266e+00   2.3021859249130472e-03
   7.3046875000000000e-01   2.2427628730593505e+00   2.2427808193923844e+00   1.7946333033869166e-05
   7.3828125000000000e-01   2.5110517312636715e+00   2.5097953398432096e+00   1.2563914204619664e-03
   7.4609375000000000e-01   2.7877256839166922e+00   2.7836384717258857e+00   4.0872121908064329e-03
   8.7890625000000000e-01   4.1375832189022512e+00   4.1305299131982434e+00   7.0533057040078617e-03
   8.8671875000000000e-01   3.9042813588757621e+00   3.9011722436893983e+00   3.1091151863638089e-03
   8.9453125000000000e-01   3.6562985857468484e+00   3.6518045533930428e+00   4.4940323538056326e-03
   9.0234375000000000e-01   3.3946215811594813e+00   3.3879966500536787e+00   6.6249311058026450e-03
   9.1015625000000000e-01   3.1185689434263337e+00   3.1153114042726782e+00   3.2575391536555642e-03
   9.1796875000000000e-01   2.8418422243956694e+00   2.8391151282979852e+00   2.7270960976841785e-03
   9.2578125000000000e-01   2.5697774584126778e+00   2.5644107515196501e+00   5.3667068930276507e-03
   9.3359375000000000e-01   2.2990637729355012e+00   2.2957004558245782e+00   3.3633171109230808e-03
   9.4140625000000000e-01   2.0384112624749435e+00   2.0368821304004254e+00   1.5291320745181025e-03
   9.4921875000000000e-01   1.7949284365560028e+00   1.7911816113532675e+00   3.7468252027352822e-03
   9.5703125000000000e-01   1.5643013982789857e+00   1.5611203758108991e+00   3.1810224680866028e-03
   9.6484375000000000e-01   1.3494336960007067e+00   1.3485163257871264e+00   9.1737021358029303e-04
   9.7265625000000000e-01   1.1567558232190653e+00   1.1545136479591116e+00   2.2421752599537381e-03
   9.8046875000000000e-01   9.8231755841398771e-01   9.7963654993249738e-01   2.6810084814903323e-03
   9.8828125000000000e-01   8.2453906215380846e-01   8.2386098218790227e-01   6.7807996590618647e-04
   9.9609375000000000e-01   6.8782075310835233e-01   6.8669824374421340e-01   1.1225093641389350e-03
   7.5390625000000000e-01   3.0619282586107328e+00   3.0599222944199749e+00   2.0059641907579362e-03
   7.6171875000000000e-01   3.3350298033946619e+00   3.3337345185747509e+00   1.2952848199110356e-03
   7.6953125000000000e-01   3.6049268364699514e+00   3.5997693275534264e+00   5.1575089165249999e-03
   7.7734375000000000e-01   3.8571487453851923e+00   3.8524887455906183e+00   4.6599997945739879e-03
   7.8515625000000000e-01   4.0882527630189713e+00   4.0863083155190791e+00   1.9444474998921990e-03
   7.9296875000000000e-01   4.3010648281051962e+00   4.2957987809992364e+00   5.2660471059597924e-03
   8.0078125000000000e-01   4.4828982778720379e+00   4.4758938232014529e+00   7.0044546705849697e-03
   8.0859375000000000e-01   4.6253911531911367e+00   4.6220928681218894e+00   3.2982850692473420e-03
   8.1640625000000000e-01   4.7352846366830059e+00   4.7306476821790540e+00   4.6369545039519622e-03
   8.2421875000000000e-01   4.8069197682961473e+00   4.7987219759323443e+00   8.1977923638030248e-03
   8.3203125000000000e-01   4.8295170469134225e+00   4.8245145346606106e+00   5.0025122528118970e-03
   8.3984375000000000e-01   4.8111343351848301e+00   4.8073384151969334e+00   3.7959199878967453e-03
   8.4765625000000000e-01   4.7555691709451953e+00   4.7476513483875218e+00   7.9178225576734818e-03
   8.5546875000000000e-01   4.6534724616872669e+00   4.6470354689654414e+00   6.4369927218255185e-03
   8.6328125000000000e-01   4.5113428732509764e+00   4.5081276258688430e+00   3.2152473821334127e-03
   8.7109375000000000e-01   4.3409585630376695e+00   4.3345045578198373e+00   6.4540052178321261e-03
