#                  Coord.                Numerical               Analytical                    Error
   3.9062500000000000e-03   2.0620912904665040e-01   2.0552395472247798e-01   6.8517432417242174e-04
   1.1718750000000000e-02  -6.0794131613704461e-01  -6.0762211334792904e-01   3.1920278911556910e-04
   1.9531250000000000e-02  -9.1537086737204365e-01  -9.1433177527733189e-01   1.0390920947117577e-03
   2.7343750000000000e-02  -4.2231016864909621e-01  -4.2144324119523813e-01   8.6692745385807957e-04
   3.5156250000000000e-02   4.7188886242015160e-01   4.7185379277908623e-01   3.5069641065366142e-05
   4.2968750000000000e-02   1.0093177084137512e+00   1.0084282693202564e+00   8.8943909349481487e-04
   5.0781250000000000e-02   7.1709488830277723e-01   7.1611615753412039e-01   9.7873076865684361e-04
   5.8593750000000000e-02  -1.8892803386491719e-01  -1.8917646696241427e-01   2.4843309749708609e-04
   6.6406250000000000e-02  -9.7794201815512638e-01  -9.7727297445755290e-01   6.6904369757347926e-04
   7.4218750000000000e-02  -1.0036298062713109e+00  -1.0026232099587427e+00   1.0065963125682753e-03
   8.2031250000000000e-02  -2.2965043238069255e-01  -2.2914618896866448e-01   5.0424341202806588e-04
   8.9843750000000000e-02   7.4316591330256010e-01   7.4276873842679436e-01   3.9717487576573784e-04
   9.7656250000000000e-02   1.1564952401236552e+00   1.1555491391293942e+00   9.4610099426106764e-04
   1.0546875000000000e-01   6.8760824648179586e-01   6.8690223518735805e-01   7.0601129443781385e-04
   1.1328125000000000e-01  -3.0834820744513064e-01  -3.0824553905990509e-01   1.0266838522554611e-04
   1.2109375000000000e-01  -1.0790557165738430e+00  -1.0782504688652930e+00   8.0524770855006089e-04
   1.2890625000000000e-01  -1.0470100877418991e+00  -1.0461761640978842e+00   8.3392364401491115e-04
   1.3671875000000000e-01  -2.3656987881516872e-01  -2.3638666594721458e-01   1.8321286795414116e-04
   1.4453125000000000e-01   7.5223352912343278e-01   7.5163126806729141e-01   6.0226105614136216e-04
   1.5234375000000000e-01   1.1900338696190904e+00   1.1891558138557696e+00   8.7805576332078417e-04
   1.6015625000000000e-01   7.5252743013209900e-01   7.5209856718220169e-01   4.2886294989730178e-04
   1.6796875000000000e-01  -2.4256515163105730e-01  -2.4219995625169799e-01   3.6519537935930657e-04
   1.7578125000000000e-01  -1.0649223974408275e+00  -1.0640795990438656e+00   8.4279839696188574e-04
   1.8359375000000000e-01  -1.1044625756769939e+00  -1.1038497009404149e+00   6.1287473657900549e-04
   1.9140625000000000e-01  -3.2445477016749441e-01  -3.2457943125258015e-01   1.2466108508574214e-04
   1.9921875000000000e-01   7.0072596579177837e-01   6.9998230828443953e-01   7.4365750733884628e-04
   2.0703125000000000e-01   1.2047923617357958e+00   1.2040677606048149e+00   7.2460113098093970e-04
   2.1484375000000000e-01   8.0575399623038912e-01   8.0566162830960208e-01   9.2367920787039814e-05
   2.2265625000000000e-01  -1.9581188100084923e-01  -1.9520877377415025e-01   6.0310722669898453e-04
   2.3046875000000000e-01  -1.0378795619852870e+00  -1.0371133803799317e+00   7.6618160535524282e-04
   2.3828125000000000e-01  -1.0819317778571746e+00  -1.0816642504100793e+00   2.6752744709535037e-04
   2.4609375000000000e-01  -3.0964320400327627e-01  -3.1008880015710460e-01   4.4559615382833151e-04
   2.5390625000000000e-01   6.6649809146166517e-01   6.6574745872205343e-01   7.5063273961173405e-04
   2.6171875000000000e-01   1.0932345845880505e+00   1.0928381196703103e+00   3.9646491774014692e-04
   2.6953125000000000e-01   6.7288507905011541e-01   6.7317481265303469e-01   2.8973360291928429e-04
   2.7734375000000000e-01  -2.1897400307640708e-01  -2.1827857921354826e-01   6.9542386285881275e-04
   2.8515625000000000e-01  -8.6478175148292324e-01  -8.6430383192153803e-01   4.7791956138520941e-04
   2.9296875000000000e-01  -7.9642992734596807e-01  -7.9657918532982874e-01   1.4925798386067335e-04
   3.0078125000000000e-01  -1.4821532924910247e-01  -1.4883486403159674e-01   6.1953478249426874e-04
   3.0859375000000000e-01   5.0780136682903443e-01   5.0727369855046067e-01   5.2766827857375631e-04
   3.1640625000000000e-01   6.7097163060896770e-01   6.7099699500872123e-01   2.5364399753535771e-05
   3.2421875000000000e-01   3.0913810705263362e-01   3.0967482878872316e-01   5.3672173608954044e-04
   3.3203125000000000e-01  -1.8401982779442178e-01  -1.8346064620929972e-01   5.5918158512205385e-04
   3.3984375000000000e-01  -3.8904372345674554e-01  -3.8895716396671820e-01   8.6559490027338093e-05
   3.4765625000000000e-01  -2.2627276195878393e-01  -2.2672539077157741e-01   4.5262881279348188e-04
   3.5546875000000000e-01   3.8384851980202001e-02   3.7801490167721927e-02   5.8336181248007379e-04
   3.6328125000000000e-01   1.1145464782118852e-01   1.1125826813016625e-01   1.9637969102227759e-04
   3.7109375000000000e-01  -2.5697838882841162e-02  -2.5334629538840615e-02   3.6320934400054655e-04
   3.7890625000000000e-01  -1.2999042207587519e-01  -1.2938820118357441e-01   6.0222089230077547e-04
   3.8671875000000000e-01   5.5749494555399348e-03   5.8867339479162445e-03   3.1178449237630971e-04
   3.9453125000000000e-01   2.9106700145388975e-01   2.9080623048915188e-01   2.6077096473786643e-04
   4.0234375000000000e-01   4.0080520918024076e-01   4.0019327999392279e-01   6.1192918631797211e-04
   4.1015625000000000e-01   1.1346906562644915e-01   1.1304014231510801e-01   4.2892331134114503e-04
   4.1796875000000000e-01  -4.0829961650935104e-01  -4.0815868566142649e-01   1.4093084792454746e-04
   4.2578125000000000e-01  -7.0405628143126930e-01  -7.0345376477841404e-01   6.0251665285526723e-04
   4.3359375000000000e-01  -4.2733188052240623e-01  -4.2678678138641174e-01   5.4509913599448678e-04
   4.4140625000000000e-01   2.8900401998006336e-01   2.8900541483952796e-01   1.3948594645984969e-06
   4.4921875000000000e-01   8.7856382304564073e-01   8.7800237822848493e-01   5.6144481715580952e-04
   4.5703125000000000e-01   8.0326232774069473e-01   8.0261633218808126e-01   6.4599555261346531e-04
   4.6484375000000000e-01   4.3938301175740602e-02   4.3777423747692293e-02   1.6087742804830885e-04
   4.7265625000000000e-01  -8.2644094088789999e-01  -8.2596103726221082e-01   4.7990362568917089e-04
   4.8046875000000000e-01  -1.0875036795502067e+00  -1.0867893719684278e+00   7.1430758177881692e-04
   4.8828125000000000e-01  -4.7859690397032212e-01  -4.7827177057495851e-01   3.2513339536360819e-04
   4.9609375000000000e-01   5.5019874842342786e-01   5.4984279109507284e-01   3.5595732835502769e-04
   5.0390625000000000e-01   1.1775328569081007e+00   1.1767979796738999e+00   7.3487723420084805e-04
   5.1171875000000000e-01   8.7797101090541163e-01   8.7749241811962964e-01   4.7859278578199493e-04
   5.1953125000000000e-01  -1.3304277787715593e-01  -1.3284649921223138e-01   1.9627866492455404e-04
   5.2734375000000000e-01  -1.0547309663623858e+00  -1.0540327453378200e+00   6.9822102456584823e-04
   5.3515625000000000e-01  -1.1426138377097912e+00  -1.1420206188271556e+00   5.9321888263563771e-04
   5.4296875000000000e-01  -3.1630879834587500e-01  -3.1633268586271862e-01   2.3887516843623668e-05
   5.5078125000000000e-01   7.6621992071839573e-01   7.6561132251622577e-01   6.0859820216996319e-04
   5.5859375000000000e-01   1.2353012073266505e+00   1.2346439673378384e+00   6.5723998881206391e-04
   5.6640625000000000e-01   7.1272744510947639e-01   7.1258870066837587e-01   1.3874444110051343e-04
   5.7421875000000000e-01  -3.8033443845323356e-01  -3.7985403953572544e-01   4.8039891750811803e-04
   5.8203125000000000e-01  -1.1631254468203518e+00  -1.1624623824968792e+00   6.6306432347262856e-04
   5.8984375000000000e-01  -1.0078199402460357e+00  -1.0075534997855085e+00   2.6644046052726189e-04
   5.9765625000000000e-01  -4.5516124935309543e-02  -4.5854053027896288e-02   3.3792809258674505e-04
   6.0546875000000000e-01   9.4488904743580648e-01   9.4427360500280111e-01   6.1544243300537538e-04
   6.1328125000000000e-01   1.1708725166468987e+00   1.1705320347614607e+00   3.4048188543800428e-04
   6.2109375000000000e-01   4.6364667484111621e-01   4.6385744157213266e-01   2.1076673101644294e-04
   6.2890625000000000e-01  -5.9811817541828816e-01  -5.9758319971561114e-01   5.3497570267702077e-04
   6.3671875000000000e-01  -1.1683552623167266e+00  -1.1679939640557606e+00   3.6129826096598094e-04
   6.4453125000000000e-01  -8.1436856127748403e-01  -8.1448822861566339e-01   1.1966733817936337e-04
   6.5234375000000000e-01   1.5626675542422686e-01   1.5582137028196857e-01   4.4538514225828107e-04
   6.6015625000000000e-01   9.7040980547498312e-01   9.7008017093504073e-01   3.2963453994239167e-04
   6.6796875000000000e-01   1.0164582154301187e+00   1.0165425524330114e+00   8.4337002892675983e-05
   6.7578125000000000e-01   3.0550274810327771e-01   3.0588019650456477e-01   3.7744840128706159e-04
   6.8359375000000000e-01  -5.8414385295050875e-01  -5.8387119371343343e-01   2.7265923707531226e-04
   6.9140625000000000e-01  -9.9141017811768783e-01  -9.9151358028908720e-01   1.0340217139936936e-04
   6.9921875000000000e-01  -6.6934769059489341e-01  -6.6970264473327923e-01   3.5495413838582124e-04
   7.0703125000000000e-01   8.4532017824304695e-02   8.4311275983857667e-02   2.2074184044702794e-04
   7.1484375000000000e-01   7.1118985486847275e-01   7.1135147587932002e-01   1.6162101084726821e-04
   7.2265625000000000e-01   8.1300707885735579e-01   8.1339589073365293e-01   3.8881187629713487e-04
   7.3046875000000000e-01   3.8956973967434710e-01   3.8977298585271636e-01   2.0324617836925407e-04
   7.3828125000000000e-01  -2.3518095146553863e-01  -2.3541246635559296e-01   2.3151489005432402e-04
   7.4609375000000000e-01  -6.6923429749360097e-01  -6.6970840553758604e-01   4.7410804398506645e-04
   8.7890625000000000e-01  -6.6521580327773833e-02  -6.6121293209553483e-02   4.0028711822034935e-04
   8.8671875000000000e-01   8.1814617748079443e-01   8.1759652282003592e-01   5.4965466075851399e-04
   8.9453125000000000e-01   1.0407014717485183e+00   1.0396573081922762e+00   1.0441635562421503e-03
   9.0234375000000000e-01   4.2560902226545672e-01   4.2497195053780212e-01   6.3707172765459230e-04
   9.1015625000000000e-01  -5.1149450010598241e-01  -5.1115743724176921e-01   3.3706286421320009e-04
   9.1796875000000000e-01  -9.9297888900845677e-01  -9.9194247149838077e-01   1.0364175100759931e-03
   9.2578125000000000e-01  -6.3473488067671446e-01  -6.3388890584246471e-01   8.4597483424975195e-04
   9.3359375000000000e-01   2.3270739325539552e-01   2.3262424774967547e-01   8.3145505720055857e-05
   9.4140625000000000e-01   8.5594959677270888e-01   8.5499856472097369e-01   9.5103205173519001e-04
   9.4921875000000000e-01   7.1168847023794624e-01   7.1068463768900092e-01   1.0038325489453159e-03
   9.5703125000000000e-01  -4.6175179912498199e-02  -4.6363140569979998e-02   1.8796065748179908e-04
   9.6484375000000000e-01  -7.3288713693101204e-01  -7.3209294254371227e-01   7.9419438729977365e-04
   9.7265625000000000e-01  -7.4074116097629328e-01  -7.3964636121865879e-01   1.0947997576344903e-03
   9.8046875000000000e-01  -7.2927728190102958e-02  -7.2475630859719878e-02   4.5209733038308053e-04
   9.8828125000000000e-01   6.6470245718754006e-01   6.6412474932681798e-01   5.7770786072208757e-04
   9.9609375000000000e-01   8.0353575900503127e-01   8.0242767979994345e-01   1.1080792050878197e-03
   7.5390625000000000e-01  -6.8262860981471984e-01  -6.8287181740320257e-01   2.4320758848273005e-04
   7.6171875000000000e-01  -2.9454037368999414e-01  -2.9426391184508277e-01   2.7646184491136871e-04
   7.6953125000000000e-01   2.6937841258162487e-01   2.6996394281426195e-01   5.8553023263707704e-04
   7.7734375000000000e-01   6.8999588763218866e-01   6.9034109009958133e-01   3.4520246739266902e-04
   7.8515625000000000e-01   7.0380688696712901e-01   7.0353823082230138e-01   2.6865614482762812e-04
   7.9296875000000000e-01   2.5797434154546217e-01   2.5728118054883192e-01   6.9316099663024877e-04
   8.0078125000000000e-01  -4.0831406395291292e-01  -4.0881157590116590e-01   4.9751194825298217e-04
   8.0859375000000000e-01  -8.5840531325412150e-01  -8.5821465460667612e-01   1.9065864744538530e-04
   8.1640625000000000e-01  -7.3600970236871088e-01  -7.3524667857893677e-01   7.6302378977410878e-04
   8.2421875000000000e-01  -5.9292156878591240e-02  -5.8617118385697470e-02   6.7503849289377027e-04
   8.3203125000000000e-01   7.2099677523185290e-01   7.2095575718787663e-01   4.1018043976270846e-05
   8.3984375000000000e-01   1.0131696612986691e+00   1.0124012244672789e+00   7.6843683139027341e-04
   8.4765625000000000e-01   5.4726083973090744e-01   5.4641584198035742e-01   8.4499775055002502e-04
   8.5546875000000000e-01  -3.6434066527957076e-01  -3.6450523044057465e-01   1.6456516100388230e-04
   8.6328125000000000e-01  -1.0256423980109319e+00  -1.0249458196072361e+00   6.9657840369585777e-04
   8.7109375000000000e-01  -9.0045068058432642e-01  -8.9947454795327197e-01   9.7613263105444936e-04
