#                  Coord.                Numerical               Analytical                    Error
   3.9062500000000000e-03   9.4639636156292492e-02   9.4645244711877116e-02   5.6085555846241419e-06
   1.1718750000000000e-02   9.8298945592455111e-02   9.8305922619675190e-02   6.9770272200786465e-06
   1.9531250000000000e-02   1.0351456123667972e-01   1.0350450004627659e-01   1.0061190403129472e-05
   2.7343750000000000e-02   1.1110450379769979e-01   1.1109890073244995e-01   5.6030652498401112e-06
   3.5156250000000000e-02   1.2179378733977857e-01   1.2180450469728904e-01   1.0717357510472980e-05
   4.2968750000000000e-02   1.3613438348180021e-01   1.3613425528076323e-01   1.2820103698074625e-07
   5.0781250000000000e-02   1.5438090811968230e-01   1.5436679660155500e-01   1.4111518127302158e-05
   5.8593750000000000e-02   1.7654022817481566e-01   1.7654449250479071e-01   4.2643299750511066e-06
   6.6406250000000000e-02   2.0248582303370288e-01   2.0249927164822276e-01   1.3448614519878666e-05
   7.4218750000000000e-02   2.3191141745295227e-01   2.3190087716245314e-01   1.0540290499128080e-05
   8.2031250000000000e-02   2.6432937004823309e-01   2.6431968693755475e-01   9.6831106783379362e-06
   8.9843750000000000e-02   2.9927614020253956e-01   2.9929506404586803e-01   1.8923843328466639e-05
   9.7656250000000000e-02   3.3639449987091813e-01   3.3640026256665911e-01   5.7626957409850910e-06
   1.0546875000000000e-01   3.7531557930008069e-01   3.7529613796104033e-01   1.9441339040360273e-05
   1.1328125000000000e-01   4.1575971013874807e-01   4.1576802921960060e-01   8.3190808525257509e-06
   1.2109375000000000e-01   4.5771879753219502e-01   4.5774282869049260e-01   2.4031158297577182e-05
   1.2890625000000000e-01   5.0130035978214982e-01   5.0128603184430476e-01   1.4327937845060035e-05
   1.3671875000000000e-01   5.4659415783003062e-01   5.4658108147849749e-01   1.3076351533136688e-05
   1.4453125000000000e-01   5.9386722116943280e-01   5.9389528020500681e-01   2.8059035574012903e-05
   1.5234375000000000e-01   6.4353238055250406e-01   6.4353774179292211e-01   5.3612404180558570e-06
   1.6015625000000000e-01   6.9584491127224435e-01   6.9581521211204889e-01   2.9699160195462149e-05
   1.6796875000000000e-01   7.5098044638802897e-01   7.5099116259132659e-01   1.0716203297622684e-05
   1.7578125000000000e-01   8.0922662358205399e-01   8.0925249370177188e-01   2.5870119717885665e-05
   1.8359375000000000e-01   8.7071529254112012e-01   8.7068670234124945e-01   2.8590199870670574e-05
   1.9140625000000000e-01   9.3529002772617331e-01   9.3527071434655806e-01   1.9313379615248927e-05
   1.9921875000000000e-01   1.0028404130714297e+00   1.0028710021290186e+00   3.0589057588903401e-05
   2.0703125000000000e-01   1.0732618191443841e+00   1.0732532967445976e+00   8.5223997865480072e-06
   2.1484375000000000e-01   1.1461429720563827e+00   1.1460992989375236e+00   4.3673118859111071e-05
   2.2265625000000000e-01   1.2210141993720440e+00   1.2210273561477107e+00   1.3156775666711695e-05
   2.3046875000000000e-01   1.2975975138687397e+00   1.2976140911288661e+00   1.6577260126382498e-05
   2.3828125000000000e-01   1.3754625638758919e+00   1.3754143712090809e+00   4.8192666810997764e-05
   2.4609375000000000e-01   1.4539979824899940e+00   1.4539776822454678e+00   2.0300244526261224e-05
   2.5390625000000000e-01   1.5328321215162231e+00   1.5328597853128638e+00   2.7663796640764460e-05
   2.6171875000000000e-01   1.6116663001776039e+00   1.6116293564199846e+00   3.6943757619312123e-05
   2.6953125000000000e-01   1.6899261965960888e+00   1.6898700292685200e+00   5.6167327568745762e-05
   2.7734375000000000e-01   1.7671637148904724e+00   1.7671787996494066e+00   1.5084758934191811e-05
   2.8515625000000000e-01   1.8431741670402093e+00   1.8431620667816695e+00   1.2100258539815556e-05
   2.9296875000000000e-01   1.9175084025349196e+00   1.9174306782570869e+00   7.7724277832702526e-05
   3.0078125000000000e-01   1.9896178102791771e+00   1.9895952391435097e+00   2.2571135667392994e-05
   3.0859375000000000e-01   2.0592589807042749e+00   2.0592626921150394e+00   3.7114107644953265e-06
   3.1640625000000000e-01   2.1261124946656831e+00   2.1260348352243756e+00   7.7659441307442734e-05
   3.2421875000000000e-01   2.1895790078553028e+00   2.1895090786482778e+00   6.9929207024976847e-05
   3.3203125000000000e-01   2.2492807965364543e+00   2.2492814047157945e+00   6.0817934022239228e-07
   3.3984375000000000e-01   2.3050099723181132e+00   2.3049512258164082e+00   5.8746501705009280e-05
   3.4765625000000000e-01   2.3562354356251092e+00   2.3561276543276848e+00   1.0778129742439191e-04
   3.5546875000000000e-01   2.4024629742107040e+00   2.4024366124975853e+00   2.6361713118649988e-05
   3.6328125000000000e-01   2.4435625680569233e+00   2.4435282089123249e+00   3.4359144598372637e-05
   3.7109375000000000e-01   2.4792084612270511e+00   2.4790838722886841e+00   1.2458893836697627e-04
   3.7890625000000000e-01   2.5088938044987557e+00   2.5088228381633573e+00   7.0966335398381375e-05
   3.8671875000000000e-01   2.5325429761098310e+00   2.5325077045295465e+00   3.5271580284490511e-05
   3.9453125000000000e-01   2.5500717799452799e+00   2.5499488871187070e+00   1.2289282657285128e-04
   4.0234375000000000e-01   2.5611260104551525e+00   2.5610078987342755e+00   1.1811172087705657e-04
   4.1015625000000000e-01   2.5656396872909966e+00   2.5655994423899564e+00   4.0244901040153991e-05
   4.1796875000000000e-01   2.5637938067172059e+00   2.5636923451587279e+00   1.0146155847801097e-04
   4.2578125000000000e-01   2.5554624478367054e+00   2.5553093750733882e+00   1.5307276331721908e-04
   4.3359375000000000e-01   2.5405928577419745e+00   2.5405259877341284e+00   6.6870007846109303e-05
   4.4140625000000000e-01   2.5195435839370903e+00   2.5194680545243826e+00   7.5529412707719956e-05
   4.4921875000000000e-01   2.4924713892275032e+00   2.4923086412467894e+00   1.6274798071380658e-04
   4.5703125000000000e-01   2.4593620758863812e+00   2.4592639415079498e+00   9.8134378431424807e-05
   4.6484375000000000e-01   2.4206455925898340e+00   2.4205885246204604e+00   5.7067969373658656e-05
   4.7265625000000000e-01   2.3767195459328461e+00   2.3765701279395861e+00   1.4941799325995930e-04
   4.8046875000000000e-01   2.3276501151794502e+00   2.3275242968822116e+00   1.2581829723856686e-04
   4.8828125000000000e-01   2.2738401406578626e+00   2.2737892359578291e+00   5.0904700033438388e-05
   4.9609375000000000e-01   2.2158436213517256e+00   2.2157212621755367e+00   1.2235917618896863e-04
   5.0390625000000000e-01   2.1538328116993655e+00   2.1536912304120301e+00   1.4158128733532394e-04
   5.1171875000000000e-01   2.0881555337987083e+00   2.0880822158555445e+00   7.3317943163786481e-05
   5.1953125000000000e-01   2.0193884533719109e+00   2.0192885872196928e+00   9.9866152218019977e-05
   5.2734375000000000e-01   1.9478633721634528e+00   1.9477163933447206e+00   1.4697881873226848e-04
   5.3515625000000000e-01   1.8738654522200198e+00   1.8737847353963435e+00   8.0716823676274529e-05
   5.4296875000000000e-01   1.7979999173895649e+00   1.7979275399301060e+00   7.2377459458872195e-05
   5.5078125000000000e-01   1.7207333735284294e+00   1.7205949269547969e+00   1.3844657363248913e-04
   5.5859375000000000e-01   1.6423459749066116e+00   1.6422532284048357e+00   9.2746501775931023e-05
   5.6640625000000000e-01   1.5634320825253378e+00   1.5633826997519780e+00   4.9382773359862853e-05
   5.7421875000000000e-01   1.4845887695186928e+00   1.4844721132002632e+00   1.1665631842960877e-04
   5.8203125000000000e-01   1.4061071174336517e+00   1.4060097379126255e+00   9.7379521026175198e-05
   5.8984375000000000e-01   1.3285065150091817e+00   1.3284706879158257e+00   3.5827093356033402e-05
   5.9765625000000000e-01   1.2523886394790382e+00   1.2523012092096177e+00   8.7430269420485374e-05
   6.0546875000000000e-01   1.1779975256989559e+00   1.1779011131971804e+00   9.6412501775500203e-05
   6.1328125000000000e-01   1.1056355202494788e+00   1.1056061505067347e+00   2.9369742744034255e-05
   6.2109375000000000e-01   1.0357303457480369e+00   1.0356725530167257e+00   5.7792731311234746e-05
   6.2890625000000000e-01   9.6835402444841945e-01   9.6826615193249799e-01   8.7872515921461058e-05
   6.3671875000000000e-01   9.0349572317690530e-01   9.0345832723332031e-01   3.7395943584983549e-05
   6.4453125000000000e-01   8.4126864261680878e-01   8.4123051869437182e-01   3.8123922436961166e-05
   6.5234375000000000e-01   7.8156533034329656e-01   7.8148814358135921e-01   7.7186761937353410e-05
   6.6015625000000000e-01   7.2411935897801705e-01   7.2408359357399532e-01   3.5765404021725899e-05
   6.6796875000000000e-01   6.6886616670032062e-01   6.6884665456069592e-01   1.9512139624699998e-05
   6.7578125000000000e-01   6.1568228224004828e-01   6.1561938570454822e-01   6.2896535500067685e-05
   6.8359375000000000e-01   5.6432773826233107e-01   5.6429141237277347e-01   3.6325889557597968e-05
   6.9140625000000000e-01   5.1483756032706363e-01   5.1483093170109984e-01   6.6286259637893252e-06
   6.9921875000000000e-01   4.6735318878032545e-01   4.6730666421527595e-01   4.6524565049499422e-05
   7.0703125000000000e-01   4.2193005831762642e-01   4.2189660666874540e-01   3.3451648881022145e-05
   7.1484375000000000e-01   3.7888117806337679e-01   3.7888075360361068e-01   4.2445976611293901e-07
   7.2265625000000000e-01   3.3864699093054251e-01   3.3861685507299233e-01   3.0135857550184220e-05
   7.3046875000000000e-01   3.0152988944802728e-01   3.0150055803619175e-01   2.9331411835531451e-05
   7.3828125000000000e-01   2.6791123430138031e-01   2.6791364672938567e-01   2.4124280053605673e-06
   7.4609375000000000e-01   2.3818374773392026e-01   2.3816621106858718e-01   1.7536665333078849e-05
   8.7890625000000000e-01   1.5495776784727322e-02   1.5492500753767170e-02   3.2760309601528176e-06
   8.8671875000000000e-01   7.2496370497226112e-03   7.2519094946743752e-03   2.2724449517640133e-06
   8.9453125000000000e-01   2.2693037007728949e-03   2.2680235150502621e-03   1.2801857226327901e-06
   9.0234375000000000e-01   8.8195644614599573e-04   8.8250373559512320e-04   5.4728944912747421e-07
   9.1015625000000000e-01   3.1258608722686577e-03   3.1262256734842543e-03   3.6480121559656631e-07
   9.1796875000000000e-01   8.7134605597721619e-03   8.7113606045894267e-03   2.0999551827351887e-06
   9.2578125000000000e-01   1.7058073036135275e-02   1.7063025021274304e-02   4.9519851390289471e-06
   9.3359375000000000e-01   2.7384045501409958e-02   2.7386662556738162e-02   2.6170553282037212e-06
   9.4140625000000000e-01   3.8768592088412324e-02   3.8762682592029432e-02   5.9094963828915104e-06
   9.4921875000000000e-01   5.0251978842590923e-02   5.0256380011813588e-02   4.4011692226647581e-06
   9.5703125000000000e-01   6.1021208685764709e-02   6.1029279729522184e-02   8.0710437574751936e-06
   9.6484375000000000e-01   7.0445036753404369e-02   7.0438033770292507e-02   7.0029831118617603e-06
   9.7265625000000000e-01   7.8111092453864966e-02   7.8108827237748202e-02   2.2652161167646678e-06
   9.8046875000000000e-01   8.3967892013062942e-02   8.3978641185097180e-02   1.0749172034238419e-05
   9.8828125000000000e-01   8.8300756942268091e-02   8.8299178582138815e-02   1.5783601292757021e-06
   9.9609375000000000e-01   9.1613950421252713e-02   9.1604148552591233e-02   9.8018686614798067e-06
   7.5390625000000000e-01   2.1246398150397086e-01   2.1244008868964187e-01   2.3892814328990708e-05
   7.6171875000000000e-01   1.9074033611088573e-01   1.9074155466205964e-01   1.2185511739093435e-06
   7.6953125000000000e-01   1.7288102317504564e-01   1.7287078578302106e-01   1.0237392024575742e-05
   7.7734375000000000e-01   1.5843409821805468e-01   1.5841405972328410e-01   2.0038494770585613e-05
   7.8515625000000000e-01   1.4675988485881739e-01   1.4676208388027867e-01   2.1990214612854775e-06
   7.9296875000000000e-01   1.3715873888083738e-01   1.3715456694716016e-01   4.1719336772161331e-06
   8.0078125000000000e-01   1.2876527523171183e-01   1.2874756292144063e-01   1.7712310271200682e-05
   8.0859375000000000e-01   1.2069524895065510e-01   1.2069672765668908e-01   1.4787060339804814e-06
   8.1640625000000000e-01   1.1224609571987523e-01   1.1224693780154849e-01   8.4208167325239280e-07
   8.2421875000000000e-01   1.0283255885671379e-01   1.0281717074794404e-01   1.5388108769748277e-05
   8.3203125000000000e-01   9.2069968711861058e-02   9.2069433810004056e-02   5.3490185700222348e-07
   8.3984375000000000e-01   7.9947730208075052e-02   7.9951969943211673e-02   4.2397351366213476e-06
   8.4765625000000000e-01   6.6720611469680072e-02   6.6709842816535206e-02   1.0768653144865858e-05
   8.5546875000000000e-01   5.2863252336239931e-02   5.2859985360365284e-02   3.2669758746467492e-06
   8.6328125000000000e-01   3.9127558622162877e-02   3.9132373117310479e-02   4.8144951476022935e-06
   8.7109375000000000e-01   2.6388541987857318e-02   2.6383535562584274e-02   5.0064252730443182e-06
