#                  Coord.                Numerical               Analytical                    Error
   3.9062500000000000e-03   1.2534278172736719e+00   1.2513407431899142e+00   2.0870740837577451e-03
   1.1718750000000000e-02   1.2209260269274735e+00   1.2202897445590786e+00   6.3628236839496921e-04
   1.9531250000000000e-02   1.1904444937289373e+00   1.1872758808919683e+00   3.1686128369690092e-03
   2.7343750000000000e-02   1.1549033023345914e+00   1.1517922413897894e+00   3.1110609448019577e-03
   3.5156250000000000e-02   1.1140926955858055e+00   1.1134181339781097e+00   6.7456160769574502e-04
   4.2968750000000000e-02   1.0741085887090671e+00   1.0719192494043712e+00   2.1893393046958920e-03
   5.0781250000000000e-02   1.0308918932264719e+00   1.0273384843432334e+00   3.5534088832385180e-03
   5.8593750000000000e-02   9.8121255848523037e-01   9.8006655779536156e-01   1.1460006898688091e-03
   6.6406250000000000e-02   9.3218224990422638e-01   9.3088323038675191e-01   1.2990195174744645e-03
   7.4218750000000000e-02   8.8435147525768154e-01   8.8096269042633035e-01   3.3887848313511881e-03
   8.2031250000000000e-02   8.3353620095687175e-01   8.3184021179362722e-01   1.6959891632445379e-03
   8.9843750000000000e-02   7.8609220019011306e-01   7.8534112729281091e-01   7.5107289730214077e-04
   9.7656250000000000e-02   7.4637739143564164e-01   7.4347705622265747e-01   2.9003352129841620e-03
   1.0546875000000000e-01   7.1041333780991556e-01   7.0831773670677201e-01   2.0956011031435517e-03
   1.1328125000000000e-01   6.8236646060197681e-01   6.8184935755932841e-01   5.1710304264840357e-04
   1.2109375000000000e-01   6.6823437368474958e-01   6.6583167915005359e-01   2.4026945346959927e-03
   1.2890625000000000e-01   6.6404863480035348e-01   6.6166633317831014e-01   2.3823016220433368e-03
   1.3671875000000000e-01   6.7075431279035247e-01   6.7028750661720793e-01   4.6680617314454054e-04
   1.4453125000000000e-01   6.9408600030621881e-01   6.9208390543302967e-01   2.0020948731891419e-03
   1.5234375000000000e-01   7.2959405214813089e-01   7.2685774716966955e-01   2.7363049784613347e-03
   1.6015625000000000e-01   7.7440267619117398e-01   7.7382292592109247e-01   5.7975027008150271e-04
   1.6796875000000000e-01   8.3324813577399726e-01   8.3164084574200392e-01   1.6072900319933359e-03
   1.7578125000000000e-01   9.0171225078969741e-01   8.9848913326690560e-01   3.2231175227918074e-03
   1.8359375000000000e-01   9.7319162048533492e-01   9.7215585860084186e-01   1.0357618844930583e-03
   1.9140625000000000e-01   1.0512982834749516e+00   1.0501502551170649e+00   1.1480283578866324e-03
   1.9921875000000000e-01   1.1334628861279834e+00   1.1298203481839209e+00   3.6425379440625516e-03
   2.0703125000000000e-01   1.2104532518860580e+00   1.2084683636599931e+00   1.9848882260649070e-03
   2.1484375000000000e-01   1.2842339578152211e+00   1.2834561522678438e+00   7.7780554737727492e-04
   2.2265625000000000e-01   1.3559441263226437e+00   1.3522949045801591e+00   3.6492217424846096e-03
   2.3046875000000000e-01   1.4159779428009887e+00   1.4127158524122128e+00   3.2620903887758956e-03
   2.3828125000000000e-01   1.4635382198009150e+00   1.4627211445913864e+00   8.1707520952867263e-04
   2.4609375000000000e-01   1.5037039778329355e+00   1.5006163545657334e+00   3.0876232672021331e-03
   2.5390625000000000e-01   1.5293778654014460e+00   1.5250278790036154e+00   4.3499863978306852e-03
   2.6171875000000000e-01   1.5363431455828689e+00   1.5349096472093136e+00   1.4334983735553308e-03
   2.6953125000000000e-01   1.5317040618097515e+00   1.5295439915993700e+00   2.1600702103814484e-03
   2.7734375000000000e-01   1.5132295283059682e+00   1.5085412271425258e+00   4.6883011634424321e-03
   2.8515625000000000e-01   1.4742249126236904e+00   1.4718415305557142e+00   2.3833820679761697e-03
   2.9296875000000000e-01   1.4210104518774660e+00   1.4197212441828846e+00   1.2892076945814068e-03
   3.0078125000000000e-01   1.3568635356328498e+00   1.3528039522759172e+00   4.0595833569325723e-03
   3.0859375000000000e-01   1.2752285093026823e+00   1.2720748166758542e+00   3.1536926268280752e-03
   3.1640625000000000e-01   1.1796965018565213e+00   1.1788949528101105e+00   8.0154904641083213e-04
   3.2421875000000000e-01   1.0777432098954731e+00   1.0750112997694277e+00   2.7319101260454559e-03
   3.3203125000000000e-01   9.6581976085408117e-01   9.6255667962730429e-01   3.2630812267768761e-03
   3.3984375000000000e-01   8.4475368123098438e-01   8.4403468397027170e-01   7.1899726071267267e-04
   3.4765625000000000e-01   7.2356801853082386e-01   7.2228472880765104e-01   1.2832897231728202e-03
   3.5546875000000000e-01   6.0300749642819196e-01   6.0042405529747067e-01   2.5834411307212868e-03
   3.6328125000000000e-01   4.8255090296000919e-01   4.8176550555756892e-01   7.8539740244026879e-04
   3.7109375000000000e-01   3.6999080632800546e-01   3.6971236878686375e-01   2.7843754114170727e-04
   3.7890625000000000e-01   2.6908814006735821e-01   2.6763420516486219e-01   1.4539349024960124e-03
   3.8671875000000000e-01   1.7940243520669419e-01   1.7873000803926647e-01   6.7242716742771380e-04
   3.9453125000000000e-01   1.0582684042114274e-01   1.0588705136879742e-01   6.0210947654681934e-05
   4.0234375000000000e-01   5.2045235143436390e-02   5.1545021092261743e-02   5.0021405117464668e-04
   4.1015625000000000e-01   1.7837128942104711e-02   1.7575354462881856e-02   2.6177447922285518e-04
   4.1796875000000000e-01   5.2450987481099188e-03   5.1850255989670411e-03   6.0073149142877633e-05
   4.2578125000000000e-01   1.5101708458091582e-02   1.4852357040504640e-02   2.4935141758694254e-04
   4.3359375000000000e-01   4.6101715863927396e-02   4.6299966903682946e-02   1.9825103975554953e-04
   4.4140625000000000e-01   9.8715811995136418e-02   9.8506944454271758e-02   2.0886754086466008e-04
   4.4921875000000000e-01   1.7052453727318739e-01   1.6975911915186082e-01   7.6541812132657761e-04
   4.5703125000000000e-01   2.5748547465570670e-01   2.5773321078377120e-01   2.4773612806450185e-04
   4.6484375000000000e-01   3.5971547646917618e-01   3.5960806019357783e-01   1.0741627559834876e-04
   4.7265625000000000e-01   4.7379744547029751e-01   4.7219431319316629e-01   1.6031322771312140e-03
   4.8046875000000000e-01   5.9248810439600630e-01   5.9207303534677369e-01   4.1506904923260812e-04
   4.8828125000000000e-01   7.1558930469022719e-01   7.1573382352002035e-01   1.4451882979316100e-04
   4.9609375000000000e-01   8.4184523541242384e-01   8.3970398154710579e-01   2.1412538653180491e-03
   5.0390625000000000e-01   9.6230318605262921e-01   9.6066206728392456e-01   1.6411187687046525e-03
   5.1171875000000000e-01   1.0753393156614603e+00   1.0755313457555855e+00   1.9203009412516181e-04
   5.1953125000000000e-01   1.1835754089434491e+00   1.1815511079211731e+00   2.0243010222760205e-03
   5.2734375000000000e-01   1.2792314574616837e+00   1.2763261465690765e+00   2.9053108926071491e-03
   5.3515625000000000e-01   1.3580846888259741e+00   1.3578566642884862e+00   2.2802453748793639e-04
   5.4296875000000000e-01   1.4258907068935531e+00   1.4245523290675481e+00   1.3383778260049883e-03
   5.5078125000000000e-01   1.4788508755157386e+00   1.4752349746780877e+00   3.6159008376508428e-03
   5.5859375000000000e-01   1.5102212756578850e+00   1.5091345323335201e+00   1.0867433243648694e-03
   5.6640625000000000e-01   1.5263531886720094e+00   1.5258822232573710e+00   4.7096541463842456e-04
   5.7421875000000000e-01   1.5289356065139008e+00   1.5255039523998553e+00   3.4316541140455570e-03
   5.8203125000000000e-01   1.5104747742104381e+00   1.5084153872968493e+00   2.0593869135887566e-03
   5.8984375000000000e-01   1.4752761470202871e+00   1.4754185813932232e+00   1.4243437293615102e-04
   5.9765625000000000e-01   1.4300910526697921e+00   1.4276984213715014e+00   2.3926312982907039e-03
   6.0546875000000000e-01   1.3695068912010400e+00   1.3668158507715513e+00   2.6910404294886447e-03
   6.1328125000000000e-01   1.2944665074357806e+00   1.2946939317004627e+00   2.2742426468203014e-04
   6.2109375000000000e-01   1.2144948833290157e+00   1.2135924949993380e+00   9.0238832967770577e-04
   6.2890625000000000e-01   1.1286708340153344e+00   1.1260674814978522e+00   2.6033525174822270e-03
   6.3671875000000000e-01   1.0351121747169532e+00   1.0349121054824195e+00   2.0006923453363967e-04
   6.4453125000000000e-01   9.4266937579167687e-01   9.4307861018293959e-01   4.0923439126272498e-04
   6.5234375000000000e-01   8.5530446458559206e-01   8.5358148645626997e-01   1.7229781293220947e-03
   6.6015625000000000e-01   7.7020300220824545e-01   7.6938537133631824e-01   8.1763087192721073e-04
   6.6796875000000000e-01   6.9231943342963764e-01   6.9328316073065976e-01   9.6372730102212145e-04
   6.7578125000000000e-01   6.2817627819658028e-01   6.2777186399504281e-01   4.0441420153747298e-04
   6.8359375000000000e-01   5.7609896935821425e-01   5.7493511239487094e-01   1.1638569633433127e-03
   6.9140625000000000e-01   5.3576903761245820e-01   5.3634177352225521e-01   5.7273590979700639e-04
   6.9921875000000000e-01   5.1228613805944345e-01   5.1296967042713915e-01   6.8353236769569392e-04
   7.0703125000000000e-01   5.0611784495582313e-01   5.0516192194344667e-01   9.5592301237645838e-04
   7.1484375000000000e-01   5.1304615484758542e-01   5.1262100140507783e-01   4.2515344250759757e-04
   7.2265625000000000e-01   5.3349146054357521e-01   5.3444247117949095e-01   9.5101063591573887e-04
   7.3046875000000000e-01   5.6950187553428255e-01   5.6918681067879506e-01   3.1506485548749019e-04
   7.3828125000000000e-01   6.1637510573641618e-01   6.1498420366260509e-01   1.3909020738110955e-03
   7.4609375000000000e-01   6.6938781748685516e-01   6.6966399411930499e-01   2.7617663244983159e-04
   8.7890625000000000e-01   1.4745519474248052e+00   1.4747689112481881e+00   2.1696382338287634e-04
   8.8671875000000000e-01   1.4902529882667426e+00   1.4883580026807584e+00   1.8949855859842213e-03
   8.9453125000000000e-01   1.5008344667892981e+00   1.4975475060962939e+00   3.2869606930041595e-03
   9.0234375000000000e-01   1.5024521260653982e+00   1.5021392510802349e+00   3.1287498516330281e-04
   9.1015625000000000e-01   1.5029452307586555e+00   1.5020252949292792e+00   9.1993582937632823e-04
   9.1796875000000000e-01   1.5007970905157617e+00   1.4972297881424961e+00   3.5673023732656350e-03
   9.2578125000000000e-01   1.4893157909724375e+00   1.4879337915775814e+00   1.3819993948560594e-03
   9.3359375000000000e-01   1.4746843553527424e+00   1.4744787603187526e+00   2.0559503398986934e-04
   9.4140625000000000e-01   1.4605197456567161e+00   1.4573472851628704e+00   3.1724604938456746e-03
   9.4921875000000000e-01   1.4397839028217312e+00   1.4371227644221987e+00   2.6611383995325255e-03
   9.5703125000000000e-01   1.4145992998448222e+00   1.4144325946200280e+00   1.6670522479422800e-04
   9.6484375000000000e-01   1.3921178474385119e+00   1.3898818636427346e+00   2.2359837957772744e-03
   9.7265625000000000e-01   1.3675849516786642e+00   1.3639861047786175e+00   3.5988469000467482e-03
   9.8046875000000000e-01   1.3380206402553476e+00   1.3371122173894550e+00   9.0842286589265520e-04
   9.8828125000000000e-01   1.3106551864873162e+00   1.3094360888161254e+00   1.2190976711907719e-03
   9.9609375000000000e-01   1.2846927022713219e+00   1.2809238012788426e+00   3.7689009924792849e-03
   7.5390625000000000e-01   7.3056951487653399e-01   7.3089813355584832e-01   3.2861867931432975e-04
   7.6171875000000000e-01   7.9816981681258681e-01   7.9634661857224276e-01   1.8231982403440483e-03
   7.6953125000000000e-01   8.6474541029688656e-01   8.6379282639726462e-01   9.5258389962193935e-04
   7.7734375000000000e-01   9.3068774217102423e-01   9.3125782286707048e-01   5.7008069604624900e-04
   7.8515625000000000e-01   9.9869849353366169e-01   9.9708501695345819e-01   1.6134765802034989e-03
   7.9296875000000000e-01   1.0621520216473368e+00   1.0599897084533008e+00   2.1623131940360363e-03
   8.0078125000000000e-01   1.1188120168760114e+00   1.1190717591987185e+00   2.5974232270709052e-04
   8.0859375000000000e-01   1.1747900944487739e+00   1.1737933939006513e+00   9.9670054812261988e-04
   8.1640625000000000e-01   1.2268584494723900e+00   1.2239275807896202e+00   2.9308686827698160e-03
   8.2421875000000000e-01   1.2699821359656724e+00   1.2694851759217405e+00   4.9696004393195992e-04
   8.3203125000000000e-01   1.3109376389222931e+00   1.3106307500028158e+00   3.0688891947727726e-04
   8.3984375000000000e-01   1.3507001846291111e+00   1.3475975856834794e+00   3.1025989456316960e-03
   8.4765625000000000e-01   1.3821027301193545e+00   1.3806117070559050e+00   1.4910230634495036e-03
   8.5546875000000000e-01   1.4096619961339727e+00   1.4098330896869213e+00   1.7109355294864237e-04
   8.6328125000000000e-01   1.4380280804031111e+00   1.4353196278299221e+00   2.7084525731890796e-03
   8.7109375000000000e-01   1.4595195649513621e+00   1.4570163262466240e+00   2.5032387047381199e-03
