#                  Coord.                Numerical               Analytical                    Error
   3.9062500000000000e-03   8.7382367139466977e-01   8.7345053945184525e-01   3.7313194282451168e-04
   1.1718750000000000e-02   8.8148467853624557e-01   8.8133638600520658e-01   1.4829253103898488e-04
   1.9531250000000000e-02   2.7878975802114614e-01   2.7898830806585145e-01   1.9855004470531457e-04
   2.7343750000000000e-02  -4.6790005916389776e-01  -4.6752901290887977e-01   3.7104625501799271e-04
   3.5156250000000000e-02  -8.2228315249799655e-01  -8.2205895100581572e-01   2.2420149218083107e-04
   4.2968750000000000e-02  -5.6881543153584047e-01  -5.6892964965274573e-01   1.1421811690526251e-04
   5.0781250000000000e-02   5.1517819032884493e-02   5.1167856863594249e-02   3.4996216929024382e-04
   5.8593750000000000e-02   5.5319607608265808e-01   5.5291712702307705e-01   2.7894905958103511e-04
   6.6406250000000000e-02   5.9059756291198284e-01   5.9063402309756352e-01   3.6460185580677873e-05
   7.4218750000000000e-02   2.0743940890906157e-01   2.0775695652481205e-01   3.1754761575047974e-04
   8.2031250000000000e-02  -2.4046622209663626e-01  -2.4015009538846632e-01   3.1612670816993926e-04
   8.9843750000000000e-02  -4.0636476090575685e-01  -4.0633189759862748e-01   3.2863307129371577e-05
   9.7656250000000000e-02  -2.3262118830361078e-01  -2.3290026812236991e-01   2.7907981875913146e-04
   1.0546875000000000e-01   4.7277728323219456e-02   4.6936897336670592e-02   3.4083098654886373e-04
   1.1328125000000000e-01   1.6361578509023955e-01   1.6351966695127407e-01   9.6118138965484157e-05
   1.2109375000000000e-01   6.7488819100100850e-02   6.7724293584137840e-02   2.3547448403699045e-04
   1.2890625000000000e-01  -5.5327458655087043e-02  -5.4972097060551610e-02   3.5536159453543326e-04
   1.3671875000000000e-01  -1.3661862908030953e-02  -1.3505439124937010e-02   1.5642378309394314e-04
   1.4453125000000000e-01   1.6158010619175911e-01   1.6139437016983171e-01   1.8573602192739624e-04
   1.5234375000000000e-01   2.3732033096639965e-01   2.3695873219336791e-01   3.6159877303174048e-04
   1.6015625000000000e-01   3.8224921181350124e-02   3.8011797382718877e-02   2.1312379863124703e-04
   1.6796875000000000e-01  -3.2036087914901989e-01  -3.2023248753765621e-01   1.2839161136368737e-04
   1.7578125000000000e-01  -4.9095814148483030e-01  -4.9060102017160373e-01   3.5712131322657159e-04
   1.8359375000000000e-01  -2.2581879941628791e-01  -2.2555000876571601e-01   2.6879065057189289e-04
   1.9140625000000000e-01   3.3062139017348863e-01   3.3056139696985609e-01   5.9993203632535685e-05
   1.9921875000000000e-01   7.0427737960462711e-01   7.0393902553605825e-01   3.3835406856885797e-04
   2.0703125000000000e-01   5.0247976120851789e-01   5.0215951030082706e-01   3.2025090769083331e-04
   2.1484375000000000e-01  -1.8722981644206393e-01  -1.8724923159184595e-01   1.9415149782014973e-05
   2.2265625000000000e-01  -8.0600515413996554e-01  -8.0570315145411964e-01   3.0200268584590351e-04
   2.3046875000000000e-01  -7.8444593039850052e-01  -7.8408292179067873e-01   3.6300860782179090e-04
   2.3828125000000000e-01  -6.8890646814915968e-02  -6.8782405068255392e-02   1.0824174666057562e-04
   2.4609375000000000e-01   7.7421570589028621e-01   7.7397120727823210e-01   2.4449861205411150e-04
   2.5390625000000000e-01   1.0121868501952513e+00   1.0117976561771731e+00   3.8919401807824272e-04
   2.6171875000000000e-01   3.8875459547771579e-01   3.8855258358288614e-01   2.0201189482965676e-04
   2.6953125000000000e-01  -6.1326968151837158e-01  -6.1310640226112523e-01   1.6327925724635151e-04
   2.7734375000000000e-01  -1.1494862520434392e+00  -1.1490952670873997e+00   3.9098495603950845e-04
   2.8515625000000000e-01  -7.3159735196801279e-01  -7.3131157916024747e-01   2.8577280776531655e-04
   2.9296875000000000e-01   3.3117889784446886e-01   3.3111183298904800e-01   6.7064855420850833e-05
   3.0078125000000000e-01   1.1640778130202429e+00   1.1637136165873481e+00   3.6419643289486991e-04
   3.0859375000000000e-01   1.0538360572872705e+00   1.0534848072777907e+00   3.5125000947977547e-04
   3.1640625000000000e-01   5.9055477372579157e-02   5.9019425135886122e-02   3.6052236693034923e-05
   3.2421875000000000e-01  -1.0192810922742481e+00  -1.0189721086266055e+00   3.0898364764264663e-04
   3.3203125000000000e-01  -1.2920665812637919e+00  -1.2916786135794120e+00   3.8796768437987517e-04
   3.3984375000000000e-01  -5.1796703357482898e-01  -5.1783463293032805e-01   1.3240064450092959e-04
   3.4765625000000000e-01   6.9140503973904854e-01   6.9117221345220348e-01   2.3282628684506701e-04
   3.5546875000000000e-01   1.3660467196800687e+00   1.3656545074162292e+00   3.9221226383956420e-04
   3.6328125000000000e-01   9.6250840130984650e-01   9.6229767239770247e-01   2.1072891214402034e-04
   3.7109375000000000e-01  -2.0175884474410710e-01  -2.0161295364455578e-01   1.4589109955132074e-04
   3.7890625000000000e-01  -1.2092936634640563e+00  -1.2089282432218400e+00   3.6542024221630776e-04
   3.8671875000000000e-01  -1.2759268102644881e+00  -1.2756616363828426e+00   2.6517388164548628e-04
   3.9453125000000000e-01  -3.6275726736087716e-01  -3.6281598662862985e-01   5.8719267752693760e-05
   4.0234375000000000e-01   8.1163402097860859e-01   8.1132061280138712e-01   3.1340817722147474e-04
   4.1015625000000000e-01   1.3479554143963461e+00   1.3476712658078811e+00   2.8414858846503854e-04
   4.1796875000000000e-01   8.6130256142936290e-01   8.6129106761704988e-01   1.1493812313023710e-05
   4.2578125000000000e-01  -2.4679981239583237e-01  -2.4654963840909405e-01   2.5017398673832236e-04
   4.3359375000000000e-01  -1.1277207995164977e+00  -1.1274459961184571e+00   2.7480339804064613e-04
   4.4140625000000000e-01  -1.1451815363708158e+00  -1.1451248668381262e+00   5.6669532689568314e-05
   4.4921875000000000e-01  -3.3615616923624569e-01  -3.3634770867132885e-01   1.9153943508315452e-04
   4.5703125000000000e-01   6.6128561380791062e-01   6.6103814596113486e-01   2.4746784677576183e-04
   4.6484375000000000e-01   1.1204621532556176e+00   1.1203878140640546e+00   7.4339191562966533e-05
   4.7265625000000000e-01   7.6137266032137385e-01   7.6152329880252223e-01   1.5063848114837963e-04
   4.8046875000000000e-01  -8.9911498463007250e-02  -8.9695146454188121e-02   2.1635200881912897e-04
   4.8828125000000000e-01  -7.9712258716708217e-01  -7.9705175192660771e-01   7.0835240474464989e-05
   4.9609375000000000e-01  -8.9728597980806368e-01  -8.9741868130748048e-01   1.3270149941679854e-04
   5.0390625000000000e-01  -3.9813472178285869e-01  -3.9832894385128387e-01   1.9422206842517609e-04
   5.1171875000000000e-01   2.9610019415144545e-01   2.9604192355507830e-01   5.8270596367149263e-05
   5.1953125000000000e-01   7.1709052906961179e-01   7.1722615530312539e-01   1.3562623351359715e-04
   5.2734375000000000e-01   6.4519897746821298e-01   6.4538848426827855e-01   1.8950680006557530e-04
   5.3515625000000000e-01   1.9684460325803704e-01   1.9689010585514191e-01   4.5502597104868370e-05
   5.4296875000000000e-01  -3.1440452627662507e-01  -3.1455845118627845e-01   1.5392490965338013e-04
   5.5078125000000000e-01  -5.9388297031642878e-01  -5.9408783111638552e-01   2.0486079995674089e-04
   5.5859375000000000e-01  -5.1282238812342085e-01  -5.1286681500097564e-01   4.4426877554792910e-05
   5.6640625000000000e-01  -1.4017243935453383e-01  -1.3999470781496412e-01   1.7773153956970877e-04
   5.7421875000000000e-01   3.0928911324673841e-01   3.0952889584200066e-01   2.3978259526225010e-04
   5.8203125000000000e-01   5.7509326266179905e-01   5.7515706712052828e-01   6.3804458729221913e-05
   5.8984375000000000e-01   4.8222061324120735e-01   4.8202618497192912e-01   1.9442826927823509e-04
   5.9765625000000000e-01   6.2036917161316207e-02   6.1751296646943871e-02   2.8562051437233671e-04
   6.0546875000000000e-01  -4.2456804474586740e-01  -4.2467237837654709e-01   1.0433363067968715e-04
   6.1328125000000000e-01  -6.3004801822515510e-01  -6.2985379447639134e-01   1.9422374876376658e-04
   6.2109375000000000e-01  -3.7414828484543849e-01  -3.7381691481492318e-01   3.3137003051531000e-04
   6.2890625000000000e-01   1.8019085978821958e-01   1.8035281284374682e-01   1.6195305552724193e-04
   6.3671875000000000e-01   6.0952145748964248e-01   6.0934853908905207e-01   1.7291840059041608e-04
   6.4453125000000000e-01   5.5506908500483543e-01   5.5470214076575852e-01   3.6694423907690510e-04
   6.5234375000000000e-01   3.9742449097184607e-02   3.9510748253382036e-02   2.3170084380257083e-04
   6.6015625000000000e-01  -5.1470349681493643e-01  -5.1457852900373391e-01   1.2496781120252543e-04
   6.6796875000000000e-01  -6.2733205431887296e-01  -6.2694850422596848e-01   3.8355009290447217e-04
   6.7578125000000000e-01  -1.8409099554975389e-01  -1.8378696736793967e-01   3.0402818181421432e-04
   6.8359375000000000e-01   4.3421020043362191e-01   4.3415546186579390e-01   5.4738567828005458e-05
   6.9140625000000000e-01   6.6800087574124600e-01   6.6762395437910871e-01   3.7692136213729466e-04
   6.9921875000000000e-01   2.8274951858074976e-01   2.8237706772340870e-01   3.7245085734105565e-04
   7.0703125000000000e-01  -3.9379409108926428e-01  -3.9382889375558117e-01   3.4802666316890996e-05
   7.1484375000000000e-01  -7.4114911728876864e-01  -7.4080590410327574e-01   3.4321318549290769e-04
   7.2265625000000000e-01  -4.0605656626015979e-01  -4.0562873884901812e-01   4.2782741114166800e-04
   7.3046875000000000e-01   3.4958981399845357e-01   3.4972597485875612e-01   1.3616086030254770e-04
   7.3828125000000000e-01   8.5005915812401900e-01   8.4977746067101723e-01   2.8169745300177240e-04
   7.4609375000000000e-01   6.0410857310818911e-01   6.0364644440288473e-01   4.6212870530437655e-04
   8.7890625000000000e-01  -6.7756472301930359e-01  -6.7719858684361645e-01   3.6613617568714840e-04
   8.8671875000000000e-01   5.3159958257042539e-01   5.3156647886086550e-01   3.3103709559889616e-05
   8.9453125000000000e-01   1.3182303309804770e+00   1.3178348363043091e+00   3.9549467616795120e-04
   9.0234375000000000e-01   1.0945235354628329e+00   1.0941039818312988e+00   4.1955363153411973e-04
   9.1015625000000000e-01   5.8408174183110645e-02   5.8313922776688086e-02   9.4251406422558859e-05
   9.1796875000000000e-01  -9.8974559959239006e-01  -9.8944544914595645e-01   3.0015044643361133e-04
   9.2578125000000000e-01  -1.2754846062335705e+00  -1.2750502036850933e+00   4.3440254847726401e-04
   9.3359375000000000e-01  -6.2290723890808841e-01  -6.2270152443227222e-01   2.0571447581618774e-04
   9.4140625000000000e-01   4.5067609109705570e-01   4.5049005555735844e-01   1.8603553969726017e-04
   9.4921875000000000e-01   1.1527202006553525e+00   1.1523077989409007e+00   4.1240171445178220e-04
   9.5703125000000000e-01   1.0028588058409722e+00   1.0025665427756647e+00   2.9226306530749646e-04
   9.6484375000000000e-01   1.5447247753512261e-01   1.5453797762821281e-01   6.5500093090198330e-05
   9.7265625000000000e-01  -7.5614096680410481e-01  -7.5578195918210411e-01   3.5900762200069547e-04
   9.8046875000000000e-01  -1.0886166165686835e+00  -1.0882683890397069e+00   3.4822752897656351e-04
   9.8828125000000000e-01  -6.4594052026326065e-01  -6.4589142201875160e-01   4.9098244509049316e-05
   9.9609375000000000e-01   2.1680109724569038e-01   2.1651731008751079e-01   2.8378715817958811e-04
   7.5390625000000000e-01  -2.2806560999444311e-01  -2.2830643308167375e-01   2.4082308723064050e-04
   7.6171875000000000e-01  -9.3590958665371726e-01  -9.3571357842561231e-01   1.9600822810494911e-04
   7.6953125000000000e-01  -8.6733487835737932e-01  -8.6686653765086708e-01   4.6834070651224913e-04
   7.7734375000000000e-01  -2.0478556083795618e-02  -2.0139514365501349e-02   3.3904171829426955e-04
   7.8515625000000000e-01   9.1469501774970063e-01   9.1460910361632153e-01   8.5914133379105806e-05
   7.9296875000000000e-01   1.1271292851582042e+00   1.1266886480990348e+00   4.4063705916941309e-04
   8.0078125000000000e-01   3.8825686856165831e-01   3.8783730170397168e-01   4.1956685768662627e-04
   8.0859375000000000e-01  -7.2341654265328192e-01  -7.2345408379448239e-01   3.7541141200470030e-05
   8.1640625000000000e-01  -1.2865481379697066e+00  -1.2861702596553908e+00   3.7787831431579377e-04
   8.2421875000000000e-01  -8.0793285435241580e-01  -8.0746090761301670e-01   4.7194673939909837e-04
   8.3203125000000000e-01   3.5130177702343812e-01   3.5146527811741440e-01   1.6350109397628154e-04
   8.3984375000000000e-01   1.2591191101746109e+00   1.2588367493406538e+00   2.8236083395705158e-04
   8.4765625000000000e-01   1.1736011552826691e+00   1.1731144471916692e+00   4.8670809099982115e-04
   8.5546875000000000e-01   1.5060748458286766e-01   1.5033017227656514e-01   2.7731230630251291e-04
   8.6328125000000000e-01  -1.0009073316093835e+00  -1.0007443665552114e+00   1.6296505417212614e-04
   8.7109375000000000e-01  -1.3720960640726414e+00  -1.3716354984063410e+00   4.6056566630037210e-04
