#                  Coord.                Numerical               Analytical                    Error
   3.9062500000000000e-03   8.6952235931237010e-01   8.6730381829651393e-01   2.2185410158561680e-03
   1.1718750000000000e-02   2.9333462718866488e-01   2.9338905377939994e-01   5.4426590735068281e-05
   1.9531250000000000e-02  -4.4915053906628027e-01  -4.4697852037650027e-01   2.1720186897800087e-03
   2.7343750000000000e-02  -7.4370950311294071e-01  -7.4138988693119579e-01   2.3196161817449212e-03
   3.5156250000000000e-02  -4.1709391582550470e-01  -4.1663252499762021e-01   4.6139082788448915e-04
   4.2968750000000000e-02   1.7523301304342292e-01   1.7352047528985459e-01   1.7125377535683328e-03
   5.0781250000000000e-02   5.1826329846050356e-01   5.1595039372849283e-01   2.3129047320107343e-03
   5.8593750000000000e-02   3.9185680890252461e-01   3.9097226648330569e-01   8.8454241921892551e-04
   6.6406250000000000e-02   5.4049180992166157e-03   6.6658793755787369e-03   1.2609612763621212e-03
   7.4218750000000000e-02  -2.6175175142239515e-01  -2.5951380069887048e-01   2.2379507235246732e-03
   8.2031250000000000e-02  -2.2651109238655490e-01  -2.2527803302240232e-01   1.2330593641525778e-03
   8.9843750000000000e-02  -2.6292883109700127e-02  -2.7119080806419130e-02   8.2619769671900267e-04
   9.7656250000000000e-02   7.9642162211973552e-02   7.7523510074359883e-02   2.1186521376136691e-03
   1.0546875000000000e-01  -2.4574596534433085e-03  -3.9867531887993971e-03   1.5292935353560886e-03
   1.1328125000000000e-01  -1.2042621763122219e-01  -1.2002857554974115e-01   3.9764208148103386e-04
   1.2109375000000000e-01  -6.7839212424644135e-02  -6.5881744554027691e-02   1.9574678706164444e-03
   1.2890625000000000e-01   1.6593324325421743e-01   1.6771872721249328e-01   1.7854839582758519e-03
   1.3671875000000000e-01   3.5390044190534042e-01   3.5394238816611057e-01   4.1946260770142629e-05
   1.4453125000000000e-01   2.5010294541464684e-01   2.4836450923992695e-01   1.7384361747198873e-03
   1.5234375000000000e-01  -1.4294368235915722e-01  -1.4493988310762920e-01   1.9962007484719824e-03
   1.6015625000000000e-01  -5.2654873473510866e-01  -5.2705431913767897e-01   5.0558440257031378e-04
   1.6796875000000000e-01  -5.4450530710169120e-01  -5.4307099736524711e-01   1.4343097364440949e-03
   1.7578125000000000e-01  -1.0617574451247634e-01  -1.0404043085900806e-01   2.1353136534682793e-03
   1.8359375000000000e-01   4.9546853922888379e-01   4.9645450914141731e-01   9.8596991253352417e-04
   1.9140625000000000e-01   7.8999075671765051e-01   7.8896622194130139e-01   1.0245347763491175e-03
   1.9921875000000000e-01   5.0323168085606396e-01   5.0106607480359855e-01   2.1656060524654075e-03
   2.0703125000000000e-01  -2.0286872304339332e-01  -2.0432408362690743e-01   1.4553605835141148e-03
   2.1484375000000000e-01  -8.2398371384428171e-01  -8.2347968947084038e-01   5.0402437344132522e-04
   2.2265625000000000e-01  -8.8030134896366630e-01  -8.7825422191584179e-01   2.0471270478245041e-03
   2.3046875000000000e-01  -2.8459419011437093e-01  -2.8273042385433816e-01   1.8637662600327620e-03
   2.3828125000000000e-01   5.6667590901814191e-01   5.6677927703080921e-01   1.0336801266730422e-04
   2.4609375000000000e-01   1.0588477587578975e+00   1.0570913410000271e+00   1.7564177578703877e-03
   2.5390625000000000e-01   8.0225683504762335e-01   8.0010358043887209e-01   2.1532546087512650e-03
   2.6171875000000000e-01  -6.3036349571045203e-02  -6.3783684206060995e-02   7.4733463501579223e-04
   2.6953125000000000e-01  -9.3442131660216476e-01  -9.3312439487190357e-01   1.2969217302611913e-03
   2.7734375000000000e-01  -1.1633536038502474e+00  -1.1610804797166698e+00   2.2731241335776087e-03
   2.8515625000000000e-01  -5.3879376043410487e-01  -5.3743577821574584e-01   1.3579822183590329e-03
   2.9296875000000000e-01   5.2102720716739603e-01   5.2032663629657405e-01   7.0057087082198155e-04
   3.0078125000000000e-01   1.2406359241529601e+00   1.2384452702839370e+00   2.1906538690230626e-03
   3.0859375000000000e-01   1.0558161779488182e+00   1.0539550624418252e+00   1.8611155069929719e-03
   3.1640625000000000e-01   6.3180292105580529e-02   6.3210148240922734e-02   2.9856135342204437e-05
   3.2421875000000000e-01  -1.0121808685150584e+00  -1.0102718929271493e+00   1.9089755879091452e-03
   3.3203125000000000e-01  -1.3451975975699879e+00  -1.3429997443446000e+00   2.1978532253879024e-03
   3.3984375000000000e-01  -6.5294950708181299e-01  -6.5230887876904231e-01   6.4062831277067467e-04
   3.4765625000000000e-01   5.5581360611818897e-01   5.5435429271737313e-01   1.4593134008158426e-03
   3.5546875000000000e-01   1.3499573435319598e+00   1.3476268992459843e+00   2.3304442859755081e-03
   3.6328125000000000e-01   1.1010739774682650e+00   1.0998414097110663e+00   1.2325677571987104e-03
   3.7109375000000000e-01  -6.0682286050723344e-03  -5.1674138724161732e-03   9.0081473265616122e-04
   3.7890625000000000e-01  -1.1026504812313864e+00  -1.1003962656485140e+00   2.2542155828724209e-03
   3.8671875000000000e-01  -1.3221997887521393e+00  -1.3205153649879560e+00   1.6844237641833182e-03
   3.9453125000000000e-01  -4.9844641141831419e-01  -4.9875254286559906e-01   3.0613144728486308e-04
   4.0234375000000000e-01   6.9802327348852344e-01   6.9602789273774568e-01   1.9953807507777643e-03
   4.1015625000000000e-01   1.3055711392866907e+00   1.3036218789924878e+00   1.9492602942028370e-03
   4.1796875000000000e-01   8.5539076011189685e-01   8.5514365529223502e-01   2.4710481966183639e-04
   4.2578125000000000e-01  -2.5450607709299200e-01  -2.5290032228589254e-01   1.6057548070994576e-03
   4.3359375000000000e-01  -1.1039568919408427e+00  -1.1019366861710962e+00   2.0202057697464859e-03
   4.4140625000000000e-01  -1.0199802450548270e+00  -1.0192851662630875e+00   6.9507879173946741e-04
   4.4921875000000000e-01  -1.2191615812479152e-01  -1.2307282828340022e-01   1.1566701586086942e-03
   4.5703125000000000e-01   8.0928321052059271e-01   8.0736073851328649e-01   1.9224720073062196e-03
   4.6484375000000000e-01   1.0093713423840509e+00   1.0083708238936473e+00   1.0005184904036124e-03
   4.7265625000000000e-01   3.6687342690995772e-01   3.6759134107991648e-01   7.1791416995875545e-04
   4.8046875000000000e-01  -5.2014349751322198e-01  -5.1843908837601782e-01   1.7044091372041548e-03
   4.8828125000000000e-01  -8.9054814282873007e-01  -8.8939365516457947e-01   1.1544876641506052e-03
   4.9609375000000000e-01  -4.7543912087395857e-01  -4.7578672786046805e-01   3.4760698650948552e-04
   5.0390625000000000e-01   3.0518087341629752e-01   3.0375238858915726e-01   1.4284848271402528e-03
   5.1171875000000000e-01   7.4943239138078854e-01   7.4825225806980045e-01   1.1801333109880963e-03
   5.1953125000000000e-01   4.9863607046172465e-01   4.9871499120078205e-01   7.8920739057408706e-05
   5.2734375000000000e-01  -1.7475752488708887e-01  -1.7360177583419756e-01   1.1557490528913139e-03
   5.3515625000000000e-01  -6.4691763223731991e-01  -6.4580629929983202e-01   1.1113329374878855e-03
   5.4296875000000000e-01  -5.1098633849658548e-01  -5.1091062540974252e-01   7.5713086842954525e-05
   5.5078125000000000e-01   8.0527758838260979e-02   7.9592913551300437e-02   9.3484528696054225e-04
   5.5859375000000000e-01   5.8345127903040561e-01   5.8245047129071070e-01   1.0008077396949089e-03
   5.6640625000000000e-01   5.5920315091205974e-01   5.5907269616743172e-01   1.3045474462802797e-04
   5.7421875000000000e-01   4.7115555476890114e-02   4.7912166740551577e-02   7.9661126366146334e-04
   5.8203125000000000e-01  -4.9944143587324297e-01  -4.9854377979731462e-01   8.9765607592834362e-04
   5.8984375000000000e-01  -6.2290776559023731e-01  -6.2279158422027481e-01   1.1618136996249806e-04
   5.9765625000000000e-01  -2.4037986074585505e-01  -2.4113001377625989e-01   7.5015303040484871e-04
   6.0546875000000000e-01   3.2061330696943519e-01   3.1977155196258444e-01   8.4175500685074178e-04
   6.1328125000000000e-01   6.1975068282778323e-01   6.1967839509920253e-01   7.2287728580699984e-05
   6.2109375000000000e-01   4.5354314017759900e-01   4.5432946022771725e-01   7.8632005011824990e-04
   6.2890625000000000e-01  -2.3773792183232501e-02  -2.2914143650646476e-02   8.5964853258602494e-04
   6.3671875000000000e-01  -4.6031437361824051e-01  -4.6027377317456664e-01   4.0600443673877162e-05
   6.4453125000000000e-01  -5.7494209080720293e-01  -5.7582334723114525e-01   8.8125642394232262e-04
   6.5234375000000000e-01  -3.2293171245231012e-01  -3.2389778615962955e-01   9.6607370731943698e-04
   6.6015625000000000e-01   1.2039335332592881e-01   1.2033240648333390e-01   6.0946842594902795e-05
   6.6796875000000000e-01   4.9136917229285176e-01   4.9236945947532018e-01   1.0002871824684179e-03
   6.7578125000000000e-01   5.7895085110505162e-01   5.8011044514411103e-01   1.1595940390594084e-03
   6.8359375000000000e-01   3.1933537121120259e-01   3.1950563379173913e-01   1.7026258053653986e-04
   6.9140625000000000e-01  -1.6585256629842832e-01  -1.6695059796643522e-01   1.0980316680068991e-03
   6.9921875000000000e-01  -6.0335951139478383e-01  -6.0478305245538277e-01   1.4235410605989429e-03
   7.0703125000000000e-01  -6.9723336928058044e-01  -6.9762888183987826e-01   3.9551255929781703e-04
   7.1484375000000000e-01  -3.2258866135512787e-01  -3.2146480602183974e-01   1.1238553332881263e-03
   7.2265625000000000e-01   3.3655653847414690e-01   3.3828150124510303e-01   1.7249627709561288e-03
   7.3046875000000000e-01   8.4694810787977459e-01   8.4769862255340089e-01   7.5051467362630131e-04
   7.3828125000000000e-01   8.0445661807589175e-01   8.0343223009112230e-01   1.0243879847694481e-03
   7.4609375000000000e-01   1.5877112199658605e-01   1.5676135990362999e-01   2.0097620929560578e-03
   8.7890625000000000e-01  -8.2626734969308813e-01  -8.2388885388857658e-01   2.3784958045115490e-03
   8.8671875000000000e-01   3.7968473201710257e-01   3.7918458167212982e-01   5.0015034497274957e-04
   8.9453125000000000e-01   1.2642985428457942e+00   1.2613251897337452e+00   2.9733531120490486e-03
   9.0234375000000000e-01   1.1264172512925552e+00   1.1235559261215815e+00   2.8613251709737053e-03
   9.1015625000000000e-01   9.5644584014764999e-02   9.5392532437473171e-02   2.5205157729182859e-04
   9.1796875000000000e-01  -9.7901497929683146e-01  -9.7645232208727883e-01   2.5626572095526212e-03
   9.2578125000000000e-01  -1.2301940790342525e+00  -1.2270746464986673e+00   3.1194325355852204e-03
   9.3359375000000000e-01  -4.8171113074232991e-01  -4.8075107790285548e-01   9.6005283947442344e-04
   9.4140625000000000e-01   6.2250718987364173e-01   6.2052148144162267e-01   1.9857084320190621e-03
   9.4921875000000000e-01   1.1703723765349749e+00   1.1672332670401218e+00   3.1391094948531872e-03
   9.5703125000000000e-01   7.4174383152412093e-01   7.4019677507147397e-01   1.5470564526469666e-03
   9.6484375000000000e-01  -2.6386432110034264e-01  -2.6253944657923872e-01   1.3248745211039137e-03
   9.7265625000000000e-01  -9.9377453770166624e-01  -9.9082578488955453e-01   2.9487528121117101e-03
   9.8046875000000000e-01  -8.7030414584558646e-01  -8.6833462161060626e-01   1.9695242349802022e-03
   9.8828125000000000e-01  -5.3103372662513137e-02  -5.3763302311855041e-02   6.5992964934190324e-04
   9.9609375000000000e-01   7.4050817322966245e-01   7.3790425866608422e-01   2.6039145635782246e-03
   7.5390625000000000e-01  -6.8085107983119164e-01  -6.8207199700056576e-01   1.2209171693741139e-03
   7.6171875000000000e-01  -1.0958735638026802e+00  -1.0951104198302302e+00   7.6314397245003107e-04
   7.6953125000000000e-01  -7.2085625300666711e-01  -7.1864085413638867e-01   2.2153988702784400e-03
   7.7734375000000000e-01   2.3316572306252453e-01   2.3493322597564262e-01   1.7675029131180853e-03
   7.8515625000000000e-01   1.0811427276507266e+00   1.0808233413527710e+00   3.1938629795558171e-04
   7.9296875000000000e-01   1.1602855756296266e+00   1.1580129916227839e+00   2.2725840068427150e-03
   8.0078125000000000e-01   3.5738163845316007e-01   3.5506293079614509e-01   2.3187076570149734e-03
   8.0859375000000000e-01  -7.5851059300370616e-01  -7.5879713881211786e-01   2.8654580841169786e-04
   8.1640625000000000e-01  -1.3390314342497045e+00  -1.3369021698553980e+00   2.1292643943064959e-03
   8.2421875000000000e-01  -9.1052743816034643e-01  -9.0774078928198032e-01   2.7866488783661048e-03
   8.3203125000000000e-01   2.3104871842336366e-01   2.3204614354129302e-01   9.9742511792935695e-04
   8.3984375000000000e-01   1.2183971064298929e+00   1.2166311298881287e+00   1.7659765417641360e-03
   8.4765625000000000e-01   1.2773997494325029e+00   1.2743123904152167e+00   3.0873590172861842e-03
   8.5546875000000000e-01   3.4526909268115541e-01   3.4354035573142050e-01   1.7287369497349103e-03
   8.6328125000000000e-01  -8.5880749297951775e-01  -8.5760649796117561e-01   1.2009950183421436e-03
   8.7109375000000000e-01  -1.3891654393689936e+00  -1.3860092747706620e+00   3.1561645983315678e-03
