#                  Coord.                Numerical               Analytical                    Error
   3.9062500000000000e-03   1.4372922492910079e+00   1.4366988367379476e+00   5.9341255306022411e-04
   1.1718750000000000e-02   1.1574141533234341e+00   1.1570545623454327e+00   3.5959097800142281e-04
   1.9531250000000000e-02   6.1768831307167635e-02   6.1925812700426595e-02   1.5698139325896060e-04
   2.7343750000000000e-02  -1.0358257827561070e+00  -1.0353124540558709e+00   5.1332870023612642e-04
   3.5156250000000000e-02  -1.3593427425705333e+00  -1.3589154038228921e+00   4.2733874764122604e-04
   4.2968750000000000e-02  -7.1793586779402963e-01  -7.1793702618355870e-01   1.1583895290767643e-06
   5.0781250000000000e-02   3.9297307215668553e-01   3.9257831705616714e-01   3.9475510051839580e-04
   5.8593750000000000e-02   1.1787074668249851e+00   1.1782719198061660e+00   4.3554701881909352e-04
   6.6406250000000000e-02   1.1159066944830542e+00   1.1157875339849219e+00   1.1916049813232021e-04
   7.4218750000000000e-02   2.9633083421212808e-01   2.9659459587312720e-01   2.6376166099911780e-04
   8.2031250000000000e-02  -6.7742440809141868e-01  -6.7702836187793303e-01   3.9604621348565683e-04
   8.9843750000000000e-02  -1.1383441616940799e+00  -1.1381508096140629e+00   1.9335208001702853e-04
   9.7656250000000000e-02  -8.1118652216365605e-01  -8.1133104557229974e-01   1.4452340864368196e-04
   1.0546875000000000e-01   3.2292746309790843e-02   3.1963787711962580e-02   3.2895859782826331e-04
   1.1328125000000000e-01   7.9794921545941599e-01   7.9772476931878389e-01   2.2444614063210633e-04
   1.2109375000000000e-01   9.8926508505659883e-01   9.8931738361020116e-01   5.2298553602336817e-05
   1.2890625000000000e-01   5.2540039409255823e-01   5.2565711989800956e-01   2.5672580545132995e-04
   1.3671875000000000e-01  -2.4248200052066687e-01  -2.4225560893808926e-01   2.2639158257761749e-04
   1.4453125000000000e-01  -7.9716114523011117e-01  -7.9715343488285439e-01   7.7103472567729980e-06
   1.5234375000000000e-01  -8.0250429972695847e-01  -8.0270151278668234e-01   1.9721305972386638e-04
   1.6015625000000000e-01  -3.0078288876917658e-01  -3.0099659282328622e-01   2.1370405410964244e-04
   1.6796875000000000e-01   3.4936438080796645e-01   3.4932434111961391e-01   4.0039688352533354e-05
   1.7578125000000000e-01   7.2800479372552185e-01   7.2816383287082487e-01   1.5903914530301932e-04
   1.8359375000000000e-01   6.2250510795964131e-01   6.2270909760150495e-01   2.0398964186363333e-04
   1.9140625000000000e-01   1.4106409482252602e-01   1.4112225058211628e-01   5.8155759590255984e-05
   1.9921875000000000e-01  -3.8433250639170202e-01  -3.8447369127399944e-01   1.4118488229741821e-04
   2.0703125000000000e-01  -6.2547736166511880e-01  -6.2568536926301921e-01   2.0800759790040591e-04
   2.1484375000000000e-01  -4.6200106356723930e-01  -4.6207738978551838e-01   7.6326218279076929e-05
   2.2265625000000000e-01  -3.5715423062365304e-02  -3.5580977784954858e-02   1.3444527741044571e-04
   2.3046875000000000e-01   3.6538884231636959e-01   3.6561474056770660e-01   2.2589825133700892e-04
   2.3828125000000000e-01   5.0275361198033464e-01   5.0285745732273657e-01   1.0384534240193144e-04
   2.4609375000000000e-01   3.2832802760710889e-01   3.2820169242670433e-01   1.2633518040455760e-04
   2.5390625000000000e-01  -1.2864291836061970e-02  -1.3115642069537319e-02   2.5135023347534931e-04
   2.6171875000000000e-01  -3.0042051796660474e-01  -3.0056521251365209e-01   1.4469454704735263e-04
   2.6953125000000000e-01  -3.8139702503200146e-01  -3.8128976389225983e-01   1.0726113974163232e-04
   2.7734375000000000e-01  -2.4416481022891956e-01  -2.4388956263123940e-01   2.7524759768016160e-04
   2.8515625000000000e-01   5.0210964750291298e-03   5.2164198819296022e-03   1.9532340690047237e-04
   2.9296875000000000e-01   2.2211541179623506e-01   2.2204269963722278e-01   7.2712159012278121e-05
   3.0078125000000000e-01   3.0148523443617858e-01   3.0119648971449914e-01   2.8874472167944587e-04
   3.0859375000000000e-01   2.1538771251605565e-01   2.1513894724972765e-01   2.4876526632799933e-04
   3.1640625000000000e-01   1.7221646385241873e-02   1.7244920744018857e-02   2.3274358776984028e-05
   3.2421875000000000e-01  -1.8316742968215105e-01  -1.8288074762296178e-01   2.8668205918927492e-04
   3.3203125000000000e-01  -2.7049186350812698e-01  -2.7019384379375377e-01   2.9801971437320995e-04
   3.3984375000000000e-01  -1.9047416380213472e-01  -1.9043869826333104e-01   3.5465538803680641e-05
   3.4765625000000000e-01   5.9396741941230569e-03   5.6695887163025821e-03   2.7008547782047480e-04
   3.5546875000000000e-01   1.8552376493526518e-01   1.8518561620339594e-01   3.3814873186924221e-04
   3.6328125000000000e-01   2.2493575131596411e-01   2.2483949827756924e-01   9.6253038394861212e-05
   3.7109375000000000e-01   1.0730478207169597e-01   1.0754786572461811e-01   2.4308365292213807e-04
   3.7890625000000000e-01  -6.2847056019073588e-02  -6.2478251371703805e-02   3.6880464736978313e-04
   3.8671875000000000e-01  -1.4942881919319750e-01  -1.4927206164520346e-01   1.5675754799404640e-04
   3.9453125000000000e-01  -1.0334799526935895e-01  -1.0355564699136707e-01   2.0765172200812310e-04
   4.0234375000000000e-01   1.7533758900129814e-03   1.3633194117022240e-03   3.9005647831075749e-04
   4.1015625000000000e-01   5.2676504299211280e-02   5.2462840109731408e-02   2.1366418947987159e-04
   4.1796875000000000e-01   1.5127760478627406e-02   1.5295337880488917e-02   1.6757740186151143e-04
   4.2578125000000000e-01  -3.6409362525234856e-02  -3.6005924707414518e-02   4.0343781782033877e-04
   4.3359375000000000e-01  -1.1198036836297887e-02  -1.0930032975724122e-02   2.6800386057376432e-04
   4.4140625000000000e-01   8.2389196232333983e-02   8.2267635552940088e-02   1.2156067939389503e-04
   4.4921875000000000e-01   1.3146816762330182e-01   1.3106055709126960e-01   4.0761053203222652e-04
   4.5703125000000000e-01   4.2465628815503670e-02   4.2146969590855995e-02   3.1865922464767438e-04
   4.6484375000000000e-01  -1.3431133879921620e-01  -1.3424085596523977e-01   7.0482833976426296e-05
   4.7265625000000000e-01  -2.2691773486148084e-01  -2.2651488466639813e-01   4.0285019508271014e-04
   4.8046875000000000e-01  -1.1162715206257678e-01  -1.1126286776163763e-01   3.6428430093915498e-04
   4.8828125000000000e-01   1.3710284828197045e-01   1.3708674052684669e-01   1.6107755123756506e-05
   4.9609375000000000e-01   2.8843346491447464e-01   2.8804328713582761e-01   3.9017777864702730e-04
   5.0390625000000000e-01   1.7451542100769526e-01   1.7411049222904890e-01   4.0492877864636845e-04
   5.1171875000000000e-01  -1.2305178504060534e-01  -1.2309373165004879e-01   4.1946609443455074e-05
   5.1953125000000000e-01  -3.2404385640716904e-01  -3.2367754512701213e-01   3.6631128015690573e-04
   5.2734375000000000e-01  -2.1524474345768385e-01  -2.1480547776601247e-01   4.3926569167138108e-04
   5.3515625000000000e-01   1.2180538109987016e-01   1.2190876145235029e-01   1.0338035248012856e-04
   5.4296875000000000e-01   3.6309084752582199e-01   3.6275682442599061e-01   3.3402309983138201e-04
   5.5078125000000000e-01   2.5061290784270490e-01   2.5014509220262415e-01   4.6781564008074872e-04
   5.5859375000000000e-01  -1.3537746178861765e-01  -1.3554656026890710e-01   1.6909848028945351e-04
   5.6640625000000000e-01  -4.2462182169038731e-01  -4.2433129650149259e-01   2.9052518889471912e-04
   5.7421875000000000e-01  -3.0737263078314714e-01  -3.0688386188208688e-01   4.8876890106025472e-04
   5.8203125000000000e-01   1.4250605869554100e-01   1.4274440250723180e-01   2.3834381169079988e-04
   5.8984375000000000e-01   5.0364330495945087e-01   5.0340728401672818e-01   2.3602094272268115e-04
   5.9765625000000000e-01   3.9907315861791659e-01   3.9857085248234214e-01   5.0230613557444848e-04
   6.0546875000000000e-01  -1.1928555758459169e-01  -1.1959663310934648e-01   3.1107552475478917e-04
   6.1328125000000000e-01  -5.8016522201563370e-01  -5.7999479111094121e-01   1.7043090469248678e-04
   6.2109375000000000e-01  -5.2122916418624388e-01  -5.2072032446544225e-01   5.0883972080162376e-04
   6.2890625000000000e-01   5.3372938290362798e-02   5.3762080564317895e-02   3.8914227395509676e-04
   6.3671875000000000e-01   6.3480730280411879e-01   6.3471652585332317e-01   9.0776950795623534e-05
   6.4453125000000000e-01   6.6129975360214721e-01   6.6079822797602450e-01   5.0152562612271190e-04
   6.5234375000000000e-01   5.7370506751325878e-02   5.6901230884403596e-02   4.6927586692228213e-04
   6.6015625000000000e-01  -6.5463276386276625e-01  -6.5464142543327042e-01   8.6615705041648283e-06
   6.6796875000000000e-01  -8.0775291624887868e-01  -8.0727745486750024e-01   4.7546138137843919e-04
   6.7578125000000000e-01  -2.1315081146992443e-01  -2.1260344782538773e-01   5.4736364453669695e-04
   6.8359375000000000e-01   6.2812046627411811e-01   6.2824794732512312e-01   1.2748105100501839e-04
   6.9140625000000000e-01   9.4899013091474582e-01   9.4856855267790652e-01   4.2157823683930395e-04
   6.9921875000000000e-01   4.1485584427940969e-01   4.1424415108641083e-01   6.1169319299886338e-04
   7.0703125000000000e-01  -5.3964824551045498e-01  -5.3990742849905671e-01   2.5918298860172495e-04
   7.1484375000000000e-01  -1.0664046990019804e+00  -1.0660680338687833e+00   3.3666513319707825e-04
   7.2265625000000000e-01  -6.5808224309888375e-01  -6.5743101976390372e-01   6.5122333498002227e-04
   7.3046875000000000e-01   3.7163967801631026e-01   3.7203297182230882e-01   3.9329380599856245e-04
   7.3828125000000000e-01   1.1309125728143687e+00   1.1306900024852782e+00   2.2257032909056562e-04
   7.4609375000000000e-01   9.2503221710774697e-01   9.2437348129447472e-01   6.5873581327224873e-04
   8.7890625000000000e-01  -8.1636469216230956e-01  -8.1571328030302892e-01   6.5141185928063727e-04
   8.8671875000000000e-01   6.0970984986930143e-01   6.0983161610553938e-01   1.2176623623794125e-04
   8.9453125000000000e-01   1.5620468117698447e+00   1.5615436433945258e+00   5.0316837531894087e-04
   9.0234375000000000e-01   1.2889946812886641e+00   1.2882952411230861e+00   6.9944016557799138e-04
   9.1015625000000000e-01   8.1420550266371183e-03   7.8321763124953366e-03   3.0987871414178171e-04
   9.1796875000000000e-01  -1.2768456356770328e+00  -1.2765140849900631e+00   3.3155068696966161e-04
   9.2578125000000000e-01  -1.5709780539846061e+00  -1.5702907341507826e+00   6.8731983382352979e-04
   9.3359375000000000e-01  -6.5867747749092143e-01  -6.5821024307198139e-01   4.6723441894003237e-04
   9.4140625000000000e-01   7.4647929589941264e-01   7.4634359381744231e-01   1.3570208197033473e-04
   9.4921875000000000e-01   1.5694134458079905e+00   1.5687995842986446e+00   6.1386150934583661e-04
   9.5703125000000000e-01   1.2001093297530434e+00   1.1995357838287801e+00   5.7354592426328566e-04
   9.6484375000000000e-01  -5.9088571440093274e-02  -5.9148701770269776e-02   6.0130330176502711e-05
   9.7265625000000000e-01  -1.2489853027132027e+00  -1.2484969542595272e+00   4.8834845367551338e-04
   9.8046875000000000e-01  -1.4909657912033747e+00  -1.4903493182070773e+00   6.1647299629741248e-04
   9.8828125000000000e-01  -6.3482240537529688e-01  -6.3459033119714103e-01   2.3207417815584996e-04
   9.9609375000000000e-01   6.5927116802844032e-01   6.5894309854977173e-01   3.2806947866859115e-04
   7.5390625000000000e-01  -1.1325420040681505e-01  -1.1377480887798595e-01   5.2060847117089970e-04
   7.6171875000000000e-01  -1.1070561175671667e+00  -1.1069725887587571e+00   8.3528808409560895e-05
   7.6953125000000000e-01  -1.1810698300150497e+00  -1.1804443218597631e+00   6.2550815528661374e-04
   7.7734375000000000e-01  -2.3036703497305036e-01  -2.2973931526382496e-01   6.2771970922539944e-04
   7.8515625000000000e-01   9.6214052302791753e-01   9.6221826043694125e-01   7.7737409023725945e-05
   7.9296875000000000e-01   1.3774378715904341e+00   1.3768901745934121e+00   5.4769699702195140e-04
   8.0078125000000000e-01   6.3222146713632121e-01   6.3151789633009092e-01   7.0357080623029145e-04
   8.0859375000000000e-01  -6.7669544227536726e-01  -6.7694405127305302e-01   2.4860899768575084e-04
   8.1640625000000000e-01  -1.4584882056395163e+00  -1.4580639131748681e+00   4.2429246464825709e-04
   8.2421875000000000e-01  -1.0415441734990092e+00  -1.0408098142833881e+00   7.3435921562103879e-04
   8.3203125000000000e-01   2.5473418451201080e-01   2.5514659870409007e-01   4.1241419207926899e-04
   8.3984375000000000e-01   1.3727822440287201e+00   1.3725199104379731e+00   2.6233359074701035e-04
   8.4765625000000000e-01   1.3866549823688739e+00   1.3859435802450637e+00   7.1140212381015644e-04
   8.5546875000000000e-01   2.6728815510570803e-01   2.6673661707075280e-01   5.5153803495522347e-04
   8.6328125000000000e-01  -1.0882952106275252e+00  -1.0882205896292449e+00   7.4620998280261475e-05
   8.7109375000000000e-01  -1.5849908899191936e+00  -1.5843576827713328e+00   6.3320714786074817e-04
