#                  Coord.                Numerical               Analytical                    Error
   3.9062500000000000e-03  -2.4718440353607374e-01  -2.4719042184056181e-01   6.0183044880701697e-06
   1.1718750000000000e-02  -3.7439904363143028e-01  -3.7441582182470928e-01   1.6778193278998987e-05
   1.9531250000000000e-02  -2.9019314610091707e-01  -2.9020542842961161e-01   1.2282328694546152e-05
   2.7343750000000000e-02  -9.1134793054222785e-03  -9.1101818748959614e-03   3.2974305263170495e-06
   3.5156250000000000e-02   3.2233800526495626e-01   3.2235447464182349e-01   1.6469376867223051e-05
   4.2968750000000000e-02   4.9253914977239810e-01   4.9255403601499087e-01   1.4886242592770937e-05
   5.0781250000000000e-02   3.5946590377037180e-01   3.5946625796556020e-01   3.5419518840118513e-07
   5.8593750000000000e-02  -3.3164136342676398e-02  -3.3179611871414681e-02   1.5475528738283229e-05
   6.6406250000000000e-02  -4.5351767859034098e-01  -4.5353546221091878e-01   1.7783620577804804e-05
   7.4218750000000000e-02  -6.1721258256604461e-01  -6.1721701449185140e-01   4.4319258067915257e-06
   8.2031250000000000e-02  -3.8147132271006989e-01  -3.8145792966222181e-01   1.3393047848087036e-05
   8.9843750000000000e-02   1.3687715708413867e-01   1.3689707961949230e-01   1.9922535353628090e-05
   9.7656250000000000e-02   6.1345892091747412e-01   6.1346828317744406e-01   9.3622599699472175e-06
   1.0546875000000000e-01   7.1920497916670389e-01   7.1919507622308942e-01   9.9029436144704164e-06
   1.1328125000000000e-01   3.4675254839944236e-01   3.4673155672797740e-01   2.0991671464964945e-05
   1.2109375000000000e-01  -2.9400217635275994e-01  -2.9401667351356364e-01   1.4497160803705889e-05
   1.2890625000000000e-01  -7.8929243801841442e-01  -7.8928737058839427e-01   5.0674300201558609e-06
   1.3671875000000000e-01  -7.8640995875214637e-01  -7.8638904169486357e-01   2.0917057282798801e-05
   1.4453125000000000e-01  -2.4335218588603658e-01  -2.4333296207287741e-01   1.9223813159163772e-05
   1.5234375000000000e-01   5.1128280464590503e-01   5.1128418379488172e-01   1.3791489766878939e-06
   1.6015625000000000e-01   9.7101761115815244e-01   9.7099981673775582e-01   1.7794420396621824e-05
   1.6796875000000000e-01   7.8984483057225574e-01   7.8982314063394343e-01   2.1689938312308144e-05
   1.7578125000000000e-01   4.2544664004974697e-02   4.2536623239911593e-02   8.0407650631039718e-06
   1.8359375000000000e-01  -7.8833958503927559e-01  -7.8832750970117538e-01   1.2075338100214772e-05
   1.9140625000000000e-01  -1.1198589394877221e+00  -1.1198373192684108e+00   2.1620219311291322e-05
   1.9921875000000000e-01  -6.7888543863540696e-01  -6.7887199167671441e-01   1.3446958692542310e-05
   2.0703125000000000e-01   2.7371220159227888e-01   2.7370710323394520e-01   5.0983583336772220e-06
   2.1484375000000000e-01   1.0880007297082535e+00   1.0879822926253213e+00   1.8437082932143412e-05
   2.2265625000000000e-01   1.1675075011488116e+00   1.1674910075173903e+00   1.6493631421310440e-05
   2.3046875000000000e-01   4.0941129570008911e-01   4.0940946335582740e-01   1.8323442617096397e-06
   2.3828125000000000e-01  -6.8413503042307078e-01  -6.8412224204291017e-01   1.2788380160611013e-05
   2.4609375000000000e-01  -1.3337252443689163e+00  -1.3337080315678953e+00   1.7212801020960455e-05
   2.5390625000000000e-01  -1.0401336000451269e+00  -1.0401254383521712e+00   8.1616929556993512e-06
   2.6171875000000000e-01   2.7818531124467805e-02   2.7813895779030432e-02   4.6353454373725123e-06
   2.6953125000000000e-01   1.1184429299839853e+00   1.1184292188813814e+00   1.3711102603952696e-05
   2.7734375000000000e-01   1.4247696365642322e+00   1.4247582197024142e+00   1.1416861817936663e-05
   2.8515625000000000e-01   6.8626104281369749e-01   6.8625895228454736e-01   2.0905291501227552e-06
   2.9296875000000000e-01  -5.8658052695523999e-01  -5.8657232779632806e-01   8.1991589119256858e-06
   3.0078125000000000e-01  -1.4593032692720018e+00  -1.4592915888807261e+00   1.1680391275747937e-05
   3.0859375000000000e-01  -1.2618030075459121e+00  -1.2617950103279489e+00   7.9972179631848661e-06
   3.1640625000000000e-01  -1.0992722214785466e-01  -1.0992835023139233e-01   1.1280835376659137e-06
   3.2421875000000000e-01   1.1501552583209023e+00   1.1501467743545555e+00   8.4839663467839443e-06
   3.3203125000000000e-01   1.5621623773594058e+00   1.5621513825927742e+00   1.0994766631577946e-05
   3.3984375000000000e-01   7.9166335614489203e-01   7.9165794557648239e-01   5.4105684096361628e-06
   3.4765625000000000e-01  -5.9461028372232116e-01  -5.9460708523266803e-01   3.1984896531334073e-06
   3.5546875000000000e-01  -1.5403429942772202e+00  -1.5403321421912826e+00   1.0852085937651523e-05
   3.6328125000000000e-01  -1.3079794162189471e+00  -1.3079686639124750e+00   1.0752306472072704e-05
   3.7109375000000000e-01  -6.3054035181107054e-02  -6.3051442967081789e-02   2.5922140252654380e-06
   3.7890625000000000e-01   1.2350357914255072e+00   1.2350261899766679e+00   9.6014488393247888e-06
   3.8671875000000000e-01   1.5721286620236923e+00   1.5721103315617670e+00   1.8330461925231134e-05
   3.9453125000000000e-01   6.7939125976895287e-01   6.7938010233396473e-01   1.1157434988140480e-05
   4.0234375000000000e-01  -7.4260653820837785e-01  -7.4260356207436751e-01   2.9761340103462430e-06
   4.1015625000000000e-01  -1.5696604881512823e+00  -1.5696438927986018e+00   1.6595352680504050e-05
   4.1796875000000000e-01  -1.1476505474937548e+00  -1.1476340597222432e+00   1.6487771511641824e-05
   4.2578125000000000e-01   1.8009139161059601e-01   1.8009591954559204e-01   4.5279349960292148e-06
   4.3359375000000000e-01   1.3448901556783905e+00   1.3448777191748458e+00   1.2436503544765998e-05
   4.4140625000000000e-01   1.4143122273786368e+00   1.4142937161252298e+00   1.8511253407016426e-05
   4.4921875000000000e-01   3.4736240978491478e-01   3.4735139660600700e-01   1.1013178907781640e-05
   4.5703125000000000e-01  -9.7560904396919290e-01  -9.7560216458138738e-01   6.8793878055251056e-06
   4.6484375000000000e-01  -1.4770969456808549e+00  -1.4770791810100241e+00   1.7764670830811014e-05
   4.7265625000000000e-01  -7.6648541237714918e-01  -7.6647015998689794e-01   1.5252390251241366e-05
   4.8046875000000000e-01   5.4700690491536585e-01   5.4700551449839319e-01   1.3904169726686177e-06
   4.8828125000000000e-01   1.3709371057955613e+00   1.3709211072399798e+00   1.5998555581431262e-05
   4.9609375000000000e-01   1.0417920863623373e+00   1.0417738207600904e+00   1.8265602246936297e-05
   5.0390625000000000e-01  -1.3238789073685744e-01  -1.3239113201071587e-01   3.2412738584230993e-06
   5.1171875000000000e-01  -1.1501373924892049e+00  -1.1501199833858056e+00   1.7409103399312897e-05
   5.1953125000000000e-01  -1.1711235271373295e+00  -1.1711019493756347e+00   2.1577761694757669e-05
   5.2734375000000000e-01  -2.1694919764708187e-01  -2.1693999418200549e-01   9.2034650763794801e-06
   5.3515625000000000e-01   8.7274769289015697e-01   8.7273598950119813e-01   1.1703388958839156e-05
   5.4296875000000000e-01   1.1763034142462570e+00   1.1762819571771574e+00   2.1457069099506398e-05
   5.5078125000000000e-01   4.7449328920465889e-01   4.7447904948862613e-01   1.4239716032760086e-05
   5.5859375000000000e-01  -5.8918958481869965e-01  -5.8918515232257840e-01   4.4324961212538483e-06
   5.6640625000000000e-01  -1.0924695794057460e+00  -1.0924524158262645e+00   1.7163579481449531e-05
   5.7421875000000000e-01  -6.3645292189975822e-01  -6.3643695732424266e-01   1.5964575515559076e-05
   5.8203125000000000e-01   3.3478631686660792e-01   3.3478773281609869e-01   1.4159494907683978e-06
   5.8984375000000000e-01   9.5714829443855587e-01   9.5713703554231189e-01   1.1258896243981908e-05
   5.9765625000000000e-01   7.1547706266717537e-01   7.1546295390938119e-01   1.4108757794173421e-05
   6.0546875000000000e-01  -1.2707722978474895e-01  -1.2708201822514245e-01   4.7884403935050113e-06
   6.1328125000000000e-01  -8.0072636910738548e-01  -8.0072027749185504e-01   6.0916155304457931e-06
   6.2109375000000000e-01  -7.3086105147085290e-01  -7.3084952306117645e-01   1.1528409676442308e-05
   6.2890625000000000e-01  -3.0364874309680101e-02  -3.0357893417583048e-02   6.9808920970526600e-06
   6.3671875000000000e-01   6.4232493148937020e-01   6.4232044655827336e-01   4.4849310968375633e-06
   6.4453125000000000e-01   6.9945518282421071e-01   6.9944567671709845e-01   9.5061071122559682e-06
   6.5234375000000000e-01   1.3930087225194510e-01   1.3929375343143502e-01   7.1188205100769508e-06
   6.6015625000000000e-01  -4.9362713623892784e-01  -4.9362656822857726e-01   5.6801035058784421e-07
   6.6796875000000000e-01  -6.3356771959724623e-01  -6.3356182588755805e-01   5.8937096881761519e-06
   6.7578125000000000e-01  -2.0061143224350408e-01  -2.0060447154714584e-01   6.9606963582491410e-06
   6.8359375000000000e-01   3.6622321381300005e-01   3.6622710205606884e-01   3.8882430687947611e-06
   6.9140625000000000e-01   5.4683351383696233e-01   5.4683290953705832e-01   6.0429990400567846e-07
   6.9921875000000000e-01   2.1711760130261348e-01   2.1711260337081212e-01   4.9979318013648744e-06
   7.0703125000000000e-01  -2.7264750792042963e-01  -2.7265376412021541e-01   6.2561997857812912e-06
   7.1484375000000000e-01  -4.5939802666757451e-01  -4.5940239916572490e-01   4.3724981503845406e-06
   7.2265625000000000e-01  -2.0213935168763242e-01  -2.0213814840946154e-01   1.2032781708803952e-06
   7.3046875000000000e-01   2.1696276259642011e-01   2.1696953105969394e-01   6.7684632738262973e-06
   7.3828125000000000e-01   3.9177059695884364e-01   3.9177832516419514e-01   7.7282053514982074e-06
   7.4609375000000000e-01   1.8073992130026401e-01   1.8074206660584780e-01   2.1453055837894475e-06
   8.7890625000000000e-01   1.4737297592322174e-02   1.4743630071687532e-02   6.3324793653576905e-06
   8.8671875000000000e-01  -8.2220519404471754e-02  -8.2207020456017479e-02   1.3498948454274129e-05
   8.9453125000000000e-01  -1.4222188136182101e-01  -1.4221282411736680e-01   9.0572444542136310e-06
   9.0234375000000000e-01  -7.4404808498978625e-02  -7.4408512724631046e-02   3.7042256524205674e-06
   9.1015625000000000e-01   9.1750278634695759e-02   9.1737083081808779e-02   1.3195552886979822e-05
   9.1796875000000000e-01   2.2190386101384874e-01   2.2189211876970016e-01   1.1742244148571501e-05
   9.2578125000000000e-01   1.9605742091213552e-01   1.9605783030439339e-01   4.0939225787184341e-07
   9.3359375000000000e-01   1.6729508654707140e-02   1.6742070094273240e-02   1.2561439566100008e-05
   9.4140625000000000e-01  -1.9109215035138633e-01  -1.9107799559701216e-01   1.4154754374162692e-05
   9.4921875000000000e-01  -2.8028866058588287e-01  -2.8028591901271005e-01   2.7415731728153148e-06
   9.5703125000000000e-01  -1.9007108311696691e-01  -1.9008193093070239e-01   1.0847813735476164e-05
   9.6484375000000000e-01   2.0900175074721528e-02   2.0884548412704904e-02   1.5626662016623299e-05
   9.7265625000000000e-01   2.2485501802097785e-01   2.2484880780902788e-01   6.2102119499640729e-06
   9.8046875000000000e-01   3.0564384312864645e-01   3.0565247227074394e-01   8.6291420974826671e-06
   9.8828125000000000e-01   2.1613362003409475e-01   2.1615010249231759e-01   1.6482458222832896e-05
   9.9609375000000000e-01  -4.6724811110832598e-03  -4.6631297316274099e-03   9.3513794558498786e-06
   7.5390625000000000e-01  -1.8460788445252130e-01  -1.8461485738808570e-01   6.9729355643977087e-06
   7.6171875000000000e-01  -3.4877956443351377e-01  -3.4878789188834458e-01   8.3274548308143181e-06
   7.6953125000000000e-01  -1.7497918165064386e-01  -1.7498264396434721e-01   3.4623137033507057e-06
   7.7734375000000000e-01   1.4760956091137167e-01   1.4761462425552507e-01   5.0633441533998180e-06
   7.8515625000000000e-01   3.1052392005235796e-01   3.1053294610581067e-01   9.0260534527097924e-06
   7.9296875000000000e-01   1.8286188225274561e-01   1.8286773310970336e-01   5.8508569577564451e-06
   8.0078125000000000e-01  -8.8387263248114009e-02  -8.8390394735291908e-02   3.1314871778986841e-06
   8.0859375000000000e-01  -2.4669844198560553e-01  -2.4670841039582772e-01   9.9684102221886395e-06
   8.1640625000000000e-01  -1.7417492256601974e-01  -1.7418361417395470e-01   8.6916079349574904e-06
   8.2421875000000000e-01   2.2781354256078190e-02   2.2781917736234742e-02   5.6348015655197092e-07
   8.3203125000000000e-01   1.4881522344261006e-01   1.4882465646130261e-01   9.4330186925506432e-06
   8.3984375000000000e-01   1.1610880938884108e-01   1.1611997326322368e-01   1.1163874382602579e-05
   8.4765625000000000e-01   4.6783381398460833e-03   4.6813650848961793e-03   3.0269450500960624e-06
   8.5546875000000000e-01  -5.1366345264047472e-02  -5.1374393502122473e-02   8.0482380750007687e-06
   8.6328125000000000e-01  -1.2200532756276500e-02  -1.2213409340327379e-02   1.2876584050879047e-05
   8.7109375000000000e-01   4.1042517673790968e-02   4.1035891577032413e-02   6.6260967585551889e-06
