#                  Coord.                Numerical               Analytical                    Error
   5.0390625000000000e-01   1.1149182210735229e+00   5.4870869899090629e+00   4.3721687688355395e+00
   5.1171875000000000e-01   1.1149182241690156e+00   3.5584435437895761e+00   2.4435253196205604e+00
   5.1953125000000000e-01   1.7139456113383469e+00   7.3001306859412001e+00   5.5861850746028532e+00
   5.2734375000000000e-01   2.3463243657087363e+00   1.9696671969341850e+00   3.7665716877455124e-01
   5.3515625000000000e-01   3.2011270656261863e+00   8.5694124114811174e+00   5.3682853458549307e+00
   5.4296875000000000e-01   4.0877394145794694e+00   1.0959576580248729e+00   2.9917817565545963e+00
   5.5078125000000000e-01   5.1108514777461318e+00   8.9951818038537024e+00   3.8843303261075706e+00
   5.5859375000000000e-01   6.0423172909272145e+00   1.1436479624240450e+00   4.8986693285031695e+00
   5.6640625000000000e-01   6.9921231596458497e+00   8.4768902399979495e+00   1.4847670803520998e+00
   5.7421875000000000e-01   7.7484698260084670e+00   2.1014756884391050e+00   5.6469941375693615e+00
   5.8203125000000000e-01   8.4125871214925994e+00   7.1369361450319140e+00   1.2756509764606854e+00
   5.8984375000000000e-01   8.7913549780816886e+00   3.7432426623502484e+00   5.0481123157314407e+00
   5.9765625000000000e-01   8.9807389063762333e+00   5.2917596896852430e+00   3.6889792166909903e+00
   6.0546875000000000e-01   8.9807389063762333e+00   5.6812333471291989e+00   3.2995055592470344e+00
   6.1328125000000000e-01   8.6592056432219469e+00   3.3771130797608531e+00   5.2820925634610933e+00
   6.2109375000000000e-01   8.1750967635208891e+00   7.4577767632494165e+00   7.1732000027147258e-01
   6.2890625000000000e-01   7.4481468220382707e+00   1.8451544170980967e+00   5.6029924049401743e+00
   6.3671875000000000e-01   6.6404599531057391e+00   8.6533289098992636e+00   2.0128689567935245e+00
   6.4453125000000000e-01   5.6566655124372964e+00   1.0576671856124307e+00   4.5989983268248658e+00
   6.5234375000000000e-01   4.7161419428452813e+00   8.9855512153148087e+00   4.2694092724695274e+00
   6.6015625000000000e-01   3.7078334103816948e+00   1.2006223785752204e+00   2.5072110318064746e+00
   6.6796875000000000e-01   2.8565848080261906e+00   8.3759868999385318e+00   5.5194020919123412e+00
   6.7578125000000000e-01   2.0618817770874043e+00   2.2402600591067121e+00   1.7837828201930783e-01
   6.8359375000000000e-01   1.5009368593511438e+00   6.9685891310864552e+00   5.4676522717353109e+00
   6.9140625000000000e-01   1.0384294382589019e+00   3.9310620215009746e+00   2.8926325832420727e+00
   6.9921875000000000e-01   1.0384294382589019e+00   5.0957254069683362e+00   4.0572959687094343e+00
   7.0703125000000000e-01   1.1335795786311158e+00   5.8737327498443133e+00   4.7401531712131977e+00
   7.1484375000000000e-01   1.3238798593755436e+00   3.1996864887678726e+00   1.8758066293923290e+00
   7.2265625000000000e-01   1.9585081096164136e+00   7.6094960373560410e+00   5.6509879277396271e+00
   7.3046875000000000e-01   2.6562305451111468e+00   1.7282361328999718e+00   9.2799441221117496e-01
   7.3828125000000000e-01   3.5629006946446760e+00   8.7284384152766741e+00   5.1655377206319981e+00
   7.4609375000000000e-01   4.4763382273198475e+00   1.0288683345544143e+00   3.4474698927654330e+00
   8.7890625000000000e-01   1.8056421353306078e+00   2.5374064086253467e+00   7.3176427329473892e-01
   8.8671875000000000e-01   1.3215332582050583e+00   6.6180671829420525e+00   5.2965339247369947e+00
   8.9453125000000000e-01   9.9999999968744291e-01   4.3139501612433389e+00   3.3139501615558959e+00
   9.0234375000000000e-01   9.9999999968744291e-01   4.7034204310572063e+00   3.7034204313697634e+00
   9.1015625000000000e-01   1.1893839310180361e+00   6.2519407849370037e+00   5.0625568539189674e+00
   9.1796875000000000e-01   1.5681517936792224e+00   2.8582442361805849e+00   1.2900924425013625e+00
   9.2578125000000000e-01   2.2322690900185211e+00   7.8937073146051500e+00   5.6614382245866288e+00
   9.3359375000000000e-01   2.9886157581698534e+00   1.5182907426035155e+00   1.4703250155663379e+00
   9.4140625000000000e-01   3.9384216281430966e+00   8.8515343181309429e+00   4.9131126899878463e+00
   9.4921875000000000e-01   4.8698874417648224e+00   9.9999997903319315e-01   3.8698874627316293e+00
   9.5703125000000000e-01   5.8929995046102546e+00   8.8992237924157607e+00   3.0062242878055061e+00
   9.6484375000000000e-01   6.7796118525519278e+00   1.4257701815941268e+00   5.3538416709578005e+00
   9.7265625000000000e-01   7.6344145506479109e+00   8.0255135118047303e+00   3.9109896115681941e-01
   9.8046875000000000e-01   8.2667933027933920e+00   2.6950525358933421e+00   5.5717407669000494e+00
   9.8828125000000000e-01   8.8658206871630192e+00   6.4367366868185876e+00   2.4290840003444316e+00
   9.9609375000000000e-01   8.8658206871630192e+00   4.5080965307696319e+00   4.3577241563933873e+00
   7.5390625000000000e-01   5.5044006920916830e+00   8.9663132811021402e+00   3.4619125890104572e+00
   7.6171875000000000e-01   6.4178382240372498e+00   1.2667440244996484e+00   5.1510941995376012e+00
   7.6953125000000000e-01   7.3245083720254192e+00   8.2669447080324900e+00   9.4243633600707089e-01
   7.7734375000000000e-01   8.0222308055036393e+00   2.3856870813136783e+00   5.6365437241899610e+00
   7.8515625000000000e-01   8.6568590546857287e+00   6.7954938097930535e+00   1.8613652448926752e+00
   7.9296875000000000e-01   8.8471593292689619e+00   4.1214507421666919e+00   4.7257085871022699e+00
   8.0078125000000000e-01   8.9423094665605785e+00   4.8994547096586993e+00   4.0428547569018791e+00
   8.0859375000000000e-01   8.9423094665605785e+00   6.0641214501318643e+00   2.8781880164287141e+00
   8.1640625000000000e-01   8.4798020409544979e+00   3.0265912070094814e+00   5.4532108339450165e+00
   8.2421875000000000e-01   7.9188571208064173e+00   7.7549230032409699e+00   1.6393411756544740e-01
   8.3203125000000000e-01   7.1241540877879412e+00   1.6191940107272931e+00   5.5049600770606482e+00
   8.3984375000000000e-01   6.2729054841485752e+00   8.7945599822359899e+00   2.5216544980874147e+00
   8.4765625000000000e-01   5.2645969510453208e+00   1.0096304838055112e+00   4.2549664672398091e+00
   8.5546875000000000e-01   4.3240733816006669e+00   8.9375143470842850e+00   4.6134409654836182e+00
   8.6328125000000000e-01   3.3402789418840371e+00   1.3418536073605711e+00   1.9984253345234659e+00
   8.7109375000000000e-01   2.5325920744952466e+00   8.1500263564713471e+00   5.6174342819761005e+00
   3.9062500000000000e-03   8.8658206856152759e+00   4.5080948349116676e+00   4.3577258507036083e+00
   1.1718750000000000e-02   8.8658206825197858e+00   6.4367382810310438e+00   2.4290824014887420e+00
   1.9531250000000000e-02   8.2667932953504515e+00   2.6950511388794820e+00   5.5717421564709699e+00
   2.7343750000000000e-02   7.6344145409800790e+00   8.0255146278864906e+00   3.9110008690641163e-01
   3.5156250000000000e-02   6.7796118410626809e+00   1.4257694133395957e+00   5.3538424277230856e+00
   4.2968750000000000e-02   5.8929994921094027e+00   8.8992241667958236e+00   3.0062246746864210e+00
   5.0781250000000000e-02   4.8698874289427074e+00   1.0000000209669877e+00   3.8698874079757197e+00
   5.8593750000000000e-02   3.9384216157616012e+00   8.8515338623966571e+00   4.9131122466350554e+00
   6.6406250000000000e-02   2.9886157470429269e+00   1.5182915848227054e+00   1.4703241622202214e+00
   7.4218750000000000e-02   2.2322690806803052e+00   7.8937061363815753e+00   5.6614370557012705e+00
   8.2031250000000000e-02   1.5681517851962246e+00   2.8582456797887521e+00   1.2900938945925275e+00
   8.9843750000000000e-02   1.1893839286071091e+00   6.2519391624704825e+00   5.0625552338633737e+00
   9.7656250000000000e-02   1.0000000003125513e+00   4.7034221351354883e+00   3.7034221348229370e+00
   1.0546875000000000e-01   1.0000000003125513e+00   4.3139484776914783e+00   3.3139484773789269e+00
   1.1328125000000000e-01   1.3215332634668020e+00   6.6180687450598246e+00   5.2965354815930228e+00
   1.2109375000000000e-01   1.8056421431678562e+00   2.5374050615713064e+00   7.3176291840345020e-01
   1.2890625000000000e-01   2.5325920846505059e+00   8.1500274077226020e+00   5.6174353230720957e+00
   1.3671875000000000e-01   3.3402789535830304e+00   1.3418529149214320e+00   1.9984260386615984e+00
   1.4453125000000000e-01   4.3240733942514211e+00   8.9375146392082510e+00   4.6134412449568298e+00
   1.5234375000000000e-01   5.2645969638434309e+00   1.0096306095058769e+00   4.2549663543375544e+00
   1.6015625000000000e-01   6.2729054963070530e+00   8.7945594462454633e+00   2.5216539499384103e+00
   1.6796875000000000e-01   7.1241540986625589e+00   1.6191949248821509e+00   5.5049591737804082e+00
   1.7578125000000000e-01   7.9188571296013155e+00   7.7549217657140517e+00   1.6393536388726382e-01
   1.8359375000000000e-01   8.4798020473375875e+00   3.0265926937342460e+00   5.4532093536033415e+00
   1.9140625000000000e-01   8.9423094684298938e+00   6.0641198033198664e+00   2.8781896651100274e+00
   1.9921875000000000e-01   8.9423094684298938e+00   4.8994564178521980e+00   4.0428530505776958e+00
   2.0703125000000000e-01   8.8471593280576730e+00   4.1214490749765860e+00   4.7257102530810871e+00
   2.1484375000000000e-01   8.6568590473132314e+00   6.7954953360526273e+00   1.8613637112606041e+00
   2.2265625000000000e-01   8.0222307970723907e+00   2.3856857874646811e+00   5.6365450096077101e+00
   2.3046875000000000e-01   7.3245083615776831e+00   8.2669456919206592e+00   9.4243733034297605e-01
   2.3828125000000000e-01   6.4178382120442130e+00   1.2667434095440528e+00   5.1510948025001602e+00
   2.4609375000000000e-01   5.5044006793690308e+00   8.9663134902662573e+00   3.4619128108972266e+00
   2.5390625000000000e-01   4.4763382145970976e+00   1.0288685437185301e+00   3.4474696708785677e+00
   2.6171875000000000e-01   3.5629006826515148e+00   8.7284378003211192e+00   5.1655371176696043e+00
   2.6953125000000000e-01   2.6562305346633943e+00   1.7282371167880772e+00   9.2799341787531708e-01
   2.7734375000000000e-01   1.9585081011851866e+00   7.6094947435072164e+00   5.6509866423220299e+00
   2.8515625000000000e-01   1.3238798520031199e+00   3.1996880150275482e+00   1.8758081630244283e+00
   2.9296875000000000e-01   1.1335795774198312e+00   5.8737310826540963e+00   4.7401515052342651e+00
   3.0078125000000000e-01   1.0384294401281866e+00   5.0957271151618357e+00   4.0572976750336487e+00
   3.0859375000000000e-01   1.0384294401281866e+00   3.9310603746889758e+00   2.8926309345607892e+00
   3.1640625000000000e-01   1.5009368657342972e+00   6.9685906178110217e+00   5.4676537520767248e+00
   3.2421875000000000e-01   2.0618817858823730e+00   2.2402588215798751e+00   1.7837703569750207e-01
   3.3203125000000000e-01   2.8565848189008265e+00   8.3759878140932535e+00   5.5194029951924275e+00
   3.3984375000000000e-01   3.7078334225401517e+00   1.2006218425847164e+00   2.5072115799554355e+00
   3.4765625000000000e-01   4.7161419556432973e+00   8.9855513410151673e+00   4.2694093853718700e+00
   3.5546875000000000e-01   5.6566655250879760e+00   1.0576674777363813e+00   4.5989980473515946e+00
   3.6328125000000000e-01   6.6404599648047906e+00   8.6533282174601815e+00   2.0128682526553909e+00
   3.7109375000000000e-01   7.4481468321936148e+00   1.8451554683492466e+00   5.6029913638443682e+00
   3.7890625000000000e-01   8.1750967713581648e+00   7.4577754161955587e+00   7.1732135516260609e-01
   3.8671875000000000e-01   8.6592056484837006e+00   3.3771146418783897e+00   5.2820910066053113e+00
   3.9453125000000000e-01   8.9807389070013404e+00   5.6812316635773925e+00   3.2995072434239479e+00
   4.0234375000000000e-01   8.9807389070013404e+00   5.2917613937634407e+00   3.6889775132378997e+00
   4.1015625000000000e-01   8.7913549756707816e+00   3.7432410398838347e+00   5.0481139357869473e+00
   4.1796875000000000e-01   8.4125871130096641e+00   7.1369375886399720e+00   1.2756495243696921e+00
   4.2578125000000000e-01   7.7484698166702080e+00   2.1014745102156489e+00   5.6469953064545590e+00
   4.3359375000000000e-01   6.9921231485188686e+00   8.4768910822170405e+00   1.4847679336981718e+00
   4.4140625000000000e-01   6.0423172785457044e+00   1.1436475066898188e+00   4.8986697718558858e+00
   4.4921875000000000e-01   5.1108514649240320e+00   8.9951818457874957e+00   3.8843303808634637e+00
   4.5703125000000000e-01   4.0877394020786930e+00   1.0959580324049183e+00   2.9917813696737747e+00
   4.6484375000000000e-01   3.2011270541369981e+00   8.5694116432266334e+00   5.3682845890896349e+00
   4.7265625000000000e-01   2.3463243560408453e+00   1.9696683130158579e+00   3.7665604302498745e-01
   4.8046875000000000e-01   1.7139456038953278e+00   7.3001292889274749e+00   5.5861836850321467e+00
   4.8828125000000000e-01   1.1149182195257765e+00   3.5584451380018489e+00   2.4435269184760724e+00
   4.9609375000000000e-01   1.1149182195257765e+00   5.4870852940513268e+00   4.3721670745255503e+00
