#                  Coord.                Numerical               Analytical                    Error
   3.9062500000000000e-03  -7.5075291129815813e-01  -7.5075291053413828e-01   7.6401984738794226e-10
   1.1718750000000000e-02  -8.7395514732241331e-01  -8.7395514272568076e-01   4.5967325501550249e-09
   1.9531250000000000e-02  -8.5740876818527123e-01  -8.5740875926461757e-01   8.9206536602048914e-09
   2.7343750000000000e-02  -7.0171684198843809e-01  -7.0171683051142908e-01   1.1477009009830397e-08
   3.5156250000000000e-02  -4.2825797907835433e-01  -4.2825796873978322e-01   1.0338571110324324e-08
   4.2968750000000000e-02  -7.6031013453090865e-02  -7.6031008621214050e-02   4.8318768153254865e-09
   5.0781250000000000e-02   3.0409574136921302e-01   3.0409573729842304e-01   4.0707899828795746e-09
   5.8593750000000000e-02   6.5684001171305528e-01   6.5683999783971025e-01   1.3873345028336814e-08
   6.6406250000000000e-02   9.3053235964603687e-01   9.3053233828552973e-01   2.1360507140855134e-08
   7.4218750000000000e-02   1.0845176755735138e+00   1.0845176519494530e+00   2.3624060707660988e-08
   8.2031250000000000e-02   1.0948580574957678e+00   1.0948580383198561e+00   1.9175911747382202e-08
   8.9843750000000000e-02   9.5754901709807194e-01   9.5754900853756908e-01   8.5605028621316137e-09
   9.7656250000000000e-02   6.8885720953841201e-01   6.8885721511371412e-01   5.5753021088733590e-09
   1.0546875000000000e-01   3.2282699485244848e-01   3.2282701409136266e-01   1.9238914183983269e-08
   1.1328125000000000e-01  -9.3587448487241542e-02  -9.3587420246693462e-02   2.8240548080593619e-08
   1.2109375000000000e-01  -5.0699150911446489e-01  -5.0699147950093448e-01   2.9613530405647737e-08
   1.2890625000000000e-01  -8.6466818489095543e-01  -8.6466816233371624e-01   2.2557239187648292e-08
   1.3671875000000000e-01  -1.1213646131463983e+00  -1.1213646042638958e+00   8.8825025112981848e-09
   1.4453125000000000e-01  -1.2448808853573436e+00  -1.2448808928540378e+00   7.4966941543408439e-09
   1.5234375000000000e-01  -1.2198166609120895e+00  -1.2198166826574208e+00   2.1745331313383076e-08
   1.6015625000000000e-01  -1.0491141757866882e+00  -1.0491142053504463e+00   2.9563758108253069e-08
   1.6796875000000000e-01  -7.5333238280554116e-01  -7.5333241138913865e-01   2.8583597488918144e-08
   1.7578125000000000e-01  -3.6785550762639718e-01  -3.6785552675543554e-01   1.9129038353327132e-08
   1.8359375000000000e-01   6.1546835399937459e-02   6.1546831230104383e-02   4.1698330760508995e-09
   1.9140625000000000e-01   4.8424395496080147e-01   4.8424396658206958e-01   1.1621268114492267e-08
   1.9921875000000000e-01   8.5070942941041405e-01   8.5070945272744525e-01   2.3317031194736160e-08
   2.0703125000000000e-01   1.1182663217177709e+00   1.1182663490272140e+00   2.7309443151324331e-08
   2.1484375000000000e-01   1.2559881668719586e+00   1.2559881893037428e+00   2.2431784207910255e-08
   2.2265625000000000e-01   1.2482192761027635e+00   1.2482192864710921e+00   1.0368328640097957e-08
   2.3046875000000000e-01   1.0963143419328156e+00   1.0963143370305337e+00   4.9022819137434226e-09
   2.3828125000000000e-01   8.1838012334876742e-01   8.1838010499778568e-01   1.8350981734194249e-08
   2.4609375000000000e-01   4.4702316039284629e-01   4.4702313482303313e-01   2.5569813155712495e-08
   2.5390625000000000e-01   2.5349242107163300e-02   2.5349217963719483e-02   2.4143443817098431e-08
   2.6171875000000000e-01  -3.9830616392863949e-01  -3.9830617842045701e-01   1.4491817523776263e-08
   2.6953125000000000e-01  -7.7624916715389436e-01  -7.7624916684787870e-01   3.0601565725874025e-10
   2.7734375000000000e-01  -1.0671282072906829e+00  -1.0671281918188029e+00   1.5471879999395810e-08
   2.8515625000000000e-01  -1.2406996880146666e+00  -1.2406996619769997e+00   2.6037666911449264e-08
   2.9296875000000000e-01  -1.2810245007514889e+00  -1.2810244723317312e+00   2.8419757658326716e-08
   3.0078125000000000e-01  -1.1877012041379580e+00  -1.1877011825409689e+00   2.1596989085992391e-08
   3.0859375000000000e-01  -9.7505172434402898e-01  -9.7505171688045011e-01   7.4635788660515345e-09
   3.1640625000000000e-01  -6.6949873817218586e-01  -6.6949874788870123e-01   9.7165153700728979e-09
   3.2421875000000000e-01  -3.0564705392269798e-01  -3.0564707856715206e-01   2.4644454088562640e-08
   3.3203125000000000e-01   7.8250276832287122e-02   7.8250244224420423e-02   3.2607866698453059e-08
   3.3984375000000000e-01   4.4472879489670064e-01   4.4472876394469407e-01   3.0952006568885082e-08
   3.4765625000000000e-01   7.6084628161160450e-01   7.6084626171272851e-01   1.9898875991408715e-08
   3.5546875000000000e-01   1.0008199801787814e+00   1.0008199776585389e+00   2.5202424591697081e-09
   3.6328125000000000e-01   1.1474382057208188e+00   1.1474382218903107e+00   1.6169491967588101e-08
   3.7109375000000000e-01   1.1923665326498811e+00   1.1923665633623868e+00   3.0712505649788113e-08
   3.7890625000000000e-01   1.1356444661479173e+00   1.1356445029595976e+00   3.6811680370618660e-08
   3.8671875000000000e-01   9.8473395087936222e-01   9.8473398351605201e-01   3.2636689795140228e-08
   3.9453125000000000e-01   7.5343148165682405e-01   7.5343150086938904e-01   1.9212564983384084e-08
   4.0234375000000000e-01   4.6081881269843389e-01   4.6081881300088956e-01   3.0245567161912845e-10
   4.1015625000000000e-01   1.3025547456517317e-01   1.3025545568709160e-01   1.8878081570194993e-08
   4.1796875000000000e-01  -2.1172926322167560e-01  -2.1172929621771797e-01   3.2996042370614376e-08
   4.2578125000000000e-01  -5.3685431258531779e-01  -5.3685435084833399e-01   3.8263016199913125e-08
   4.3359375000000000e-01  -8.1698439897764619e-01  -8.1698443228034934e-01   3.3302703150717150e-08
   4.4140625000000000e-01  -1.0265368045877343e+00  -1.0265368242145052e+00   1.9626770875191824e-08
   4.4921875000000000e-01  -1.1452237050791052e+00  -1.1452237060481334e+00   9.6902819102240301e-10
   4.5703125000000000e-01  -1.1607524850542434e+00  -1.1607524674109491e+00   1.7643294381031183e-08
   4.6484375000000000e-01  -1.0709683933367389e+00  -1.0709683618974153e+00   3.1439323588955403e-08
   4.7265625000000000e-01  -8.8490580348475423e-01  -8.8490576648946317e-01   3.6995291052832613e-08
   4.8046875000000000e-01  -6.2234026640037521e-01  -6.2234023317367970e-01   3.3226695506094472e-08
   4.8828125000000000e-01  -3.1168894770218714e-01  -3.1168892631582945e-01   2.1386357684782809e-08
   4.9609375000000000e-01   1.3559800160264158e-02   1.3559804924801966e-02   4.7645378076915934e-09
   5.0390625000000000e-01   3.1937342848792410e-01   3.1937341604555086e-01   1.2442373242826932e-08
   5.1171875000000000e-01   5.7589442627718090e-01   5.7589440019420624e-01   2.6082974668995007e-08
   5.1953125000000000e-01   7.6148988484648172e-01   7.6148985183753926e-01   3.3008942468271130e-08
   5.2734375000000000e-01   8.6535948771511428e-01   8.6535945571715422e-01   3.1997960059371167e-08
   5.3515625000000000e-01   8.8819840242431303e-01   8.8819837874877405e-01   2.3675538973755295e-08
   5.4296875000000000e-01   8.4080489602972364e-01   8.4080488564389910e-01   1.0385824533720722e-08
   5.5078125000000000e-01   7.4095457520180585e-01   7.4095457983937396e-01   4.6375681073129726e-09
   5.5859375000000000e-01   6.0923488976931828e-01   6.0923490768236122e-01   1.7913042937856005e-08
   5.6640625000000000e-01   4.6475670083292248e-01   4.6475672747061436e-01   2.6637691885600390e-08
   5.7421875000000000e-01   3.2167860494389622e-01   3.2167863405313807e-01   2.9109241850289180e-08
   5.8203125000000000e-01   1.8728540292090021e-01   1.8728542806928328e-01   2.5148383070439095e-08
   5.8984375000000000e-01   6.1995721357998045e-02   6.1995737237077547e-02   1.5879079502678639e-08
   5.9765625000000000e-01  -5.8782251692341615e-02  -5.8782248148554338e-02   3.5437872775156976e-09
   6.0546875000000000e-01  -1.8146867224380925e-01  -1.8146868140831707e-01   9.1645078192925666e-09
   6.1328125000000000e-01  -3.1064753249417493e-01  -3.1064755199704980e-01   1.9502874870624964e-08
   6.2109375000000000e-01  -4.4589017620375165e-01  -4.4589020159206222e-01   2.5388310564977701e-08
   6.2890625000000000e-01  -5.7993533152110999e-01  -5.7993535712053734e-01   2.5599427355693649e-08
   6.3671875000000000e-01  -6.9878363424665424e-01  -6.9878365447104074e-01   2.0224386498846059e-08
   6.4453125000000000e-01  -7.8381398502150945e-01  -7.8381399549018793e-01   1.0468678479647053e-08
   6.5234375000000000e-01  -8.1554013644167356e-01  -8.1554013491978838e-01   1.5218851734388750e-09
   6.6015625000000000e-01  -7.7821075285722596e-01  -7.7821073967925614e-01   1.3177969826472236e-08
   6.6796875000000000e-01  -6.6421176485880928e-01  -6.6421174292510343e-01   2.1933705851573393e-08
   6.7578125000000000e-01  -4.7721583895785968e-01  -4.7721581310305922e-01   2.5854800467239869e-08
   6.8359375000000000e-01  -2.3324891183666727e-01  -2.3324888786722298e-01   2.3969444290505848e-08
   6.9140625000000000e-01   4.0736533176138560e-02   4.0736549797309757e-02   1.6621171196329332e-08
   6.9921875000000000e-01   3.1066564922728929e-01   3.1066565453606160e-01   5.3087723106415297e-09
   7.0703125000000000e-01   5.4088723021856677e-01   5.4088722273443779e-01   7.4841289832150437e-09
   7.1484375000000000e-01   7.0042501175660909e-01   7.0042499285103788e-01   1.8905571219640649e-08
   7.2265625000000000e-01   7.6870413187180509e-01   7.6870410563436897e-01   2.6237436112630519e-08
   7.3046875000000000e-01   7.3958132291757162e-01   7.3958129525250771e-01   2.7665063906390230e-08
   7.3828125000000000e-01   6.2281064266664388e-01   6.2281062004685150e-01   2.2619792372502445e-08
   7.4609375000000000e-01   4.4256539550777413e-01   4.4256538340959012e-01   1.2098184010156388e-08
   8.7890625000000000e-01  -8.0968616177383868e-01  -8.0968613344212537e-01   2.8331713308737960e-08
   8.8671875000000000e-01  -8.8762237332125438e-01  -8.8762235100475773e-01   2.2316496650631734e-08
   8.9453125000000000e-01  -8.4787454472856705e-01  -8.4787453343473762e-01   1.1293829427216906e-08
   9.0234375000000000e-01  -6.8854921794632906e-01  -6.8854921941170388e-01   1.4653748214854545e-09
   9.1015625000000000e-01  -4.2734506495585650e-01  -4.2734507743250294e-01   1.2476646438219774e-08
   9.1796875000000000e-01  -9.9189114038806508e-02  -9.9189133036720875e-02   1.8997914366658541e-08
   9.2578125000000000e-01   2.4905513978092353e-01   2.4905511993647553e-01   1.9844448001515858e-08
   9.3359375000000000e-01   5.6593223540371618e-01   5.6593221982190312e-01   1.5581813062048866e-08
   9.4140625000000000e-01   8.0358098636325026e-01   8.0358097810787621e-01   8.2553740510249440e-09
   9.4921875000000000e-01   9.2542348291054821e-01   9.2542348236107863e-01   5.4946958094603815e-10
   9.5703125000000000e-01   9.1211161113057448e-01   9.1211161623465220e-01   5.1040777160338280e-09
   9.6484375000000000e-01   7.6477914891965249e-01   7.6477915627742565e-01   7.3577731685148251e-09
   9.7265625000000000e-01   5.0508715041970331e-01   5.0508715669445647e-01   6.2747531615059415e-09
   9.8046875000000000e-01   1.7206245324755712e-01   1.7206245648082896e-01   3.2332718447047881e-09
   9.8828125000000000e-01  -1.8376821125322984e-01  -1.8376821100484031e-01   2.4838953116557150e-10
   9.9609375000000000e-01  -5.0803016160677605e-01  -5.0803016245726895e-01   8.5049289832994646e-10
   7.5390625000000000e-01   2.3321364583627205e-01   2.3321364749643092e-01   1.6601588714859616e-09
   7.6171875000000000e-01   3.3093188187341624e-02   3.3093203677536702e-02   1.5490195078016189e-08
   7.6953125000000000e-01  -1.2255888897259902e-01  -1.2255886295265317e-01   2.6019945850719317e-08
   7.7734375000000000e-01  -2.0817997980472425e-01  -2.0817994918316243e-01   3.0621561813992670e-08
   7.8515625000000000e-01  -2.1269129009640095e-01  -2.1269126212189801e-01   2.7974502936345402e-08
   7.9296875000000000e-01  -1.4159749860820137e-01  -1.4159748007662126e-01   1.8531580103786638e-08
   8.0078125000000000e-01  -1.5940571478461868e-02  -1.5940567058176001e-02   4.4202858665021161e-09
   8.0859375000000000e-01   1.3173115492239490e-01   1.3173114394932953e-01   1.0973065373010016e-08
   8.1640625000000000e-01   2.6364712814169688e-01   2.6364710427108706e-01   2.3870609822118638e-08
   8.2421875000000000e-01   3.4418659695369264e-01   3.4418656593225133e-01   3.1021441304623920e-08
   8.3203125000000000e-01   3.4695858737667573e-01   3.4695855677187393e-01   3.0604801803946202e-08
   8.3984375000000000e-01   2.6025514640840797e-01   2.6025512369657672e-01   2.2711831249022651e-08
   8.4765625000000000e-01   8.9838765824256511e-02   8.9838756430442396e-02   9.3938141154659149e-09
   8.5546875000000000e-01  -1.4148582633508835e-01  -1.4148582042323846e-01   5.9118498985100132e-09
   8.6328125000000000e-01  -3.9747498324495206e-01  -3.9747496397260296e-01   1.9272349105481368e-08
   8.7109375000000000e-01  -6.3460300399675729e-01  -6.3460297663127319e-01   2.7365484100982940e-08
