#                  Coord.                Numerical               Analytical                    Error
   3.9062500000000000e-03   3.0299814841954111e+00   3.0299814625078008e+00   2.1687610374243604e-08
   1.1718750000000000e-02   3.1144168833977672e+00   3.1144168867636508e+00   3.3658835718597402e-09
   1.9531250000000000e-02   3.1874189918002478e+00   3.1874190079776552e+00   1.6177407413664469e-08
   2.7343750000000000e-02   3.2480837042077217e+00   3.2480837163447531e+00   1.2137031379921837e-08
   3.5156250000000000e-02   3.2956487530578396e+00   3.2956487526514149e+00   4.0642467169504926e-10
   4.2968750000000000e-02   3.3295096457400684e+00   3.3295096378611446e+00   7.8789237356602371e-09
   5.0781250000000000e-02   3.3492324569846379e+00   3.3492324544072964e+00   2.5773414513707849e-09
   5.8593750000000000e-02   3.3545630889430131e+00   3.3545631005650867e+00   1.1622073525785481e-08
   6.6406250000000000e-02   3.3454327170556923e+00   3.3454327407431981e+00   2.3687505734670822e-08
   7.4218750000000000e-02   3.3219592619045737e+00   3.3219592868900301e+00   2.4985456370529846e-08
   8.2031250000000000e-02   3.2844448488324725e+00   3.2844448651822464e+00   1.6349773979129623e-08
   8.9843750000000000e-02   3.2333693362273066e+00   3.2333693430859434e+00   6.8586367696354955e-09
   9.7656250000000000e-02   3.1693801043365735e+00   3.1693801101319514e+00   5.7953779553088225e-09
   1.0546875000000000e-01   3.0932784020171278e+00   3.0932784167199698e+00   1.4702842054958865e-08
   1.1328125000000000e-01   3.0060026488310068e+00   3.0060026747853623e+00   2.5954355553636788e-08
   1.2109375000000000e-01   2.9086091791695017e+00   2.9086092084199842e+00   2.9250482480591700e-08
   1.2890625000000000e-01   2.8022509885234488e+00   2.8022510084802459e+00   1.9956797103759527e-08
   1.3671875000000000e-01   2.6881550872556050e+00   2.6881550904455982e+00   3.1899931585144259e-09
   1.4453125000000000e-01   2.5675990877851378e+00   2.5675990778488611e+00   9.9362766903254851e-09
   1.5234375000000000e-01   2.4418876444524815e+00   2.4418876339868665e+00   1.0465615041255205e-08
   1.6015625000000000e-01   2.3123293413633763e+00   2.3123293429761107e+00   1.6127343904770441e-09
   1.6796875000000000e-01   2.1802145818135341e+00   2.1802145991589135e+00   1.7345379355049317e-08
   1.7578125000000000e-01   2.0467949790319051e+00   2.0467950042985565e+00   2.5266651437760856e-08
   1.8359375000000000e-01   1.9132646792105834e+00   1.9132646986404560e+00   1.9429872599729947e-08
   1.9140625000000000e-01   1.7807439660788960e+00   1.7807439692836937e+00   3.2047977605031974e-09
   1.9921875000000000e-01   1.6502654056456716e+00   1.6502653922618922e+00   1.3383779418063568e-08
   2.0703125000000000e-01   1.5227626984699858e+00   1.5227626779340002e+00   2.0535985578717941e-08
   2.1484375000000000e-01   1.3990623216761362e+00   1.3990623066942292e+00   1.4981907048294829e-08
   2.2265625000000000e-01   1.2798779677921583e+00   1.2798779663280455e+00   1.4641128309733631e-09
   2.3046875000000000e-01   1.1658077235995501e+00   1.1658077346603750e+00   1.1060824922637380e-08
   2.3828125000000000e-01   1.0573338754250843e+00   1.0573338908891199e+00   1.5464035607593019e-08
   2.4609375000000000e-01   9.5482517376007403e-01   9.5482518423368978e-01   1.0473615752459864e-08
   2.5390625000000000e-01   8.5854133615204808e-01   8.5854133672939248e-01   5.7734439451451181e-10
   2.6171875000000000e-01   7.6863951362405236e-01   7.6863950603103981e-01   7.5930125520429215e-09
   2.6953125000000000e-01   6.8518239314296625e-01   6.8518238349598171e-01   9.6469845445312785e-09
   2.7734375000000000e-01   6.0814756044788865e-01   6.0814755471750803e-01   5.7303806144659575e-09
   2.8515625000000000e-01   5.3743770889292775e-01   5.3743770930342905e-01   4.1050129961917037e-10
   2.9296875000000000e-01   4.7289125758604705e-01   4.7289126203288301e-01   4.4468359550187131e-09
   3.0078125000000000e-01   4.1429294369355796e-01   4.1429294793485305e-01   4.2412950929104909e-09
   3.0859375000000000e-01   3.6138398710387226e-01   3.6138398785567510e-01   7.5180284220266458e-10
   3.1640625000000000e-01   3.1387149679412540e-01   3.1387149362090772e-01   3.1732176886123398e-09
   3.2421875000000000e-01   2.7143689643688540e-01   2.7143689149484035e-01   4.9420450509707337e-09
   3.3203125000000000e-01   2.3374328348744564e-01   2.3374327966208727e-01   3.8253583634073607e-09
   3.3984375000000000e-01   2.0044178292822848e-01   2.0044178188038150e-01   1.0478469758545828e-09
   3.4765625000000000e-01   1.7117708942428733e-01   1.7117709078884921e-01   1.3645618801572112e-09
   3.5546875000000000e-01   1.4559248178781720e-01   1.4559248381517254e-01   2.0273553391625398e-09
   3.6328125000000000e-01   1.2333461795056178e-01   1.2333461891304259e-01   9.6248081726812984e-10
   3.7109375000000000e-01   1.0405836370559669e-01   1.0405836306908223e-01   6.3651446613466334e-10
   3.7890625000000000e-01   8.7431776813390982e-02   8.7431775463904293e-02   1.3494866890617629e-09
   3.8671875000000000e-01   7.3141179661104727e-02   7.3141179167293860e-02   4.9381086719701983e-10
   3.9453125000000000e-01   6.0896045471745069e-02   6.0896046952534200e-02   1.4807891302037746e-09
   4.0234375000000000e-01   5.0433242770665458e-02   5.0433246150922872e-02   3.3802574142538511e-09
   4.1015625000000000e-01   4.1520080164227417e-02   4.1520084194596317e-02   4.0303688997322951e-09
   4.1796875000000000e-01   3.3955607594534323e-02   3.3955610578955395e-02   2.9844210713836361e-09
   4.2578125000000000e-01   2.7569780594906078e-02   2.7569781302056878e-02   7.0715079972250017e-10
   4.3359375000000000e-01   2.2220369981257784e-02   2.2220368230270147e-02   1.7509876361343490e-09
   4.4140625000000000e-01   1.7787860261236625e-02   1.7787856878995405e-02   3.3822412197348495e-09
   4.4921875000000000e-01   1.4168957921790183e-02   1.4168954223436643e-02   3.6983535400825218e-09
   4.5703125000000000e-01   1.1269644740045996e-02   1.1269641883190176e-02   2.8568558196190308e-09
   4.6484375000000000e-01   8.9988825910967338e-03   8.9988811724271353e-03   1.4186695984630404e-09
   4.7265625000000000e-01   7.2640489136239434e-03   7.2640489153904669e-03   1.7665235593766759e-12
   4.8046875000000000e-01   5.9689371905118022e-03   5.9689381865720408e-03   9.9606023862969240e-10
   4.8828125000000000e-01   5.0147227176501764e-03   5.0147241436358948e-03   1.4259857183951397e-09
   4.9609375000000000e-01   4.3037432129379872e-03   4.3037445915278267e-03   1.3785898395068941e-09
   5.0390625000000000e-01   3.7453820687273569e-03   3.7453831517117028e-03   1.0829843458647070e-09
   5.1171875000000000e-01   3.2628860110127129e-03   3.2628868290375183e-03   8.1802480544554412e-10
   5.1953125000000000e-01   2.7997016648864943e-03   2.7997024304735867e-03   7.6558709241961176e-10
   5.2734375000000000e-01   2.3239417973938267e-03   2.3239427056788511e-03   9.0828502444934012e-10
   5.3515625000000000e-01   1.8299021297107998e-03   1.8299031559318975e-03   1.0262210976830222e-09
   5.4296875000000000e-01   1.3360926984201937e-03   1.3360936004935965e-03   9.0207340273755487e-10
   5.5078125000000000e-01   8.7992134921202028e-04   8.7992188667643538e-04   5.3746441509589654e-10
   5.5859375000000000e-01   5.0983568517040093e-04   5.0983588022015928e-04   1.9504975835426402e-10
   5.6640625000000000e-01   2.7625597474894718e-04   2.7625613309958014e-04   1.5835063295333018e-10
   5.7421875000000000e-01   2.2290393300244388e-04   2.2290438623131007e-04   4.5322886619409385e-10
   5.8203125000000000e-01   3.8009223440001470e-04   3.8009306821351168e-04   8.3381349698027907e-10
   5.8984375000000000e-01   7.6119318974369847e-04   7.6119427197401252e-04   1.0822303140450851e-09
   5.9765625000000000e-01   1.3629225023402136e-03   1.3629237998515208e-03   1.2975113071640731e-09
   6.0546875000000000e-01   2.1693745091325924e-03   2.1693762946944552e-03   1.7855618628624670e-09
   6.1328125000000000e-01   3.1590710123372908e-03   3.1590736226779813e-03   2.6103406905626791e-09
   6.2109375000000000e-01   4.3137715078386393e-03   4.3137748510077732e-03   3.3431691338903224e-09
   6.2890625000000000e-01   5.6275365816342267e-03   5.6275399842795355e-03   3.4026453087435127e-09
   6.3671875000000000e-01   7.1145794271662219e-03   7.1145822152027067e-03   2.7880364848395511e-09
   6.4453125000000000e-01   8.8147604207104036e-03   8.8147627252927515e-03   2.3045823478728966e-09
   6.5234375000000000e-01   1.0796097227347435e-02   1.0796100113370021e-02   2.8860225858434729e-09
   6.6015625000000000e-01   1.3154264324562249e-02   1.3154268819647824e-02   4.4950855745962137e-09
   6.6796875000000000e-01   1.6009616669062268e-02   1.6009622539965778e-02   5.8709035098691853e-09
   6.7578125000000000e-01   1.9502685654675566e-02   1.9502691207955478e-02   5.5532799123070298e-09
   6.8359375000000000e-01   2.3789289882205498e-02   2.3789293385361929e-02   3.5031564316057029e-09
   6.9140625000000000e-01   2.9036357972267869e-02   2.9036359473051970e-02   1.5007841011605016e-09
   6.9921875000000000e-01   3.5419303071450213e-02   3.5419304711379836e-02   1.6399296226543569e-09
   7.0703125000000000e-01   4.3121389442089084e-02   4.3121393596187080e-02   4.1540979961451896e-09
   7.1484375000000000e-01   5.2335082899783447e-02   5.2335089587237961e-02   6.6874545137651786e-09
   7.2265625000000000e-01   6.3264970580110297e-02   6.3264976862403094e-02   6.2822927970884734e-09
   7.3046875000000000e-01   7.6131544979163190e-02   7.6131547175721945e-02   2.1965587543304466e-09
   7.3828125000000000e-01   9.1175009359381956e-02   9.1175006389479493e-02   2.9699024628460080e-09
   7.4609375000000000e-01   1.0865828351737995e-01   1.0865827802347530e-01   5.4939046506552458e-09
   8.7890625000000000e-01   1.0852828331916402e+00   1.0852827654561232e+00   6.7735516973144172e-08
   8.8671875000000000e-01   1.1952853705806656e+00   1.1952852978638808e+00   7.2716784815796132e-08
   8.9453125000000000e-01   1.3107633953630571e+00   1.3107633292652874e+00   6.6097769702011533e-08
   9.0234375000000000e-01   1.4312041543671734e+00   1.4312041011929673e+00   5.3174206149364522e-08
   9.1015625000000000e-01   1.5559797833609634e+00   1.5559797378857692e+00   4.5475194276889397e-08
   9.1796875000000000e-01   1.6843477844524812e+00   1.6843477332587331e+00   5.1193748129563232e-08
   9.2578125000000000e-01   1.8154541978292487e+00   1.8154541307825964e+00   6.7046652230118298e-08
   9.3359375000000000e-01   1.9483396297329982e+00   1.9483395499731708e+00   7.9759827409375816e-08
   9.4140625000000000e-01   2.0819481982310220e+00   2.0819481215438014e+00   7.6687220573745662e-08
   9.4921875000000000e-01   2.2151393547884219e+00   2.2151392983199698e+00   5.6468452136471114e-08
   9.5703125000000000e-01   2.3467024453864931e+00   2.3467024140839765e+00   3.1302516578790573e-08
   9.6484375000000000e-01   2.4753737875033499e+00   2.4753737700790599e+00   1.7424290010836785e-08
   9.7265625000000000e-01   2.5998559633980105e+00   2.5998559409462016e+00   2.2451808856516209e-08
   9.8046875000000000e-01   2.7188389492583744e+00   2.7188389103570199e+00   3.8901354582066006e-08
   9.8828125000000000e-01   2.8310226239227108e+00   2.8310225736824099e+00   5.0240300808468419e-08
   9.9609375000000000e-01   2.9351401272309023e+00   2.9351400831296512e+00   4.4101251095440830e-08
   7.5390625000000000e-01   1.2886854305781173e-01   1.2886853893678607e-01   4.1210256596091455e-09
   7.6171875000000000e-01   1.5211686782006778e-01   1.5211686628209409e-01   1.5379736928444743e-09
   7.6953125000000000e-01   1.7873584909983764e-01   1.7873584710153811e-01   1.9982995258516212e-09
   7.7734375000000000e-01   2.0907525570371074e-01   2.0907524828195331e-01   7.4217574308477197e-09
   7.8515625000000000e-01   2.4349604069971686e-01   2.4349602538131190e-01   1.5318404961162102e-08
   7.9296875000000000e-01   2.8236306560772356e-01   2.8236304458662409e-01   2.1021099472218197e-08
   8.0078125000000000e-01   3.2603692642328025e-01   3.2603690406876523e-01   2.2354515016864696e-08
   8.0859375000000000e-01   3.7486520916449367e-01   3.7486518745920772e-01   2.1705285957462905e-08
   8.1640625000000000e-01   4.2917341523949326e-01   4.2917339140748889e-01   2.3832004369950255e-08
   8.2421875000000000e-01   4.8925570267631702e-01   4.8925567191043429e-01   3.0765882730321437e-08
   8.3203125000000000e-01   5.5536551611430829e-01   5.5536547659672941e-01   3.9517578875880588e-08
   8.3984375000000000e-01   6.2770613438181333e-01   6.2770608954896623e-01   4.4832847101439199e-08
   8.4765625000000000e-01   7.0642116227575313e-01   7.0642111767973903e-01   4.4596014103781556e-08
   8.5546875000000000e-01   7.9158503176376549e-01   7.9158498899146656e-01   4.2772298924909080e-08
   8.6328125000000000e-01   8.8319364718704274e-01   8.8319360149597759e-01   4.5691065153619093e-08
   8.7109375000000000e-01   9.8115539728783407e-01   9.8115534149241157e-01   5.5795422504445469e-08
