#                  Coord.                Numerical               Analytical                    Error
   3.9062500000000000e-03  -9.1636179654455488e-02  -9.1636188985287442e-02   9.3308319543128349e-09
   1.1718750000000000e-02  -4.5937768083028108e-01  -4.5937767985505401e-01   9.7522706576924634e-10
   1.9531250000000000e-02  -7.5833576573168415e-01  -7.5833575463445679e-01   1.1097227359258000e-08
   2.7343750000000000e-02  -9.4987837699349198e-01  -9.4987835878226023e-01   1.8211231744835743e-08
   3.5156250000000000e-02  -1.0097326787122067e+00  -1.0097326584893482e+00   2.0222858498897267e-08
   4.2968750000000000e-02  -9.3166121578284877e-01  -9.3166119926723501e-01   1.6515613765477610e-08
   5.0781250000000000e-02  -7.2849441831853479e-01  -7.2849441024899553e-01   8.0695392590257597e-09
   5.8593750000000000e-02  -4.3034388309518895e-01  -4.3034388578708677e-01   2.6918978157652873e-09
   6.6406250000000000e-02  -8.0284713224930720e-02  -8.0284725893392334e-02   1.2668461613074555e-08
   7.4218750000000000e-02   2.7180375827393555e-01   2.7180373936360358e-01   1.8910331966992544e-08
   8.2031250000000000e-02   5.7628090533252851e-01   5.7628088574890890e-01   1.9583619614849113e-08
   8.9843750000000000e-02   7.9061629842727632e-01   7.9061628396527417e-01   1.4462002151383047e-08
   9.7656250000000000e-02   8.8511212036167519e-01   8.8511211526631806e-01   5.0953571362200023e-09
   1.0546875000000000e-01   8.4672142196116329e-01   8.4672142768460590e-01   5.7234426087404700e-09
   1.1328125000000000e-01   6.8052259121477354e-01   6.8052260593170222e-01   1.4716928675717611e-08
   1.2109375000000000e-01   4.0875793119888826e-01   4.0875795039492935e-01   1.9196041090019378e-08
   1.2890625000000000e-01   6.7667916236768377e-02   6.7667934013852751e-02   1.7777084374004382e-08
   1.3671875000000000e-01  -2.9738843453956382e-01  -2.9738842362899010e-01   1.0910573722267003e-08
   1.4453125000000000e-01  -6.3786420526762977e-01  -6.3786420454900805e-01   7.1862171768799499e-10
   1.5234375000000000e-01  -9.0826123922699298e-01  -9.0826124888867577e-01   9.6616827871542910e-09
   1.6015625000000000e-01  -1.0719276042415373e+00  -1.0719276212598459e+00   1.7018308540173166e-08
   1.6796875000000000e-01  -1.1057392818637208e+00  -1.1057393009399392e+00   1.9076218382707566e-08
   1.7578125000000000e-01  -1.0031147709966199e+00  -1.0031147861816754e+00   1.5185055435296135e-08
   1.8359375000000000e-01  -7.7498466450239833e-01  -7.7498467105036284e-01   6.5479645039445700e-09
   1.9140625000000000e-01  -4.4855323628410892e-01  -4.4855323212032960e-01   4.1637793213311625e-09
   1.9921875000000000e-01  -6.3936823846629937e-02  -6.3936810213219689e-02   1.3633410247959610e-08
   2.0703125000000000e-01   3.3097208536664990e-01   3.3097210430729818e-01   1.8940648272014471e-08
   2.1484375000000000e-01   6.8681286636898131e-01   6.8681288480283242e-01   1.8433851112220623e-08
   2.2265625000000000e-01   9.5942944454675627e-01   9.5942945681217573e-01   1.2265419457868632e-08
   2.3046875000000000e-01   1.1159846699303253e+00   1.1159846722671996e+00   2.3368742496643335e-09
   2.3828125000000000e-01   1.1396038464758742e+00   1.1396038382073674e+00   8.2685067681609326e-09
   2.4609375000000000e-01   1.0317914259683623e+00   1.0317914096498484e+00   1.6318513873514462e-08
   2.5390625000000000e-01   8.1216202182424602e-01   8.1216200244331915e-01   1.9380926863377113e-08
   2.6171875000000000e-01   5.1542943918358342e-01   5.1542942256243462e-01   1.6621148790640916e-08
   2.6953125000000000e-01   1.8604328528948669e-01   1.8604327634047874e-01   8.9490079513421250e-09
   2.7734375000000000e-01  -1.2872686633712205e-01  -1.2872686511743470e-01   1.2196873511172157e-09
   2.8515625000000000e-01  -3.8616480311981505e-01  -3.8616479233764828e-01   1.0782166770528789e-08
   2.9296875000000000e-01  -5.5472768342207734e-01  -5.5472766654570127e-01   1.6876376074392851e-08
   3.0078125000000000e-01  -6.1879751489047830e-01  -6.1879749706910658e-01   1.7821371711690404e-08
   3.0859375000000000e-01  -5.8074792973850720e-01  -5.8074791620904398e-01   1.3529463216421789e-08
   3.1640625000000000e-01  -4.5996395061863077e-01  -4.5996394508223687e-01   5.5363938988861605e-09
   3.2421875000000000e-01  -2.8898051394046576e-01  -2.8898051754613119e-01   3.6056654328930904e-09
   3.3203125000000000e-01  -1.0741098430049466e-01  -1.0741099539536951e-01   1.1094874852179970e-08
   3.3984375000000000e-01   4.5273899889582643e-02   4.5273885058396454e-02   1.4831186188890566e-08
   3.4765625000000000e-01   1.3685511027610242e-01   1.3685509630835679e-01   1.3967745626786154e-08
   3.5546875000000000e-01   1.4812408731762294e-01   1.4812407813774220e-01   9.1798807444476438e-09
   3.6328125000000000e-01   7.6294462900433097e-02   7.6294460623080235e-02   2.2773528618458272e-09
   3.7109375000000000e-01  -6.4515488495716533e-02  -6.4515484097023998e-02   4.3986925352124118e-09
   3.7890625000000000e-01  -2.4580027763142012e-01  -2.4580026876731553e-01   8.8641045892234871e-09
   3.8671875000000000e-01  -4.2973718519246829e-01  -4.2973717517477217e-01   1.0017696117081698e-08
   3.9453125000000000e-01  -5.7592654667187615e-01  -5.7592653873706257e-01   7.9348135839651945e-09
   4.0234375000000000e-01  -6.4864052989947785e-01  -6.4864052611889678e-01   3.7805810704227838e-09
   4.1015625000000000e-01  -6.2333853053359423e-01  -6.2333853122723326e-01   6.9363903509866986e-10
   4.1796875000000000e-01  -4.9133659629036452e-01  -4.9133660011555996e-01   3.8251954381784969e-09
   4.2578125000000000e-01  -2.6183243579336174e-01  -2.6183244042573806e-01   4.6323763158717668e-09
   4.3359375000000000e-01   3.9067196741174696e-02   3.9067193604423039e-02   3.1367516570290910e-09
   4.4140625000000000e-01   3.7216757053367711e-01   3.7216757026651553e-01   2.6716157064399226e-10
   4.4921875000000000e-01   6.9122930143700667e-01   6.9122930394906001e-01   2.5120533431177705e-09
   4.5703125000000000e-01   9.5023448446249081e-01   9.5023448828006163e-01   3.8175708150234300e-09
   4.6484375000000000e-01   1.1106690461276518e+00   1.1106690490097446e+00   2.8820927866490820e-09
   4.7265625000000000e-01   1.1476098532438292e+00   1.1476098531526386e+00   9.1190610618241408e-11
   4.8046875000000000e-01   1.0536059638960085e+00   1.0536059598728833e+00   4.0231251663414014e-09
   4.8828125000000000e-01   8.3971882137756482e-01   8.3971881406961713e-01   7.3079476914372776e-09
   4.9609375000000000e-01   5.3357402423167866e-01   5.3357401577830010e-01   8.4533785527085570e-09
   5.0390625000000000e-01   1.7479360463919941e-01   1.7479359805196398e-01   6.5872354237939135e-09
   5.1171875000000000e-01  -1.9136938503139270e-01  -1.9136938692898928e-01   1.8975965798695427e-09
   5.1953125000000000e-01  -5.2106611392180902e-01  -5.2106610957611310e-01   4.3456959142318397e-09
   5.2734375000000000e-01  -7.7832857429823055e-01  -7.7832856406107176e-01   1.0237158787340661e-08
   5.3515625000000000e-01  -9.3988530924928859e-01  -9.3988529549309585e-01   1.3756192740466133e-08
   5.4296875000000000e-01  -9.9754525559567042e-01  -9.9754524210526785e-01   1.3490402572813309e-08
   5.5078125000000000e-01  -9.5785234070559566e-01  -9.5785233159653238e-01   9.1090632814427863e-09
   5.5859375000000000e-01  -8.3923742251400535e-01  -8.3923742094479770e-01   1.5692076527074050e-09
   5.6640625000000000e-01  -6.6736464761947012e-01  -6.6736465477060214e-01   7.1511320198780481e-09
   5.7421875000000000e-01  -4.6969211186274845e-01  -4.6969212645198727e-01   1.4589238817031003e-08
   5.8203125000000000e-01  -2.7037710636386636e-01  -2.7037712490441101e-01   1.8540544655110125e-08
   5.8984375000000000e-01  -8.6533151234443939e-02  -8.6533168929683532e-02   1.7695239593051859e-08
   5.9765625000000000e-01   7.3482855667204097e-02   7.3482843601657841e-02   1.2065546256545545e-08
   6.0546875000000000e-01   2.0953866035230251e-01   2.0953865737781247e-01   2.9744900431616372e-09
   6.1328125000000000e-01   3.2723394043259807e-01   3.2723394770553538e-01   7.2729373079560844e-09
   6.2109375000000000e-01   4.3415815414003084e-01   4.3415817018676522e-01   1.6046734385710693e-08
   6.2890625000000000e-01   5.3587468502681190e-01   5.3587470607851073e-01   2.1051698828600252e-08
   6.3671875000000000e-01   6.3265278928350266e-01   6.3265281029018527e-01   2.1006682615620775e-08
   6.4453125000000000e-01   7.1778725791918285e-01   7.1778727375537932e-01   1.5836196465279784e-08
   6.5234375000000000e-01   7.7797698746258959e-01   7.7797699430576706e-01   6.8431774691291025e-09
   6.6015625000000000e-01   7.9575821873744690e-01   7.9575821491471199e-01   3.8227349064001714e-09
   6.6796875000000000e-01   7.5350926488171999e-01   7.5350925130421820e-01   1.3577501789541202e-08
   6.7578125000000000e-01   6.3816502576388434e-01   6.3816500557457123e-01   2.0189313110208218e-08
   6.8359375000000000e-01   4.4558395436949483e-01   4.4558393221504794e-01   2.2154446888134061e-08
   6.9140625000000000e-01   1.8354100672644902e-01   1.8354098756319484e-01   1.9163254177945177e-08
   6.9921875000000000e-01  -1.2742696391648334e-01  -1.2742697589193180e-01   1.1975448466206018e-08
   7.0703125000000000e-01  -4.5567335417441651e-01  -4.5567335651526591e-01   2.3408494032040039e-09
   7.1484375000000000e-01  -7.6243487199299886e-01  -7.6243486439902119e-01   7.5939776689182281e-09
   7.2265625000000000e-01  -1.0075244363359466e+00  -1.0075244207018945e+00   1.5634052052959646e-08
   7.3046875000000000e-01  -1.1557213255464347e+00  -1.1557213053850028e+00   2.0161431857346201e-08
   7.3828125000000000e-01  -1.1826925529965604e+00  -1.1826925327128652e+00   2.0283695167933047e-08
   7.4609375000000000e-01  -1.0793478981078424e+00  -1.0793478819442379e+00   1.6163604454888514e-08
   8.7890625000000000e-01  -1.0576264978789256e+00  -1.0576265107516933e+00   1.2872767740645941e-08
   8.8671875000000000e-01  -1.1144426329781407e+00  -1.1144426503560783e+00   1.7377937533424870e-08
   8.9453125000000000e-01  -1.0690526344865221e+00  -1.0690526523084087e+00   1.7821886633129225e-08
   9.0234375000000000e-01  -9.2413646538808925e-01  -9.2413647943032595e-01   1.4042236706757194e-08
   9.1015625000000000e-01  -6.9030185195825755e-01  -6.9030185873177419e-01   6.7735166364712995e-09
   9.1796875000000000e-01  -3.8608723762568170e-01  -3.8608723535382805e-01   2.2718536496491026e-09
   9.2578125000000000e-01  -3.7469453345776317e-02  -3.7469442388984101e-02   1.0956792216576527e-08
   9.3359375000000000e-01   3.2344366508877992e-01   3.2344368213765268e-01   1.7048872757996492e-08
   9.4140625000000000e-01   6.6076302198184711e-01   6.6076304094702065e-01   1.8965173542717650e-08
   9.4921875000000000e-01   9.3822909705378688e-01   9.3822911308278956e-01   1.6029002680717497e-08
   9.5703125000000000e-01   1.1234246707396753e+00   1.1234246796274916e+00   8.8878162607386457e-09
   9.6484375000000000e-01   1.1922538582686533e+00   1.1922538575157982e+00   7.5285511158540430e-10
   9.7265625000000000e-01   1.1329540070266897e+00   1.1329539966772153e+00   1.0349474388604563e-08
   9.8046875000000000e-01   9.4885058317205695e-01   9.4885056580267191e-01   1.7369385041376972e-08
   9.8828125000000000e-01   6.5918194212251324e-01   6.5918192232027162e-01   1.9802241624233829e-08
   9.9609375000000000e-01   2.9760187966083695e-01   2.9760186273517281e-01   1.6925664148015329e-08
   7.5390625000000000e-01  -8.5381680381599989e-01  -8.5381679507955566e-01   8.7364442347137583e-09
   7.6171875000000000e-01  -5.3067889139003044e-01  -5.3067889171236171e-01   3.2233127278402662e-10
   7.6953125000000000e-01  -1.4758942373342232e-01  -1.4758943280385359e-01   9.0704312671885390e-09
   7.7734375000000000e-01   2.5008737984530999e-01   2.5008736413053795e-01   1.5714772039210345e-08
   7.8515625000000000e-01   6.1568474849746002e-01   6.1568472956359310e-01   1.8933866918757758e-08
   7.9296875000000000e-01   9.0758355729183704e-01   9.0758353915819978e-01   1.8133637258443969e-08
   8.0078125000000000e-01   1.0944836307822019e+00   1.0944836172208467e+00   1.3561355149960264e-08
   8.0859375000000000e-01   1.1588374431161006e+00   1.1588374369009298e+00   6.2151708224433833e-09
   8.1640625000000000e-01   1.0980766095845189e+00   1.0980766119195446e+00   2.3350257283283327e-09
   8.2421875000000000e-01   9.2368655167153901e-01   9.2368656195742094e-01   1.0285881923977058e-08
   8.3203125000000000e-01   6.5855375887112710e-01   6.5855377481042410e-01   1.5939296993394692e-08
   8.3984375000000000e-01   3.3324986867524387e-01   3.3324988677255607e-01   1.8097312204368166e-08
   8.4765625000000000e-01  -1.8011274177190416e-02  -1.8011257889333294e-02   1.6287857122071481e-08
   8.5546875000000000e-01  -3.6109992623215048e-01  -3.6109991533899122e-01   1.0893159263503094e-08
   8.6328125000000000e-01  -6.6495108753362264e-01  -6.6495108447488771e-01   3.0587349320043700e-09
   8.7109375000000000e-01  -9.0363851790345018e-01  -9.0363852340418815e-01   5.5007379762272990e-09
