#                  Coord.                Numerical               Analytical                    Error
   3.9062500000000000e-03   1.5237799719857403e+00   1.5237799792940399e+00   7.3082995211137813e-09
   1.1718750000000000e-02   1.3594842682901702e+00   1.3594842500209363e+00   1.8269233903467352e-08
   1.9531250000000000e-02   1.0010383989862466e+00   1.0010383572997628e+00   4.1686483820413400e-08
   2.7343750000000000e-02   4.7504759900901422e-01   4.7504754335016952e-01   5.5658844699824073e-08
   3.5156250000000000e-02  -1.6461836536912089e-01  -1.6461842036790431e-01   5.4998783416415620e-08
   4.2968750000000000e-02  -8.4277102300551943e-01  -8.4277106157602444e-01   3.8570505012103240e-08
   5.0781250000000000e-02  -1.4728540640553183e+00  -1.4728540738029270e+00   9.7476087201897599e-09
   5.8593750000000000e-02  -1.9694457628973026e+00  -1.9694457387472644e+00   2.4150038191450562e-08
   6.6406250000000000e-02  -2.2613001659687293e+00  -2.2613001120280760e+00   5.3940653277351203e-08
   7.4218750000000000e-02  -2.3027114611578763e+00  -2.3027113901127407e+00   7.1045135552338934e-08
   8.2031250000000000e-02  -2.0811972752879626e+00  -2.0811972051351497e+00   7.0152812892132488e-08
   8.9843750000000000e-02  -1.6200953492456416e+00  -1.6200952985166426e+00   5.0728999001492525e-08
   9.7656250000000000e-02  -9.7554601297753307e-01  -9.7554599553360244e-01   1.7443930633298521e-08
   1.0546875000000000e-01  -2.2832206131344313e-01  -2.2832208250123903e-01   2.1187795906651985e-08
   1.1328125000000000e-01   5.2812474760486727e-01   5.2812469261053396e-01   5.4994333309466015e-08
   1.2109375000000000e-01   1.2013817214949354e+00   1.2013816463529421e+00   7.5141993294280951e-08
   1.2890625000000000e-01   1.7132699958240818e+00   1.7132699194636871e+00   7.6360394674068743e-08
   1.3671875000000000e-01   2.0103837577042065e+00   2.0103836991141315e+00   5.8590075013853493e-08
   1.4453125000000000e-01   2.0703791098388988e+00   2.0703790831063800e+00   2.6732518865202337e-08
   1.5234375000000000e-01   1.9032198982234330e+00   1.9032199088613497e+00   1.0637916769695721e-08
   1.6015625000000000e-01   1.5474901222817503e+00   1.5474901661264715e+00   4.3844721187014102e-08
   1.6796875000000000e-01   1.0627094932857704e+00   1.0627095579440731e+00   6.4658302711961824e-08
   1.7578125000000000e-01   5.1919055259269298e-01   5.1919062114774428e-01   6.8555051302432446e-08
   1.8359375000000000e-01  -1.2742582920707774e-02  -1.2742527326354027e-02   5.5594353747315250e-08
   1.9140625000000000e-01  -4.7241754060199775e-01  -4.7241751032614787e-01   3.0275849882688277e-08
   1.9921875000000000e-01  -8.1596807030149987e-01  -8.1596807038351193e-01   8.2012063806757851e-11
   2.0703125000000000e-01  -1.0201576135160986e+00  -1.0201576408893309e+00   2.7373232347471799e-08
   2.1484375000000000e-01  -1.0826966774031868e+00  -1.0826967224779405e+00   4.5074753707297077e-08
   2.2265625000000000e-01  -1.0194756083751781e+00  -1.0194756580870432e+00   4.9711865068857719e-08
   2.3046875000000000e-01  -8.5957990679693619e-01  -8.5957994844506569e-01   4.1648129500693187e-08
   2.3828125000000000e-01  -6.3918939058586366e-01  -6.3918941507490812e-01   2.4489044458952947e-08
   2.4609375000000000e-01  -3.9547352642195044e-01  -3.9547353032824373e-01   3.9062932888356272e-09
   2.5390625000000000e-01  -1.6141499175643273e-01  -1.6141497743622471e-01   1.4320208019391600e-08
   2.6171875000000000e-01   3.7815244325603202e-02   3.7815270114969171e-02   2.5789365969142164e-08
   2.6953125000000000e-01   1.8666881178705858e-01   1.8666884031485137e-01   2.8527792794719176e-08
   2.7734375000000000e-01   2.7929395299895093e-01   2.7929397633192854e-01   2.3332977605594607e-08
   2.8515625000000000e-01   3.1821218276487462e-01   3.1821219583140453e-01   1.3066529913619007e-08
   2.9296875000000000e-01   3.1209075950179516e-01   3.1209076112179085e-01   1.6199956931473025e-09
   3.0078125000000000e-01   2.7314370693706058e-01   2.7314369949089523e-01   7.4461653509771963e-09
   3.0859375000000000e-01   2.1463630300738065e-01   2.1463629112881399e-01   1.1878566658074519e-08
   3.1640625000000000e-01   1.4884374475196438e-01   1.4884373345706928e-01   1.1294895102542668e-08
   3.2421875000000000e-01   8.5660513829966686e-02   8.5660506847874074e-02   6.9820926124064542e-09
   3.3203125000000000e-01   3.1906522979033992e-02   3.1906521694606407e-02   1.2844275851242593e-09
   3.3984375000000000e-01  -8.7453456993461225e-03  -8.7453423296863318e-03   3.3696597907806325e-09
   3.4765625000000000e-01  -3.5374226656089240e-02  -3.5374221392294285e-02   5.2637949554679153e-09
   3.5546875000000000e-01  -4.9135513673531986e-02  -4.9135509709292702e-02   3.9642392840599783e-09
   3.6328125000000000e-01  -5.2484374264876815e-02  -5.2484373960100271e-02   3.0477654427985001e-10
   3.7109375000000000e-01  -4.8443987833127616e-02  -4.8443991821524764e-02   3.9883971472698398e-09
   3.7890625000000000e-01  -4.0015119107217050e-02  -4.0015126160156185e-02   7.0529391354989812e-09
   3.8671875000000000e-01  -2.9772928905628930e-02  -2.9772936450475913e-02   7.5448469832872789e-09
   3.9453125000000000e-01  -1.9653595777201716e-02  -1.9653600902313509e-02   5.1251117932915591e-09
   4.0234375000000000e-01  -1.0902639304155505e-02  -1.0902639842671794e-02   5.3851628885326353e-10
   4.1015625000000000e-01  -4.1402471927917978e-03  -4.1402425288743867e-03   4.6639174111282045e-09
   4.1796875000000000e-01   5.0509047386242676e-04   5.0509916581788293e-04   8.6919554561672163e-09
   4.2578125000000000e-01   3.2380317362024416e-03   3.2380418925848911e-03   1.0156382449465207e-08
   4.3359375000000000e-01   4.4456089547910450e-03   4.4456175146248035e-03   8.5598337584702477e-09
   4.4140625000000000e-01   4.5744340767324143e-03   4.5744385186081028e-03   4.4418756884462285e-09
   4.4921875000000000e-01   4.0445524153939604e-03   4.0445515887892807e-03   8.2660467966982898e-10
   4.5703125000000000e-01   3.1996854240078044e-03   3.1996798898244333e-03   5.5341833711183841e-09
   4.6484375000000000e-01   2.2879012776856902e-03   2.2878930637185105e-03   8.2139671796037372e-09
   4.7265625000000000e-01   1.4641088211396805e-03   1.4641006778975134e-03   8.1432421671686489e-09
   4.8046875000000000e-01   8.0553180344462741e-04   8.0552624211793994e-04   5.5613266874672898e-09
   4.8828125000000000e-01   3.3264086702126022e-04   3.3263931350240299e-04   1.5535188572298082e-09
   4.9609375000000000e-01   3.0087874360587417e-05   3.0090240945606130e-05   2.3665850187130628e-09
   5.0390625000000000e-01  -1.3564050619895628e-04  -1.3563570747438092e-04   4.7987245753661548e-09
   5.1171875000000000e-01  -2.0327185275732443e-04  -2.0326689824569491e-04   4.9545116295214575e-09
   5.1953125000000000e-01  -2.0857097349524559e-04  -2.0856804905746795e-04   2.9244377776338742e-09
   5.2734375000000000e-01  -1.8019814417259263e-04  -1.8019851447536599e-04   3.7030277336234235e-10
   5.3515625000000000e-01  -1.3851562380056957e-04  -1.3851914814178929e-04   3.5243412197145680e-09
   5.4296875000000000e-01  -9.6239203758115020e-05  -9.6244375023842623e-05   5.1712657276036531e-09
   5.5078125000000000e-01  -6.0011209266773667e-05  -6.0015706608474417e-05   4.4973417007496260e-09
   5.5859375000000000e-01  -3.2232100528067376e-05  -3.2233660924177801e-05   1.5603961104251733e-09
   5.6640625000000000e-01  -1.2748180878014458e-05  -1.2745478393408000e-05   2.7024846064579105e-09
   5.7421875000000000e-01  -2.0548448836100019e-07  -1.9870186137496867e-07   6.7826269860315123e-09
   5.8203125000000000e-01   6.9747632486382785e-06   6.9838828287092234e-06   9.1195800709448625e-09
   5.8984375000000000e-01   9.9657767761978753e-06   9.9744307637216183e-06   8.6539875237429955e-09
   5.9765625000000000e-01   9.1948522370769048e-06   9.2000804767370958e-06   5.2282396601910505e-09
   6.0546875000000000e-01   4.2557049492812876e-06   4.2553934986143757e-06   3.1145066691186726e-10
   6.1328125000000000e-01  -5.9256422634114252e-06  -5.9319970648532667e-06   6.3548014418415011e-09
   6.2109375000000000e-01  -2.2632424920079316e-05  -2.2643459583193113e-05   1.1034663113796800e-08
   6.2890625000000000e-01  -4.6550694962505722e-05  -4.6563523893897774e-05   1.2828931392052723e-08
   6.3671875000000000e-01  -7.6586608989934763e-05  -7.6597675515551711e-05   1.1066525616948517e-08
   6.4453125000000000e-01  -1.0836941228163485e-04  -1.0837557136230761e-04   6.1590806727608366e-09
   6.5234375000000000e-01  -1.3266581439938025e-04  -1.3266530467174250e-04   5.0972763775700494e-10
   6.6015625000000000e-01  -1.3416107414552511e-04  -1.3415405386146034e-04   7.0202840647670944e-09
   6.6796875000000000e-01  -9.1321088408499910e-05  -9.1309571664384954e-05   1.1516744114956328e-08
   6.7578125000000000e-01   2.1735753083707290e-05   2.1748539179925028e-05   1.2786096217737942e-08
   6.8359375000000000e-01   2.3037105529433668e-04   2.3038167053633334e-04   1.0615241996666473e-08
   6.9140625000000000e-01   5.5081684053324682e-04   5.5082266814533893e-04   5.8276120921095520e-09
   6.9921875000000000e-01   9.7774902885188375e-04   9.7774900451383568e-04   2.4338048069949547e-11
   7.0703125000000000e-01   1.4691532780769817e-03   1.4691480922318216e-03   5.1858451601948657e-09
   7.1484375000000000e-01   1.9312502087775196e-03   1.9312419367910865e-03   8.2719864330678405e-09
   7.2265625000000000e-01   2.2081530840749896e-03   2.2081444062434234e-03   8.6778315661756311e-09
   7.3046875000000000e-01   2.0826310975757944e-03   2.0826243850878179e-03   6.7124879764811352e-09
   7.3828125000000000e-01   1.2951705052169867e-03   1.2951670992602876e-03   3.4059566991848783e-09
   7.4609375000000000e-01  -4.1234224441194343e-04  -4.1234232728480603e-04   8.2872862597945657e-11
   8.7890625000000000e-01   8.5652464226726552e-02   8.5652464691029093e-02   4.6430254085905176e-10
   8.8671875000000000e-01   4.2826457283667210e-03   4.2826527778788938e-03   7.0495121727923160e-09
   8.9453125000000000e-01  -1.0829279395137487e-01  -1.0829278195802329e-01   1.1993351575756428e-08
   9.0234375000000000e-01  -2.4305299234404307e-01  -2.4305297928752845e-01   1.3056514619469439e-08
   9.1015625000000000e-01  -3.8404377487149510e-01  -3.8404376583127819e-01   9.0402169083958483e-09
   9.1796875000000000e-01  -5.0931940681482379e-01  -5.0931940624594552e-01   5.6887827781793021e-10
   9.2578125000000000e-01  -5.9332726218643861e-01  -5.9332727219581971e-01   1.0009381101738768e-08
   9.3359375000000000e-01  -6.1062985107451428e-01  -6.1062987013661751e-01   1.9062103229217087e-08
   9.4140625000000000e-01  -5.4054826494939601e-01  -5.4054828792695797e-01   2.2977561964232507e-08
   9.4921875000000000e-01  -3.7201883756943704e-01  -3.7201885688819536e-01   1.9318758315289841e-08
   9.5703125000000000e-01  -1.0775146943124363e-01  -1.0775147747500156e-01   8.0437579375036705e-09
   9.6484375000000000e-01   2.3327146321191483e-01   2.3327147150855204e-01   8.2966372105808261e-09
   9.7265625000000000e-01   6.1577043534994347e-01   6.1577046026354587e-01   2.4913602403309199e-08
   9.8046875000000000e-01   9.9108663410235320e-01   9.9108667041233967e-01   3.6309986461979804e-08
   9.8828125000000000e-01   1.3030047192304970e+00   1.3030047571038801e+00   3.7873383096354019e-08
   9.9609375000000000e-01   1.4958615920309999e+00   1.4958616197314889e+00   2.7700489013682272e-08
   7.5390625000000000e-01  -3.2252982277618521e-03  -3.2252960784347239e-03   2.1493271281682047e-09
   7.6171875000000000e-01  -7.1605556424790134e-03  -7.1605528589921393e-03   2.7834868741513641e-09
   7.6953125000000000e-01  -1.1958095268981171e-02  -1.1958093226849389e-02   2.0421317813851259e-09
   7.7734375000000000e-01  -1.6982375855097591e-02  -1.6982375141650453e-02   7.1344713817311778e-10
   7.8515625000000000e-01  -2.1165160435729014e-02  -2.1165160672546961e-02   2.3681794719676574e-10
   7.9296875000000000e-01  -2.3027233527896488e-02  -2.3027233645284528e-02   1.1738804026051319e-10
   8.0078125000000000e-01  -2.0814616976490265e-02  -2.0814615819385214e-02   1.1571050506642422e-09
   8.0859375000000000e-01  -1.2772485279566162e-02  -1.2772482276506755e-02   3.0030594070501460e-09
   8.1640625000000000e-01   2.4445787267674724e-03   2.4445831273568249e-03   4.4005893525510265e-09
   8.2421875000000000e-01   2.5262872704936098e-02   2.5262877054291179e-02   4.3493550809514669e-09
   8.3203125000000000e-01   5.4658996732462613e-02   5.4658999093130593e-02   2.3606679805387998e-09
   8.3984375000000000e-01   8.7726342985728151e-02   8.7726341765611768e-02   1.2201163829272943e-09
   8.4765625000000000e-01   1.1948218890657518e-01   1.1948218367562960e-01   5.2309455794707915e-09
   8.5546875000000000e-01   1.4305862291222826e-01   1.4305861485097471e-01   8.0612535535706797e-09
   8.6328125000000000e-01   1.5038446946750758e-01   1.5038446119290830e-01   8.2745992835420168e-09
   8.7109375000000000e-01   1.3338958884472235e-01   1.3338958361081663e-01   5.2339057254879862e-09
