#                  Coord.                Numerical               Analytical                    Error
   3.9062500000000000e-03  -1.0265150652526431e+00  -1.0265150531248508e+00   1.2127792325955511e-08
   1.1718750000000000e-02  -8.4141666092896072e-01  -8.4141665600753002e-01   4.9214307074052499e-09
   1.9531250000000000e-02  -5.2096243407437071e-01  -5.2096243680921783e-01   2.7348471265398189e-09
   2.7343750000000000e-02  -1.0891149352195981e-01  -1.0891150258999251e-01   9.0680326997327754e-09
   3.5156250000000000e-02   3.3625595112316797e-01   3.3625593835434509e-01   1.2768822887920805e-08
   4.2968750000000000e-02   7.5005714513357835e-01   7.5005713185807088e-01   1.3275507471099957e-08
   5.0781250000000000e-02   1.0715946457990595e+00   1.0715946349338774e+00   1.0865182087371750e-08
   5.8593750000000000e-02   1.2525410607133645e+00   1.2525410542364954e+00   6.4768690410943464e-09
   6.6406250000000000e-02   1.2641817420650128e+00   1.2641817406293969e+00   1.4356158484218895e-09
   7.4218750000000000e-02   1.1015108166214260e+00   1.1015108195785328e+00   2.9571067816647201e-09
   8.2031250000000000e-02   7.8384923917571325e-01   7.8384924491271579e-01   5.7370025396963342e-09
   8.9843750000000000e-02   3.5198598142001980e-01   3.5198598795813441e-01   6.5381146052700956e-09
   9.7656250000000000e-02  -1.3764906362307699e-01  -1.3764905802628472e-01   5.5967922796273939e-09
   1.0546875000000000e-01  -6.2086413731282009e-01  -6.2086413367589111e-01   3.6369289801996274e-09
   1.1328125000000000e-01  -1.0344668203062302e+00  -1.0344668187681791e+00   1.5380510198781394e-09
   1.2109375000000000e-01  -1.3246658437627368e+00  -1.3246658436956433e+00   6.7093441913357310e-11
   1.2890625000000000e-01  -1.4539804769784106e+00  -1.4539804773892173e+00   4.1080672197324475e-10
   1.3671875000000000e-01  -1.4057854277455737e+00  -1.4057854277146677e+00   3.0905944470305258e-11
   1.4453125000000000e-01  -1.1859850134941856e+00  -1.1859850125708087e+00   9.2337693047284120e-10
   1.5234375000000000e-01  -8.2172244561718433e-01  -8.2172244403823513e-01   1.5789491936146760e-09
   1.6015625000000000e-01  -3.5742830285351340e-01  -3.5742830145236942e-01   1.4011439786187907e-09
   1.6796875000000000e-01   1.5115635197019381e-01   1.5115635209974343e-01   1.2954962103073342e-10
   1.7578125000000000e-01   6.4412152210588758e-01   6.4412152007694690e-01   2.0289406821305533e-09
   1.8359375000000000e-01   1.0647363558125167e+00   1.0647363513780357e+00   4.4344810046226257e-09
   1.9140625000000000e-01   1.3660788474321552e+00   1.3660788412296005e+00   6.2025546920807528e-09
   1.9921875000000000e-01   1.5161717509359101e+00   1.5161717444283487e+00   6.5075613786547137e-09
   2.0703125000000000e-01   1.5010867823704643e+00   1.5010867774526107e+00   4.9178536798422101e-09
   2.1484375000000000e-01   1.3257673141787161e+00   1.3257673125715494e+00   1.6071666220085490e-09
   2.2265625000000000e-01   1.0126175726170128e+00   1.0126175752487827e+00   2.6317699131084282e-09
   2.3046875000000000e-01   5.9817477616369730e-01   5.9817478276708924e-01   6.6033919443597711e-09
   2.3828125000000000e-01   1.2838749287197254e-01   1.2838750192676740e-01   9.0547948583541427e-09
   2.4609375000000000e-01  -3.4685273298707009e-01  -3.4685272388804372e-01   9.0990263656998138e-09
   2.5390625000000000e-01  -7.7924720652046597e-01  -7.7924719999701386e-01   6.5234521118284761e-09
   2.6171875000000000e-01  -1.1270685358489516e+00  -1.1270685339064173e+00   1.9425343555923291e-09
   2.6953125000000000e-01  -1.3590815434104151e+00  -1.3590815467538415e+00   3.3434264246068324e-09
   2.7734375000000000e-01  -1.4570767514490681e+00  -1.4570767591945801e+00   7.7455120095493157e-09
   2.8515625000000000e-01  -1.4168745504397271e+00  -1.4168745603052113e+00   9.8654842073386817e-09
   2.9296875000000000e-01  -1.2478375433038635e+00  -1.2478375522915885e+00   8.9877250086800586e-09
   3.0078125000000000e-01  -9.7107880593712570e-01  -9.7107881126706652e-01   5.3299408220297551e-09
   3.0859375000000000e-01  -6.1666264369372525e-01  -6.1666264372991819e-01   3.6192937535872716e-11
   3.1640625000000000e-01  -2.2015815703545130e-01  -2.2015815185309601e-01   5.1823552948970786e-09
   3.2421875000000000e-01   1.8107226759070899e-01   1.8107227617874067e-01   8.5880316746944629e-09
   3.3203125000000000e-01   5.5148049415273082e-01   5.5148050318504882e-01   9.0323180046425477e-09
   3.3984375000000000e-01   8.6050733412553770e-01   8.6050734046217148e-01   6.3366337732517763e-09
   3.4765625000000000e-01   1.0850566338287897e+00   1.0850566352208999e+00   1.3921102048897183e-09
   3.5546875000000000e-01   1.2110789757318468e+00   1.2110789716073425e+00   4.1245042936566279e-09
   3.6328125000000000e-01   1.2341671597826354e+00   1.2341671515352977e+00   8.2473377016611948e-09
   3.7109375000000000e-01   1.1591674416247770e+00   1.1591674322008547e+00   9.4239223091818758e-09
   3.7890625000000000e-01   9.9891481476541000e-01   9.9891480770771190e-01   7.0576980926162491e-09
   3.8671875000000000e-01   7.7229588106430969e-01   7.7229587925549914e-01   1.8088105457891857e-09
   3.9453125000000000e-01   5.0191449002986044e-01   5.0191449463401105e-01   4.6041506163163604e-09
   4.0234375000000000e-01   2.1166903349611230e-01   2.1166904347175125e-01   9.9756389537741796e-09
   4.1015625000000000e-01  -7.5463484981131396e-02  -7.5463472689217867e-02   1.2291913528694742e-08
   4.1796875000000000e-01  -3.3920328452703075e-01  -3.3920327406010642e-01   1.0466924327268146e-08
   4.2578125000000000e-01  -5.6316939490427076e-01  -5.6316939014953948e-01   4.7547312753692950e-09
   4.3359375000000000e-01  -7.3548852474517445e-01  -7.3548852797137143e-01   3.2261969762359399e-09
   4.4140625000000000e-01  -8.4889832047042291e-01  -8.4889833147191740e-01   1.1001494493179109e-08
   4.4921875000000000e-01  -9.0050229710581053e-01  -9.0050231309244899e-01   1.5986638457476943e-08
   4.5703125000000000e-01  -8.9135198140570404e-01  -8.9135199776040008e-01   1.6354696041886996e-08
   4.6484375000000000e-01  -8.2599613287645401e-01  -8.2599614451200343e-01   1.1635549412858381e-08
   4.7265625000000000e-01  -7.1206141770663278e-01  -7.1206142068111600e-01   2.9744832152900358e-09
   4.8046875000000000e-01  -5.5984056742328325e-01  -5.5984056022331863e-01   7.1999646245046733e-09
   4.8828125000000000e-01  -3.8179495874660313e-01  -3.8179494290748550e-01   1.5839117628591026e-08
   4.9609375000000000e-01  -1.9185591970142440e-01  -1.9185589944343162e-01   2.0257992783268008e-08
   5.0390625000000000e-01  -4.4459190719894452e-03  -4.4459001557350048e-03   1.8916254440441704e-08
   5.1171875000000000e-01   1.6676954058932361e-01   1.6676955261654727e-01   1.2027223661448261e-08
   5.1953125000000000e-01   3.1027198215996926e-01   3.1027198361447428e-01   1.4545050164294082e-09
   5.2734375000000000e-01   4.1798973040029036e-01   4.1798972062611744e-01   9.7741729154776635e-09
   5.3515625000000000e-01   4.8622155011128165e-01   4.8622153171141830e-01   1.8399863355167412e-08
   5.4296875000000000e-01   5.1592385868882495e-01   5.1592383683211818e-01   2.1856706777789725e-08
   5.5078125000000000e-01   5.1221186463849333e-01   5.1221184553917287e-01   1.9099320458515479e-08
   5.5859375000000000e-01   4.8310019805180554e-01   4.8310018716884351e-01   1.0882962031555365e-08
   5.6640625000000000e-01   4.3770504387087672e-01   4.3770504428076940e-01   4.0989267535707086e-10
   5.7421875000000000e-01   3.8429219083030708e-01   3.8429220236476880e-01   1.1534461719087119e-08
   5.8203125000000000e-01   3.2863215321816708e-01   3.2863217250725818e-01   1.9289091102159261e-08
   5.8984375000000000e-01   2.7308250610252371e-01   2.7308252760250901e-01   2.1499985292106061e-08
   5.9765625000000000e-01   2.1665760470917220e-01   2.1665762230589106e-01   1.7596718859813620e-08
   6.0546875000000000e-01   1.5609984504815438e-01   1.5609985383424663e-01   8.7860922426408194e-09
   6.1328125000000000e-01   8.7695067161868603e-02   8.7695064790328708e-02   2.3715398950185929e-09
   6.2109375000000000e-01   9.3506945743245789e-03   9.3506818853364131e-03   1.2688988165754367e-08
   6.2890625000000000e-01  -7.7655269353259115e-02  -7.7655288637059158e-02   1.9283800042901866e-08
   6.3671875000000000e-01  -1.6780338397845468e-01  -1.6780340439995392e-01   2.0421499241640717e-08
   6.4453125000000000e-01  -2.5169212876397973e-01  -2.5169214459056732e-01   1.5826587596023955e-08
   6.5234375000000000e-01  -3.1766997354158022e-01  -3.1766998051580109e-01   6.9742208674838935e-09
   6.6015625000000000e-01  -3.5443536759439825e-01  -3.5443536394719161e-01   3.6472066478054899e-09
   6.6796875000000000e-01  -3.5400518835433875e-01  -3.5400517531483827e-01   1.3039500479372634e-08
   6.7578125000000000e-01  -3.1429259639221974e-01  -3.1429257765325719e-01   1.8738962548336957e-08
   6.8359375000000000e-01  -2.4056282328449272e-01  -2.4056280402714203e-01   1.9257350686308072e-08
   6.9140625000000000e-01  -1.4525650307103441e-01  -1.4525648841256514e-01   1.4658469271733310e-08
   6.9921875000000000e-01  -4.6041141662496218e-02  -4.6041135406691892e-02   6.2558043259497431e-09
   7.0703125000000000e-01   3.7612595009993241e-02   3.7612591417678434e-02   3.5923148067329436e-09
   7.1484375000000000e-01   8.8638189196327891e-02   8.8638176833119614e-02   1.2363208276577886e-08
   7.2265625000000000e-01   9.6420600081180891e-02   9.6420582265472898e-02   1.7815707992197005e-08
   7.3046875000000000e-01   5.9702343303195120e-02   5.9702324544659756e-02   1.8758535363927464e-08
   7.3828125000000000e-01  -1.2434419013934484e-02  -1.2434434072724857e-02   1.5058790372654562e-08
   7.4609375000000000e-01  -1.0189264430893279e-01  -1.0189265213333851e-01   7.8244057205578699e-09
   8.7890625000000000e-01  -5.8916242203161129e-01  -5.8916240334161196e-01   1.8689999325971485e-08
   8.8671875000000000e-01  -5.3320166949273595e-01  -5.3320164951551841e-01   1.9977217546873760e-08
   8.9453125000000000e-01  -3.7050569955348528e-01  -3.7050568244470872e-01   1.7108776562135830e-08
   9.0234375000000000e-01  -1.2426499002247771e-01  -1.2426497940389324e-01   1.0618584470045711e-08
   9.1015625000000000e-01   1.6572411558522959e-01   1.6572411736274398e-01   1.7775143856813003e-09
   9.1796875000000000e-01   4.4959424278949445e-01   4.4959423526490422e-01   7.5245902286802391e-09
   9.2578125000000000e-01   6.7599769487381911e-01   6.7599767956669787e-01   1.5307121237206900e-08
   9.3359375000000000e-01   8.0122796017249354e-01   8.0122794034641143e-01   1.9826082109375420e-08
   9.4140625000000000e-01   7.9723449694711446e-01   7.9723447683973769e-01   2.0107376763611740e-08
   9.4921875000000000e-01   6.5708087957745220e-01   6.5708086351244177e-01   1.6065010433052862e-08
   9.5703125000000000e-01   3.9684604132612422e-01   3.9684603267394403e-01   8.6521801945238508e-09
   9.6484375000000000e-01   5.3594611022012378e-02   5.3594611496905378e-02   4.7489299992431455e-10
   9.7265625000000000e-01  -3.2027029587867722e-01  -3.2027028665946022e-01   9.2192170009219865e-09
   9.8046875000000000e-01  -6.6533341038605276e-01  -6.6533339471870445e-01   1.5667348307601969e-08
   9.8828125000000000e-01  -9.2478021683051204e-01  -9.2478019840477577e-01   1.8425736270089033e-08
   9.9609375000000000e-01  -1.0536956678267095e+00  -1.0536956507415582e+00   1.7085151293727563e-08
   7.5390625000000000e-01  -1.8505897792489809e-01  -1.8505897672039626e-01   1.2045018316086953e-09
   7.6171875000000000e-01  -2.3782788264789825e-01  -2.3782787278354006e-01   9.8643581913915312e-09
   7.6953125000000000e-01  -2.4110993993608199e-01  -2.4110992382024457e-01   1.6115837414565348e-08
   7.7734375000000000e-01  -1.8560896285436443e-01  -1.8560894418322205e-01   1.8671142382187256e-08
   7.8515625000000000e-01  -7.4747279137465733e-02  -7.4747262082186308e-02   1.7055279424860181e-08
   7.9296875000000000e-01   7.5028868105138938e-02   7.5028879859044356e-02   1.1753905418410149e-08
   8.0078125000000000e-01   2.3679137430885763e-01   2.3679137826883784e-01   3.9599802048595478e-09
   8.0859375000000000e-01   3.7813329040620569e-01   3.7813328577713534e-01   4.6290703492601892e-09
   8.1640625000000000e-01   4.6769223781143981e-01   4.6769222557294637e-01   1.2238493440897003e-08
   8.2421875000000000e-01   4.8188279702186981e-01   4.8188277971561511e-01   1.7306254707083468e-08
   8.3203125000000000e-01   4.1042427162251349e-01   4.1042425278836520e-01   1.8834148296509312e-08
   8.3984375000000000e-01   2.5944535835387839e-01   2.5944534185189921e-01   1.6501979172023340e-08
   8.4765625000000000e-01   5.1404858969525964e-02   5.1404848197344380e-02   1.0772181584239870e-08
   8.5546875000000000e-01  -1.7830341048262735e-01  -1.7830341322607399e-01   2.7434466365328092e-09
   8.6328125000000000e-01  -3.8752092785409303e-01  -3.8752092187069032e-01   5.9834027177352311e-09
   8.7109375000000000e-01  -5.3515151948663076e-01  -5.3515150581853355e-01   1.3668097209595942e-08
