#                  Coord.                Numerical               Analytical                    Error
   3.9062500000000000e-03   4.5548341083095389e-01   4.5548339617535594e-01   1.4655597957435873e-08
   1.1718750000000000e-02   7.6923754755908402e-01   7.6923753725849997e-01   1.0300584052380657e-08
   1.9531250000000000e-02   1.0059071842062230e+00   1.0059071808593989e+00   3.3468241511513952e-09
   2.7343750000000000e-02   1.1458257339375573e+00   1.1458257381909069e+00   4.2533496724672659e-09
   3.5156250000000000e-02   1.1795762731886050e+00   1.1795762836937600e+00   1.0505154968143415e-08
   4.2968750000000000e-02   1.1077046439089213e+00   1.1077046576724698e+00   1.3763548523115787e-08
   5.0781250000000000e-02   9.3953882870804828e-01   9.3953884197200799e-01   1.3263959708353923e-08
   5.8593750000000000e-02   6.9155589241553839e-01   6.9155590159653613e-01   9.1809977398327192e-09
   6.6406250000000000e-02   3.8566754768026934e-01   3.8566755037125899e-01   2.6909896533311439e-09
   7.4218750000000000e-02   4.7632788688867382e-02   4.7632784198781655e-02   4.4900857268381777e-09
   8.2031250000000000e-02  -2.9438722217137470e-01  -2.9438723261452754e-01   1.0443152842487535e-08
   8.9843750000000000e-02  -6.1127382152583942e-01  -6.1127383519198664e-01   1.3666147213875490e-08
   9.7656250000000000e-02  -8.7460459943208790e-01  -8.7460461274897572e-01   1.3316887814696088e-08
   1.0546875000000000e-01  -1.0586800358612249e+00  -1.0586800454039433e+00   9.5427183932628168e-09
   1.1328125000000000e-01  -1.1429389750898296e+00  -1.1429389783946289e+00   3.3047993230894690e-09
   1.2109375000000000e-01  -1.1145727040762881e+00  -1.1145727003166102e+00   3.7596779023374438e-09
   1.2890625000000000e-01  -9.7094684989946500e-01  -9.7094683999345488e-01   9.9060101232950615e-09
   1.3671875000000000e-01  -7.2131177136482250e-01  -7.2131175774779444e-01   1.3617028060686209e-08
   1.4453125000000000e-01  -3.8727568600391987e-01  -3.8727567209820124e-01   1.3905718632134523e-08
   1.5234375000000000e-01  -1.6497807862106109e-03  -1.6497700000684228e-03   1.0786142188180109e-08
   1.6015625000000000e-01   3.9446677529809543e-01   3.9446678034066168e-01   5.0425662534436810e-09
   1.6796875000000000e-01   7.5616311045720919e-01   7.5616310864369485e-01   1.8135143386999175e-09
   1.7578125000000000e-01   1.0402251086252283e+00   1.0402251005244569e+00   8.1007713870206999e-09
   1.8359375000000000e-01   1.2108934240849147e+00   1.2108934118327750e+00   1.2252139747204183e-08
   1.9140625000000000e-01   1.2449725723526701e+00   1.2449725590042449e+00   1.3348425254022800e-08
   1.9921875000000000e-01   1.1354450994541607e+00   1.1354450882611442e+00   1.1193016513644238e-08
   2.0703125000000000e-01   8.9295909214376812e-01   8.9295908566684745e-01   6.4769206664649914e-09
   2.1484375000000000e-01   5.4489169738481280e-01   5.4489169694511097e-01   4.3970183050134892e-10
   2.2265625000000000e-01   1.3207975586882009e-01   1.3207976119571957e-01   5.3268994770760969e-09
   2.3046875000000000e-01  -2.9632359594435792e-01  -2.9632358651151203e-01   9.4328458932757542e-09
   2.3828125000000000e-01  -6.8912680384768621e-01  -6.8912679293417156e-01   1.0913514647548084e-08
   2.4609375000000000e-01  -9.9962342372929347e-01  -9.9962341411495825e-01   9.6143352168454044e-09
   2.5390625000000000e-01  -1.1914697011633941e+00  -1.1914696951293635e+00   6.0340306085038264e-09
   2.6171875000000000e-01  -1.2431545520914191e+00  -1.2431545508083386e+00   1.2830805307117998e-09
   2.6953125000000000e-01  -1.1505272929726966e+00  -1.1505272962168542e+00   3.2441576092168134e-09
   2.7734375000000000e-01  -9.2712606263760378e-01  -9.2712606901664396e-01   6.3790401849672662e-09
   2.8515625000000000e-01  -6.0233239302148578e-01  -6.0233240038921165e-01   7.3677258738413798e-09
   2.9296875000000000e-01  -2.1762884540126384e-01  -2.1762885157812939e-01   6.1768655468252831e-09
   3.0078125000000000e-01   1.7856503877490890e-01   1.7856503540898352e-01   3.3659253717566173e-09
   3.0859375000000000e-01   5.3686701049153329e-01   5.3686701052678854e-01   3.5255243169274308e-11
   3.1640625000000000e-01   8.1303144637939473e-01   8.1303144931741889e-01   2.9380241572951604e-09
   3.2421875000000000e-01   9.7347495147008400e-01   9.7347495590658661e-01   4.4365026097281657e-09
   3.3203125000000000e-01   9.9957501114167380e-01   9.9957501530769499e-01   4.1660211946847880e-09
   3.3984375000000000e-01   8.9019514272149269e-01   8.9019514503911956e-01   2.3176268681979195e-09
   3.4765625000000000e-01   6.6205991749944026e-01   6.6205991712806478e-01   3.7137548591914538e-10
   3.5546875000000000e-01   3.4783361391367917e-01   3.4783361095507481e-01   2.9586043615026369e-09
   3.6328125000000000e-01  -7.9662571121986384e-03  -7.9662616152180333e-03   4.5030193948636388e-09
   3.7109375000000000e-01  -3.5479223609427996e-01  -3.5479224054731057e-01   4.4530306109180628e-09
   3.7890625000000000e-01  -6.4292294029043739e-01  -6.4292294301151076e-01   2.7210733666294118e-09
   3.8671875000000000e-01  -8.3044198327053542e-01  -8.3044198307969075e-01   1.9084467339780531e-10
   3.9453125000000000e-01  -8.8934064445978922e-01  -8.8934064108153354e-01   3.3782556752015580e-09
   4.0234375000000000e-01  -8.0980503232382428e-01  -8.0980502644362329e-01   5.8802009927916288e-09
   4.1015625000000000e-01  -6.0196617827401644e-01  -6.0196617138008768e-01   6.8939287611868849e-09
   4.1796875000000000e-01  -2.9474572603692389e-01  -2.9474571998019783e-01   6.0567260651289700e-09
   4.2578125000000000e-01   6.8129764003567100e-02   6.8129767531172045e-02   3.5276049442645174e-09
   4.3359375000000000e-01   4.3441821060728691e-01   4.3441821055927821e-01   4.8008708120050869e-11
   4.4140625000000000e-01   7.5103842443603197e-01   7.5103842067644322e-01   3.7595887514285664e-09
   4.4921875000000000e-01   9.7196578367257536e-01   9.7196577700445685e-01   6.6681185018069300e-09
   4.5703125000000000e-01   1.0651159570881843e+00   1.0651159490232978e+00   8.0648865363741606e-09
   4.6484375000000000e-01   1.0171262435792143e+00   1.0171262359424289e+00   7.6367854262571200e-09
   4.7265625000000000e-01   8.3526895747277285e-01   8.3526895193569251e-01   5.5370803497822862e-09
   4.8046875000000000e-01   5.4618687561287360e-01   5.4618687331848903e-01   2.2943845712219968e-09
   4.8828125000000000e-01   1.9165057374308406e-01   1.9165057507950220e-01   1.3364181428165978e-09
   4.9609375000000000e-01  -1.7798403324463058e-01  -1.7798402866794050e-01   4.5766900824695256e-09
   5.0390625000000000e-01  -5.1157185991769993e-01  -5.1157185312607201e-01   6.7916279267166146e-09
   5.1171875000000000e-01  -7.6498522200271479e-01  -7.6498521437028766e-01   7.6324271347516515e-09
   5.1953125000000000e-01  -9.0769178021965735e-01  -9.0769177316801097e-01   7.0516463779313199e-09
   5.2734375000000000e-01  -9.2706853471341433e-01  -9.2706852944739826e-01   5.2660160676509804e-09
   5.3515625000000000e-01  -8.2978593349355267e-01  -8.2978593082504659e-01   2.6685060827702500e-09
   5.4296875000000000e-01  -6.4007175203978062e-01  -6.4007175230562230e-01   2.6584168200116665e-10
   5.5078125000000000e-01  -3.9517047490044532e-01  -3.9517047795664306e-01   3.0561977393261941e-09
   5.5859375000000000e-01  -1.3876992086228074e-01  -1.3876992614677888e-01   5.2844981446309447e-09
   5.6640625000000000e-01   8.6500580955629985e-02   8.6500574324808996e-02   6.6308209895060699e-09
   5.7421875000000000e-01   2.4624216577731325e-01   2.4624215885585984e-01   6.9214534104133918e-09
   5.8203125000000000e-01   3.1992285615771210e-01   3.1992285001588755e-01   6.1418245489441858e-09
   5.8984375000000000e-01   3.0402742824337048e-01   3.0402742381543263e-01   4.4279378497158461e-09
   5.9765625000000000e-01   2.1218870157771169e-01   2.1218869955453992e-01   2.0231717690055717e-09
   6.0546875000000000e-01   7.2284740587195903e-02   7.2284741318680693e-02   7.3148478940687767e-10
   6.1328125000000000e-01  -7.8985686501086380e-02  -7.8985683076212149e-02   3.4248742314391123e-09
   6.2109375000000000e-01  -2.0308966899832373e-01  -2.0308966335910847e-01   5.6392152614215263e-09
   6.2890625000000000e-01  -2.6696362105869886e-01  -2.6696361402081437e-01   7.0378844974072763e-09
   6.3671875000000000e-01  -2.4932085225197148e-01  -2.4932084482304243e-01   7.4289290552531639e-09
   6.4453125000000000e-01  -1.4481855931092813e-01  -1.4481855263253729e-01   6.6783908403422743e-09
   6.5234375000000000e-01   3.4681468391335409e-02   3.4681473276989817e-02   4.8856544088149434e-09
   6.6015625000000000e-01   2.6199968860463052e-01   2.6199969084112856e-01   2.2364980423184022e-09
   6.6796875000000000e-01   4.9933948697527492e-01   4.9933948607297901e-01   9.0229590465895626e-10
   6.7578125000000000e-01   7.0494971086001379e-01   7.0494970672273549e-01   4.1372782977333600e-09
   6.8359375000000000e-01   8.4053424083279460e-01   8.4053423386964976e-01   6.9631448385010231e-09
   6.9140625000000000e-01   8.7805704193454881e-01   8.7805703302267535e-01   8.9118734614146433e-09
   6.9921875000000000e-01   8.0470826910948512e-01   8.0470825959324943e-01   9.5162356883449206e-09
   7.0703125000000000e-01   6.2514662966461987e-01   6.2514662115552055e-01   8.5090993140468640e-09
   7.1484375000000000e-01   3.6064830326195141e-01   3.6064829746162919e-01   5.8003222225266882e-09
   7.2265625000000000e-01   4.5373512706474564e-02   4.5373511040486411e-02   1.6659881529879073e-09
   7.3046875000000000e-01  -2.7950450687592648e-01  -2.7950450355072043e-01   3.3252060549493478e-09
   7.3828125000000000e-01  -5.7268023991732731e-01  -5.7268023168532922e-01   8.2319980831968564e-09
   7.4609375000000000e-01  -7.9931896658337120e-01  -7.9931895456135349e-01   1.2022017714663491e-08
   8.7890625000000000e-01   7.5467105597345896e-01   7.5467105704447590e-01   1.0710169418004511e-09
   8.8671875000000000e-01   7.0450892410003507e-01   7.0450891527479353e-01   8.8252415375578153e-09
   8.9453125000000000e-01   5.8741503815412954e-01   5.8741502168083448e-01   1.6473295061381066e-08
   9.0234375000000000e-01   3.9963522794407730e-01   3.9963520796961061e-01   1.9974466691774495e-08
   9.1015625000000000e-01   1.4830948251311105e-01   1.4830946406474055e-01   1.8448370497914368e-08
   9.1796875000000000e-01  -1.4780882054715327e-01  -1.4780883293354624e-01   1.2386392966856619e-08
   9.2578125000000000e-01  -4.5994239501748807e-01  -4.5994239840598600e-01   3.3884979266929349e-09
   9.3359375000000000e-01  -7.5298206517138155e-01  -7.5298205900096837e-01   6.1704131804063422e-09
   9.4140625000000000e-01  -9.9063163381147168e-01  -9.9063161994761095e-01   1.3863860726104349e-08
   9.4921875000000000e-01  -1.1410525966312837e+00  -1.1410525788749293e+00   1.7756354386833095e-08
   9.5703125000000000e-01  -1.1819561174969002e+00  -1.1819561005002657e+00   1.6996634544241829e-08
   9.6484375000000000e-01  -1.1042107071468166e+00  -1.1042106952178277e+00   1.1928988907783378e-08
   9.7265625000000000e-01  -9.1334311050851502e-01  -9.1334310645553030e-01   4.0529847256109974e-09
   9.8046875000000000e-01  -6.2873366914121187e-01  -6.2873367365066357e-01   4.5094517009403035e-09
   9.8828125000000000e-01  -2.8074982154715755e-01  -2.8074983303529627e-01   1.1488138718096508e-08
   9.9609375000000000e-01   9.3573481944827480e-02   9.3573466783818143e-02   1.5161009336850384e-08
   7.5390625000000000e-01  -9.3618742707265656e-01  -9.3618741343262246e-01   1.3640034102202492e-08
   7.6171875000000000e-01  -9.7443992731727413e-01  -9.7443991487304793e-01   1.2444226205055031e-08
   7.6953125000000000e-01  -9.1967250817965074e-01  -9.1967249987658717e-01   8.3030635700254152e-09
   7.7734375000000000e-01  -7.8940499851142198e-01  -7.8940499666077812e-01   1.8506438603793640e-09
   7.8515625000000000e-01  -6.0864913873712223e-01  -6.0864914438352513e-01   5.6464029007941008e-09
   7.9296875000000000e-01  -4.0457043087671263e-01  -4.0457044330601655e-01   1.2429303919425649e-08
   8.0078125000000000e-01  -2.0138349286110502e-01  -2.0138350964811044e-01   1.6787005424623302e-08
   8.0859375000000000e-01  -1.6512623623288376e-02  -1.6512641032438154e-02   1.7409149778019328e-08
   8.1640625000000000e-01   1.4127163917654767e-01   1.4127162527868251e-01   1.3897865164258505e-08
   8.2421875000000000e-01   2.7149124520321322e-01   2.7149123839021311e-01   6.8130001085187075e-09
   8.3203125000000000e-01   3.7962817204963140e-01   3.7962817431274526e-01   2.2631138629769509e-09
   8.3984375000000000e-01   4.7350800559249168e-01   4.7350801678314491e-01   1.1190653237402870e-08
   8.4765625000000000e-01   5.5935860216070443e-01   5.5935861983357604e-01   1.7672871610585617e-08
   8.5546875000000000e-01   6.3855504105428640e-01   6.3855506107255333e-01   2.0018266932986251e-08
   8.6328125000000000e-01   7.0588499219752154e-01   7.0588500967918255e-01   1.7481661007678895e-08
   8.7109375000000000e-01   7.4980306849750711e-01   7.4980307913256183e-01   1.0635054725760540e-08
