#                  Coord.                Numerical               Analytical                    Error
   3.9062500000000000e-03   1.3539678238216519e+00   1.3539677621106871e+00   6.1710964782690780e-08
   1.1718750000000000e-02   1.3128775482504751e+00   1.3128775018632899e+00   4.6387185204110892e-08
   1.9531250000000000e-02   1.2567174856229564e+00   1.2567174536078347e+00   3.2015121664841217e-08
   2.7343750000000000e-02   1.1878299193200681e+00   1.1878298913776850e+00   2.7942383074019972e-08
   3.5156250000000000e-02   1.1089162256754093e+00   1.1089161926588975e+00   3.3016511746808419e-08
   4.2968750000000000e-02   1.0229495659457974e+00   1.0229495276089524e+00   3.8336845031849975e-08
   5.0781250000000000e-02   9.3308399576571366e-01   9.3308396053308895e-01   3.5232624706615923e-08
   5.8593750000000000e-02   8.4256142380909105e-01   8.4256140175962568e-01   2.2049465364659682e-08
   6.6406250000000000e-02   7.5461733162953104e-01   7.5461732734627884e-01   4.2832521973679150e-09
   7.4218750000000000e-02   6.7238591698021988e-01   6.7238592759527616e-01   1.0615056278417967e-08
   8.2031250000000000e-02   5.9880541718700542e-01   5.9880543588230373e-01   1.8695298309445718e-08
   8.9843750000000000e-02   5.3652482254269984e-01   5.3652484388933930e-01   2.1346639456076844e-08
   9.7656250000000000e-02   4.8781394835472391e-01   4.8781397111290803e-01   2.2758184115012625e-08
   1.0546875000000000e-01   4.5447977245114196e-01   4.5447979900272090e-01   2.6551578935496423e-08
   1.1328125000000000e-01   4.3779289092640100e-01   4.3779292443042678e-01   3.3504025775954460e-08
   1.2109375000000000e-01   4.3842868753259678e-01   4.3842872923718745e-01   4.1704590669766617e-08
   1.2890625000000000e-01   4.5642815882578763e-01   4.5642820610814938e-01   4.7282361748113289e-08
   1.3671875000000000e-01   4.9118312443772211e-01   4.9118317057484839e-01   4.6137126286094343e-08
   1.4453125000000000e-01   5.4144970260427938e-01   5.4144973837249277e-01   3.5768213391129677e-08
   1.5234375000000000e-01   6.0539244012184557e-01   6.0539245790258278e-01   1.7780737215922215e-08
   1.6015625000000000e-01   6.8065945539370287e-01   6.8065945383073589e-01   1.5629669780636846e-09
   1.6796875000000000e-01   7.6448655419759481e-01   7.6448654030771956e-01   1.3889875249972761e-08
   1.7578125000000000e-01   8.5382576183115810e-01   8.5382574722961579e-01   1.4601542308589899e-08
   1.8359375000000000e-01   9.4549136028783864e-01   9.4549135302543785e-01   7.2624007918520306e-09
   1.9140625000000000e-01   1.0363146193777613e+00   1.0363146165412078e+00   2.8365534365804024e-09
   1.9921875000000000e-01   1.1232972097676024e+00   1.1232971975799180e+00   1.2187684417241940e-08
   2.0703125000000000e-01   1.2037529688428417e+00   1.2037529315298874e+00   3.7312954281887301e-08
   2.1484375000000000e-01   1.2754283343034987e+00   1.2754282659358780e+00   6.8367620675857665e-08
   2.2265625000000000e-01   1.3365933449815590e+00   1.3365932552036328e+00   8.9777926204348546e-08
   2.3046875000000000e-01   1.3860975043863497e+00   1.3860974126339736e+00   9.1752376141229774e-08
   2.3828125000000000e-01   1.4233877831167085e+00   1.4233877055994861e+00   7.7517222418777010e-08
   2.4609375000000000e-01   1.4484893038684179e+00   1.4484892426442930e+00   6.1224124880965292e-08
   2.5390625000000000e-01   1.4619524474278538e+00   1.4619523908236127e+00   5.6604241072122363e-08
   2.6171875000000000e-01   1.4647728932747914e+00   1.4647728263844391e+00   6.6890352368176309e-08
   2.6953125000000000e-01   1.4582931344653955e+00   1.4582930521564461e+00   8.2308949433951284e-08
   2.7734375000000000e-01   1.4440950714569301e+00   1.4440949826633898e+00   8.8793540298226503e-08
   2.8515625000000000e-01   1.4238932672455569e+00   1.4238931884276651e+00   7.8817891768778736e-08
   2.9296875000000000e-01   1.3994373785976397e+00   1.3994373216357436e+00   5.6961896088836284e-08
   3.0078125000000000e-01   1.3724303024273690e+00   1.3724302675282427e+00   3.4899126255538704e-08
   3.0859375000000000e-01   1.3444659703938144e+00   1.3444659486658279e+00   2.1727986521113962e-08
   3.1640625000000000e-01   1.3169878233035250e+00   1.3169878062949516e+00   1.7008573438559438e-08
   3.2421875000000000e-01   1.2912661990692216e+00   1.2912661867527462e+00   1.2316475395124371e-08
   3.3203125000000000e-01   1.2683905480379523e+00   1.2683905487240565e+00   6.8610428449744632e-10
   3.3984375000000000e-01   1.2492708660582508e+00   1.2492708890776012e+00   2.3019350425812490e-08
   3.4765625000000000e-01   1.2346422111075410e+00   1.2346422581819501e+00   4.7074409037506371e-08
   3.5546875000000000e-01   1.2250666920820197e+00   1.2250667550618981e+00   6.2979878423519153e-08
   3.6328125000000000e-01   1.2209287954696231e+00   1.2209288616161722e+00   6.6146549126955279e-08
   3.7109375000000000e-01   1.2224220956648586e+00   1.2224221569553837e+00   6.1290525099622073e-08
   3.7890625000000000e-01   1.2295279463674855e+00   1.2295280049220911e+00   5.8554605608662769e-08
   3.8671875000000000e-01   1.2419892639040444e+00   1.2419893298303568e+00   6.5926312409203547e-08
   3.9453125000000000e-01   1.2592846057244331e+00   1.2592846877504487e+00   8.2026015535419106e-08
   4.0234375000000000e-01   1.2806090658122646e+00   1.2806091623612654e+00   9.6549000794254880e-08
   4.1015625000000000e-01   1.3048688364101015e+00   1.3048689330429737e+00   9.6632872148560978e-08
   4.1796875000000000e-01   1.3306955119818620e+00   1.3306955885533696e+00   7.6571507579004106e-08
   4.2578125000000000e-01   1.3564844157721951e+00   1.3564844582926880e+00   4.2520492904429830e-08
   4.3359375000000000e-01   1.3804586083742025e+00   1.3804586178280827e+00   9.4538801231891512e-09
   4.4140625000000000e-01   1.4007571354093682e+00   1.4007571265503593e+00   8.8590088598294869e-09
   4.4921875000000000e-01   1.4155428850588865e+00   1.4155428754375765e+00   9.6213099709530070e-09
   4.5703125000000000e-01   1.4231225843481108e+00   1.4231225812849750e+00   3.0631357450516816e-09
   4.6484375000000000e-01   1.4220693456032028e+00   1.4220693405015141e+00   5.1016886271071371e-09
   4.7265625000000000e-01   1.4113370661740570e+00   1.4113370413108943e+00   2.4863162639832126e-08
   4.8046875000000000e-01   1.3903560497810570e+00   1.3903559920784310e+00   5.7702626010680547e-08
   4.8828125000000000e-01   1.3591004610564201e+00   1.3591003730831188e+00   8.7973301310384500e-08
   4.9609375000000000e-01   1.3181205309159378e+00   1.3181204299518905e+00   1.0096404734483144e-07
   5.0390625000000000e-01   1.2685355340898112e+00   1.2685354407003739e+00   9.3389437294533195e-08
   5.1171875000000000e-01   1.2119871269597622e+00   1.2119870514405378e+00   7.5519224429498877e-08
   5.1953125000000000e-01   1.1505562467082671e+00   1.1505561847261068e+00   6.1982160293183597e-08
   5.2734375000000000e-01   1.0866500363632492e+00   1.0866499757034962e+00   6.0659752998404315e-08
   5.3515625000000000e-01   1.0228677974849878e+00   1.0228677302991709e+00   6.7185816909898222e-08
   5.4296875000000000e-01   9.6185653376665681e-01   9.6185646332603303e-01   7.0440623778367240e-08
   5.5078125000000000e-01   9.0616708339937979e-01   9.0616702070879096e-01   6.2690588831237903e-08
   5.5859375000000000e-01   8.5812115926187138e-01   8.5812111303246630e-01   4.6229405081810171e-08
   5.6640625000000000e-01   8.1969794568812648e-01   8.1969791511093670e-01   3.0577189780167657e-08
   5.7421875000000000e-01   7.9244648417785413e-01   7.9244646081879910e-01   2.3359055023597364e-08
   5.8203125000000000e-01   7.7742723171532624e-01   7.7742720817023492e-01   2.3545091321075517e-08
   5.8984375000000000e-01   7.7518325176442049e-01   7.7518322911555193e-01   2.2648868558405866e-08
   5.9765625000000000e-01   7.8573885803285426e-01   7.8573884488098633e-01   1.3151867928051786e-08
   6.0546875000000000e-01   8.0862147439719789e-01   8.0862147866979950e-01   4.2726016058480809e-09
   6.1328125000000000e-01   8.4290121691292619e-01   8.4290123761722002e-01   2.0704293834938881e-08
   6.2109375000000000e-01   8.8724232438293049e-01   8.8724235134708529e-01   2.6964154797859408e-08
   6.2890625000000000e-01   9.3996102339571219e-01   9.3996104574079720e-01   2.2345085004538134e-08
   6.3671875000000000e-01   9.9908554586178944e-01   9.9908556207372645e-01   1.6211937015064848e-08
   6.4453125000000000e-01   1.0624155786667409e+00   1.0624155989236419e+00   2.0256901045456743e-08
   6.5234375000000000e-01   1.1275801242044061e+00   1.1275801625605506e+00   3.8356144482776244e-08
   6.6015625000000000e-01   1.1920943003522266e+00   1.1920943619749165e+00   6.1622689839779810e-08
   6.6796875000000000e-01   1.2534167448725904e+00   1.2534168192341175e+00   7.4361527158117724e-08
   6.7578125000000000e-01   1.3090098386648676e+00   1.3090099046713648e+00   6.6006497156934074e-08
   6.8359375000000000e-01   1.3564048324715834e+00   1.3564048724067299e+00   3.9935146523006892e-08
   6.9140625000000000e-01   1.3932731863570011e+00   1.3932731979633668e+00   1.1606365646343875e-08
   6.9921875000000000e-01   1.4175041429086574e+00   1.4175041398540957e+00   3.0545617146771065e-09
   7.0703125000000000e-01   1.4272869700416779e+00   1.4272869704930582e+00   4.5138026649738094e-10
   7.1484375000000000e-01   1.4211946872184467e+00   1.4211946989947883e+00   1.1776341679592406e-08
   7.2265625000000000e-01   1.3982646773186700e+00   1.3982646916893180e+00   1.4370648004913278e-08
   7.3046875000000000e-01   1.3580706044080246e+00   1.3580706029377954e+00   1.4702292716606280e-09
   7.3828125000000000e-01   1.3007796436818100e+00   1.3007796129301807e+00   3.0751629243042089e-08
   7.4609375000000000e-01   1.2271892617368996e+00   1.2271892036642849e+00   5.8072614717019633e-08
   8.7890625000000000e-01   1.5734953424858139e-01   1.5734951707729655e-01   1.7171284838468637e-08
   8.8671875000000000e-01   2.3951981431003522e-01   2.3951979237232957e-01   2.1937705652064210e-08
   8.9453125000000000e-01   3.3671464710520360e-01   3.3671462903233212e-01   1.8072871477148311e-08
   9.0234375000000000e-01   4.4560041305252129e-01   4.4560040642003085e-01   6.6324904457459866e-09
   9.1015625000000000e-01   5.6248929085004939e-01   5.6248929447580032e-01   3.6257509217207939e-09
   9.1796875000000000e-01   6.8348020173977286e-01   6.8348020468351967e-01   2.9437468018755908e-09
   9.2578125000000000e-01   8.0460441974042796e-01   8.0460440919654252e-01   1.0543885431424371e-08
   9.3359375000000000e-01   9.2196985172811741e-01   9.2196982393579296e-01   2.7792324441833216e-08
   9.4140625000000000e-01   1.0318982705029254e+00   1.0318982351406059e+00   3.5362319517062701e-08
   9.4921875000000000e-01   1.1310502832145914e+00   1.1310502566625082e+00   2.6552083198794207e-08
   9.5703125000000000e-01   1.2165335309101275e+00   1.2165335230190930e+00   7.8910344925020581e-09
   9.6484375000000000e-01   1.2859905262464379e+00   1.2859905313726097e+00   5.1261717093353809e-09
   9.7265625000000000e-01   1.3376636127301822e+00   1.3376636127859758e+00   5.5793591968722467e-11
   9.8046875000000000e-01   1.3704357125977613e+00   1.3704356899944734e+00   2.2603287908040670e-08
   9.8828125000000000e-01   1.3838467451301089e+00   1.3838466955862243e+00   4.9543884550473649e-08
   9.9609375000000000e-01   1.3780867575757179e+00   1.3780866926827220e+00   6.4892995865761804e-08
   7.5390625000000000e-01   1.1387386471107124e+00   1.1387385776198597e+00   6.9490852627751565e-08
   7.6171875000000000e-01   1.0374913101541952e+00   1.0374912474873748e+00   6.2666820399570611e-08
   7.6953125000000000e-01   9.2608719938590334e-01   9.2608715258070040e-01   4.6805202935651380e-08
   7.7734375000000000e-01   8.0766473959010021e-01   8.0766470520361477e-01   3.4386485436854741e-08
   7.8515625000000000e-01   6.8575527490635724e-01   6.8575524380313757e-01   3.1103219666483994e-08
   7.9296875000000000e-01   5.6415431864227517e-01   5.6415428548299862e-01   3.3159276546790295e-08
   8.0078125000000000e-01   4.4677560529162980e-01   4.4677557266853341e-01   3.2623096390960171e-08
   8.0859375000000000e-01   3.3749510675109640e-01   3.3749508129302863e-01   2.5458067764994041e-08
   8.1640625000000000e-01   2.3999284438762317e-01   2.3999282970194302e-01   1.4685680144177482e-08
   8.2421875000000000e-01   1.5760047956468809e-01   1.5760047300901509e-01   6.5556730044491474e-09
   8.3203125000000000e-01   9.3162307868231223e-02   9.3162303509290889e-02   4.3589403336818933e-09
   8.3984375000000000e-01   4.8916462591300496e-02   4.8916456735846617e-02   5.8554538787114474e-09
   8.4765625000000000e-01   2.6401932859169912e-02   2.6401926185348090e-02   6.6738218215678380e-09
   8.5546875000000000e-01   2.6395524135456577e-02   2.6395518666891264e-02   5.4685653123887068e-09
   8.6328125000000000e-01   4.8881253439052981e-02   4.8881248160574237e-02   5.2784787443749259e-09
   8.7109375000000000e-01   9.3052990937537300e-02   9.3052981369985008e-02   9.5675522920890543e-09
