#                  Coord.                Numerical               Analytical                    Error
   3.9062500000000000e-03   4.9549315841711300e-01   4.9549313237646203e-01   2.6040650968894852e-08
   1.1718750000000000e-02   6.3790297740000401e-01   6.3790294688357974e-01   3.0516424276427756e-08
   1.9531250000000000e-02   6.5941547159979996e-01   6.5941544266133056e-01   2.8938469398553934e-08
   2.7343750000000000e-02   5.6765912854506317e-01   5.6765910775116879e-01   2.0793894384141254e-08
   3.5156250000000000e-02   3.8942480869919111e-01   3.8942480173479893e-01   6.9643921740691894e-09
   4.2968750000000000e-02   1.6447346539519739e-01   1.6447347535457799e-01   9.9593805980013883e-09
   5.0781250000000000e-02  -6.2657287999163452e-02  -6.2657261685936355e-02   2.6313227097229941e-08
   5.8593750000000000e-02  -2.5119319548879548e-01  -2.5119315754622973e-01   3.7942565755955115e-08
   6.6406250000000000e-02  -3.7136013771100840e-01  -3.7136009619481541e-01   4.1516192983426237e-08
   7.4218750000000000e-02  -4.0900135713995711e-01  -4.0900132183538940e-01   3.5304567713723145e-08
   8.2031250000000000e-02  -3.6684428560735632e-01  -3.6684426552180449e-01   2.0085551832860205e-08
   8.9843750000000000e-02  -2.6239515745826386e-01  -2.6239515849561362e-01   1.0373497616456007e-09
   9.7656250000000000e-02  -1.2312036687561734e-01  -1.2312038988448396e-01   2.3008866617546531e-08
   1.0546875000000000e-01   1.9915864802568902e-02   1.9915824512406470e-02   4.0290162432038423e-08
   1.1328125000000000e-01   1.3854858604699219e-01   1.3854853795447500e-01   4.8092517190845285e-08
   1.2109375000000000e-01   2.1280577023007238e-01   2.1280572620434643e-01   4.4025725953744654e-08
   1.2890625000000000e-01   2.3401061705841511e-01   2.3401058846383274e-01   2.8594582368590693e-08
   1.3671875000000000e-01   2.0524352444895128e-01   2.0524351892148809e-01   5.5274631816093489e-09
   1.4453125000000000e-01   1.3931350183209396e-01   1.3931352100784258e-01   1.9175748627864309e-08
   1.5234375000000000e-01   5.4911416660426038e-02   5.4911455660923834e-02   3.9000497796537470e-08
   1.6015625000000000e-01  -2.8047609148244040e-02  -2.8047560577740327e-02   4.8570503712735968e-08
   1.6796875000000000e-01  -9.2800572560956654e-02  -9.2800527253778423e-02   4.5307178231368539e-08
   1.7578125000000000e-01  -1.2890624296227959e-01  -1.2890621285010151e-01   3.0112178084351626e-08
   1.8359375000000000e-01  -1.3364343114091798e-01  -1.3364342390432132e-01   7.2365966552467853e-09
   1.9140625000000000e-01  -1.1152964976164846e-01  -1.1152966672418395e-01   1.6962535487330399e-08
   1.9921875000000000e-01  -7.2289945757060645e-02  -7.2289981531141287e-02   3.5774080642259065e-08
   2.0703125000000000e-01  -2.7924189834927240e-02  -2.7924233961908296e-02   4.4126981055270242e-08
   2.1484375000000000e-01   1.0344327158688531e-02   1.0344287180362975e-02   3.9978325556272454e-08
   2.2265625000000000e-01   3.4520224126323842e-02   3.4520199203098297e-02   2.4923225545869787e-08
   2.3046875000000000e-01   4.1196353031448751e-02   4.1196349414302211e-02   3.6171465406242831e-09
   2.3828125000000000e-01   3.1651876736877999e-02   3.1651894304571743e-02   1.7567693744169333e-08
   2.4609375000000000e-01   1.0840584459817209e-02   1.0840616999714232e-02   3.2539897023425857e-08
   2.5390625000000000e-01  -1.4330554912600345e-02  -1.4330517705731113e-02   3.7206869231420914e-08
   2.6171875000000000e-01  -3.6914230717946535e-02  -3.6914199977647041e-02   3.0740299493403622e-08
   2.6953125000000000e-01  -5.1534079235049365e-02  -5.1534063643198791e-02   1.5591850574536714e-08
   2.7734375000000000e-01  -5.5347060186222860e-02  -5.5347063444594405e-02   3.2583715448009087e-09
   2.8515625000000000e-01  -4.8223350486043981e-02  -4.8223370468461008e-02   1.9982417026609411e-08
   2.9296875000000000e-01  -3.2228582408452250e-02  -3.2228612038382808e-02   2.9629930557717454e-08
   3.0078125000000000e-01  -1.0659025620584591e-02  -1.0659055290324418e-02   2.9669739826446162e-08
   3.0859375000000000e-01   1.3042868930228690e-02   1.3042848343245733e-02   2.0586982956913302e-08
   3.1640625000000000e-01   3.6185403991671257e-02   3.6185398316857652e-02   5.6748136051387732e-09
   3.2421875000000000e-01   5.7328319148913919e-02   5.7328329338248066e-02   1.0189334147259199e-08
   3.3203125000000000e-01   7.6317642057870339e-02   7.6317664114996436e-02   2.2057126097818625e-08
   3.3984375000000000e-01   9.3921624905549478e-02   9.3921651414673096e-02   2.6509123618456698e-08
   3.4765625000000000e-01   1.1123198645032105e-01   1.1123200900137341e-01   2.2551052358821266e-08
   3.5546875000000000e-01   1.2903231778120408e-01   1.2903232964915229e-01   1.1867948207511247e-08
   3.6328125000000000e-01   1.4731259746864392e-01   1.4731259556766915e-01   1.9009747664888721e-09
   3.7109375000000000e-01   1.6504144639019122e-01   1.6504143204510041e-01   1.4345090809664285e-08
   3.7890625000000000e-01   1.8022212425246448e-01   1.8022210247460024e-01   2.1777864234184818e-08
   3.8671875000000000e-01   1.9018135939604736e-01   1.9018133711628032e-01   2.2279767031285758e-08
   3.9453125000000000e-01   1.9199190620114637e-01   1.9199189006310716e-01   1.6138039210522592e-08
   4.0234375000000000e-01   1.8291844897455278e-01   1.8291844330038198e-01   5.6741707998853030e-09
   4.1015625000000000e-01   1.6079801398376831e-01   1.6079801964380619e-01   5.6600378828264297e-09
   4.1796875000000000e-01   1.2430723878849523e-01   1.2430725317720730e-01   1.4388712069046683e-08
   4.2578125000000000e-01   7.3112920935810483e-02   7.3112939083768300e-02   1.8147957817071791e-08
   4.3359375000000000e-01   7.9346119471645788e-03   7.9346282316905253e-03   1.6284525946458350e-08
   4.4140625000000000e-01  -6.9439673907633490e-02  -6.9439663975677926e-02   9.9319555635357659e-09
   4.4921875000000000e-01  -1.5615174623657604e-01  -1.5615174477936572e-01   1.4572103246290879e-09
   4.5703125000000000e-01  -2.4827500055716659e-01  -2.4827500690090956e-01   6.3437429753676611e-09
   4.6484375000000000e-01  -3.4083569189638147e-01  -3.4083570309503181e-01   1.1198650340382699e-08
   4.7265625000000000e-01  -4.2789046845362466e-01  -4.2789048044963718e-01   1.1996012516668486e-08
   4.8046875000000000e-01  -5.0270478834425381e-01  -5.0270479740014118e-01   9.0558873733215250e-09
   4.8828125000000000e-01  -5.5806953168854256e-01  -5.5806953553234528e-01   3.8438027205600633e-09
   4.9609375000000000e-01  -5.8677282481042392e-01  -5.8677282322024449e-01   1.5901794325756669e-09
   5.0390625000000000e-01  -5.8221613103935077e-01  -5.8221612565679459e-01   5.3825561785458831e-09
   5.1171875000000000e-01  -5.3913441335158518e-01  -5.3913440690553649e-01   6.4460486948192397e-09
   5.1953125000000000e-01  -4.5435520630664833e-01  -4.5435520153856185e-01   4.7680864811994184e-09
   5.2734375000000000e-01  -3.2751436626498243e-01  -3.2751436493667413e-01   1.3283082966886184e-09
   5.3515625000000000e-01  -1.6163857405168597e-01  -1.6163857638429471e-01   2.3326087450481481e-09
   5.4296875000000000e-01   3.6493763392504146e-02   3.6493758718457475e-02   4.6740466705386119e-09
   5.5078125000000000e-01   2.5629150918413096e-01   2.5629150446123794e-01   4.7228930211140607e-09
   5.5859375000000000e-01   4.8365012697444859e-01   4.8365012457476381e-01   2.3996847842155944e-09
   5.6640625000000000e-01   7.0164638025396464e-01   7.0164638171766558e-01   1.4637009382312272e-09
   5.7421875000000000e-01   8.9163057012789804e-01   8.9163057557797654e-01   5.4500784996136531e-09
   5.8203125000000000e-01   1.0346787003092437e+00   1.0346787083534945e+00   8.0442508210154529e-09
   5.8984375000000000e-01   1.1133220379772084e+00   1.1133220461505586e+00   8.1733502188541252e-09
   5.9765625000000000e-01   1.1134250344581125e+00   1.1134250400330117e+00   5.5748992089377225e-09
   6.0546875000000000e-01   1.0260398928447945e+00   1.0260398937524255e+00   9.0763108140379245e-10
   6.1328125000000000e-01   8.4903401615134122e-01   8.4903401167667436e-01   4.4746668592665628e-09
   6.2109375000000000e-01   5.8827234904748094e-01   5.8827234010598484e-01   8.9414960990907844e-09
   6.2890625000000000e-01   2.5814659484432401e-01   2.5814658373306337e-01   1.1111260633800413e-08
   6.3671875000000000e-01  -1.1871837834077471e-01  -1.1871838862316794e-01   1.0282393228533415e-08
   6.4453125000000000e-01  -5.1268308299274767e-01  -5.1268308967411069e-01   6.6813630184014983e-09
   6.5234375000000000e-01  -8.8924554009943746e-01  -8.8924554147449320e-01   1.3750557359415438e-09
   6.6015625000000000e-01  -1.2120237560282843e+00  -1.2120237519531076e+00   4.0751766405833223e-09
   6.6796875000000000e-01  -1.4463467517514788e+00  -1.4463467436267399e+00   8.1247388816763078e-09
   6.7578125000000000e-01  -1.5631218589065248e+00  -1.5631218492059831e+00   9.7005417032391961e-09
   6.8359375000000000e-01  -1.5425599586278356e+00  -1.5425599500955187e+00   8.5323168530493376e-09
   6.9140625000000000e-01  -1.3772947086787104e+00  -1.3772947034810332e+00   5.1976771775485986e-09
   6.9921875000000000e-01  -1.0744397649007926e+00  -1.0744397639766450e+00   9.2414764729653598e-10
   7.0703125000000000e-01  -6.5619752261805675e-01  -6.5619752547023902e-01   2.8521822681426556e-09
   7.1484375000000000e-01  -1.5876457235165098e-01  -1.5876457730381882e-01   4.9521678424646609e-09
   7.2265625000000000e-01   3.7053539761914339e-01   3.7053539276217701e-01   4.8569663846365074e-09
   7.3046875000000000e-01   8.7773867255564086e-01   8.7773866971738512e-01   2.8382557415440601e-09
   7.3828125000000000e-01   1.3079636952682421e+00   1.3079636954144882e+00   1.4624612632019307e-10
   7.4609375000000000e-01   1.6117724756873451e+00   1.6117724785142182e+00   2.8268731799840907e-09
   8.7890625000000000e-01   9.8787738226704702e-01   9.8787737177755575e-01   1.0489491275578189e-08
   8.8671875000000000e-01   1.2658985583591247e+00   1.2658985425930795e+00   1.5766045136089701e-08
   8.9453125000000000e-01   1.3587105348905726e+00   1.3587105168495885e+00   1.8040984040013086e-08
   9.0234375000000000e-01   1.2600448766089338e+00   1.2600448596632667e+00   1.6945667091761152e-08
   9.1015625000000000e-01   9.9158601562726079e-01   9.9158600287993726e-01   1.2747323530071242e-08
   9.1796875000000000e-01   5.9936128276155420e-01   5.9936127650923132e-01   6.2523228816502296e-09
   9.2578125000000000e-01   1.4634249807122737e-01   1.4634249950775038e-01   1.4365230116553107e-09
   9.3359375000000000e-01  -2.9758196939075282e-01  -2.9758196029181339e-01   9.0989394352369857e-09
   9.4140625000000000e-01  -6.6664400165566762e-01  -6.6664398608239106e-01   1.5573276557212523e-08
   9.4921875000000000e-01  -9.0942571447546028e-01  -9.0942569463768153e-01   1.9837778753029056e-08
   9.5703125000000000e-01  -9.9658372920953175e-01  -9.9658370810675945e-01   2.1102772307379780e-08
   9.6484375000000000e-01  -9.2478699758402971e-01  -9.2478697870666549e-01   1.8877364227343207e-08
   9.7265625000000000e-01  -7.1624001922609148e-01  -7.1624000612080141e-01   1.3105290075365872e-08
   9.8046875000000000e-01  -4.1393675567797078e-01  -4.1393675140088598e-01   4.2770847974438198e-09
   9.8828125000000000e-01  -7.3544564283196945e-02  -7.3544570729520906e-02   6.4463239607404077e-09
   9.9609375000000000e-01   2.4658886877354053e-01   2.4658885148111695e-01   1.7292423576398264e-08
   7.5390625000000000e-01   1.7514191716793801e+00   1.7514191757153326e+00   4.0359524611233155e-09
   7.6171875000000000e-01   1.7061630493187527e+00   1.7061630524665066e+00   3.1477538353641421e-09
   7.6953125000000000e-01   1.4758599356639055e+00   1.4758599359553237e+00   2.9141822288636376e-10
   7.7734375000000000e-01   1.0821997984034208e+00   1.0821997947649975e+00   3.6384233403907729e-09
   7.8515625000000000e-01   5.6722045977930680e-01   5.6722045248637987e-01   7.2929269290256116e-09
   7.9296875000000000e-01  -1.0927118133748814e-02  -1.0927127414778689e-02   9.2810298751855314e-09
   8.0078125000000000e-01  -5.8460034562770069e-01  -5.8460035429456414e-01   8.6668634491360308e-09
   8.0859375000000000e-01  -1.0849389704003385e+00  -1.0849389756486723e+00   5.2483337675823805e-09
   8.1640625000000000e-01  -1.4507568502279231e+00  -1.4507568499310117e+00   2.9691138436760411e-10
   8.2421875000000000e-01  -1.6368434988118825e+00  -1.6368434921944544e+00   6.6174281609931995e-09
   8.3203125000000000e-01  -1.6204612877672722e+00  -1.6204612757518322e+00   1.2015439976309494e-08
   8.3984375000000000e-01  -1.4050031485899108e+00  -1.4050031336054081e+00   1.4984502749726403e-08
   8.4765625000000000e-01  -1.0201289313424438e+00  -1.0201289167492196e+00   1.4593224184622500e-08
   8.5546875000000000e-01  -5.1818560091920407e-01  -5.1818559012591547e-01   1.0793288596211426e-08
   8.6328125000000000e-01   3.2729838802116523e-02   3.2729843162282599e-02   4.3601660754122307e-09
   8.7109375000000000e-01   5.5817011264149419e-01   5.5817010936334099e-01   3.2781531933423480e-09
