#                  Coord.                Numerical               Analytical                    Error
   3.9062500000000000e-03   1.4013684246231441e+00   1.4013684520415257e+00   2.7418381565169625e-08
   1.1718750000000000e-02   1.3813678724919241e+00   1.3813679111858148e+00   3.8693890758167981e-08
   1.9531250000000000e-02   1.3632106575218990e+00   1.3632107123409056e+00   5.4819006667372605e-08
   2.7343750000000000e-02   1.3479039923745475e+00   1.3479040624085636e+00   7.0034016141917732e-08
   3.5156250000000000e-02   1.3361800113035336e+00   1.3361800877143684e+00   7.6410834770612723e-08
   4.2968750000000000e-02   1.3284939727437559e+00   1.3284940427621739e+00   7.0018417952510958e-08
   5.0781250000000000e-02   1.3250430512900240e+00   1.3250431054533869e+00   5.4163362905867984e-08
   5.8593750000000000e-02   1.3258021581829864e+00   1.3258021957940631e+00   3.7611076697530166e-08
   6.6406250000000000e-02   1.3305714589989659e+00   1.3305714877363071e+00   2.8737341173368236e-08
   7.4218750000000000e-02   1.3390291424339393e+00   1.3390291717033500e+00   2.9269410672938534e-08
   8.2031250000000000e-02   1.3507827122577996e+00   1.3507827451925134e+00   3.2934713845023111e-08
   8.9843750000000000e-02   1.3654126860125118e+00   1.3654127153828668e+00   2.9370355036917317e-08
   9.7656250000000000e-02   1.3825039983978735e+00   1.3825040106127395e+00   1.2214866007553837e-08
   1.0546875000000000e-01   1.4016624274051461e+00   1.4016624116374803e+00   1.5767665839661049e-08
   1.1328125000000000e-01   1.4225156734049360e+00   1.4225156299403809e+00   4.3464555066208277e-08
   1.2109375000000000e-01   1.4447009940081397e+00   1.4447009348932358e+00   5.9114903860901791e-08
   1.2890625000000000e-01   1.4678431892440387e+00   1.4678431307325330e+00   5.8511505640623795e-08
   1.3671875000000000e-01   1.4915279879117855e+00   1.4915279397405192e+00   4.8171266309182670e-08
   1.4453125000000000e-01   1.5152763393621340e+00   1.5152762993256756e+00   4.0036458370806827e-08
   1.5234375000000000e-01   1.5385247425226189e+00   1.5385246996379180e+00   4.2884700901524297e-08
   1.6015625000000000e-01   1.5606156350119191e+00   1.5606155797109627e+00   5.5300956480763830e-08
   1.6796875000000000e-01   1.5808002470705755e+00   1.5808001797598461e+00   6.7310729434666428e-08
   1.7578125000000000e-01   1.5982544695287224e+00   1.5982544013303686e+00   6.8198353853077265e-08
   1.8359375000000000e-01   1.6121065150234153e+00   1.6121064601588262e+00   5.4864589094094640e-08
   1.9140625000000000e-01   1.6214737325101476e+00   1.6214736986696239e+00   3.3840523716577309e-08
   1.9921875000000000e-01   1.6255050612543143e+00   1.6255050456205573e+00   1.5633756955679701e-08
   2.0703125000000000e-01   1.6234253564556924e+00   1.6234253498496016e+00   6.6060907855103324e-09
   2.1484375000000000e-01   1.6145781406467474e+00   1.6145781362397456e+00   4.4070018745401285e-09
   2.2265625000000000e-01   1.5984640954509617e+00   1.5984640940935706e+00   1.3573910884190354e-09
   2.3046875000000000e-01   1.5747735908162079e+00   1.5747735991957628e+00   8.3795548277976195e-09
   2.3828125000000000e-01   1.5434125295745194e+00   1.5434125528040525e+00   2.3229533185897822e-08
   2.4609375000000000e-01   1.5045215418732507e+00   1.5045215775767204e+00   3.5703469736247939e-08
   2.5390625000000000e-01   1.4584889519355535e+00   1.4584889907633425e+00   3.8827788984008293e-08
   2.6171875000000000e-01   1.4059578890114905e+00   1.4059579214570384e+00   3.2445547804016428e-08
   2.6953125000000000e-01   1.3478274745161514e+00   1.3478274978566709e+00   2.3340519517134339e-08
   2.7734375000000000e-01   1.2852473226567882e+00   1.2852473424403776e+00   1.9783589433330917e-08
   2.8515625000000000e-01   1.2196038583663182e+00   1.2196038824193645e+00   2.4053046221439445e-08
   2.9296875000000000e-01   1.1524964073700874e+00   1.1524964378048697e+00   3.0434782249955106e-08
   3.0078125000000000e-01   1.0857008647731210e+00   1.0857008945941655e+00   2.9821044522648776e-08
   3.0859375000000000e-01   1.0211191275147675e+00   1.0211191453351278e+00   1.7820360298514970e-08
   3.1640625000000000e-01   9.6071342807453808e-01   9.6071342714944719e-01   9.2509089277825751e-10
   3.2421875000000000e-01   9.0642615887290956e-01   9.0642614302518687e-01   1.5847722689699140e-08
   3.3203125000000000e-01   8.6008756784027240e-01   8.6008754909060259e-01   1.8749669816742198e-08
   3.3984375000000000e-01   8.2331559649400798e-01   8.2331558576026653e-01   1.0733741451218748e-08
   3.4765625000000000e-01   7.9741384579220875e-01   7.9741384437598151e-01   1.4162272465867431e-09
   3.5546875000000000e-01   7.8327492383732622e-01   7.8327492254187769e-01   1.2954485262284265e-09
   3.6328125000000000e-01   7.8129702633052511e-01   7.8129701334877533e-01   1.2981749786256103e-08
   3.7109375000000000e-01   7.9132139615623120e-01   7.9132136700379041e-01   2.9152440794710799e-08
   3.7890625000000000e-01   8.1259727571295159e-01   8.1259723721907340e-01   3.8493878196099729e-08
   3.8671875000000000e-01   8.4377920369000747e-01   8.4377916858565849e-01   3.5104348983239220e-08
   3.9453125000000000e-01   8.8295920233313452e-01   8.8295917927307821e-01   2.3060056308921162e-08
   4.0234375000000000e-01   9.2773380799236249e-01   9.2773379500120812e-01   1.2991154374475400e-08
   4.1015625000000000e-01   9.7530328440432623e-01   9.7530327138108752e-01   1.3023238709664042e-08
   4.1796875000000000e-01   1.0225979879357157e+00   1.0225979656414041e+00   2.2294311508019860e-08
   4.2578125000000000e-01   1.0664249332696634e+00   1.0664249011652673e+00   3.2104396030518956e-08
   4.3359375000000000e-01   1.1036262867196702e+00   1.1036262532074006e+00   3.3512269626001512e-08
   4.4140625000000000e-01   1.1312408580360818e+00   1.1312408332451491e+00   2.4790932640073038e-08
   4.4921875000000000e-01   1.1466596573351795e+00   1.1466596450205793e+00   1.2314600228435779e-08
   4.5703125000000000e-01   1.1477671504693778e+00   1.1477671457524516e+00   4.7169261829793641e-09
   4.6484375000000000e-01   1.1330608539244222e+00   1.1330608484634874e+00   5.4609348154599502e-09
   4.7265625000000000e-01   1.1017432188041305e+00   1.1017432081738612e+00   1.0630269331457498e-08
   4.8046875000000000e-01   1.0537812302089316e+00   1.0537812169911047e+00   1.3217826833056279e-08
   4.8828125000000000e-01   9.8993069829993507e-01   9.8993068853644162e-01   9.7634934581591892e-09
   4.9609375000000000e-01   9.1172377673237937e-01   9.1172377344158173e-01   3.2907976343921064e-09
   5.0390625000000000e-01   8.2141978169078722e-01   8.2141978167973739e-01   1.1049827719489258e-11
   5.1171875000000000e-01   7.2192088938830445e-01   7.2192088600471516e-01   3.3835892976341597e-09
   5.1953125000000000e-01   6.1665575627217761e-01   6.1665574554016844e-01   1.0732009170233425e-08
   5.2734375000000000e-01   5.0943553107882866e-01   5.0943551525121378e-01   1.5827614885388641e-08
   5.3515625000000000e-01   4.0428808569832814e-01   4.0428807115683291e-01   1.4541495230169232e-08
   5.4296875000000000e-01   3.0527753858507439e-01   3.0527753013205872e-01   8.4530156763129582e-09
   5.5078125000000000e-01   2.1631719908707073e-01   2.1631719606616781e-01   3.0209029167060919e-09
   5.5859375000000000e-01   1.4098482209260788e-01   1.4098481980060310e-01   2.2920047804131372e-09
   5.6640625000000000e-01   8.2349417592178870e-02   8.2349412254660082e-02   5.3375187880622121e-09
   5.7421875000000000e-01   4.2818713356984117e-02   4.2818705742231664e-02   7.6147524535885580e-09
   5.8203125000000000e-01   2.4015663918763631e-02   2.4015658037091832e-02   5.8816717989074174e-09
   5.8984375000000000e-01   2.6691127849629449e-02   2.6691126212172983e-02   1.6374564655585733e-09
   5.9765625000000000e-01   5.0678048690247737e-02   5.0678048930048333e-02   2.3980059604689075e-10
   6.0546875000000000e-01   9.4890273690222085e-02   9.4890270124733667e-02   3.5654884183999869e-09
   6.1328125000000000e-01   1.5736667622202552e-01   1.5736666511489764e-01   1.1107127884102397e-08
   6.2109375000000000e-01   2.3535869091795780e-01   2.3535867428689422e-01   1.6631063581851180e-08
   6.2890625000000000e-01   3.2545691697598333e-01   3.2545690102396857e-01   1.5952014764675226e-08
   6.3671875000000000e-01   4.2375027864567527e-01   4.2375026776624281e-01   1.0879432466026628e-08
   6.4453125000000000e-01   5.2600950031223626e-01   5.2600949229048788e-01   8.0217483766631403e-09
   6.5234375000000000e-01   6.2788545750755209e-01   6.2788544430327831e-01   1.3204273785483167e-08
   6.6015625000000000e-01   7.2511234257132662e-01   7.2511231667161269e-01   2.5899713929078416e-08
   6.6796875000000000e-01   8.1370553158316805e-01   8.1370549237652023e-01   3.9206647817202622e-08
   6.7578125000000000e-01   8.9014450827215397e-01   8.9014446287085913e-01   4.5401294834768180e-08
   6.8359375000000000e-01   9.5153212556606925e-01   9.5153208349562268e-01   4.2070446570896536e-08
   6.9140625000000000e-01   9.9572278544507797e-01   9.9572275149228928e-01   3.3952788691671287e-08
   6.9921875000000000e-01   1.0214137044821405e+00   1.0214136760366397e+00   2.8445500843687910e-08
   7.0703125000000000e-01   1.0281952293399159e+00   1.0281951998426255e+00   2.9497290388036390e-08
   7.1484375000000000e-01   1.0165580959889806e+00   1.0165580615714314e+00   3.4417549255039148e-08
   7.2265625000000000e-01   9.8785753627810635e-01   9.8785749941544565e-01   3.6862660701686423e-08
   7.3046875000000000e-01   9.4423616518261710e-01   9.4423613278315743e-01   3.2399459670706676e-08
   7.3828125000000000e-01   8.8850958066011787e-01   8.8850955860573833e-01   2.2054379544833580e-08
   7.4609375000000000e-01   8.2402049638362196e-01   8.2402048540541495e-01   1.0978207010126084e-08
   8.7890625000000000e-01   9.5050752635854419e-01   9.5050751450755167e-01   1.1850992520656689e-08
   8.8671875000000000e-01   1.0381638702585638e+00   1.0381638368155361e+00   3.3443027680490900e-08
   8.9453125000000000e-01   1.1221432856360833e+00   1.1221432290044731e+00   5.6631610290125423e-08
   9.0234375000000000e-01   1.2002129722015300e+00   1.2002129004146012e+00   7.1786928845796183e-08
   9.1015625000000000e-01   1.2705042221448806e+00   1.2705041485622490e+00   7.3582631543445132e-08
   9.1796875000000000e-01   1.3315634437708357e+00   1.3315633787317869e+00   6.5039048813275713e-08
   9.2578125000000000e-01   1.3823841483119799e+00   1.3823840932825584e+00   5.5029421464070083e-08
   9.3359375000000000e-01   1.4224203160959830e+00   1.4224202648759212e+00   5.1220061747514478e-08
   9.4140625000000000e-01   1.4515816991131680e+00   1.4515816447345520e+00   5.4378616054506779e-08
   9.4921875000000000e-01   1.4702116958467395e+00   1.4702116379038108e+00   5.7942928677334748e-08
   9.5703125000000000e-01   1.4790486039981461e+00   1.4790485500121417e+00   5.3986004333594906e-08
   9.6484375000000000e-01   1.4791714289001121e+00   1.4791713896155914e+00   3.9284520747528973e-08
   9.7265625000000000e-01   1.4719320685679393e+00   1.4719320504585063e+00   1.8109433064239511e-08
   9.8046875000000000e-01   1.4588765716293426e+00   1.4588765732969502e+00   1.6676076075583524e-09
   9.8828125000000000e-01   1.4416591772514118e+00   1.4416591917290433e+00   1.4477631538056812e-08
   9.9609375000000000e-01   1.4219538100222930e+00   1.4219538311740862e+00   2.1151793205831382e-08
   7.5390625000000000e-01   7.5446891231963165e-01   7.5446890857702442e-01   3.7426072241331099e-09
   7.6171875000000000e-01   6.8372719667022941e-01   6.8372719567599261e-01   9.9423680399723935e-10
   7.6953125000000000e-01   6.1564988479865324e-01   6.1564988526872422e-01   4.7007098213924792e-10
   7.7734375000000000e-01   5.5388839410374269e-01   5.5388839878973206e-01   4.6859893743089742e-09
   7.8515625000000000e-01   5.0172062545413498e-01   5.0172063876185746e-01   1.3307722479538597e-08
   7.9296875000000000e-01   4.6190453469990139e-01   4.6190455935604741e-01   2.4656146013768421e-08
   8.0078125000000000e-01   4.3656323109590806e-01   4.3656326627122216e-01   3.5175314105906352e-08
   8.0859375000000000e-01   4.2710707828554523e-01   4.2710711948952285e-01   4.1203977618753385e-08
   8.1640625000000000e-01   4.3419578738227327e-01   4.3419582798145523e-01   4.0599181960754294e-08
   8.2421875000000000e-01   4.5774081426782265e-01   4.5774084752818245e-01   3.3260359799669459e-08
   8.3203125000000000e-01   4.9694573947754878e-01   4.9694576113581895e-01   2.1658270177304928e-08
   8.3984375000000000e-01   5.5037996821713786e-01   5.5037997831846974e-01   1.0101331882061970e-08
   8.4765625000000000e-01   6.1607924434348782e-01   6.1607924736848896e-01   3.0250011384680420e-09
   8.5546875000000000e-01   6.9166528481435929e-01   6.9166528666779237e-01   1.8534330736841298e-09
   8.6328125000000000e-01   7.7447637540611669e-01   7.7447637868908248e-01   3.2829657881094931e-09
   8.7109375000000000e-01   8.6170101331717375e-01   8.6170101386596498e-01   5.4879123467799218e-10
