#                  Coord.                Numerical               Analytical                    Error
   3.9062500000000000e-03   5.0174787899160178e-01   5.0174788427407591e-01   5.2824741247903262e-09
   1.1718750000000000e-02   4.7188717503855337e-01   4.7188718049410500e-01   5.4555516215692990e-09
   1.9531250000000000e-02   4.5334720660573241e-01   4.5334721133087119e-01   4.7251387802482725e-09
   2.7343750000000000e-02   4.4574044914183897e-01   4.4574045354873698e-01   4.4068980131761748e-09
   3.5156250000000000e-02   4.4869421978596069e-01   4.4869422499516465e-01   5.2092039570794668e-09
   4.2968750000000000e-02   4.6190455373440559e-01   4.6190456047668887e-01   6.7422832872310323e-09
   5.0781250000000000e-02   4.8516414120153223e-01   4.8516414915566869e-01   7.9541364605972831e-09
   5.8593750000000000e-02   5.1836185198442652e-01   5.1836185993773487e-01   7.9533083452432152e-09
   6.6406250000000000e-02   5.6145400232165221e-01   5.6145400928595990e-01   6.9643076860970154e-09
   7.4218750000000000e-02   6.1441018929644065e-01   6.1441019538707486e-01   6.0906342191913154e-09
   8.2031250000000000e-02   6.7713902328174747e-01   6.7713902986496033e-01   6.5832128637310916e-09
   8.9843750000000000e-02   7.4940122644383655e-01   7.4940123498136324e-01   8.5375266856146936e-09
   9.7656250000000000e-02   8.3071913220487437e-01   8.3071914290998816e-01   1.0705113795417276e-08
   1.0546875000000000e-01   9.2029245444786656e-01   9.2029246564724532e-01   1.1199378757709155e-08
   1.1328125000000000e-01   1.0169301704213509e+00   1.0169301793355014e+00   8.9141505288381495e-09
   1.2109375000000000e-01   1.1190074272583692e+00   1.1190074319384264e+00   4.6800572306437971e-09
   1.2890625000000000e-01   1.2244545652702694e+00   1.2244545659617951e+00   6.9152572557129588e-10
   1.3671875000000000e-01   1.3307827649170354e+00   1.3307827641092422e+00   8.0779316569135062e-10
   1.4453125000000000e-01   1.4351476767751472e+00   1.4351476773234475e+00   5.4830029405650293e-10
   1.5234375000000000e-01   1.5344489541463548e+00   1.5344489568575246e+00   2.7111697331605455e-09
   1.6015625000000000e-01   1.6254602074787385e+00   1.6254602100242861e+00   2.5455475505253844e-09
   1.6796875000000000e-01   1.7049808774166035e+00   1.7049808757567926e+00   1.6598109553456197e-09
   1.7578125000000000e-01   1.7699992021162976e+00   1.7699991931624313e+00   8.9538663150534603e-09
   1.8359375000000000e-01   1.8178540920121231e+00   1.8178540761469855e+00   1.5865137648063410e-08
   1.9140625000000000e-01   1.8463834968443591e+00   1.8463834776121879e+00   1.9232171188932057e-08
   1.9921875000000000e-01   1.8540477939042188e+00   1.8540477756620990e+00   1.8242119814715352e-08
   2.0703125000000000e-01   1.8400187740944025e+00   1.8400187589948342e+00   1.5099568262399998e-08
   2.1484375000000000e-01   1.8042277346987543e+00   1.8042277216782532e+00   1.3020501121729922e-08
   2.2265625000000000e-01   1.7473697029237694e+00   1.7473696891608617e+00   1.3762907702385974e-08
   2.3046875000000000e-01   1.6708645296187430e+00   1.6708645131318098e+00   1.6486933152037864e-08
   2.3828125000000000e-01   1.5767791183754263e+00   1.5767790999441866e+00   1.8431239645622099e-08
   2.4609375000000000e-01   1.4677180318342700e+00   1.4677180142702100e+00   1.7564059984209734e-08
   2.5390625000000000e-01   1.3466918549249784e+00   1.3466918411789492e+00   1.3746029203787202e-08
   2.6171875000000000e-01   1.2169738295202124e+00   1.2169738204716041e+00   9.0486083070828727e-09
   2.6953125000000000e-01   1.0819553442373169e+00   1.0819553386476486e+00   5.5896682837897060e-09
   2.7734375000000000e-01   9.4500995806738075e-01   9.4500995405125188e-01   4.0161288739071210e-09
   2.8515625000000000e-01   8.0937392755429116e-01   8.0937392433982236e-01   3.2144688022484047e-09
   2.9296875000000000e-01   6.7804896296034922e-01   6.7804896116476299e-01   1.7955862352536656e-09
   3.0078125000000000e-01   5.5373044584731945e-01   5.5373044652938963e-01   6.8207017811516835e-10
   3.0859375000000000e-01   4.3876188796497445e-01   4.3876189115088737e-01   3.1859129223654747e-09
   3.1640625000000000e-01   3.3511422994851509e-01   3.3511423439411991e-01   4.4456048287067063e-09
   3.2421875000000000e-01   2.4438684074557127e-01   2.4438684477276187e-01   4.0271906087685494e-09
   3.3203125000000000e-01   1.6782586294469842e-01   1.6782586566700836e-01   2.7223099330342393e-09
   3.3984375000000000e-01   1.0635487042864186e-01   1.0635487215925650e-01   1.7306146377071840e-09
   3.4765625000000000e-01   6.0612609131412101e-02   6.0612610676966938e-02   1.5455548368903393e-09
   3.5546875000000000e-01   3.0992794068100002e-02   3.0992795733380270e-02   1.6652802678485124e-09
   3.6328125000000000e-01   1.7681437483280969e-02   1.7681438706893378e-02   1.2236124093123468e-09
   3.7109375000000000e-01   2.0687894360029692e-02   2.0687894422257134e-02   6.2227441949280760e-11
   3.7890625000000000e-01   3.9866670124794903e-02   3.9866669136232422e-02   9.8856248187395579e-10
   3.8671875000000000e-01   7.4928004263264333e-02   7.4928003438612834e-02   8.2465149986443720e-10
   3.9453125000000000e-01   1.2543631126842253e-01   1.2543631205834541e-01   7.8992287710910603e-10
   4.0234375000000000e-01   1.9079672020047878e-01   1.9079672308056653e-01   2.8800877516221846e-09
   4.1015625000000000e-01   2.7023119010555569e-01   2.7023119409350144e-01   3.9879457514047090e-09
   4.1796875000000000e-01   3.6274694383279782e-01   3.6274694734243673e-01   3.5096389128241867e-09
   4.2578125000000000e-01   4.6710117530226342e-01   4.6710117770328036e-01   2.4010169408228421e-09
   4.3359375000000000e-01   5.8176702385353485e-01   5.8176702625153609e-01   2.3980012420210528e-09
   4.4140625000000000e-01   7.0490652735614823e-01   7.0490653199513620e-01   4.6389879715391658e-09
   4.4921875000000000e-01   8.3435651507453901e-01   8.3435652341936861e-01   8.3448296051003013e-09
   4.5703125000000000e-01   9.6763304997974686e-01   9.6763306129090176e-01   1.1311154901605391e-08
   4.6484375000000000e-01   1.1019590074361045e+00   1.1019590188313630e+00   1.1395258514568241e-08
   4.7265625000000000e-01   1.2343176788136756e+00   1.2343176871481116e+00   8.3344360302106679e-09
   4.8046875000000000e-01   1.3615330145799229e+00   1.3615330184495407e+00   3.8696177373509499e-09
   4.8828125000000000e-01   1.4803744571633475e+00   1.4803744575494864e+00   3.8613889863370332e-10
   4.9609375000000000e-01   1.5876815347968378e+00   1.5876815338612267e+00   9.3561114411500057e-10
   5.0390625000000000e-01   1.6805008130629859e+00   1.6805008119253413e+00   1.1376446451549782e-09
   5.1171875000000000e-01   1.7562257602486517e+00   1.7562257578350209e+00   2.4136308507394233e-09
   5.1953125000000000e-01   1.8127288694148511e+00   1.8127288635227710e+00   5.8920801571105130e-09
   5.2734375000000000e-01   1.8484752014553272e+00   1.8484751906343471e+00   1.0820980111958534e-08
   5.3515625000000000e-01   1.8626074584318086e+00   1.8626074435238498e+00   1.4907958867382831e-08
   5.4296875000000000e-01   1.8549947292632543e+00   1.8549947129241109e+00   1.6339143371624232e-08
   5.5078125000000000e-01   1.8262399822938298e+00   1.8262399669409890e+00   1.5352840776472476e-08
   5.5859375000000000e-01   1.7776449186756658e+00   1.7776449048725143e+00   1.3803151510671796e-08
   5.6640625000000000e-01   1.7111345647239453e+00   1.7111345509630915e+00   1.3760853789790417e-08
   5.7421875000000000e-01   1.6291475506188482e+00   1.6291475352993037e+00   1.5319544521830153e-08
   5.8203125000000000e-01   1.5345010102050889e+00   1.5345009934614562e+00   1.6743632702542754e-08
   5.8984375000000000e-01   1.4302411071303465e+00   1.4302410914685975e+00   1.5661749008799575e-08
   5.9765625000000000e-01   1.3194911460126733e+00   1.3194911346311977e+00   1.1381475539806729e-08
   6.0546875000000000e-01   1.2053089749724886e+00   1.2053089695362937e+00   5.4361948276238081e-09
   6.1328125000000000e-01   1.0905639997791685e+00   1.0905639992376379e+00   5.4153059814154858e-10
   6.2109375000000000e-01   9.7784179036310814e-01   9.7784179174933883e-01   1.3862306857959084e-09
   6.2890625000000000e-01   8.6938125757961282e-01   8.6938125830969248e-01   7.3007966339133645e-10
   6.3671875000000000e-01   7.6704605646147239e-01   7.6704605597458608e-01   4.8688630904791808e-10
   6.4453125000000000e-01   6.7232858809456586e-01   6.7232858778853255e-01   3.0603330980483179e-10
   6.5234375000000000e-01   5.8638206050989450e-01   5.8638206240634339e-01   1.8964488868178364e-09
   6.6015625000000000e-01   5.1007379277782883e-01   5.1007379782818429e-01   5.0503554671621487e-09
   6.6796875000000000e-01   4.4405147855049010e-01   4.4405148596018101e-01   7.4096909163934299e-09
   6.7578125000000000e-01   3.8881354376370381e-01   3.8881355161756509e-01   7.8538612835465926e-09
   6.8359375000000000e-01   3.4477501424496226e-01   3.4477502064548643e-01   6.4005241662279388e-09
   6.9140625000000000e-01   3.1232135064987210e-01   3.1232135467275957e-01   4.0228874675918291e-09
   6.9921875000000000e-01   2.9184435134422365e-01   2.9184435316895879e-01   1.8247351407651990e-09
   7.0703125000000000e-01   2.8375627188448460e-01   2.8375627244924723e-01   5.6476262555449352e-10
   7.1484375000000000e-01   2.8848056342913020e-01   2.8848056381535020e-01   3.8622000042565219e-10
   7.2265625000000000e-01   3.0641989892482840e-01   3.0641989990162322e-01   9.7679481170231952e-10
   7.3046875000000000e-01   3.3790427549258412e-01   3.3790427718881122e-01   1.6962271032205933e-09
   7.3828125000000000e-01   3.8312382255025579e-01   3.8312382441366394e-01   1.8634081500046307e-09
   7.4609375000000000e-01   4.4205241357051117e-01   4.4205241471724632e-01   1.1467351512806090e-09
   8.7890625000000000e-01   1.8190261743375773e+00   1.8190261574093813e+00   1.6928195956111836e-08
   8.8671875000000000e-01   1.7811635121168823e+00   1.7811634990202090e+00   1.3096673301404849e-08
   8.9453125000000000e-01   1.7240615581050154e+00   1.7240615481056618e+00   9.9993535673803535e-09
   9.0234375000000000e-01   1.6499976436636830e+00   1.6499976334589950e+00   1.0204687983517147e-08
   9.1015625000000000e-01   1.5617912599979278e+00   1.5617912467594468e+00   1.3238480978117195e-08
   9.1796875000000000e-01   1.4626507534617830e+00   1.4626507371378201e+00   1.6323962848119322e-08
   9.2578125000000000e-01   1.3560048791685821e+00   1.3560048627733685e+00   1.6395213631170691e-08
   9.3359375000000000e-01   1.2453313322151787e+00   1.2453313196144586e+00   1.2600720022959422e-08
   9.4140625000000000e-01   1.1339941618608886e+00   1.1339941550585135e+00   6.8023751076395911e-09
   9.4921875000000000e-01   1.0251007759651278e+00   1.0251007740212252e+00   1.9439025944478772e-09
   9.5703125000000000e-01   9.2138721153119774e-01   9.2138721151418268e-01   1.7015056030800224e-11
   9.6484375000000000e-01   8.2513770283304821e-01   8.2513770227157046e-01   5.6147775318038384e-10
   9.7265625000000000e-01   7.3814158620787951e-01   7.3814158458920143e-01   1.6186780804616774e-09
   9.8046875000000000e-01   6.6168750213010297e-01   6.6168750090853801e-01   1.2215649602964618e-09
   9.8828125000000000e-01   5.9659195169870938e-01   5.9659195261431963e-01   9.1561025428177345e-10
   9.9609375000000000e-01   5.4325674126198842e-01   5.4325674485706321e-01   3.5950747934165861e-09
   7.5390625000000000e-01   5.1436920491511839e-01   5.1436920479663906e-01   1.1847933745201544e-10
   7.6171875000000000e-01   5.9938575963826324e-01   5.9938575866517529e-01   9.7308794355654982e-10
   7.6953125000000000e-01   6.9598642436338753e-01   6.9598642377332598e-01   5.9006155517238312e-10
   7.7734375000000000e-01   8.0258909271219736e-01   8.0258909373405651e-01   1.0218591528499132e-09
   7.8515625000000000e-01   9.1713240954174591e-01   9.1713241228031983e-01   2.7385739231888806e-09
   7.9296875000000000e-01   1.0370938665287783e+00   1.0370938696706702e+00   3.1418918577941213e-09
   8.0078125000000000e-01   1.1595411712740704e+00   1.1595411728915128e+00   1.6174424022352696e-09
   8.0859375000000000e-01   1.2812168373383190e+00   1.2812168364722805e+00   8.6603857418765529e-10
   8.1640625000000000e-01   1.3986532953199802e+00   1.3986532928332234e+00   2.4867568004793839e-09
   8.2421875000000000e-01   1.5083131602510875e+00   1.5083131580673881e+00   2.1836994434920598e-09
   8.3203125000000000e-01   1.6067468447797850e+00   1.6067468440138728e+00   7.6591222253341584e-10
   8.3984375000000000e-01   1.6907577273980816e+00   1.6907577268300216e+00   5.6806004344878147e-10
   8.4765625000000000e-01   1.7575638003930525e+00   1.7575637969457969e+00   3.4472555920928016e-09
   8.5546875000000000e-01   1.8049443180184148e+00   1.8049443087795169e+00   9.2388978689683654e-09
   8.6328125000000000e-01   1.8313605424692152e+00   1.8313605272323803e+00   1.5236834904897023e-08
   8.7109375000000000e-01   1.8360412571715294e+00   1.8360412389000247e+00   1.8271504753641921e-08
