#                  Coord.                Numerical               Analytical                    Error
   3.9062500000000000e-03  -2.7562017698720798e-02  -2.7562017769144100e-02   7.0423302606092975e-11
   1.1718750000000000e-02   4.1583626488280517e-01   4.1583626556504050e-01   6.8223532379008134e-10
   1.9531250000000000e-02   8.2639266365406594e-01   8.2639266520962606e-01   1.5555601251548978e-09
   2.7343750000000000e-02   1.1555157225318855e+00   1.1555157246861314e+00   2.1542458927825692e-09
   3.5156250000000000e-02   1.3620823419767003e+00   1.3620823440945040e+00   2.1178037101776681e-09
   4.2968750000000000e-02   1.4184396436596289e+00   1.4184396449654355e+00   1.3058065739812719e-09
   5.0781250000000000e-02   1.3149184020397167e+00   1.3149184018704096e+00   1.6930701285389205e-10
   5.8593750000000000e-02   1.0620563850826947e+00   1.0620563831743854e+00   1.9083092883676045e-09
   6.6406250000000000e-02   6.9003041303929102e-01   6.9003040965609252e-01   3.3831984991294917e-09
   7.4218750000000000e-02   2.4520309806905527e-01   2.4520309400604590e-01   4.0630093733895478e-09
   8.2031250000000000e-02  -2.1585574089849704e-01  -2.1585574454168782e-01   3.6431907768363914e-09
   8.9843750000000000e-02  -6.3408521882788071e-01  -6.3408522093033248e-01   2.1024517682377564e-09
   9.7656250000000000e-02  -9.5627290963927025e-01  -9.5627290942953180e-01   2.0973844883087622e-10
   1.0546875000000000e-01  -1.1427425508042512e+00  -1.1427425480947366e+00   2.7095146126754344e-09
   1.1328125000000000e-01  -1.1731592017696975e+00  -1.1731591970971804e+00   4.6725170399497529e-09
   1.2109375000000000e-01  -1.0494776177188225e+00  -1.0494776121874221e+00   5.5314004487883039e-09
   1.2890625000000000e-01  -7.9549643792463398e-01  -7.9549643298726180e-01   4.9373721777712376e-09
   1.3671875000000000e-01  -4.5303065948396909e-01  -4.5303065650191987e-01   2.9820492186694025e-09
   1.4453125000000000e-01  -7.5284648999390580e-02  -7.5284648900661694e-02   9.8728886177568143e-11
   1.5234375000000000e-01   2.8150522119377719e-01   2.8150521823724772e-01   2.9565294656919150e-09
   1.6015625000000000e-01   5.6677841730414136e-01   5.6677841191790046e-01   5.3862408977423115e-09
   1.6796875000000000e-01   7.4325801786045009e-01   7.4325801135640313e-01   6.5040469676702628e-09
   1.7578125000000000e-01   7.9219793801805261e-01   7.9219793202205280e-01   5.9959998077729892e-09
   1.8359375000000000e-01   7.1543043301459375e-01   7.1543042910649990e-01   3.9080938485369643e-09
   1.9140625000000000e-01   5.3395133980249543e-01   5.3395133904604974e-01   7.5644568386934452e-10
   1.9921875000000000e-01   2.8340379787428704e-01   2.8340380056256037e-01   2.6882733261679448e-09
   2.0703125000000000e-01   7.3710062874260060e-03   7.3710117976476235e-03   5.5102216175301200e-09
   2.1484375000000000e-01  -2.5024203620766794e-01  -2.5024202920242972e-01   7.0052382228347199e-09
   2.2265625000000000e-01  -4.5234007344667077e-01  -4.5234006669061866e-01   6.7560521066489798e-09
   2.3046875000000000e-01  -5.7403842300708441e-01  -5.7403841817210277e-01   4.8349816372805776e-09
   2.3828125000000000e-01  -6.0547839475021814e-01  -6.0547839307212614e-01   1.6780919986914000e-09
   2.4609375000000000e-01  -5.5174310403151394e-01  -5.5174310593877929e-01   1.9072653456575495e-09
   2.5390625000000000e-01  -4.3013675215420660e-01  -4.3013675722346473e-01   5.0692581243794166e-09
   2.6171875000000000e-01  -2.6558485654262776e-01  -2.6558486357669370e-01   7.0340659408252293e-09
   2.6953125000000000e-01  -8.5225713143815024e-02  -8.5225720359901905e-02   7.2160868808124334e-09
   2.7734375000000000e-01   8.6662203719168412e-02   8.6662198084617295e-02   5.6345511173505614e-09
   2.8515625000000000e-01   2.3241958393305473e-01   2.3241958127153531e-01   2.6615194215207083e-09
   2.9296875000000000e-01   3.4283527209417525e-01   3.4283527298792721e-01   8.9375196132834844e-10
   3.0078125000000000e-01   4.1689230745473560e-01   4.1689231163242946e-01   4.1776938575210920e-09
   3.0859375000000000e-01   4.5974046548076097e-01   4.5974047182921030e-01   6.3484493217913496e-09
   3.1640625000000000e-01   4.7956424009032494e-01   4.7956424703535444e-01   6.9450294959416681e-09
   3.2421875000000000e-01   4.8420078865082927e-01   4.8420079449287889e-01   5.8420496218403173e-09
   3.3203125000000000e-01   4.7834585262810003e-01   4.7834585604311874e-01   3.4150187122605757e-09
   3.3984375000000000e-01   4.6198563866787268e-01   4.6198563893685474e-01   2.6898205884862136e-10
   3.4765625000000000e-01   4.3036692033324392e-01   4.3036691756143403e-01   2.7718098927209667e-09
   3.5546875000000000e-01   3.7544719957885753e-01   3.7544719455654701e-01   5.0223105119151512e-09
   3.6328125000000000e-01   2.8843557206709930e-01   2.8843556611315063e-01   5.9539486674253794e-09
   3.7109375000000000e-01   1.6281066274694247e-01   1.6281065726312047e-01   5.4838220076014466e-09
   3.7890625000000000e-01  -2.8774904700675993e-03  -2.8774942499737088e-03   3.7799061094676012e-09
   3.8671875000000000e-01  -2.0304654466944852e-01  -2.0304654601586075e-01   1.3464122317063953e-09
   3.9453125000000000e-01  -4.2439959242447406e-01  -4.2439959125908799e-01   1.1653860654270431e-09
   4.0234375000000000e-01  -6.4670227488011989e-01  -6.4670227169645988e-01   3.1836600022927541e-09
   4.1015625000000000e-01  -8.4493012275791646e-01  -8.4493011847930410e-01   4.2786123533034015e-09
   4.1796875000000000e-01  -9.9246447203771104e-01  -9.9246446772267760e-01   4.3150334416708347e-09
   4.2578125000000000e-01  -1.0648547466295515e+00  -1.0648547432362225e+00   3.3933289511622888e-09
   4.3359375000000000e-01  -1.0435912090172019e+00  -1.0435912071907956e+00   1.8264063594841673e-09
   4.4140625000000000e-01  -9.1934241191991073e-01  -9.1934241189896393e-01   2.0946799850207753e-11
   4.4921875000000000e-01  -6.9419029243931341e-01  -6.9419029401685961e-01   1.5775462047784572e-09
   4.5703125000000000e-01  -3.8252287970424470e-01  -3.8252288233447901e-01   2.6302343081319179e-09
   4.6484375000000000e-01  -1.0400792483376890e-02  -1.0400795427222324e-02   2.9438454347829879e-09
   4.7265625000000000e-01   3.8661572195642308e-01   3.8661571942837086e-01   2.5280522120141313e-09
   4.8046875000000000e-01   7.6701813705834898e-01   7.6701813552791531e-01   1.5304336686838838e-09
   4.8828125000000000e-01   1.0879494593191845e+00   1.0879494590824881e+00   2.3669644022561442e-10
   4.9609375000000000e-01   1.3103706144176437e+00   1.3103706154522661e+00   1.0346223877633065e-09
   5.0390625000000000e-01   1.4041925992357034e+00   1.4041926011769563e+00   1.9412529361773068e-09
   5.1171875000000000e-01   1.3527084357964849e+00   1.3527084380497065e+00   2.2532216092940871e-09
   5.1953125000000000e-01   1.1556694441451332e+00   1.1556694460105288e+00   1.8653956157521634e-09
   5.2734375000000000e-01   8.3045347410613468e-01   8.3045347497710287e-01   8.7096818646159591e-10
   5.3515625000000000e-01   4.1097366981775951e-01   4.1097366932954288e-01   4.8821663378717517e-10
   5.4296875000000000e-01  -5.5737306370496981e-02  -5.5737308194355926e-02   1.8238589458152710e-09
   5.5078125000000000e-01  -5.1499320464320486e-01  -5.1499320738046173e-01   2.7372568656147678e-09
   5.5859375000000000e-01  -9.1135319976530793e-01  -9.1135320263735498e-01   2.8720470446330637e-09
   5.6640625000000000e-01  -1.1960511516352783e+00  -1.1960511537240013e+00   2.0887229723598466e-09
   5.7421875000000000e-01  -1.3338827763816892e+00  -1.3338827768600849e+00   4.7839576744479473e-10
   5.8203125000000000e-01  -1.3084708828011460e+00  -1.3084708812329102e+00   1.5682357634716482e-09
   5.8984375000000000e-01  -1.1250039282055286e+00  -1.1250039247019865e+00   3.5035421230844577e-09
   5.9765625000000000e-01  -8.0988875429645235e-01  -8.0988874959021628e-01   4.7062360675198533e-09
   6.0546875000000000e-01  -4.0722825078705532e-01  -4.0722824606602454e-01   4.7210307885237057e-09
   6.1328125000000000e-01   2.7445843731252317e-02   2.7445847078061442e-02   3.3468091249766463e-09
   6.2109375000000000e-01   4.3527673393335936e-01   4.3527673472920519e-01   7.9584583367875439e-10
   6.2890625000000000e-01   7.6276854820947126e-01   7.6276854582973197e-01   2.3797392945112961e-09
   6.3671875000000000e-01   9.6965785462464149e-01   9.6965784926489018e-01   5.3597513094416627e-09
   6.4453125000000000e-01   1.0346733487806388e+00   1.0346733415799729e+00   7.2006658413670266e-09
   6.5234375000000000e-01   9.5822060869630743e-01   9.5822060139685261e-01   7.2994548183658026e-09
   6.6015625000000000e-01   7.6154575316068607e-01   7.6154574775394057e-01   5.4067454957618111e-09
   6.6796875000000000e-01   4.8254128792452261e-01   4.8254128603593083e-01   1.8885917829614129e-09
   6.7578125000000000e-01   1.6894744430638359e-01   1.6894744677738527e-01   2.4710016810480795e-09
   6.8359375000000000e-01  -1.2983919239812619e-01  -1.2983918587681040e-01   6.5213157929289167e-09
   6.9140625000000000e-01  -3.7090057022494832e-01  -3.7090056104999369e-01   9.1749546293762307e-09
   6.9921875000000000e-01  -5.2445805283381974e-01  -5.2445804325807388e-01   9.5757458629108783e-09
   7.0703125000000000e-01  -5.7793787041507405e-01  -5.7793786291197413e-01   7.5030999191483261e-09
   7.1484375000000000e-01  -5.3682265369750981e-01  -5.3682265034617915e-01   3.3513306574306512e-09
   7.2265625000000000e-01  -4.2228087288851640e-01  -4.2228087470616654e-01   1.8176501415112511e-09
   7.3046875000000000e-01  -2.6616253092990583e-01  -2.6616253763087877e-01   6.7009729431966036e-09
   7.3828125000000000e-01  -1.0441471113971694e-01  -1.0441472109394737e-01   9.9542304260458181e-09
   7.4609375000000000e-01   2.9784508145024709e-02   2.9784497423468725e-02   1.0721555983306263e-08
   8.7890625000000000e-01   8.5213127767474206e-01   8.5213128288159767e-01   5.2068556133377797e-09
   8.8671875000000000e-01   8.5960977683308537e-01   8.5960978240843589e-01   5.5753505145972326e-09
   8.9453125000000000e-01   7.9271024224779385e-01   7.9271024663652878e-01   4.3887349310267609e-09
   9.0234375000000000e-01   6.5168892713057425e-01   6.5168892936823086e-01   2.2376566155557498e-09
   9.1015625000000000e-01   4.4266384082746252e-01   4.4266384069213893e-01   1.3532358567047709e-10
   9.1796875000000000e-01   1.7778555181334302e-01   1.7778554982959460e-01   1.9837484155349472e-09
   9.2578125000000000e-01  -1.2481044532129104e-01  -1.2481044820732350e-01   2.8860324546853278e-09
   9.3359375000000000e-01  -4.4150217526210667e-01  -4.4150217801633451e-01   2.7542278457914904e-09
   9.4140625000000000e-01  -7.4437012389543311e-01  -7.4437012578399531e-01   1.8885621955178067e-09
   9.4921875000000000e-01  -1.0032313076236412e+00  -1.0032313083545423e+00   7.3090111740725661e-10
   9.5703125000000000e-01  -1.1885092914063033e+00  -1.1885092911808859e+00   2.2541746247384253e-10
   9.6484375000000000e-01  -1.2747237769250968e+00  -1.2747237762356243e+00   6.8947247910955411e-10
   9.7265625000000000e-01  -1.2441811343799918e+00  -1.2441811337923283e+00   5.8766347343919279e-10
   9.8046875000000000e-01  -1.0902999146496049e+00  -1.0902999144978232e+00   1.5178169832097410e-10
   9.8828125000000000e-01  -8.1995329612605949e-01  -8.1995329642159565e-01   2.9553615110700093e-10
   9.9609375000000000e-01  -4.5427564397224940e-01  -4.5427564438515627e-01   4.1290687535777693e-10
   7.5390625000000000e-01   1.1189256808859600e-01   1.1189255938841097e-01   8.7001850307411033e-09
   7.6171875000000000e-01   1.2985409860633670e-01   1.2985409415554014e-01   4.4507965646367609e-09
   7.6953125000000000e-01   8.5371943864538474e-02   8.5371944763213484e-02   8.9867500940865597e-10
   7.7734375000000000e-01  -7.4362892783873804e-03  -7.4362833507417882e-03   5.9276455922560589e-09
   7.8515625000000000e-01  -1.2552934469934388e-01  -1.2552933535756391e-01   9.3417799607031782e-09
   7.9296875000000000e-01  -2.4174593484711515e-01  -2.4174592457944549e-01   1.0267669658947653e-08
   8.0078125000000000e-01  -3.2991605147408953e-01  -3.2991604292623594e-01   8.5478535916116982e-09
   8.0859375000000000e-01  -3.6932294488140338e-01  -3.6932294015998313e-01   4.7214202547607442e-09
   8.1640625000000000e-01  -3.4779371680120619e-01  -3.4779371688125787e-01   8.0051687501025981e-11
   8.2421875000000000e-01  -2.6304949553928259e-01  -2.6304950008752792e-01   4.5482453359113606e-09
   8.3203125000000000e-01  -1.2232801165225329e-01  -1.2232801915255105e-01   7.5002977578675356e-09
   8.3984375000000000e-01   5.9384861028673110e-02   5.9384852757789174e-02   8.2708839360678965e-09
   8.4765625000000000e-01   2.6197664936292736e-01   2.6197664255024417e-01   6.8126831953563283e-09
   8.5546875000000000e-01   4.6309414360784601e-01   4.6309413986473330e-01   3.7431127086762217e-09
   8.6328125000000000e-01   6.4079321473357065e-01   6.4079321469277517e-01   4.0795478106758765e-11
   8.7109375000000000e-01   7.7563559764881862e-01   7.7563560086048033e-01   3.2116617143529425e-09
