#                  Coord.                Numerical               Analytical                    Error
   3.9062500000000000e-03   1.9954146153435992e+00   1.9954146110673672e+00   4.2762320351386052e-09
   1.1718750000000000e-02   2.0001235451897070e+00   2.0001235437851488e+00   1.4045582474864204e-09
   1.9531250000000000e-02   2.0017175714337645e+00   2.0017175778066685e+00   6.3729039823101630e-09
   2.7343750000000000e-02   2.0002890069671855e+00   2.0002890217192140e+00   1.4752028487663438e-08
   3.5156250000000000e-02   1.9959105223101901e+00   1.9959105410415847e+00   1.8731394657578448e-08
   4.2968750000000000e-02   1.9886190533301904e+00   1.9886190696184591e+00   1.6288268733788414e-08
   5.0781250000000000e-02   1.9784058079901583e+00   1.9784058175076427e+00   9.5174843561807165e-09
   5.8593750000000000e-02   1.9652135714930297e+00   1.9652135744193200e+00   2.9262903211701996e-09
   6.6406250000000000e-02   1.9489418876368572e+00   1.9489418877929532e+00   1.5609602499466746e-10
   7.4218750000000000e-02   1.9294600198162966e+00   1.9294600212485657e+00   1.4322691921364594e-09
   8.2031250000000000e-02   1.9066268977351901e+00   1.9066269015214945e+00   3.7863043811370289e-09
   8.9843750000000000e-02   1.8803165702907763e+00   1.8803165737542509e+00   3.4634746182149456e-09
   9.7656250000000000e-02   1.8504470493171239e+00   1.8504470483484485e+00   9.6867536214517713e-10
   1.0546875000000000e-01   1.8170098976347546e+00   1.8170098897607154e+00   7.8740391984410962e-09
   1.1328125000000000e-01   1.7800975423993124e+00   1.7800975285876668e+00   1.3811645604988598e-08
   1.2109375000000000e-01   1.7399251503834696e+00   1.7399251341800597e+00   1.6203409947124214e-08
   1.2890625000000000e-01   1.6968440332962107e+00   1.6968440184070199e+00   1.4889190769196148e-08
   1.3671875000000000e-01   1.6513439970674608e+00   1.6513439849552398e+00   1.2112221003945933e-08
   1.4453125000000000e-01   1.6040428061556198e+00   1.6040427959376213e+00   1.0217998447359378e-08
   1.5234375000000000e-01   1.5556619756270951e+00   1.5556619656667185e+00   9.9603765235656283e-09
   1.6015625000000000e-01   1.5069893494282465e+00   1.5069893396233285e+00   9.8049179886317006e-09
   1.6796875000000000e-01   1.4588302786322345e+00   1.4588302710539871e+00   7.5782473629715241e-09
   1.7578125000000000e-01   1.4119505425548069e+00   1.4119505404884636e+00   2.0663433186740576e-09
   1.8359375000000000e-01   1.3670153309036777e+00   1.3670153364875124e+00   5.5838347279291156e-09
   1.9140625000000000e-01   1.3245294824493370e+00   1.3245294951219662e+00   1.2672629168264393e-08
   1.9921875000000000e-01   1.2847846495363358e+00   1.2847846660469366e+00   1.6510600886476823e-08
   2.0703125000000000e-01   1.2478190347636504e+00   1.2478190510860372e+00   1.6322386775513564e-08
   2.1484375000000000e-01   1.2133947907132774e+00   1.2133948043343485e+00   1.3621071159874987e-08
   2.2265625000000000e-01   1.1809970838107862e+00   1.1809970948863677e+00   1.1075581562991488e-08
   2.3046875000000000e-01   1.1498572561783371e+00   1.1498572669011833e+00   1.0722846166544286e-08
   2.3828125000000000e-01   1.1190005740203841e+00   1.1190005864566785e+00   1.2436294438700202e-08
   2.4609375000000000e-01   1.0873168683397045e+00   1.0873168824365571e+00   1.4096852574141394e-08
   2.5390625000000000e-01   1.0536501328947740e+00   1.0536501456828804e+00   1.2788106351635520e-08
   2.6171875000000000e-01   1.0169010386322408e+00   1.0169010457900844e+00   7.1578436511288146e-09
   2.6953125000000000e-01   9.7613456673528276e-01   9.7613456519357689e-01   1.5417058740752054e-09
   2.7734375000000000e-01   9.3068374326550618e-01   9.3068373293200124e-01   1.0333504940618354e-08
   2.8515625000000000e-01   8.8023994968580554e-01   8.8023993354944774e-01   1.6136357805507373e-08
   2.9296875000000000e-01   8.2492060611841034e-01   8.2492058855846429e-01   1.7559946052791986e-08
   3.0078125000000000e-01   7.6530622540133053e-01   7.6530620973115426e-01   1.5670176267690294e-08
   3.0859375000000000e-01   7.0244088816069239e-01   7.0244087537830868e-01   1.2782383707055089e-08
   3.1640625000000000e-01   6.3779297663080536e-01   6.3779296566529353e-01   1.0965511831884101e-08
   3.2421875000000000e-01   5.7317631996582941e-01   5.7317630945590947e-01   1.0509919934342804e-08
   3.3203125000000000e-01   5.1063548037369388e-01   5.1063547001799814e-01   1.0355695745367655e-08
   3.3984375000000000e-01   4.5230241640332164e-01   4.5230240747746181e-01   8.9258598290342661e-09
   3.4765625000000000e-01   4.0023486534890335e-01   4.0023485978730361e-01   5.5615997363034353e-09
   3.5546875000000000e-01   3.5624915421960990e-01   3.5624915351470504e-01   7.0490485670759995e-10
   3.6328125000000000e-01   3.2176150893168587e-01   3.2176151329779956e-01   4.3661136928108135e-09
   3.7109375000000000e-01   2.9765208032233509e-01   2.9765208876183891e-01   8.4395038180140602e-09
   3.7890625000000000e-01   2.8416476059512780e-01   2.8416477137752788e-01   1.0782400083897414e-08
   3.8671875000000000e-01   2.8085345306713716e-01   2.8085346443760612e-01   1.1370468955274049e-08
   3.9453125000000000e-01   2.8658194437429413e-01   2.8658195491385569e-01   1.0539561556832666e-08
   4.0234375000000000e-01   2.9958018001919923e-01   2.9958018912642381e-01   9.1072245855805534e-09
   4.1015625000000000e-01   3.1755493279107311e-01   3.1755494049097394e-01   7.6999008280509429e-09
   4.1796875000000000e-01   3.3784799705419577e-01   3.3784800358858824e-01   6.5343924715577373e-09
   4.2578125000000000e-01   3.5763059768403010e-01   3.5763060270005920e-01   5.0160290920864270e-09
   4.3359375000000000e-01   3.7411908988039255e-01   3.7411909219752343e-01   2.3171308760616682e-09
   4.4140625000000000e-01   3.8479461731916026e-01   3.8479461540404525e-01   1.9151150110197079e-09
   4.4921875000000000e-01   3.8760844904712771e-01   3.8760844220694923e-01   6.8401784791838338e-09
   4.5703125000000000e-01   3.8115537013572370e-01   3.8115535945311096e-01   1.0682612738843744e-08
   4.6484375000000000e-01   3.6479974352154770e-01   3.6479973151980949e-01   1.2001738214362234e-08
   4.7265625000000000e-01   3.3874253226283318e-01   3.3874252150106599e-01   1.0761767199607419e-08
   4.8046875000000000e-01   3.0402237638329421e-01   3.0402236777296304e-01   8.6103311702778740e-09
   4.8828125000000000e-01   2.6244934178610069e-01   2.6244933439652307e-01   7.3895776164789595e-09
   4.9609375000000000e-01   2.1647571609806432e-01   2.1647570824868695e-01   7.8493773703058878e-09
   5.0390625000000000e-01   1.6901368975518030e-01   1.6901368085015195e-01   8.9050283536007413e-09
   5.1171875000000000e-01   1.2321443538838923e-01   1.2321442644001675e-01   8.9483724874384052e-09
   5.1953125000000000e-01   8.2226541502947281e-02   8.2226534344213162e-02   7.1587341193835030e-09
   5.2734375000000000e-01   4.8953651353531982e-02   4.8953646954794074e-02   4.3987379086396494e-09
   5.3515625000000000e-01   2.5831312938620610e-02   2.5831310636025423e-02   2.3025951874366957e-09
   5.4296875000000000e-01   1.4641444480683219e-02   1.4641442640233482e-02   1.8404497370561046e-09
   5.5078125000000000e-01   1.6379596496726014e-02   1.6379593997649600e-02   2.4990764145582656e-09
   5.5859375000000000e-01   3.1185641945123629e-02   3.1185638972531932e-02   2.9725916970979593e-09
   5.6640625000000000e-01   5.8343064616171808e-02   5.8343061999563760e-02   2.6166080482892262e-09
   5.7421875000000000e-01   9.6346144219341165e-02   9.6346142102621476e-02   2.1167196884164241e-09
   5.8203125000000000e-01   1.4302858933898827e-01   1.4302858658284864e-01   2.7561396220843193e-09
   5.8984375000000000e-01   1.9574206255460616e-01   1.9574205755742569e-01   4.9971804749748827e-09
   5.9765625000000000e-01   2.5156902581520107e-01   2.5156901802328774e-01   7.7919133367743143e-09
   6.0546875000000000e-01   3.0755175098802501e-01   3.0755174141809188e-01   9.5699331237319996e-09
   6.1328125000000000e-01   3.6091839322771474e-01   3.6091838362647738e-01   9.6012373607123891e-09
   6.2109375000000000e-01   4.0928776517149634e-01   4.0928775633593506e-01   8.8355612826163110e-09
   6.2890625000000000e-01   4.5083676451961757e-01   4.5083675574336995e-01   8.7762476175257120e-09
   6.3671875000000000e-01   4.8441804862743848e-01   4.8441803847856563e-01   1.0148872853221746e-08
   6.4453125000000000e-01   5.0962014243795672e-01   5.0962013055792621e-01   1.1880030514888062e-08
   6.5234375000000000e-01   5.2676727516873745e-01   5.2676726284969577e-01   1.2319041675645792e-08
   6.6015625000000000e-01   5.3686138533589678e-01   5.3686137452560478e-01   1.0810291994900467e-08
   6.6796875000000000e-01   5.4147346438702637e-01   5.4147345575479999e-01   8.6322263781468678e-09
   6.7578125000000000e-01   5.4259531916302617e-01   5.4259531128029481e-01   7.8827313565454915e-09
   6.8359375000000000e-01   5.4246561787200243e-01   5.4246560848479297e-01   9.3872094542035711e-09
   6.9140625000000000e-01   5.4338554638206804e-01   5.4338553461616912e-01   1.1765898921822782e-08
   6.9921875000000000e-01   5.4753947635764089e-01   5.4753946389680364e-01   1.2460837250927170e-08
   7.0703125000000000e-01   5.5683480011628650e-01   5.5683478983906243e-01   1.0277224071764124e-08
   7.1484375000000000e-01   5.7277269646956364e-01   5.7277268983155161e-01   6.6380120289366573e-09
   7.2265625000000000e-01   5.9635833382612469e-01   5.9635832919437615e-01   4.6317485402624925e-09
   7.3046875000000000e-01   6.2805522106864820e-01   6.2805521480912530e-01   6.2595229000095287e-09
   7.3828125000000000e-01   6.6778444843883478e-01   6.6778443801643150e-01   1.0422403273757652e-08
   7.4609375000000000e-01   7.1496577547334050e-01   7.1496576177275917e-01   1.3700581336095752e-08
   8.7890625000000000e-01   1.5818155080798140e+00   1.5818155099077751e+00   1.8279611158078524e-09
   8.8671875000000000e-01   1.6153719123517667e+00   1.6153719120879071e+00   2.6385960083530335e-10
   8.9453125000000000e-01   1.6488627222923704e+00   1.6488627186612923e+00   3.6310781048598528e-09
   9.0234375000000000e-01   1.6823947642774923e+00   1.6823947590496799e+00   5.2278124051952091e-09
   9.1015625000000000e-01   1.7159145277094292e+00   1.7159145239355222e+00   3.7739069647102497e-09
   9.1796875000000000e-01   1.7492239832779011e+00   1.7492239822156084e+00   1.0622926982506442e-09
   9.2578125000000000e-01   1.7820072711560362e+00   1.7820072708359247e+00   3.2011149286859109e-10
   9.3359375000000000e-01   1.8138648520585696e+00   1.8138648488232252e+00   3.2353444368027340e-09
   9.4140625000000000e-01   1.8443513907049187e+00   1.8443513824504547e+00   8.2544640012116588e-09
   9.4921875000000000e-01   1.8730136519273717e+00   1.8730136403846163e+00   1.1542755418147976e-08
   9.5703125000000000e-01   1.8994250136912596e+00   1.8994250036737548e+00   1.0017504825654555e-08
   9.6484375000000000e-01   1.9232137933356099e+00   1.9232137893713119e+00   3.9642980009801931e-09
   9.7265625000000000e-01   1.9440833786493557e+00   1.9440833814287815e+00   2.7794258006252903e-09
   9.8046875000000000e-01   1.9618230702065089e+00   1.9618230759982738e+00   5.7917648454974824e-09
   9.8828125000000000e-01   1.9763094876622846e+00   1.9763094911614345e+00   3.4991498587544356e-09
   9.9609375000000000e-01   1.9874992779868401e+00   1.9874992765069210e+00   1.4799190761749514e-09
   7.5390625000000000e-01   7.6859424298949131e-01   7.6859422995965387e-01   1.3029837431233204e-08
   7.6171875000000000e-01   8.2734347326735980e-01   8.2734346463743091e-01   8.6299288826197085e-09
   7.6953125000000000e-01   8.8968524638913016e-01   8.8968524257328796e-01   3.8158421977740886e-09
   7.7734375000000000e-01   9.5401438434080577e-01   9.5401438189998911e-01   2.4408166598988146e-09
   7.8515625000000000e-01   1.0187684069100096e+00   1.0187684013958827e+00   5.5141269328373710e-09
   7.9296875000000000e-01   1.0825327364666739e+00   1.0825327261601818e+00   1.0306492104206200e-08
   8.0078125000000000e-01   1.1441242302326375e+00   1.1441242177083701e+00   1.2524267400948474e-08
   8.0859375000000000e-01   1.2026482759312709e+00   1.2026482659698237e+00   9.9614472226505768e-09
   8.1640625000000000e-01   1.2575273380180676e+00   1.2575273337633721e+00   4.2546954848177165e-09
   8.2421875000000000e-01   1.3085014332728706e+00   1.3085014338671670e+00   5.9429638987751332e-10
   8.3203125000000000e-01   1.3556033161998999e+00   1.3556033176626934e+00   1.4627934419308986e-09
   8.3984375000000000e-01   1.3991129871376093e+00   1.3991129857742797e+00   1.3633296713777554e-09
   8.4765625000000000e-01   1.4394973861667231e+00   1.4394973814378398e+00   4.7288832849545770e-09
   8.5546875000000000e-01   1.4773417553953399e+00   1.4773417500286152e+00   5.3667246202593333e-09
   8.6328125000000000e-01   1.5132791627487141e+00   1.5132791599973858e+00   2.7513282763180769e-09
   8.7109375000000000e-01   1.5479241501496652e+00   1.5479241508207471e+00   6.7108185675124332e-10
