#                  Coord.                Numerical               Analytical                    Error
   3.9062500000000000e-03   4.1887650645425349e+00   4.1887650318816236e+00   3.2660911308823870e-08
   1.1718750000000000e-02   4.0986500269392598e+00   4.0986499461217889e+00   8.0817470937688540e-08
   1.9531250000000000e-02   3.9822870943802782e+00   3.9822869962275140e+00   9.8152764138603743e-08
   2.7343750000000000e-02   3.8420338890992682e+00   3.8420338077874137e+00   8.1311854582821752e-08
   3.5156250000000000e-02   3.6806685802482804e+00   3.6806685256554510e+00   5.4592829368260709e-08
   4.2968750000000000e-02   3.5012985020721490e+00   3.5012984510424667e+00   5.1029682257563991e-08
   5.0781250000000000e-02   3.3072609729307265e+00   3.3072608868681299e+00   8.6062596604818964e-08
   5.8593750000000000e-02   3.1020207380465892e+00   3.1020205939303298e+00   1.4411625937071904e-07
   6.6406250000000000e-02   2.8890684144290293e+00   2.8890682235484704e+00   1.9088055891458566e-07
   7.4218750000000000e-02   2.6718240189497924e+00   2.6718238193692572e+00   1.9958053520952035e-07
   8.2031250000000000e-02   2.4535491724843035e+00   2.4535490007920235e+00   1.7169227994884295e-07
   8.9843750000000000e-02   2.2372709281156906e+00   2.2372707944142194e+00   1.3370147122770959e-07
   9.7656250000000000e-02   2.0257194328740562e+00   2.0257193180159341e+00   1.1485812212441715e-07
   1.0546875000000000e-01   1.8212808227033115e+00   1.8212806982329646e+00   1.2447034691831504e-07
   1.1328125000000000e-01   1.6259659196124510e+00   1.6259657727193084e+00   1.4689314253857333e-07
   1.2109375000000000e-01   1.4413944979465925e+00   1.4413943406947749e+00   1.5725181756742757e-07
   1.2890625000000000e-01   1.2687941674669387e+00   1.2687940255202044e+00   1.4194673436662697e-07
   1.3671875000000000e-01   1.1090123412306703e+00   1.1090122326759624e+00   1.0855470788939670e-07
   1.4453125000000000e-01   9.6253932447821100e-01   9.6253924832879212e-01   7.6149418881676922e-08
   1.5234375000000000e-01   8.2954029647361838e-01   8.2954023792620535e-01   5.8547413028797735e-08
   1.6015625000000000e-01   7.0989382445656346e-01   7.0989377011579735e-01   5.4340766109106653e-08
   1.6796875000000000e-01   6.0323455001122117e-01   6.0323449813645547e-01   5.1874765705228754e-08
   1.7578125000000000e-01   5.0899780142822926e-01   5.0899776013824405e-01   4.1289985208692315e-08
   1.8359375000000000e-01   4.2646411086713570e-01   4.2646408764152333e-01   2.3225612377775207e-08
   1.9140625000000000e-01   3.5480191657045224e-01   3.5480191042667819e-01   6.1437740450642764e-09
   1.9921875000000000e-01   2.9310708592803369e-01   2.9310708874536262e-01   2.8173289257082956e-09
   2.0703125000000000e-01   2.4043825916589370e-01   2.4043826340389154e-01   4.2379978415496566e-09
   2.1484375000000000e-01   1.9584736286804438e-01   1.9584736756650906e-01   4.6984646728809309e-09
   2.2265625000000000e-01   1.5840496240975949e-01   1.5840497182654908e-01   9.4167895980934446e-09
   2.3046875000000000e-01   1.2722040424895184e-01   1.2722042181421328e-01   1.7565261439811408e-08
   2.3828125000000000e-01   1.0145694229804457e-01   1.0145696598917048e-01   2.3691125908276156e-08
   2.4609375000000000e-01   8.0342232038175782e-02   8.0342255729294099e-02   2.3691118317126225e-08
   2.5390625000000000e-01   6.3174711327922309e-02   6.3174730007843932e-02   1.8679921623410145e-08
   2.6171875000000000e-01   4.9326462318159410e-02   4.9326475942481560e-02   1.3624322149630164e-08
   2.6953125000000000e-01   3.8243177537982245e-02   3.8243189951095408e-02   1.2413113162357270e-08
   2.7734375000000000e-01   2.9441844750634261e-02   2.9441859503149117e-02   1.4752514855553844e-08
   2.8515625000000000e-01   2.2506733645697108e-02   2.2506750688387468e-02   1.7042690359653223e-08
   2.9296875000000000e-01   1.7084214241186915e-02   1.7084230399899425e-02   1.6158712510400131e-08
   3.0078125000000000e-01   1.2876869593591555e-02   1.2876881746919372e-02   1.2153327816344373e-08
   3.0859375000000000e-01   9.6372867958880639e-03   9.6372944763867072e-03   7.6804986433309796e-09
   3.1640625000000000e-01   7.1618293489040530e-03   7.1618346459278040e-03   5.2970237510510665e-09
   3.2421875000000000e-01   5.2846188955636480e-03   5.2846242236479143e-03   5.3280842663219752e-09
   3.3203125000000000e-01   3.8718888790184205e-03   3.8718950193935629e-03   6.1403751423771968e-09
   3.3984375000000000e-01   2.8168183805594117e-03   2.8168243668446709e-03   5.9862852591630045e-09
   3.4765625000000000e-01   2.0349085736504563e-03   2.0349130771368487e-03   4.5034863923980317e-09
   3.5546875000000000e-01   1.4599265191367922e-03   1.4599291593624599e-03   2.6402256676511665e-09
   3.6328125000000000e-01   1.0404112290384223e-03   1.0404127001584502e-03   1.4711200278794134e-09
   3.7109375000000000e-01   7.3671548295307335e-04   7.3671673737591673e-04   1.2544228433775118e-09
   3.7890625000000000e-01   5.1854300754688922e-04   5.1854446039760005e-04   1.4528507108306499e-09
   3.8671875000000000e-01   3.6293185423493668e-04   3.6293330002764944e-04   1.4457927127644460e-09
   3.9453125000000000e-01   2.5262938918472642e-04   2.5263045950608542e-04   1.0703213589946872e-09
   4.0234375000000000e-01   1.7480103304182978e-04   1.7480162497996536e-04   5.9193813557929277e-10
   4.1015625000000000e-01   1.2001444847239222e-04   1.2001475417374008e-04   3.0570134786208833e-10
   4.1796875000000000e-01   8.1443653106309512e-05   8.1443908800030604e-05   2.5569372109261832e-10
   4.2578125000000000e-01   5.4243642483850039e-05   5.4243924930891354e-05   2.8244704131422625e-10
   4.3359375000000000e-01   3.5054633771560629e-05   3.5054877648018910e-05   2.4387645828033259e-10
   4.4140625000000000e-01   2.1604831358094402e-05   2.1604970862506872e-05   1.3950441247068818e-10
   4.4921875000000000e-01   1.2390441713946046e-05   1.2390494397562398e-05   5.2683616351778084e-11
   4.5703125000000000e-01   6.4204630579916858e-06   6.4204942591453180e-06   3.1201153632291528e-11
   4.6484375000000000e-01   3.0205299566426278e-06   3.0205757296357845e-06   4.5772993156737753e-11
   4.7265625000000000e-01   1.6939667550293260e-06   1.6940111304265246e-06   4.4375397198664334e-11
   4.8046875000000000e-01   2.0389084795527382e-06   2.0389244978714049e-06   1.6018318666795447e-11
   4.8828125000000000e-01   3.7183818769367047e-06   3.7183768465364699e-06   5.0304002347493658e-12
   4.9609375000000000e-01   6.4768759221040431e-06   6.4768919404369510e-06   1.6018332907960389e-11
   5.0390625000000000e-01   1.0193797552682351e-05   1.0193873561700384e-05   7.6009018032391481e-11
   5.1171875000000000e-01   1.4962795332023229e-05   1.4962930704479111e-05   1.3537245588180803e-10
   5.1953125000000000e-01   2.1187216420162348e-05   2.1187363540073776e-05   1.4711991142750489e-10
   5.2734375000000000e-01   2.9686210288572173e-05   2.9686295108000265e-05   8.4819428092458918e-11
   5.3515625000000000e-01   4.1812783409949710e-05   4.1812739031991635e-05   4.4377958075090141e-11
   5.4296875000000000e-01   5.9593452029369804e-05   5.9593254474052714e-05   1.9755531708947043e-10
   5.5078125000000000e-01   8.5907755355967786e-05   8.5907452627681296e-05   3.0272828648980187e-10
   5.5859375000000000e-01   1.2473354867081253e-04   1.2473326696842859e-04   2.8170238394026846e-10
   5.6640625000000000e-01   1.8148986746271807e-04   1.8148977331930533e-04   9.4143412737810600e-11
   5.7421875000000000e-01   2.6351301056190643e-04   2.6351322554885232e-04   2.1498694588884676e-10
   5.8203125000000000e-01   3.8070371675669412e-04   3.8070421811496364e-04   5.0135826951602444e-10
   5.8984375000000000e-01   5.4638467679675451e-04   5.4638525019162667e-04   5.7339487216472029e-10
   5.9765625000000000e-01   7.7840898529499692e-04   7.7840928864857063e-04   3.0335357370601251e-10
   6.0546875000000000e-01   1.1005620647234959e-03   1.1005618064405501e-03   2.5828294581212163e-10
   6.1328125000000000e-01   1.5443021454879841e-03   1.5443012960979999e-03   8.4938998412900646e-10
   6.2109375000000000e-01   2.1508869644302686e-03   2.1508858650895269e-03   1.0993407417031476e-09
   6.2890625000000000e-01   2.9739357605613071e-03   2.9739350129469469e-03   7.4761436017617422e-10
   6.3671875000000000e-01   4.0824742509123864e-03   4.0824743904374194e-03   1.3952503302022690e-10
   6.4453125000000000e-01   5.5645041960508731e-03   5.5645053098971869e-03   1.1138463137938537e-09
   6.5234375000000000e-01   7.5311265397257797e-03   7.5311280906819461e-03   1.5509561664475702e-09
   6.6015625000000000e-01   1.0121226245840012e-02   1.0121227298140629e-02   1.0523006164359083e-09
   6.6796875000000000e-01   1.3506696505757575e-02   1.3506696308615129e-02   1.9714244646473755e-10
   6.7578125000000000e-01   1.7898139109164154e-02   1.7898137700007234e-02   1.4091569196239551e-09
   6.8359375000000000e-01   2.3550926293344324e-02   2.3550924656921133e-02   1.6364231913978955e-09
   6.9140625000000000e-01   3.0771448023685286e-02   3.0771447541815069e-02   4.8187021733925306e-10
   6.9921875000000000e-01   3.9923299079131287e-02   3.9923300488638597e-02   1.4095073094799737e-09
   7.0703125000000000e-01   5.1433085168418158e-02   5.1433087717049145e-02   2.5486309868094636e-09
   7.1484375000000000e-01   6.5795450134948891e-02   6.5795451706082642e-02   1.5711337508772516e-09
   7.2265625000000000e-01   8.3576851566337165e-02   8.3576850018450652e-02   1.5478865134088693e-09
   7.3046875000000000e-01   1.0541754521169215e-01   1.0541754025584478e-01   4.9558473713684492e-09
   7.3828125000000000e-01   1.3203118603161679e-01   1.3203118027555286e-01   5.7560639310505479e-09
   7.4609375000000000e-01   1.6420142325143094e-01   1.6420142121939144e-01   2.0320395088813115e-09
   8.7890625000000000e-01   2.2731441814957463e+00   2.2731442068560019e+00   2.5360255673234633e-08
   8.8671875000000000e-01   2.4899545945029562e+00   2.4899546346011614e+00   4.0098205200678194e-08
   8.9453125000000000e-01   2.7082750883072797e+00   2.7082751202945969e+00   3.1987317239412505e-08
   9.0234375000000000e-01   2.9250347026169283e+00   2.9250347129150276e+00   1.0298099262229243e-08
   9.1015625000000000e-01   3.1369396850448901e+00   3.1369396795058049e+00   5.5390851905201544e-09
   9.1796875000000000e-01   3.3405517957880870e+00   3.3405517947719749e+00   1.0161120833629411e-09
   9.2578125000000000e-01   3.5323778118765028e+00   3.5323778336619620e+00   2.1785459214385128e-08
   9.3359375000000000e-01   3.7089671375249456e+00   3.7089671830944839e+00   4.5569538364986784e-08
   9.4140625000000000e-01   3.8670138153843099e+00   3.8670138673628802e+00   5.1978570336785879e-08
   9.4921875000000000e-01   4.0034587966610138e+00   4.0034588335502814e+00   3.6889267640560774e-08
   9.5703125000000000e-01   4.1155880935098894e+00   4.1155881081294465e+00   1.4619557120454374e-08
   9.6484375000000000e-01   4.2011224345804532e+00   4.2011224402678087e+00   5.6873554754588440e-09
   9.7265625000000000e-01   4.2582942834039166e+00   4.2582943019881743e+00   1.8584257688303296e-08
   9.8046875000000000e-01   4.2859085733111684e+00   4.2859086136667273e+00   4.0355558894589194e-08
   9.8828125000000000e-01   4.2833842352659985e+00   4.2833842812305267e+00   4.5964528183617404e-08
   9.9609375000000000e-01   4.2507745096091316e+00   4.2507745286271490e+00   1.9018017383132246e-08
   7.5390625000000000e-01   2.0277486719397902e-01   2.0277487237905034e-01   5.1850713167489459e-09
   7.6171875000000000e-01   2.4864984591648054e-01   2.4864985754361607e-01   1.1627135532155108e-08
   7.6953125000000000e-01   3.0276045747383967e-01   3.0276046948404572e-01   1.2010206051904504e-08
   7.7734375000000000e-01   3.6605556422457514e-01   3.6605556801725025e-01   3.7926751184080842e-09
   7.8515625000000000e-01   4.3947257033270926e-01   4.3947256034816695e-01   9.9845423040534342e-09
   7.9296875000000000e-01   5.2390607050338589e-01   5.2390604918870376e-01   2.1314682130402218e-08
   8.0078125000000000e-01   6.2017175096642274e-01   6.2017172917318963e-01   2.1793233107025856e-08
   8.0859375000000000e-01   7.2896625386070313e-01   7.2896624514736574e-01   8.7133373849468398e-09
   8.1640625000000000e-01   8.5082407014376726e-01   8.5082408175329960e-01   1.1609532335477013e-08
   8.2421875000000000e-01   9.8607288585018416e-01   9.8607291234949079e-01   2.6499306637894904e-08
   8.3203125000000000e-01   1.1347891477920460e+00   1.1347891726121551e+00   2.4820109079115582e-08
   8.3984375000000000e-01   1.2967559080525437e+00   1.2967559133519366e+00   5.2993929244848914e-09
   8.4765625000000000e-01   1.4714252212750432e+00   1.4714252002688020e+00   2.1006241190946184e-08
   8.5546875000000000e-01   1.6578874756615833e+00   1.6578874387908411e+00   3.6870742237127274e-08
   8.6328125000000000e-01   1.8548500170597537e+00   1.8548499865562444e+00   3.0503509274026896e-08
   8.7109375000000000e-01   2.0606272615028973e+00   2.0606272570998576e+00   4.4030397106098462e-09
