#                  Coord.                Numerical               Analytical                    Error
   3.9062500000000000e-03   5.7504083449248000e-01   5.7504084929017063e-01   1.4797690628398641e-08
   1.1718750000000000e-02   5.1868828062322114e-01   5.1868830434745450e-01   2.3724233355615354e-08
   1.9531250000000000e-02   4.7529050730465949e-01   4.7529054194142767e-01   3.4636768175833055e-08
   2.7343750000000000e-02   4.4678721341711597e-01   4.4678725686305537e-01   4.3445939401642875e-08
   3.5156250000000000e-02   4.3456152062092618e-01   4.3456156711719007e-01   4.6496263894635348e-08
   4.2968750000000000e-02   4.3936050482374461e-01   4.3936054714030148e-01   4.2316556869703703e-08
   5.0781250000000000e-02   4.6125343875382963e-01   4.6125347085121737e-01   3.2097387747676009e-08
   5.8593750000000000e-02   4.9962912558562039e-01   4.9962914501666739e-01   1.9431046993645396e-08
   6.6406250000000000e-02   5.5323042361336516e-01   5.5323043268576588e-01   9.0724007195674972e-09
   7.4218750000000000e-02   6.2022118589745778e-01   6.2022119014903832e-01   4.2515805320775257e-09
   8.2031250000000000e-02   6.9827865107724418e-01   6.9827865510557074e-01   4.0283265612117702e-09
   8.9843750000000000e-02   7.8470301405860077e-01   7.8470301663948760e-01   2.5808868375776228e-09
   9.7656250000000000e-02   8.7653554736057748e-01   8.7653554027808067e-01   7.0824968112503939e-09
   1.0546875000000000e-01   9.7067719265967711e-01   9.7067716527707859e-01   2.7382598521974444e-08
   1.1328125000000000e-01   1.0640008344205587e+00   1.0640007823339919e+00   5.2086566837417081e-08
   1.2109375000000000e-01   1.1534522753033116e+00   1.1534522061628416e+00   6.9140470015938149e-08
   1.2890625000000000e-01   1.2361369738252739e+00   1.2361369051219109e+00   6.8703362998689954e-08
   1.3671875000000000e-01   1.3093916143408690e+00   1.3093915629681636e+00   5.1372705422991771e-08
   1.4453125000000000e-01   1.3708413109159303e+00   1.3708412821636571e+00   2.8752273228960235e-08
   1.5234375000000000e-01   1.4184445264150733e+00   1.4184445105386119e+00   1.5876461478825377e-08
   1.6015625000000000e-01   1.4505284964715683e+00   1.4505284765109345e+00   1.9960633812488027e-08
   1.6796875000000000e-01   1.4658180613483414e+00   1.4658180263637119e+00   3.4984629415646396e-08
   1.7578125000000000e-01   1.4634603651681910e+00   1.4634603186999493e+00   4.6468241698960355e-08
   1.8359375000000000e-01   1.4430469982087675e+00   1.4430469552515421e+00   4.2957225332429516e-08
   1.9140625000000000e-01   1.4046339897473294e+00   1.4046339648358808e+00   2.4911448681663728e-08
   1.9921875000000000e-01   1.3487587859290679e+00   1.3487587820400364e+00   3.8890315412487553e-09
   2.0703125000000000e-01   1.2764521450054704e+00   1.2764521517974949e+00   6.7920244983810107e-09
   2.1484375000000000e-01   1.1892419087303305e+00   1.1892419110634527e+00   2.3331221399303104e-09
   2.2265625000000000e-01   1.0891450008061232e+00   1.0891449899393173e+00   1.0866805899567566e-08
   2.3046875000000000e-01   9.7864386313630491e-01   9.7864384160708595e-01   2.1529218963145524e-08
   2.3828125000000000e-01   8.6064393617262747e-01   8.6064391323610878e-01   2.2936518684346652e-08
   2.4609375000000000e-01   7.3840973394176168e-01   7.3840971660572219e-01   1.7336039492832356e-08
   2.5390625000000000e-01   6.1547851081668603e-01   6.1547849864710913e-01   1.2169576901754908e-08
   2.6171875000000000e-01   4.9555235424986510e-01   4.9555234161425910e-01   1.2635606005950706e-08
   2.6953125000000000e-01   3.8237159666306325e-01   3.8237157950491707e-01   1.7158146181639466e-08
   2.7734375000000000e-01   2.7957451809422157e-01   2.7957449808607104e-01   2.0008150525274715e-08
   2.8515625000000000e-01   1.9055017936305199e-01   1.9055016198596011e-01   1.7377091876547013e-08
   2.9296875000000000e-01   1.1829266597273774e-01   1.1829265485551975e-01   1.1117217993406037e-08
   3.0078125000000000e-01   6.5265832685135999e-02   6.5265826273591496e-02   6.4115445036483365e-09
   3.0859375000000000e-01   3.3287672808095789e-02   3.3287666434126520e-02   6.3739692690578664e-09
   3.1640625000000000e-01   2.3442619906928974e-02   2.3442610782615111e-02   9.1243138634899967e-09
   3.2421875000000000e-01   3.6028450343643922e-02   3.6028440004180672e-02   1.0339463250852443e-08
   3.3203125000000000e-01   7.0542120044022327e-02   7.0542111391462423e-02   8.6525599046760604e-09
   3.3984375000000000e-01   1.2570605503796017e-01   1.2570604695742760e-01   8.0805325763932956e-09
   3.4765625000000000e-01   1.9953340017488697e-01   1.9953338567449036e-01   1.4500396605665600e-08
   3.5546875000000000e-01   2.8942781484394059e-01   2.8942778561778526e-01   2.9226155329187264e-08
   3.6328125000000000e-01   3.9231087847509294e-01   3.9231083257310512e-01   4.5901987821839185e-08
   3.7109375000000000e-01   5.0476828146247366e-01   5.0476822671539601e-01   5.4747077649075493e-08
   3.7890625000000000e-01   6.2320490660843908e-01   6.2320485596717767e-01   5.0641261406525473e-08
   3.8671875000000000e-01   7.4399874606574989e-01   7.4399870766307574e-01   3.8402674151782890e-08
   3.9453125000000000e-01   8.6364433211112013e-01   8.6364430286474991e-01   2.9246370214508488e-08
   4.0234375000000000e-01   9.7887788126483366e-01   9.7887784956804058e-01   3.1696793079127872e-08
   4.1015625000000000e-01   1.0867784582166737e+00   1.0867784145706314e+00   4.3646042335865332e-08
   4.1796875000000000e-01   1.1848419225442484e+00   1.1848418691797431e+00   5.3364505259168027e-08
   4.2578125000000000e-01   1.2710269561822236e+00   1.2710269078951915e+00   4.8287032150540199e-08
   4.3359375000000000e-01   1.3437748388526911e+00   1.3437748134788896e+00   2.5373801504358084e-08
   4.4140625000000000e-01   1.4020066125469643e+00   1.4020066187231057e+00   6.1761413761018957e-09
   4.4921875000000000e-01   1.4451026865595025e+00   1.4451027181277909e+00   3.1568288427763491e-08
   4.5703125000000000e-01   1.4728706590061147e+00   1.4728707003504022e+00   4.1344287549094361e-08
   4.6484375000000000e-01   1.4855071290559665e+00   1.4855071669274373e+00   3.7871470848216404e-08
   4.7265625000000000e-01   1.4835585799351512e+00   1.4835586120442525e+00   3.2109101377741922e-08
   4.8046875000000000e-01   1.4678851372044412e+00   1.4678851712997838e+00   3.4095342549278485e-08
   4.8828125000000000e-01   1.4396293311576478e+00   1.4396293756661043e+00   4.4508456475966796e-08
   4.9609375000000000e-01   1.4001901331110493e+00   1.4001901881358902e+00   5.5024840905915084e-08
   5.0390625000000000e-01   1.3512007431041544e+00   1.3512007989259600e+00   5.5821805622358056e-08
   5.1171875000000000e-01   1.2945071110347639e+00   1.2945071555055248e+00   4.4470760851567093e-08
   5.1953125000000000e-01   1.2321431963238489e+00   1.2321432240485206e+00   2.7724671669560053e-08
   5.2734375000000000e-01   1.1662986661310759e+00   1.1662986817632319e+00   1.5632156014078191e-08
   5.3515625000000000e-01   1.0992751951451125e+00   1.0992752077344592e+00   1.2589346676250557e-08
   5.4296875000000000e-01   1.0334287453159934e+00   1.0334287591602471e+00   1.3844253743400259e-08
   5.5078125000000000e-01   9.7109706285199848e-01   9.7109707275648693e-01   9.9044884516175102e-09
   5.5859375000000000e-01   9.1451390869914562e-01   9.1451390447583836e-01   4.2233072594655141e-09
   5.6640625000000000e-01   8.6571395115024707e-01   8.6571392716109774e-01   2.3989149333658588e-08
   5.7421875000000000e-01   8.2643445601474852e-01   8.2643441753452163e-01   3.8480226893788938e-08
   5.8203125000000000e-01   7.9802159521865457e-01   7.9802155532256192e-01   3.9896092651758863e-08
   5.8984375000000000e-01   7.8135008064254063e-01   7.8135004969191835e-01   3.0950622287306828e-08
   5.9765625000000000e-01   7.7676473461268392e-01   7.7676471131129077e-01   2.3301393148322802e-08
   6.0546875000000000e-01   7.8405145956043887e-01   7.8405143140041234e-01   2.8160026532830784e-08
   6.1328125000000000e-01   8.0244292266199035e-01   8.0244287625516497e-01   4.6406825382483419e-08
   6.2109375000000000e-01   8.3066132118787162e-01   8.3066125368605936e-01   6.7501812250903015e-08
   6.2890625000000000e-01   8.6699714243394799e-01   8.6699706488824457e-01   7.7545703414116929e-08
   6.3671875000000000e-01   9.0941927573168913e-01   9.0941920494456896e-01   7.0787120165505257e-08
   6.4453125000000000e-01   9.5570858248034019e-01   9.5570852855415622e-01   5.3926183962715868e-08
   6.5234375000000000e-01   1.0036044829082311e+00   1.0036044419113499e+00   4.0996881223165360e-08
   6.6015625000000000e-01   1.0509525728907068e+00   1.0509525312072423e+00   4.1683464457875630e-08
   6.6796875000000000e-01   1.0958409483275018e+00   1.0958408944804654e+00   5.3847036385334945e-08
   6.7578125000000000e-01   1.1367138347244838e+00   1.1367137696390035e+00   6.5085480338566981e-08
   6.8359375000000000e-01   1.1724532261174934e+00   1.1724531634979998e+00   6.2619493590432285e-08
   6.9140625000000000e-01   1.2024223062831978e+00   1.2024222634408308e+00   4.2842366987372316e-08
   6.9921875000000000e-01   1.2264681354972125e+00   1.2264681220216040e+00   1.3475608406920969e-08
   7.0703125000000000e-01   1.2448850276330001e+00   1.2448850402360996e+00   1.2603099452945798e-08
   7.1484375000000000e-01   1.2583437796141279e+00   1.2583438067192536e+00   2.7105125699478094e-08
   7.2265625000000000e-01   1.2677950405925613e+00   1.2677950717709279e+00   3.1178366555195680e-08
   7.3046875000000000e-01   1.2743572789149233e+00   1.2743573122147014e+00   3.3299778046114170e-08
   7.3828125000000000e-01   1.2792008094259915e+00   1.2792008507998673e+00   4.1373875880879041e-08
   7.4609375000000000e-01   1.2834390860766749e+00   1.2834391428070697e+00   5.6730394826232100e-08
   8.7890625000000000e-01   1.4362049690845657e+00   1.4362049240224626e+00   4.5062103160020683e-08
   8.8671875000000000e-01   1.4284302346497124e+00   1.4284301628984049e+00   7.1751307562095690e-08
   8.9453125000000000e-01   1.4150631940928164e+00   1.4150631049525213e+00   8.9140295145284654e-08
   9.0234375000000000e-01   1.3953095210122359e+00   1.3953094341989158e+00   8.6813320088197088e-08
   9.1015625000000000e-01   1.3684087602629580e+00   1.3684086922491328e+00   6.8013825238466552e-08
   9.1796875000000000e-01   1.3337095474227219e+00   1.3337095004959565e+00   4.6926765362442779e-08
   9.2578125000000000e-01   1.2907559907879977e+00   1.2907559532728308e+00   3.7515166972923453e-08
   9.3359375000000000e-01   1.2393767515945779e+00   1.2393767083643972e+00   4.3230180768460968e-08
   9.4140625000000000e-01   1.1797671406750794e+00   1.1797670850950619e+00   5.5580017477296906e-08
   9.4921875000000000e-01   1.1125543953664518e+00   1.1125543338776995e+00   6.1488752312044426e-08
   9.5703125000000000e-01   1.0388372626467859e+00   1.0388372089978781e+00   5.3648907760717179e-08
   9.6484375000000000e-01   9.6019301152698178e-01   9.6019297680368709e-01   3.4723294684013695e-08
   9.7265625000000000e-01   8.7864783932247226e-01   8.7864782529629915e-01   1.4026173111858498e-08
   9.8046875000000000e-01   7.9661001323979697e-01   7.9661001366559148e-01   4.2579451076107944e-10
   9.8828125000000000e-01   7.1676864661936412e-01   7.1676865361348485e-01   6.9941207270218797e-09
   9.9609375000000000e-01   6.4196435657173667e-01   6.4196436653717392e-01   9.9654372531787772e-09
   7.5390625000000000e-01   1.2880370158460073e+00   1.2880370888670536e+00   7.3021046320675964e-08
   7.6171875000000000e-01   1.2937435899735799e+00   1.2937436716177491e+00   8.1644169203087813e-08
   7.6953125000000000e-01   1.3010529767720749e+00   1.3010530547804513e+00   7.8008376425131587e-08
   7.7734375000000000e-01   1.3101947493279620e+00   1.3101948149424365e+00   6.5614474520359067e-08
   7.8515625000000000e-01   1.3211505653084972e+00   1.3211506182793800e+00   5.2970882791214535e-08
   7.9296875000000000e-01   1.3336917593483353e+00   1.3336918065371097e+00   4.7188774443540638e-08
   8.0078125000000000e-01   1.3474303018013696e+00   1.3474303496856761e+00   4.7884306519918596e-08
   8.0859375000000000e-01   1.3618746310229037e+00   1.3618746782725872e+00   4.7249683499117623e-08
   8.1640625000000000e-01   1.3764820752445064e+00   1.3764821113545123e+00   3.6110005874334661e-08
   8.2421875000000000e-01   1.3907008725726149e+00   1.3907008844937181e+00   1.1921103215684070e-08
   8.3203125000000000e-01   1.4039969753415475e+00   1.4039969577943585e+00   1.7547189035127531e-08
   8.3984375000000000e-01   1.4158635762419376e+00   1.4158635371313553e+00   3.9110582328305554e-08
   8.4765625000000000e-01   1.4258142374857017e+00   1.4258141938363900e+00   4.3649311720628248e-08
   8.5546875000000000e-01   1.4333632544993218e+00   1.4333632205121332e+00   3.3987188619022390e-08
   8.6328125000000000e-01   1.4379990695242995e+00   1.4379990462574084e+00   2.3266891080453433e-08
   8.7109375000000000e-01   1.4391578900352469e+00   1.4391578643675036e+00   2.5667743264179421e-08
