#                  Coord.                Numerical               Analytical                    Error
   3.9062500000000000e-03  -6.5279198326759813e-01  -6.5279198791464188e-01   4.6470437498058459e-09
   1.1718750000000000e-02  -6.7115050946943144e-01  -6.7115051711378471e-01   7.6443532615044774e-09
   1.9531250000000000e-02  -6.6448706819230441e-01  -6.6448707699640541e-01   8.8041010037898104e-09
   2.7343750000000000e-02  -6.4208350472940001e-01  -6.4208351291359367e-01   8.1841936561133366e-09
   3.5156250000000000e-02  -6.0725639200489856e-01  -6.0725639811903720e-01   6.1141386398233522e-09
   4.2968750000000000e-02  -5.5675333727795473e-01  -5.5675334041198787e-01   3.1340331441143121e-09
   5.0781250000000000e-02  -4.8221256769526505e-01  -4.8221256745836666e-01   2.3689838979379374e-10
   5.8593750000000000e-02  -3.7331759659964170e-01  -3.7331759311430851e-01   3.4853331887241268e-09
   6.6406250000000000e-02  -2.2187909094647398e-01  -2.2187908474794527e-01   6.1985287180821302e-09
   7.4218750000000000e-02  -2.5846178209009026e-02  -2.5846170230975424e-02   7.9780336018075992e-09
   8.2031250000000000e-02   2.0776035426920694e-01   2.0776036278427357e-01   8.5150666240263462e-09
   8.9843750000000000e-02   4.6178697869964214e-01   4.6178698625104247e-01   7.5514003383680972e-09
   9.7656250000000000e-02   7.1016019744496428e-01   7.1016020248266254e-01   5.0376982585476071e-09
   1.0546875000000000e-01   9.2128690075429698e-01   9.2128690192315332e-01   1.1688563450462652e-09
   1.1328125000000000e-01   1.0630762379977783e+00   1.0630762345470162e+00   3.4507621204937777e-09
   1.2109375000000000e-01   1.1086479997606706e+00   1.1086479918329257e+00   7.9277449049897086e-09
   1.2890625000000000e-01   1.0416139569085439e+00   1.0416139457627887e+00   1.1145755207664365e-08
   1.3671875000000000e-01   8.5986960448777483e-01   8.5986959232458338e-01   1.2163191454028777e-08
   1.4453125000000000e-01   5.7710462147186092e-01   5.7710461114273293e-01   1.0329127997366072e-08
   1.5234375000000000e-01   2.2167456843226249e-01   2.2167456268380456e-01   5.7484579318867191e-09
   1.6015625000000000e-01  -1.6701717703713798e-01  -1.6701717625179879e-01   7.8533918257406299e-10
   1.6796875000000000e-01  -5.4400523898154896e-01  -5.4400523124906375e-01   7.7324852076898765e-09
   1.7578125000000000e-01  -8.6515154846827891e-01  -8.6515153513351606e-01   1.3334762849481763e-08
   1.8359375000000000e-01  -1.0933299786624444e+00  -1.0933299627278168e+00   1.5934627617397723e-08
   1.9140625000000000e-01  -1.2033762134875907e+00  -1.2033761988728826e+00   1.4614708110372021e-08
   1.9921875000000000e-01  -1.1850479634025166e+00  -1.1850479540479169e+00   9.3545997614796761e-09
   2.0703125000000000e-01  -1.0436465722298234e+00  -1.0436465709291385e+00   1.3006848931240711e-09
   2.1484375000000000e-01  -7.9839579068823119e-01  -7.9839579830958818e-01   7.6213569899508116e-09
   2.2265625000000000e-01  -4.7906133081120345e-01  -4.7906134583630805e-01   1.5025104604937667e-08
   2.3046875000000000e-01  -1.2154829034919896e-01  -1.2154830921990716e-01   1.8870708190510399e-08
   2.3828125000000000e-01   2.3670949770755129e-01   2.3670947983630172e-01   1.7871249563539138e-08
   2.4609375000000000e-01   5.6085241372671357e-01   5.6085240164105121e-01   1.2085662359773153e-08
   2.5390625000000000e-01   8.2170599869666572e-01   8.2170599590967042e-01   2.7869953012071846e-09
   2.6171875000000000e-01   9.9770998671290023e-01   9.9770999436152874e-01   7.6486285083277039e-09
   2.6953125000000000e-01   1.0757532745704805e+00   1.0757532909373926e+00   1.6366912047871551e-08
   2.7734375000000000e-01   1.0511956935059403e+00   1.0511957145080337e+00   2.1002093397726185e-08
   2.8515625000000000e-01   9.2742589539992437e-01   9.2742591554833798e-01   2.0148413604204052e-08
   2.9296875000000000e-01   7.1524607325170442e-01   7.1524608717122018e-01   1.3919515762239598e-08
   3.0078125000000000e-01   4.3222241220922369e-01   4.3222241605227146e-01   3.8430477689033182e-09
   3.0859375000000000e-01   1.0195451156616980e-01   1.0195450415667835e-01   7.4094914509492682e-09
   3.1640625000000000e-01  -2.4693479750774788e-01  -2.4693481435246076e-01   1.6844712874553025e-08
   3.2421875000000000e-01  -5.8234920393037393e-01  -5.8234922579523252e-01   2.1864858590348035e-08
   3.3203125000000000e-01  -8.7100985789628782e-01  -8.7100987900187943e-01   2.1105591607728513e-08
   3.3984375000000000e-01  -1.0815177849453887e+00  -1.0815177996772227e+00   1.4731833974934716e-08
   3.4765625000000000e-01  -1.1879755074695639e+00  -1.1879755119690425e+00   4.4994785675100957e-09
   3.5546875000000000e-01  -1.1737081012511879e+00  -1.1737080944107039e+00   6.8404839570490594e-09
   3.6328125000000000e-01  -1.0344447739454372e+00  -1.0344447577650502e+00   1.6180387030217958e-08
   3.7109375000000000e-01  -7.8027198385524987e-01  -7.8027196281364108e-01   2.1041608788685551e-08
   3.7890625000000000e-01  -4.3577933252913409e-01  -4.3577931239301504e-01   2.0136119049940504e-08
   3.8671875000000000e-01  -3.8082109671278598e-02  -3.8082095784262832e-02   1.3887015766489430e-08
   3.9453125000000000e-01   3.6722723884700803e-01   3.6722724300564713e-01   4.1586390997494505e-09
   4.0234375000000000e-01   7.3174767233740490e-01   7.3174766608522746e-01   6.2521774424340038e-09
   4.1015625000000000e-01   1.0107644994742127e+00   1.0107644850170163e+00   1.4457196328976352e-08
   4.1796875000000000e-01   1.1695679052589554e+00   1.1695678870108641e+00   1.8248091260275601e-08
   4.2578125000000000e-01   1.1885662144916043e+00   1.1885661977196704e+00   1.6771933841752684e-08
   4.3359375000000000e-01   1.0663325191263675e+00   1.0663325084264583e+00   1.0699909180900136e-08
   4.4140625000000000e-01   8.2005329140479311e-01   8.2005328936439448e-01   2.0403986278338948e-09
   4.4921875000000000e-01   4.8327532416625757e-01   4.8327533072740841e-01   6.5611508448526479e-09
   4.5703125000000000e-01   1.0128945678305493e-01   1.0128946935601842e-01   1.2572963489776434e-08
   4.6484375000000000e-01  -2.7513691974688459e-01  -2.7513690536158969e-01   1.4385294899721401e-08
   4.7265625000000000e-01  -5.9672649483107110e-01  -5.9672648313198862e-01   1.1699082480554068e-08
   4.8046875000000000e-01  -8.2233342703080681e-01  -8.2233342141537202e-01   5.6154347838344165e-09
   4.8828125000000000e-01  -9.2432999545173788e-01  -9.2432999725280385e-01   1.8010659630363079e-09
   4.9609375000000000e-01  -8.9203945399652196e-01  -8.9203946212604590e-01   8.1295239429124422e-09
   5.0390625000000000e-01  -7.3282983587471184e-01  -7.3282984728386791e-01   1.1409156064345893e-08
   5.1171875000000000e-01  -4.7082163306644181e-01  -4.7082164378714680e-01   1.0720704990418994e-08
   5.1953125000000000e-01  -1.4347203143797774e-01  -1.4347203782123885e-01   6.3832611141290130e-09
   5.2734375000000000e-01   2.0345773279750268e-01   2.0345773285011223e-01   5.2609555600824365e-11
   5.3515625000000000e-01   5.2188599654377954e-01   5.2188600299504195e-01   6.4512624131651819e-09
   5.4296875000000000e-01   7.6760667080244716e-01   7.6760668146737043e-01   1.0664923277836635e-08
   5.5078125000000000e-01   9.0596437518095940e-01   9.0596438649356881e-01   1.1312609404789953e-08
   5.5859375000000000e-01   9.1634670492171888e-01   9.1634671305519366e-01   8.1334747825678733e-09
   5.6640625000000000e-01   7.9495826278356196e-01   7.9495826493549804e-01   2.1519360737798365e-09
   5.7421875000000000e-01   5.5551607267296843e-01   5.5551606791359198e-01   4.7593764485043266e-09
   5.8203125000000000e-01   2.2772360032268166e-01   2.2772358992487576e-01   1.0397805894069023e-08
   5.8984375000000000e-01  -1.4636834109584643e-01  -1.4636835410057300e-01   1.3004726573395686e-08
   5.9765625000000000e-01  -5.1773874159573552e-01  -5.1773875332200014e-01   1.1726264625977478e-08
   6.0546875000000000e-01  -8.3688301592833503e-01  -8.3688302287521887e-01   6.9468838459485482e-09
   6.1328125000000000e-01  -1.0605789668446406e+00  -1.0605789669171222e+00   7.2481576296468120e-11
   6.2109375000000000e-01  -1.1579945172332260e+00  -1.1579945103846259e+00   6.8486001314482792e-09
   6.2890625000000000e-01  -1.1152218328752821e+00  -1.1152218210492728e+00   1.1826009282955852e-08
   6.3671875000000000e-01  -9.3749224155225885e-01  -9.3749222806459753e-01   1.3487661321143207e-08
   6.4453125000000000e-01  -6.4863541751334519e-01  -6.4863540609505455e-01   1.1418290646325602e-08
   6.5234375000000000e-01  -2.8775671532789449e-01  -2.8775670893518851e-01   6.3927059756885285e-09
   6.6015625000000000e-01   9.6445484192707612e-02   9.6445484139270107e-02   5.3437504421438575e-11
   6.6796875000000000e-01   4.5289392023173491e-01   4.5289391421196723e-01   6.0197676843287695e-09
   6.7578125000000000e-01   7.3576271044563546e-01   7.3576270051589043e-01   9.9297450262270104e-09
   6.8359375000000000e-01   9.1130210905232445e-01   9.1130209816923913e-01   1.0883085321822250e-08
   6.9140625000000000e-01   9.6273977825580626e-01   9.6273976928277227e-01   8.9730339825067063e-09
   6.9921875000000000e-01   8.9244369627656994e-01   8.9244369120181688e-01   5.0747530622174963e-09
   7.0703125000000000e-01   7.2098501169855633e-01   7.2098501111738023e-01   5.8117610723940061e-10
   7.1484375000000000e-01   4.8326295457843932e-01   4.8326295776463579e-01   3.1861964733259640e-09
   7.2265625000000000e-01   2.2235427576494027e-01   2.2235428106196500e-01   5.2970247355066391e-09
   7.3046875000000000e-01  -1.7863606460521150e-02  -1.7863600908899938e-02   5.5516212113526642e-09
   7.3828125000000000e-01  -2.0006248516572314e-01  -2.0006248081407441e-01   4.3516487358008504e-09
   7.4609375000000000e-01  -2.9954654776656814e-01  -2.9954654519553831e-01   2.5710298334757908e-09
   8.7890625000000000e-01  -4.9355346942858008e-01  -4.9355345792352973e-01   1.1505050356852564e-08
   8.8671875000000000e-01  -1.6374145043076224e-01  -1.6374144236648455e-01   8.0642776900674562e-09
   8.9453125000000000e-01   1.9861144883151471e-01   1.9861145118306331e-01   2.3515485947367409e-09
   9.0234375000000000e-01   5.4670649455583664e-01   5.4670649042536457e-01   4.1304720754808955e-09
   9.1015625000000000e-01   8.3618763529934725e-01   8.3618762565182436e-01   9.6475228916759193e-09
   9.1796875000000000e-01   1.0319342729940200e+00   1.0319342603143391e+00   1.2679680860827602e-08
   9.2578125000000000e-01   1.1131244258506803e+00   1.1131244133968838e+00   1.2453796438549602e-08
   9.3359375000000000e-01   1.0757305090074469e+00   1.0757304999329833e+00   9.0744636249695532e-09
   9.4140625000000000e-01   9.3209769340410509e-01   9.3209768985792052e-01   3.5461845682149828e-09
   9.4921875000000000e-01   7.0780352937094027e-01   7.0780353200809198e-01   2.6371517192202987e-09
   9.5703125000000000e-01   4.3649961890375638e-01   4.3649962674819737e-01   7.8444409856714969e-09
   9.6484375000000000e-01   1.5379256184713139e-01   1.5379257270208305e-01   1.0854951659755585e-08
   9.7265625000000000e-01  -1.0863763290628083e-01  -1.0863762183785931e-01   1.1068421512661075e-08
   9.8046875000000000e-01  -3.2758381773228445e-01  -3.2758380903740514e-01   8.6948793165397831e-09
   9.8828125000000000e-01  -4.9074262883311648e-01  -4.9074262432082477e-01   4.5122917069484458e-09
   9.9609375000000000e-01  -5.9671676111380623e-01  -5.9671676141892405e-01   3.0511781989872588e-10
   7.5390625000000000e-01  -3.0805570992067155e-01  -3.0805570886749811e-01   1.0531734373486756e-09
   7.6171875000000000e-01  -2.3467340141891638e-01  -2.3467340103993281e-01   3.7898356675114542e-10
   7.6953125000000000e-01  -1.0372064529993967e-01  -1.0372064469687474e-01   6.0306493132600281e-10
   7.7734375000000000e-01   4.9970120191247351e-02   4.9970121456123437e-02   1.2648760858158248e-09
   7.8515625000000000e-01   1.8756842323218489e-01   1.8756842487167688e-01   1.6394919866158375e-09
   7.9296875000000000e-01   2.7341764589841588e-01   2.7341764698189042e-01   1.0834745323151651e-09
   8.0078125000000000e-01   2.8163189405695344e-01   2.8163189338592198e-01   6.7103145262592534e-10
   8.0859375000000000e-01   2.0098559777575642e-01   2.0098559446110892e-01   3.3146475009182552e-09
   8.1640625000000000e-01   3.7253154490845618e-02   3.7253148458469311e-02   6.0323763068081959e-09
   8.2421875000000000e-01  -1.8741383600688766e-01  -1.8741384375286588e-01   7.7459782199529315e-09
   8.3203125000000000e-01  -4.3798334655022753e-01  -4.3798335410514239e-01   7.5549148603748506e-09
   8.3984375000000000e-01  -6.7233585019187891e-01  -6.7233585526229422e-01   5.0704153098379834e-09
   8.4765625000000000e-01  -8.4837900080293571e-01  -8.4837900146609357e-01   6.6315786195758619e-10
   8.5546875000000000e-01  -9.3127424072351928e-01  -9.3127423610619475e-01   4.6173245227265625e-09
   8.6328125000000000e-01  -8.9953448811273085e-01  -8.9953447883975124e-01   9.2729796064006109e-09
   8.7109375000000000e-01  -7.4893539594751724e-01  -7.4893538406112570e-01   1.1886391537707652e-08
