#                  Coord.                Numerical               Analytical                    Error
   3.9062500000000000e-03   1.1349110547494345e+00   1.1349110640380133e+00   9.2885787950081067e-09
   1.1718750000000000e-02   1.3111665935069752e+00   1.3111666079604367e+00   1.4453461538721513e-08
   1.9531250000000000e-02   1.3603670266435433e+00   1.3603670416813782e+00   1.5037834977249531e-08
   2.7343750000000000e-02   1.2703265663769745e+00   1.2703265775787635e+00   1.1201789051895616e-08
   3.5156250000000000e-02   1.0445104129694769e+00   1.0445104172940716e+00   4.3245946823589065e-09
   4.2968750000000000e-02   7.0268778364304774e-01   7.0268778025148904e-01   3.3915587005495240e-09
   5.0781250000000000e-02   2.7954917683718616e-01   2.7954916711121480e-01   9.7259713616182353e-09
   5.8593750000000000e-02  -1.7872177218935911e-01  -1.7872178518440140e-01   1.2995042292240910e-08
   6.6406250000000000e-02  -6.1965159350562038e-01  -6.1965160607182457e-01   1.2566204188324548e-08
   7.4218750000000000e-02  -9.9090074281711849e-01  -9.9090075164461999e-01   8.8275015075467422e-09
   8.2031250000000000e-02  -1.2471106989904708e+00  -1.2471107020465273e+00   3.0560565189574618e-09
   8.9843750000000000e-02  -1.3562264361688325e+00  -1.3562264330481133e+00   3.1207192385807048e-09
   9.7656250000000000e-02  -1.3043289494875057e+00  -1.3043289413778878e+00   8.1096178661255180e-09
   1.0546875000000000e-01  -1.0981520434356145e+00  -1.0981520325805678e+00   1.0855046639335342e-08
   1.1328125000000000e-01  -7.6475053922559777e-01  -7.6475052830414392e-01   1.0921453852397178e-08
   1.2109375000000000e-01  -3.4819961997956744e-01  -3.4819961138667777e-01   8.5928896775833152e-09
   1.2890625000000000e-01   9.6324087242686471e-02   9.6324091794145278e-02   4.5514588070671991e-09
   1.3671875000000000e-01   5.1027945820962894e-01   5.1027945798426777e-01   2.2536117416649404e-10
   1.4453125000000000e-01   8.4017089963820613e-01   8.4017089487881258e-01   4.7593935459389058e-09
   1.5234375000000000e-01   1.0453180223454468e+00   1.0453180140990201e+00   8.2464266526471874e-09
   1.6015625000000000e-01   1.1037227719343832e+00   1.1037227618009824e+00   1.0133400785150570e-08
   1.6796875000000000e-01   1.0150475305339424e+00   1.0150475204056324e+00   1.0128309968493454e-08
   1.7578125000000000e-01   8.0017988736617296e-01   8.0017987915291400e-01   8.2132589618311158e-09
   1.8359375000000000e-01   4.9743236938683250e-01   4.9743236478610070e-01   4.6007317955343296e-09
   1.9140625000000000e-01   1.5600695923545141e-01   1.5600695944266915e-01   2.0721774296461604e-10
   1.9921875000000000e-01  -1.7216340874745953e-01  -1.7216340330773100e-01   5.4397285287333119e-09
   2.0703125000000000e-01  -4.4079450218761096e-01  -4.4079449212593441e-01   1.0061676547490350e-08
   2.1484375000000000e-01  -6.1641219378452439e-01  -6.1641218079921289e-01   1.2985311492741403e-08
   2.2265625000000000e-01  -6.8308286590683731e-01  -6.8308285262741963e-01   1.3279417676592686e-08
   2.3046875000000000e-01  -6.4395131588602794e-01  -6.4395130539441436e-01   1.0491613577912062e-08
   2.3828125000000000e-01  -5.1941573521063789e-01  -5.1941573037921329e-01   4.8314245937319811e-09
   2.4609375000000000e-01  -3.4238646211171908e-01  -3.4238646480042451e-01   2.6887054249691289e-09
   2.5390625000000000e-01  -1.5159842312010352e-01  -1.5159843353573621e-01   1.0415632689664278e-08
   2.6171875000000000e-01   1.5724907885379884e-02   1.5724891493583637e-02   1.6391796246739698e-08
   2.6953125000000000e-01   1.3048712249643460e-01   1.3048710375940428e-01   1.8737030316184899e-08
   2.7734375000000000e-01   1.7643952349185485e-01   1.7643950700974106e-01   1.6482113784910268e-08
   2.8515625000000000e-01   1.5224613046672691e-01   1.5224612076488295e-01   9.7018439670915058e-09
   2.9296875000000000e-01   7.0675454437745241e-02   7.0675454593030138e-02   1.5528489605287632e-10
   3.0078125000000000e-01  -4.4740875073937057e-02  -4.4740864345744639e-02   1.0728192417763793e-08
   3.0859375000000000e-01  -1.6478398768645941e-01  -1.6478396853574115e-01   1.9150718261196076e-08
   3.1640625000000000e-01  -2.6028821090888771e-01  -2.6028818787192720e-01   2.3036960505873338e-08
   3.2421875000000000e-01  -3.0743621290633139e-01  -3.0743619189282045e-01   2.1013510931311430e-08
   3.3203125000000000e-01  -2.9168265313071501e-01  -2.9168263977136138e-01   1.3359353623343395e-08
   3.3984375000000000e-01  -2.0973179063998740e-01  -2.0973178879264240e-01   1.8473449991951441e-09
   3.4765625000000000e-01  -6.9425844639335932e-02  -6.9425855131820882e-02   1.0492484950330727e-08
   3.5546875000000000e-01   1.1218705320426027e-01   1.1218703282943410e-01   2.0374826173452654e-08
   3.6328125000000000e-01   3.1202998397800891e-01   3.1202995897492553e-01   2.5003083381491820e-08
   3.7109375000000000e-01   5.0469759466313591e-01   5.0469757158917894e-01   2.3073956967323284e-08
   3.7890625000000000e-01   6.6598352145090001e-01   6.6598350650266569e-01   1.4948234317024855e-08
   3.8671875000000000e-01   7.7570730470948945e-01   7.7570730190864479e-01   2.8008446673055687e-09
   3.9453125000000000e-01   8.1956454439883497e-01   8.1956455443400278e-01   1.0035167807842527e-08
   4.0234375000000000e-01   7.8998485810907892e-01   7.8998487820058427e-01   2.0091505348318606e-08
   4.1015625000000000e-01   6.8618576067982895e-01   6.8618578535004271e-01   2.4670213760735749e-08
   4.1796875000000000e-01   5.1371318803150712e-01   5.1371321068097198e-01   2.2649464859192392e-08
   4.2578125000000000e-01   2.8374969079141665e-01   2.8374970552597756e-01   1.4734560904727800e-08
   4.3359375000000000e-01   1.2370483394109790e-02   1.2370486630712076e-02   3.2366022865298882e-09
   4.4140625000000000e-01  -2.8021919548616542e-01  -2.8021920413693363e-01   8.6507682128811325e-09
   4.4921875000000000e-01  -5.7056945460500685e-01  -5.7056947236425914e-01   1.7759252290971972e-08
   4.5703125000000000e-01  -8.3317708653103439e-01  -8.3317710836510328e-01   2.1834068886228408e-08
   4.6484375000000000e-01  -1.0421572784847100e+00  -1.0421572985863437e+00   2.0101633690927656e-08
   4.7265625000000000e-01  -1.1734704009144532e+00  -1.1734704143372379e+00   1.3422784661543119e-08
   4.8046875000000000e-01  -1.2076119905447040e+00  -1.2076119944793258e+00   3.9346217395319627e-09
   4.8828125000000000e-01  -1.1324845637803413e+00  -1.1324845581395779e+00   5.6407634119182148e-09
   4.9609375000000000e-01  -9.4600985772947799e-01  -9.4600984490081863e-01   1.2828659357033700e-08
   5.0390625000000000e-01  -6.5795698587676610e-01  -6.5795696983188978e-01   1.6044876316456680e-08
   5.1171875000000000e-01  -2.9048694914936496e-01  -2.9048693417613292e-01   1.4973232043136164e-08
   5.1953125000000000e-01   1.2294552710722861e-01   1.2294553760745570e-01   1.0500227090592951e-08
   5.2734375000000000e-01   5.4045361320357177e-01   5.4045361755329357e-01   4.3497218049637354e-09
   5.3515625000000000e-01   9.1616782121409734e-01   9.1616781965419847e-01   1.5598988767351329e-09
   5.4296875000000000e-01   1.2057964041250602e+00   1.2057963984114839e+00   5.7135762787652311e-09
   5.5078125000000000e-01   1.3725706888847522e+00   1.3725706814682361e+00   7.4165160679484643e-09
   5.5859375000000000e-01   1.3927023094420194e+00   1.3927023025667344e+00   6.8752850079789596e-09
   5.6640625000000000e-01   1.2594686245062727e+00   1.2594686195069165e+00   4.9993562623029675e-09
   5.7421875000000000e-01   9.8518046607517351e-01   9.8518046311761764e-01   2.9575558668781810e-09
   5.8203125000000000e-01   6.0056032503065493e-01   6.0056032332810505e-01   1.7025498788569848e-09
   5.8984375000000000e-01   1.5143308970420397e-01   1.5143308810626233e-01   1.5979416401190605e-09
   5.9765625000000000e-01  -3.0694954712243505e-01  -3.0694954944514174e-01   2.3227066936470919e-09
   6.0546875000000000e-01  -7.1723231757367589e-01  -7.1723232060459274e-01   3.0309168508324547e-09
   6.1328125000000000e-01  -1.0279002156489414e+00  -1.0279002184013906e+00   2.7524491574837384e-09
   6.2109375000000000e-01  -1.2006550215130112e+00  -1.2006550223326984e+00   8.1968720699876485e-10
   6.2890625000000000e-01  -1.2160610653480723e+00  -1.2160610625888901e+00   2.7591822160388801e-09
   6.3671875000000000e-01  -1.0765158321940496e+00  -1.0765158249744364e+00   7.2196131295498844e-09
   6.4453125000000000e-01  -8.0599071581674564e-01  -8.0599070471464473e-01   1.1102100905269197e-08
   6.5234375000000000e-01  -4.4649159316185316e-01  -4.4649158030259944e-01   1.2859253717412145e-08
   6.6015625000000000e-01  -5.1726980415728402e-02  -5.1726969133624061e-02   1.1282104341037158e-08
   6.6796875000000000e-01   3.2104975057624363e-01   3.2104975670935448e-01   6.1331108525131128e-09
   6.7578125000000000e-01   6.1972701267997288e-01   6.1972701092522564e-01   1.7547472364043415e-09
   6.8359375000000000e-01   8.0513790647384398e-01   8.0513789601914554e-01   1.0454698440298671e-08
   6.9140625000000000e-01   8.5669691552661531e-01   8.5669689798451820e-01   1.7542097108247390e-08
   6.9921875000000000e-01   7.7494919068763279e-01   7.7494917000908603e-01   2.0678546763797101e-08
   7.0703125000000000e-01   5.8064410547480894e-01   5.8064408696619374e-01   1.8508615196033418e-08
   7.1484375000000000e-01   3.1055402028454865e-01   3.1055400923622500e-01   1.1048323644846647e-08
   7.2265625000000000e-01   1.0831278080884100e-02   1.0831278137056010e-02   5.6171910872704345e-11
   7.3046875000000000e-01  -2.7087819040529776e-01  -2.7087817838912598e-01   1.2016171779816176e-08
   7.3828125000000000e-01  -4.9315060310470643e-01  -4.9315058162831421e-01   2.1476392220165508e-08
   7.4609375000000000e-01  -6.2698778661366317e-01  -6.2698776096943210e-01   2.5644231071986212e-08
   8.7890625000000000e-01   1.2950810862287909e-01   1.2950808472511530e-01   2.3897763795632798e-08
   8.8671875000000000e-01   7.0136604454145660e-03   7.0136353926446449e-03   2.5052769921096729e-08
   8.9453125000000000e-01  -1.4231526492951155e-01  -1.4231528393726955e-01   1.9007758006450715e-08
   9.0234375000000000e-01  -3.1499320470633885e-01  -3.1499321249357487e-01   7.7872360226827197e-09
   9.1015625000000000e-01  -5.0046292909561074e-01  -5.0046292390996405e-01   5.1856466898314579e-09
   9.1796875000000000e-01  -6.8150171523245595e-01  -6.8150169920252868e-01   1.6029927274452405e-08
   9.2578125000000000e-01  -8.3612822958063582e-01  -8.3612820787094799e-01   2.1709687825222090e-08
   9.3359375000000000e-01  -9.4069055535358359e-01  -9.4069053456090068e-01   2.0792682908776783e-08
   9.4140625000000000e-01  -9.7360538061277246e-01  -9.7360536670529263e-01   1.3907479834429637e-08
   9.4921875000000000e-01  -9.1911776209385843e-01  -9.1911775872947377e-01   3.3643846597541938e-09
   9.5703125000000000e-01  -7.7046416515773952e-01  -7.7046417265390099e-01   7.4961614693336287e-09
   9.6484375000000000e-01  -5.3193077437125957e-01  -5.3193078983266207e-01   1.5461402491645515e-08
   9.7265625000000000e-01  -2.1947310743185719e-01  -2.1947312575090569e-01   1.8319048500359258e-08
   9.8046875000000000e-01   1.4023315852324189e-01   1.4023314295947709e-01   1.5563764804715774e-08
   9.8828125000000000e-01   5.1223694508463369e-01   5.1223693673824910e-01   8.3463845834685912e-09
   9.9609375000000000e-01   8.5699768535619669e-01   8.5699768623945904e-01   8.8326235214708504e-10
   7.5390625000000000e-01  -6.5949204485668367e-01  -6.5949202188671185e-01   2.2969971813502355e-08
   7.6171875000000000e-01  -5.9450762632545606e-01  -5.9450761243669137e-01   1.3888764693881228e-08
   7.6953125000000000e-01  -4.5031694782899806e-01  -4.5031694713334869e-01   6.9564937144050987e-10
   7.7734375000000000e-01  -2.5503333254670246e-01  -2.5503334559771812e-01   1.3051015657072895e-08
   7.8515625000000000e-01  -4.0735082694198385e-02  -4.0735106187485014e-02   2.3493286628595289e-08
   7.9296875000000000e-01   1.6243941877976675e-01   1.6243939118023906e-01   2.7599527691046788e-08
   8.0078125000000000e-01   3.3109688426289319e-01   3.3109686017006629e-01   2.4092826900190545e-08
   8.0859375000000000e-01   4.5146522365795722e-01   4.5146520981568189e-01   1.3842275325970377e-08
   8.1640625000000000e-01   5.1997331488084575e-01   5.1997331518906520e-01   3.0821944996262118e-10
   8.2421875000000000e-01   5.4167627746497682e-01   5.4167629182638466e-01   1.4361407840723928e-08
   8.3203125000000000e-01   5.2711261363540562e-01   5.2711263792646135e-01   2.4291055722436283e-08
   8.3984375000000000e-01   4.8846722384486418e-01   4.8846725111495093e-01   2.7270086744302091e-08
   8.4765625000000000e-01   4.3599184586725220e-01   4.3599186834611664e-01   2.2478864436514812e-08
   8.5546875000000000e-01   3.7549796107818678e-01   3.7549797246321642e-01   1.1385029641264310e-08
   8.6328125000000000e-01   3.0743036189636369e-01   3.0743035916908706e-01   2.7272766267572024e-09
   8.7109375000000000e-01   2.2763117730150631e-01   2.2763116157801006e-01   1.5723496255004576e-08
