#                  Coord.                Numerical               Analytical                    Error
   3.9062500000000000e-03  -5.3435827939306693e-02  -5.3435828035656073e-02   9.6349379863358564e-11
   1.1718750000000000e-02  -5.4224234785754541e-02  -5.4224237911810851e-02   3.1260563096435767e-09
   1.9531250000000000e-02  -4.8436595747890471e-02  -4.8436601332391353e-02   5.5845008825605724e-09
   2.7343750000000000e-02  -3.3875333214683070e-02  -3.3875339601448250e-02   6.3867651792226532e-09
   3.5156250000000000e-02  -8.6372072233055572e-03  -8.6372121931577624e-03   4.9698522051194738e-09
   4.2968750000000000e-02   2.8472215987124575e-02   2.8472214448703539e-02   1.5384210363955653e-09
   5.0781250000000000e-02   7.7465711340931692e-02   7.7465714286254928e-02   2.9453232353038317e-09
   5.8593750000000000e-02   1.3669993908684258e-01   1.3669994615702052e-01   7.0701779431026068e-09
   6.6406250000000000e-02   2.0247935985664134e-01   2.0247936928557067e-01   9.4289293317562084e-09
   7.4218750000000000e-02   2.6883576515692520e-01   2.6883577425922894e-01   9.1023037440685073e-09
   8.2031250000000000e-02   3.2758624571241501e-01   3.2758625171090622e-01   5.9984912037513993e-09
   8.9843750000000000e-02   3.6876072136024518e-01   3.6876072231491935e-01   9.5467417304817559e-10
   9.7656250000000000e-02   3.8145707147031366e-01   3.8145706696435350e-01   4.5059601605501598e-09
   1.0546875000000000e-01   3.5512624495078321e-01   3.5512623630355039e-01   8.6472328186815162e-09
   1.1328125000000000e-01   2.8121455080746915e-01   2.8121454070342600e-01   1.0104043157710407e-08
   1.2109375000000000e-01   1.5500378030289980e-01   1.5500377196498669e-01   8.3379131099459158e-09
   1.2890625000000000e-01  -2.2594878850042473e-02  -2.2594882736872022e-02   3.8868295491878424e-09
   1.3671875000000000e-01  -2.4360284576488628e-01  -2.4360284397595053e-01   1.7889357495359803e-09
   1.4453125000000000e-01  -4.9222975043002420e-01  -4.9222974372676515e-01   6.7032590589377605e-09
   1.5234375000000000e-01  -7.4513394748233364e-01  -7.4513393839937725e-01   9.0829563870187258e-09
   1.6015625000000000e-01  -9.7290807420203218e-01  -9.7290806630201276e-01   7.9000194164180471e-09
   1.6796875000000000e-01  -1.1428536191925105e+00  -1.1428536158217537e+00   3.3707567848040298e-09
   1.7578125000000000e-01  -1.2229003042110109e+00  -1.2229003073108313e+00   3.0998204003651608e-09
   1.8359375000000000e-01  -1.1862929464952348e+00  -1.1862929557073068e+00   9.2120719941135576e-09
   1.9140625000000000e-01  -1.0164493303700366e+00  -1.0164493429622758e+00   1.2592239251318915e-08
   1.9921875000000000e-01  -7.1123312604935118e-01  -7.1123313755946604e-01   1.1510114861223997e-08
   2.0703125000000000e-01  -2.8583029350520245e-01  -2.8583029914039382e-01   5.6351913690910749e-09
   2.1484375000000000e-01   2.2650117250199228e-01   2.2650117628576899e-01   3.7837767086212892e-09
   2.2265625000000000e-01   7.7630737440125375e-01   7.7630738843563107e-01   1.4034377326943570e-08
   2.3046875000000000e-01   1.3025744967512569e+00   1.3025745185314115e+00   2.1780154568773469e-08
   2.3828125000000000e-01   1.7398043764958726e+00   1.7398044004761843e+00   2.3980311736337967e-08
   2.4609375000000000e-01   2.0267378384592414e+00   2.0267378574896826e+00   1.9030441222867012e-08
   2.5390625000000000e-01   2.1155329156914817e+00   2.1155329229809245e+00   7.2894428271297329e-09
   2.6171875000000000e-01   1.9799626691021057e+00   1.9799626604380873e+00   8.6640183916131264e-09
   2.6953125000000000e-01   1.6211835486106514e+00   1.6211835240360937e+00   2.4574557722090162e-08
   2.7734375000000000e-01   1.0698742529805112e+00   1.0698742172200533e+00   3.5760457928191158e-08
   2.8515625000000000e-01   3.8404271024745590e-01   3.8404267187620711e-01   3.8371248789470513e-08
   2.9296875000000000e-01  -3.5752099212844252e-01  -3.5752102284080661e-01   3.0712364096352474e-08
   3.0078125000000000e-01  -1.0654159620420436e+00  -1.0654159759062762e+00   1.3864232650817598e-08
   3.0859375000000000e-01  -1.6520101742647839e+00  -1.6520101659331685e+00   8.3316153975943053e-09
   3.1640625000000000e-01  -2.0441300729893106e+00  -2.0441300427666778e+00   3.0222632840803954e-08
   3.2421875000000000e-01  -2.1939926392057161e+00  -2.1939925934217714e+00   4.5783944635502394e-08
   3.3203125000000000e-01  -2.0865120229936291e+00  -2.0865119726095007e+00   5.0384128424951768e-08
   3.3984375000000000e-01  -1.7416659278812381e+00  -1.7416658857463134e+00   4.2134924660430784e-08
   3.4765625000000000e-01  -1.2114259661825710e+00  -1.2114259435577541e+00   2.2624816908844991e-08
   3.5546875000000000e-01  -5.7169493691836504e-01  -5.7169494036569579e-01   3.4473307541915688e-09
   3.6328125000000000e-01   8.9424864866404649e-02   8.9424835471633130e-02   2.9394771519641871e-08
   3.7109375000000000e-01   6.8505688899848105e-01   6.8505684056787042e-01   4.8430610632976823e-08
   3.7890625000000000e-01   1.1424028209716133e+00   1.1424027655461462e+00   5.5425467104797121e-08
   3.8671875000000000e-01   1.4128855397052871e+00   1.4128854911831672e+00   4.8522119877603131e-08
   3.9453125000000000e-01   1.4779708057493983e+00   1.4779707763121526e+00   2.9437245752106378e-08
   4.0234375000000000e-01   1.3498710388363371e+00   1.3498710355675125e+00   3.2688245443779351e-09
   4.1015625000000000e-01   1.0672756881954546e+00   1.0672757113775018e+00   2.3182047170777764e-08
   4.1796875000000000e-01   6.8713258165559954e-01   6.8713262471860803e-01   4.3063008492438826e-08
   4.2578125000000000e-01   2.7415284139492024e-01   2.7415289294274081e-01   5.1547820567598990e-08
   4.3359375000000000e-01  -1.0998900917671454e-01  -1.0998896229990854e-01   4.6876806006346250e-08
   4.4140625000000000e-01  -4.1587931070588086e-01  -4.1587927975512518e-01   3.0950755680603237e-08
   4.4921875000000000e-01  -6.1257363616254934e-01  -6.1257362773675461e-01   8.4257947285948376e-09
   4.5703125000000000e-01  -6.9002732131795186e-01  -6.9002733580797682e-01   1.4490024957680703e-08
   4.6484375000000000e-01  -6.5774993179092167e-01  -6.5774996381600592e-01   3.2025084251152691e-08
   4.7265625000000000e-01  -5.4037538670496144e-01  -5.4037542685110385e-01   4.0146142410435459e-08
   4.8046875000000000e-01  -3.7132485090939388e-01  -3.7132488864236091e-01   3.7732967028691888e-08
   4.8828125000000000e-01  -1.8594395831097832e-01  -1.8594398473809251e-01   2.6427114191429624e-08
   4.9609375000000000e-01  -1.5409174637152858e-02  -1.5409184785592986e-02   1.0148440128185388e-08
   5.0390625000000000e-01   1.1762809173127416e-01   1.1762809819996296e-01   6.4686888068266057e-09
   5.1171875000000000e-01   2.0116063739894111e-01   2.0116065661880053e-01   1.9219859426211627e-08
   5.1953125000000000e-01   2.3370749112120109e-01   2.3370751652371205e-01   2.5402510955840896e-08
   5.2734375000000000e-01   2.2238050793632727e-01   2.2238053247902614e-01   2.4542698873197821e-08
   5.3515625000000000e-01   1.7982803926846652e-01   1.7982805727666909e-01   1.8008202568031706e-08
   5.4296875000000000e-01   1.2083614935926050e-01   1.2083615784492989e-01   8.4856693893797797e-09
   5.5078125000000000e-01   5.9285190678397909e-02   5.9285189585899269e-02   1.0924986401650294e-09
   5.5859375000000000e-01   5.9529929500400872e-03   5.9529846496081040e-03   8.3004319832366558e-09
   5.6640625000000000e-01  -3.2609184775159186e-02  -3.2609196666736916e-02   1.1891577729461478e-08
   5.7421875000000000e-01  -5.4159128868806493e-02  -5.4159140686111586e-02   1.1817305092809427e-08
   5.8203125000000000e-01  -6.0033017097363500e-02  -6.0033026168990956e-02   9.0716274561697396e-09
   5.8984375000000000e-01  -5.3938099243221342e-02  -5.3938104326994418e-02   5.0837730761199573e-09
   5.9765625000000000e-01  -4.0620106730373459e-02  -4.0620107996919549e-02   1.2665460902283598e-09
   6.0546875000000000e-01  -2.4695949200176343e-02  -2.4695947703067579e-02   1.4971087633486313e-09
   6.1328125000000000e-01  -9.8358656438874772e-03  -9.8358627377931416e-03   2.9060943356612468e-09
   6.2109375000000000e-01   1.6392387485225294e-03   1.6392419737709081e-03   3.2252483786986141e-09
   6.2890625000000000e-01   8.7815982459019479e-03   8.7816011497664388e-03   2.9038644908802036e-09
   6.3671875000000000e-01   1.1765546450199373e-02   1.1765548838115199e-02   2.3879158268791389e-09
   6.4453125000000000e-01   1.1493072809539545e-02   1.1493074710638587e-02   1.9010990420786911e-09
   6.5234375000000000e-01   9.1792488128682147e-03   9.1792502395047857e-03   1.4266365710308149e-09
   6.6015625000000000e-01   6.0085099550010023e-03   6.0085107762401658e-03   8.2123916347875969e-10
   6.6796875000000000e-01   2.9102519410162410e-03   2.9102519190016547e-03   2.2014586334440089e-11
   6.7578125000000000e-01   4.6182726928821249e-04   4.6182623250726554e-04   1.0367809469562402e-09
   6.8359375000000000e-01  -1.1027859733893002e-03  -1.1027879188367645e-03   1.9454474643656322e-09
   6.9140625000000000e-01  -1.8160897135819382e-03  -1.8160920758532827e-03   2.3622713444648030e-09
   6.9921875000000000e-01  -1.8717923137559272e-03  -1.8717942882101868e-03   1.9744542595952902e-09
   7.0703125000000000e-01  -1.5237277108817431e-03  -1.5237284408939162e-03   7.3001217310714184e-10
   7.1484375000000000e-01  -1.0093702314751573e-03  -1.0093691514051863e-03   1.0800699709601069e-09
   7.2265625000000000e-01  -5.0570072736785723e-04  -5.0569786444591941e-04   2.8629219378214013e-09
   7.3046875000000000e-01  -1.1515193157364313e-04  -1.1514801813057773e-04   3.9134430654017786e-09
   7.3828125000000000e-01   1.2659971844760504e-04   1.2660338494940325e-04   3.6665017982167366e-09
   7.4609375000000000e-01   2.3113862229115451e-04   2.3114057412945105e-04   1.9518382965379080e-09
   8.7890625000000000e-01   1.3578211765280775e-03   1.3578141291896236e-03   7.0473384539051359e-09
   8.8671875000000000e-01   1.7789962131977153e-03   1.7789936003182706e-03   2.6128794447088238e-09
   8.9453125000000000e-01   2.2088687885446572e-03   2.2088709961824932e-03   2.2076378359929538e-09
   9.0234375000000000e-01   2.5797109571954087e-03   2.5797169396736190e-03   5.9824782103028162e-09
   9.1015625000000000e-01   2.7880690456714109e-03   2.7880767318577931e-03   7.6861863822393073e-09
   9.1796875000000000e-01   2.6897285790176270e-03   2.6897355855212538e-03   7.0065036268489311e-09
   9.2578125000000000e-01   2.0988798234168023e-03   2.0988842213045277e-03   4.3978877254345627e-09
   9.3359375000000000e-01   7.9425246898020814e-04   7.9425336333851842e-04   8.9435831028376878e-10
   9.4140625000000000e-01  -1.4647142612946133e-03  -1.4647165127811043e-03   2.2514864909516791e-09
   9.4921875000000000e-01  -4.9087515514916998e-03  -4.9087555538675975e-03   4.0023758977186796e-09
   9.5703125000000000e-01  -9.7146053694694891e-03  -9.7146092648766232e-03   3.8954071340108198e-09
   9.6484375000000000e-01  -1.5945476219873977e-02  -1.5945478402889249e-02   2.1830152720225815e-09
   9.7265625000000000e-01  -2.3478424304138025e-02  -2.3478424013037982e-02   2.9110004337584705e-10
   9.8046875000000000e-01  -3.1924857766604114e-02  -3.1924855347530028e-02   2.4190740868790250e-09
   9.8828125000000000e-01  -4.0554736726609052e-02  -4.0554733484776527e-02   3.2418325246474922e-09
   9.9609375000000000e-01  -4.8239873354059319e-02  -4.8239871035987522e-02   2.3180717970139320e-09
   7.5390625000000000e-01   2.3510174610668044e-04   2.3510086337502032e-04   8.8273166012030335e-10
   7.6171875000000000e-01   1.8141851022538115e-04   1.8141449551313483e-04   4.0147122463225684e-09
   7.6953125000000000e-01   1.0695110161733740e-04   1.0694470785976905e-04   6.3937575683529297e-09
   7.7734375000000000e-01   3.6818022801535134e-05   3.6810923088638894e-05   7.0997128962397562e-09
   7.8515625000000000e-01  -1.6002634626388747e-05  -1.6008306484586435e-05   5.6718581976881598e-09
   7.9296875000000000e-01  -4.7866249593733667e-05  -4.7868552864564110e-05   2.3032708304431362e-09
   8.0078125000000000e-01  -6.0422408782100209e-05  -6.0420242645709082e-05   2.1661363911273479e-09
   8.0859375000000000e-01  -5.6774562452199319e-05  -5.6768101440537152e-05   6.4610116621671406e-09
   8.1640625000000000e-01  -3.8613341164053223e-05  -3.8604089058051263e-05   9.2521060019606395e-09
   8.2421875000000000e-01  -4.5477246097962198e-06  -4.5381329256969486e-06   9.5916840992711920e-09
   8.3203125000000000e-01   5.0480078586564906e-05   5.0487327896694707e-05   7.2493101298002293e-09
   8.3984375000000000e-01   1.3492810934905041e-04   1.3493092099633509e-04   2.8116472846782467e-09
   8.4765625000000000e-01   2.5971957412053459e-04   2.5971709219628258e-04   2.4819242520012462e-09
   8.5546875000000000e-01   4.3668489281281116e-04   4.3667777415425546e-04   7.1186585556934530e-09
   8.6328125000000000e-01   6.7627705725529044e-04   6.7626728207067490e-04   9.7751846155329919e-09
   8.7109375000000000e-01   9.8435531928603220e-04   9.8434559564866166e-04   9.7236373705449075e-09
