#                  Coord.                Numerical               Analytical                    Error
   3.9062500000000000e-03   1.9994706542257610e+00   1.9994706234835378e+00   3.0742223211532860e-08
   1.1718750000000000e-02   2.0065759917178814e+00   2.0065759804090644e+00   1.1308816993960136e-08
   1.9531250000000000e-02   2.0104533957288964e+00   2.0104534219872057e+00   2.6258309304694194e-08
   2.7343750000000000e-02   2.0112142407990712e+00   2.0112143016323794e+00   6.0833308168639633e-08
   3.5156250000000000e-02   2.0089661747814840e+00   2.0089662482046937e+00   7.3423209734357897e-08
   4.2968750000000000e-02   2.0037927964825113e+00   2.0037928568196248e+00   6.0337113527708652e-08
   5.0781250000000000e-02   1.9957379573680902e+00   1.9957379920083480e+00   3.4640257773332905e-08
   5.8593750000000000e-02   1.9847963197178620e+00   1.9847963352440250e+00   1.5526163021917228e-08
   6.6406250000000000e-02   1.9709112721252362e+00   1.9709112861620257e+00   1.4036789508509173e-08
   7.4218750000000000e-02   1.9539807024536493e+00   1.9539807281381163e+00   2.5684466997688560e-08
   8.2031250000000000e-02   1.9338704834037517e+00   1.9338705187788006e+00   3.5375048890173844e-08
   8.9843750000000000e-02   1.9104348602950938e+00   1.9104348898015742e+00   2.9506480370145027e-08
   9.7656250000000000e-02   1.8835422641048023e+00   1.8835422703667675e+00   6.2619651686190991e-09
   1.0546875000000000e-01   1.8531044485125534e+00   1.8531044246295354e+00   2.3883018007708756e-08
   1.1328125000000000e-01   1.8191063170410724e+00   1.8191062705065517e+00   4.6534520681262848e-08
   1.2109375000000000e-01   1.7816334372062772e+00   1.7816333829997599e+00   5.4206517274835164e-08
   1.2890625000000000e-01   1.7408940941654170e+00   1.7408940434587055e+00   5.0706711496317780e-08
   1.3671875000000000e-01   1.6972328753061043e+00   1.6972328287213643e+00   4.6584740065469532e-08
   1.4453125000000000e-01   1.6511332232253602e+00   1.6511331739200148e+00   4.9305345362071762e-08
   1.5234375000000000e-01   1.6032071503071708e+00   1.6032070931392701e+00   5.7167900635590740e-08
   1.6015625000000000e-01   1.5541713308091478e+00   1.5541712704232247e+00   6.0385923150718668e-08
   1.6796875000000000e-01   1.5048100197017200e+00   1.5048099703722415e+00   4.9329478502002644e-08
   1.7578125000000000e-01   1.4559265828394985e+00   1.4559265605020566e+00   2.2337441896169707e-08
   1.8359375000000000e-01   1.4082867493798998e+00   1.4082867613017258e+00   1.1921825970873101e-08
   1.9140625000000000e-01   1.3625578681191286e+00   1.3625579082173209e+00   4.0098192322091109e-08
   1.9921875000000000e-01   1.3192493374783172e+00   1.3192493903230136e+00   5.2844696396547874e-08
   2.0703125000000000e-01   1.2786598575319754e+00   1.2786599082934804e+00   5.0761504999385920e-08
   2.1484375000000000e-01   1.2408371414460506e+00   1.2408371848690289e+00   4.3422978324159089e-08
   2.2265625000000000e-01   1.2055551765780954e+00   1.2055552188617087e+00   4.2283613277405152e-08
   2.3046875000000000e-01   1.1723130467608103e+00   1.1723130993228597e+00   5.2562049379645259e-08
   2.3828125000000000e-01   1.1403577696292602e+00   1.1403578387384361e+00   6.9109175937498435e-08
   2.4609375000000000e-01   1.1087316602534443e+00   1.1087317399936698e+00   7.9740225533697640e-08
   2.5390625000000000e-01   1.0763425494595831e+00   1.0763426224343087e+00   7.2974725595642553e-08
   2.6171875000000000e-01   1.0420529290033662e+00   1.0420529751200838e+00   4.6116717555833020e-08
   2.6953125000000000e-01   1.0047819753563472e+00   1.0047819827230828e+00   7.3667356659257166e-09
   2.7734375000000000e-01   9.6361262240120693e-01   9.6361259337496907e-01   2.9026237857721071e-08
   2.8515625000000000e-01   9.1789462212121420e-01   9.1789457078546910e-01   5.1335745099301278e-08
   2.9296875000000000e-01   8.6733402459107023e-01   8.6733396771815852e-01   5.6872911713412577e-08
   3.0078125000000000e-01   8.1205984799566922e-01   8.1205979558323116e-01   5.2412438056315125e-08
   3.0859375000000000e-01   7.5265994454927909e-01   7.5265989660846877e-01   4.7940810321556171e-08
   3.1640625000000000e-01   6.9018016752368616e-01   6.9018011798909573e-01   4.9534590429445302e-08
   3.2421875000000000e-01   6.2608377444162577e-01   6.2608371898469117e-01   5.5456934600073282e-08
   3.3203125000000000e-01   5.6217136208762042e-01   5.6217130324349929e-01   5.8844121131329530e-08
   3.3984375000000000e-01   5.0046523158220657e-01   5.0046517835277582e-01   5.3229430752033124e-08
   3.4765625000000000e-01   4.4306560977008341e-01   4.4306557246280476e-01   3.7307278655251963e-08
   3.5546875000000000e-01   3.9198925060085971e-01   3.9198923551088316e-01   1.5089976546089900e-08
   3.6328125000000000e-01   3.4900328210960235e-01   3.4900328923015883e-01   7.1205564777798713e-09
   3.7109375000000000e-01   3.1546846374975029e-01   3.1546848816915657e-01   2.4419406274844846e-08
   3.7890625000000000e-01   2.9220608621710703e-01   2.9220612123614265e-01   3.5019035615757588e-08
   3.8671875000000000e-01   2.7940149802419051e-01   2.7940153791991384e-01   3.9895723336069722e-08
   3.9453125000000000e-01   2.7655472669286402e-01   2.7655476793678990e-01   4.1243925885670052e-08
   4.0234375000000000e-01   2.8248504537060104e-01   2.8248508681631834e-01   4.1445717302579510e-08
   4.1015625000000000e-01   2.9539190608624932e-01   2.9539194758724441e-01   4.1500995084930992e-08
   4.1796875000000000e-01   3.1296978732532532e-01   3.1296982760220027e-01   4.0276874946343355e-08
   4.2578125000000000e-01   3.3256963162438175e-01   3.3256966617526085e-01   3.4550879102202003e-08
   4.3359375000000000e-01   3.5139512724222099e-01   3.5139514855451370e-01   2.1312292708408620e-08
   4.4140625000000000e-01   3.6671855447884116e-01   3.6671855538657144e-01   9.0773027983104271e-10
   4.4921875000000000e-01   3.7609862845735720e-01   3.7609860706415987e-01   2.1393197324748314e-08
   4.5703125000000000e-01   3.7758198425261813e-01   3.7758194656170063e-01   3.7690917498167664e-08
   4.6484375000000000e-01   3.6987078866339973e-01   3.6987074578452217e-01   4.2878877559715534e-08
   4.7265625000000000e-01   3.5244140038575356e-01   3.5244136181639912e-01   3.8569354432471670e-08
   4.8046875000000000e-01   3.2560286321842447e-01   3.2560283090629555e-01   3.2312128916966998e-08
   4.8828125000000000e-01   2.9048898163310394e-01   2.9048895020638571e-01   3.1426718227756112e-08
   4.9609375000000000e-01   2.4898336579556421e-01   2.4898332854902375e-01   3.7246540462998468e-08
   5.0390625000000000e-01   2.0358262723748810e-01   2.0358258323340045e-01   4.4004087651483559e-08
   5.1171875000000000e-01   1.5720833399038447e-01   1.5720828965245595e-01   4.4337928523097148e-08
   5.1953125000000000e-01   1.1298288556671893e-01   1.1298284989415011e-01   3.5672568815536820e-08
   5.2734375000000000e-01   7.3987728038249406e-02   7.3987705439847853e-02   2.2598401552831326e-08
   5.3515625000000000e-01   4.3023978337442696e-02   4.3023965810231775e-02   1.2527210921375875e-08
   5.4296875000000000e-01   2.2395406209102620e-02   2.2395396884145512e-02   9.3249571085640692e-09
   5.5078125000000000e-01   1.3731824019776382e-02   1.3731813392745106e-02   1.0627031275800558e-08
   5.5859375000000000e-01   1.7867431693795875e-02   1.7867420395986058e-02   1.1297809816152027e-08
   5.6640625000000000e-01   3.4783878971021837e-02   3.4783869762572611e-02   9.2084492253619032e-09
   5.7421875000000000e-01   6.3622188185350828e-02   6.3622180801861369e-02   7.3834894587232469e-09
   5.8203125000000000e-01   1.0276174736167758e-01   1.0276173687127901e-01   1.0490398563711700e-08
   5.8984375000000000e-01   1.4995887522282894e-01   1.4995885581298496e-01   1.9409843982076680e-08
   5.9765625000000000e-01   2.0253248831010945e-01   2.0253245869545053e-01   2.9614658919596692e-08
   6.0546875000000000e-01   2.5758060497513374e-01   2.5758056957466519e-01   3.5400468556545661e-08
   6.1328125000000000e-01   3.1220912758277763e-01   3.1220909216813630e-01   3.5414641330611119e-08
   6.2109375000000000e-01   3.6375373804416000e-01   3.6375370386198319e-01   3.4182176811281550e-08
   6.2890625000000000e-01   4.0997683601822599e-01   4.0997679875383175e-01   3.7264394237013221e-08
   6.3671875000000000e-01   4.4922410143824321e-01   4.4922405611594912e-01   4.5322294084382264e-08
   6.4453125000000000e-01   4.8052917710424209e-01   4.8052912456376423e-01   5.2540477857299095e-08
   6.5234375000000000e-01   5.0365975416510433e-01   5.0365970181515529e-01   5.2349949042351795e-08
   6.6015625000000000e-01   5.1910353804232712e-01   5.1910349371338893e-01   4.4328938186843914e-08
   6.6796875000000000e-01   5.2799770700918747e-01   5.2799767126785735e-01   3.5741330117744496e-08
   6.7578125000000000e-01   5.3201008858954757e-01   5.3201005342754548e-01   3.5162002087751887e-08
   6.8359375000000000e-01   5.3318398060556982e-01   5.3318393666277364e-01   4.3942796179585741e-08
   6.9140625000000000e-01   5.3376103616481985e-01   5.3376098214532930e-01   5.4019490547396742e-08
   6.9921875000000000e-01   5.3599774786460941e-01   5.3599769323491719e-01   5.4629692214369641e-08
   7.0703125000000000e-01   5.4199078124165756e-01   5.4199073852928814e-01   4.2712369419106722e-08
   7.1484375000000000e-01   5.5352482296627747e-01   5.5352479618489092e-01   2.6781386552876540e-08
   7.2265625000000000e-01   5.7195394375074904e-01   5.7195392340650009e-01   2.0344248952142152e-08
   7.3046875000000000e-01   5.9812401785861580e-01   5.9812398798344013e-01   2.9875175666660425e-08
   7.3828125000000000e-01   6.3233983684208694e-01   6.3233978865106266e-01   4.8191024282218109e-08
   7.4609375000000000e-01   6.7437656966851645e-01   6.7437650984076236e-01   5.9827754084196272e-08
   8.7890625000000000e-01   1.5550597189395796e+00   1.5550597243129216e+00   5.3733419935753091e-09
   8.8671875000000000e-01   1.5898315515891439e+00   1.5898315459843342e+00   5.6048097274441488e-09
   8.9453125000000000e-01   1.6244082164928817e+00   1.6244081993223729e+00   1.7170508792574424e-08
   9.0234375000000000e-01   1.6589893783996610e+00   1.6589893605524901e+00   1.7847170852292038e-08
   9.1015625000000000e-01   1.6936117037788427e+00   1.6936116969898651e+00   6.7889776023122295e-09
   9.1796875000000000e-01   1.7281562404520556e+00   1.7281562452000403e+00   4.7479846720932528e-09
   9.2578125000000000e-01   1.7623684714437673e+00   1.7623684745181523e+00   3.0743849688263936e-09
   9.3359375000000000e-01   1.7958880506900028e+00   1.7958880353393938e+00   1.5350609006148375e-08
   9.4140625000000000e-01   1.8282847052995728e+00   1.8282846659775482e+00   3.9322024525390020e-08
   9.4921875000000000e-01   1.8590965884882098e+00   1.8590965376563084e+00   5.0831901354797537e-08
   9.5703125000000000e-01   1.8878674843617531e+00   1.8878674446941162e+00   3.9667636952955831e-08
   9.6484375000000000e-01   1.9141796760663481e+00   1.9141796636672666e+00   1.2399081539271606e-08
   9.7265625000000000e-01   1.9376799461371232e+00   1.9376799579945503e+00   1.1857427040240509e-08
   9.8046875000000000e-01   1.9580970067024066e+00   1.9580970228363528e+00   1.6133946179053282e-08
   9.8828125000000000e-01   1.9752495693630787e+00   1.9752495683661415e+00   9.9693719946003512e-10
   9.9609375000000000e-01   1.9890451667468239e+00   1.9890451430093230e+00   2.3737500853826532e-08
   7.5390625000000000e-01   7.2353151486015266e-01   7.2353146090167419e-01   5.3958478463123072e-08
   7.6171875000000000e-01   7.7870898438569169e-01   7.7870895000274987e-01   3.4382941827004743e-08
   7.6953125000000000e-01   8.3852889254429563e-01   8.3852887585630798e-01   1.6687987658414727e-08
   7.7734375000000000e-01   9.0144834798848972e-01   9.0144833268407587e-01   1.5304413847339049e-08
   7.8515625000000000e-01   9.6588529379879196e-01   9.6588526280650777e-01   3.0992284183462004e-08
   7.9296875000000000e-01   1.0303339562107956e+00   1.0303339061414074e+00   5.0069388191076314e-08
   8.0078125000000000e-01   1.0934634043471618e+00   1.0934633485890708e+00   5.5758091033197843e-08
   8.0859375000000000e-01   1.1541926971529968e+00   1.1541926549748209e+00   4.2178175840845711e-08
   8.1640625000000000e-01   1.2117386552824307e+00   1.2117386363457010e+00   1.8936729739849056e-08
   8.2421875000000000e-01   1.2656349823447564e+00   1.2656349796821749e+00   2.6625814886216403e-09
   8.3203125000000000e-01   1.3157240097098144e+00   1.3157240066429523e+00   3.0668620976115335e-09
   8.3984375000000000e-01   1.3621245251936165e+00   1.3621245098937287e+00   1.5299887801134560e-08
   8.4765625000000000e-01   1.4051808051261869e+00   1.4051807798898011e+00   2.5236385869931155e-08
   8.5546875000000000e-01   1.4453990092504954e+00   1.4453989870348085e+00   2.2215686845683535e-08
   8.6328125000000000e-01   1.4833775059475756e+00   1.4833774977333347e+00   8.2142408430740943e-09
   8.7109375000000000e-01   1.5197375096777446e+00   1.5197375142899161e+00   4.6121715335800673e-09
