#                  Coord.                Numerical               Analytical                    Error
   3.9062500000000000e-03   3.9974193436083305e-01   3.9974195950982666e-01   2.5148993609835912e-08
   1.1718750000000000e-02   2.8543644831589093e-01   2.8543647689234858e-01   2.8576457644646780e-08
   1.9531250000000000e-02   1.4230645126916705e-01   1.4230647484694242e-01   2.3577775370986487e-08
   2.7343750000000000e-02   3.8239396513895288e-03   3.8239520134845171e-03   1.2362094988296879e-08
   3.5156250000000000e-02  -9.9417568308951765e-02  -9.9417569641850542e-02   1.3328987774618994e-09
   4.2968750000000000e-02  -1.4460257005487923e-01  -1.4460258333147155e-01   1.3276592325528469e-08
   5.0781250000000000e-02  -1.2019387253698516e-01  -1.2019389263746035e-01   2.0100475187079248e-08
   5.8593750000000000e-02  -2.7615486871425603e-02  -2.7615506961202817e-02   2.0089777213322391e-08
   6.6406250000000000e-02   1.1903068346995631e-01   1.1903066978253883e-01   1.3687417477203923e-08
   7.4218750000000000e-02   2.9510684672374438e-01   2.9510684359824513e-01   3.1254992483020771e-09
   8.2031250000000000e-02   4.6911347152078359e-01   4.6911347972495021e-01   8.2041666238374944e-09
   8.9843750000000000e-02   6.0739984501837363e-01   6.0739986189188222e-01   1.6873508590364850e-08
   9.7656250000000000e-02   6.7930097943421019e-01   6.7930099971330105e-01   2.0279090851005321e-08
   1.0546875000000000e-01   6.6203404783070474e-01   6.6203406527872632e-01   1.7448021583099660e-08
   1.1328125000000000e-01   5.4469260397730268e-01   5.4469261312761363e-01   9.1503109533874749e-09
   1.2109375000000000e-01   3.3075022931686376e-01   3.3075022705307217e-01   2.2637915986223334e-09
   1.2890625000000000e-01   3.8632697773883493e-02   3.8632684133972951e-02   1.3639910541318745e-08
   1.3671875000000000e-01  -2.9986134795972857e-01  -2.9986136974394373e-01   2.1784215153974884e-08
   1.4453125000000000e-01  -6.4322984147390416e-01  -6.4322986572620267e-01   2.4252298502780434e-08
   1.5234375000000000e-01  -9.4565287344049376e-01  -9.4565289362216554e-01   2.0181671778196630e-08
   1.6015625000000000e-01  -1.1634214484825538e+00  -1.1634214588407474e+00   1.0358193636150759e-08
   1.6796875000000000e-01  -1.2615056826198754e+00  -1.2615056797912527e+00   2.8286226694262950e-09
   1.7578125000000000e-01  -1.2192495985609033e+00  -1.2192495824357645e+00   1.6125138779798931e-08
   1.8359375000000000e-01  -1.0342313938805505e+00  -1.0342313678046644e+00   2.6075886117027380e-08
   1.9140625000000000e-01  -7.2355322273109346e-01  -7.2355319270841567e-01   3.0022677788288377e-08
   1.9921875000000000e-01  -3.2220157104622082e-01  -3.2220154438798232e-01   2.6658238505561371e-08
   2.0703125000000000e-01   1.2140779155816327e-01   1.2140780809783611e-01   1.6539672839654962e-08
   2.1484375000000000e-01   5.5209980658960611e-01   5.5209980844648165e-01   1.8568755422165850e-09
   2.2265625000000000e-01   9.1581750452946609e-01   9.1581749059895068e-01   1.3930515407878374e-08
   2.3046875000000000e-01   1.1674555844954504e+00   1.1674555574305898e+00   2.7064860574910199e-08
   2.3828125000000000e-01   1.2773746917421283e+00   1.2773746574924181e+00   3.4249710179068416e-08
   2.4609375000000000e-01   1.2355293575883177e+00   1.2355293239487564e+00   3.3639561358711489e-08
   2.5390625000000000e-01   1.0525498187020181e+00   1.0525497935767980e+00   2.5125220126653858e-08
   2.6171875000000000e-01   7.5764800741966154e-01   7.5764799683618900e-01   1.0583472542791128e-08
   2.6953125000000000e-01   3.9376831351208991e-01   3.9376832013233426e-01   6.6202443527174637e-09
   2.7734375000000000e-01   1.0866898305733702e-02   1.0866920805087376e-02   2.2499353673557931e-08
   2.8515625000000000e-01  -3.4150948538489417e-01  -3.4150945205053801e-01   3.3334356164260726e-08
   2.9296875000000000e-01  -6.2111420163691522e-01  -6.2111416504299177e-01   3.6593923447014731e-08
   3.0078125000000000e-01  -7.9829995806711507e-01  -7.9829992655982462e-01   3.1507290443322233e-08
   3.0859375000000000e-01  -8.5902040528340662e-01  -8.5902038602904063e-01   1.9254365990484246e-08
   3.1640625000000000e-01  -8.0528614749601157e-01  -8.0528614480749727e-01   2.6885143000754397e-09
   3.2421875000000000e-01  -6.5328994145067898e-01  -6.5328995578523952e-01   1.4334560538564745e-08
   3.3203125000000000e-01  -4.2978982016262524e-01  -4.2978984802442050e-01   2.7861795259820354e-08
   3.3984375000000000e-01  -1.6755658926016584e-01  -1.6755662402704183e-01   3.4766875989244994e-08
   3.4765625000000000e-01   9.9274477674511530e-02   9.9274444207554990e-02   3.3466956539385251e-08
   3.5546875000000000e-01   3.3924388509305176e-01   3.3924386079845059e-01   2.4294601164154273e-08
   3.6328125000000000e-01   5.2655006580424246e-01   5.2655005637023744e-01   9.4340050216246141e-09
   3.7109375000000000e-01   6.4282185597184627e-01   6.4282186355206983e-01   7.5802235599553569e-09
   3.7890625000000000e-01   6.7779688190990173e-01   6.7779690457843356e-01   2.2668531829417304e-08
   3.8671875000000000e-01   6.2919720363930554e-01   6.2919723582017861e-01   3.2180873077436445e-08
   3.9453125000000000e-01   5.0214717058804181e-01   5.0214720423927628e-01   3.3651234465637003e-08
   4.0234375000000000e-01   3.0841415764058933e-01   3.0841418426898776e-01   2.6628398430705857e-08
   4.1015625000000000e-01   6.5606579740915022e-02   6.5606592425220933e-02   1.2684305911170313e-08
   4.1796875000000000e-01  -2.0370817345867853e-01  -2.0370817820705009e-01   4.7483715570617591e-09
   4.2578125000000000e-01  -4.7313922117622798e-01  -4.7313924249043227e-01   2.1314204290412420e-08
   4.3359375000000000e-01  -7.1408521753018872e-01  -7.1408525016383628e-01   3.2633647562008150e-08
   4.4140625000000000e-01  -8.9799035018919315e-01  -8.9799038575249168e-01   3.5563298528273890e-08
   4.4921875000000000e-01  -9.9924827576912012e-01  -9.9924830470245862e-01   2.8933338502845629e-08
   4.5703125000000000e-01  -9.9853516707611700e-01  -9.9853518120674600e-01   1.4130629000241868e-08
   4.6484375000000000e-01  -8.8612611787255835e-01  -8.8612611259791063e-01   5.2746477186005336e-09
   4.7265625000000000e-01  -6.6458623796254279e-01  -6.6458621374967253e-01   2.4212870264328501e-08
   4.8046875000000000e-01  -3.5018599156393865e-01  -3.5018595400922831e-01   3.7554710341503039e-08
   4.8828125000000000e-01   2.7498591187031681e-02   2.7498632512646077e-02   4.1325614395792964e-08
   4.9609375000000000e-01   4.2807984103768382e-01   4.2807987506536010e-01   3.4027676287795572e-08
   5.0390625000000000e-01   8.0485672582000667e-01   8.0485674281040520e-01   1.6990398532534812e-08
   5.1171875000000000e-01   1.1108216606513892e+00   1.1108216550170749e+00   5.6343143484127722e-09
   5.1953125000000000e-01   1.3053238829431320e+00   1.3053238549840902e+00   2.7959041748459867e-08
   5.2734375000000000e-01   1.3603149318344152e+00   1.3603148878778561e+00   4.3956559059310507e-08
   5.3515625000000000e-01   1.2650738507498278e+00   1.2650738016662928e+00   4.9083535014204926e-08
   5.4296875000000000e-01   1.0284989172696617e+00   1.0284988756721454e+00   4.1597516320379668e-08
   5.5078125000000000e-01   6.7843563627945880e-01   6.7843561316670287e-01   2.3112755931364859e-08
   5.5859375000000000e-01   2.5802072260329156e-01   2.5802072436937279e-01   1.7660812257069836e-09
   5.6640625000000000e-01  -1.8043861208825979e-01  -1.8043858545647357e-01   2.6631786220754350e-08
   5.7421875000000000e-01  -5.8306971786192663e-01  -5.8306967283518407e-01   4.5026742556686372e-08
   5.8203125000000000e-01  -9.0225666452661701e-01  -9.0225661232643006e-01   5.2200186950734917e-08
   5.8984375000000000e-01  -1.1033613401556435e+00  -1.1033612937331245e+00   4.6422518940048008e-08
   5.9765625000000000e-01  -1.1692243279736116e+00  -1.1692242985628558e+00   2.9410755830738822e-08
   6.0546875000000000e-01  -1.1017375546142638e+00  -1.1017375487936156e+00   5.8206481856615255e-09
   6.1328125000000000e-01  -9.2032224310489819e-01  -9.2032226122000194e-01   1.8115103750382389e-08
   6.2109375000000000e-01  -6.5770925326356577e-01  -6.5770928961304231e-01   3.6349476539854209e-08
   6.2890625000000000e-01  -3.5389268515447886e-01  -3.5389272984005438e-01   4.4685575517622311e-08
   6.3671875000000000e-01  -4.9420220829347147e-02  -4.9420262664492336e-02   4.1835145188351408e-08
   6.4453125000000000e-01   2.2075716264298606e-01   2.2075713316228249e-01   2.9480703572781763e-08
   6.5234375000000000e-01   4.3183092861825495e-01   4.3183091688043218e-01   1.1737822769308792e-08
   6.6015625000000000e-01   5.7140013788487554e-01   5.7140014423025798e-01   6.3453824417081250e-09
   6.6796875000000000e-01   6.3925912358761239e-01   6.3925914378838999e-01   2.0200777606227405e-08
   6.7578125000000000e-01   6.4499984659602594e-01   6.4499987367086986e-01   2.7074843922392233e-08
   6.8359375000000000e-01   6.0412318696936440e-01   6.0412321347173137e-01   2.6502366967662283e-08
   6.9140625000000000e-01   5.3359418359590738e-01   5.3359420381706868e-01   2.0221161300959523e-08
   6.9921875000000000e-01   4.4781739230883177e-01   4.4781740354302990e-01   1.1234198127318962e-08
   7.0703125000000000e-01   3.5585317633240804e-01   3.5585317906170100e-01   2.7292929583033754e-09
   7.1484375000000000e-01   2.6038494572633336e-01   2.6038494263047463e-01   3.0958587360352396e-09
   7.2265625000000000e-01   1.5854968798354668e-01   1.5854968244308013e-01   5.5404665577629686e-09
   7.3046875000000000e-01   4.4340824281965348e-02   4.4340818814474291e-02   5.4674910571206325e-09
   7.3828125000000000e-01  -8.8038473147732471e-02  -8.8038477767872242e-02   4.6201397707612557e-09
   7.4609375000000000e-01  -2.4069091149620492e-01  -2.4069091630624012e-01   4.8100352034730065e-09
   8.7890625000000000e-01   9.0743893894815508e-01   9.0743890220323753e-01   3.6744917553122036e-08
   8.8671875000000000e-01   5.3407679429647703e-01   5.3407677405859211e-01   2.0237884923446359e-08
   8.9453125000000000e-01   1.0862888361560473e-01   1.0862888565988686e-01   2.0442821324628824e-09
   9.0234375000000000e-01  -3.1467559126732092e-01  -3.1467556701440325e-01   2.4252917674161267e-08
   9.1015625000000000e-01  -6.8271478241646377e-01  -6.8271474195092630e-01   4.0465537476386260e-08
   9.1796875000000000e-01  -9.5136752581559803e-01  -9.5136747949054012e-01   4.6325057900808986e-08
   9.2578125000000000e-01  -1.0918945153546693e+00  -1.0918944750065236e+00   4.0348145713409167e-08
   9.3359375000000000e-01  -1.0947602542985138e+00  -1.0947602300138637e+00   2.4284650068651104e-08
   9.4140625000000000e-01  -9.7030982153798351e-01  -9.7030981888703882e-01   2.6509446859890318e-09
   9.4921875000000000e-01  -7.4627357473032707e-01  -7.4627359339809596e-01   1.8667768886260205e-08
   9.5703125000000000e-01  -4.6262188965350526e-01  -4.6262192369352179e-01   3.4040016527736583e-08
   9.6484375000000000e-01  -1.6472784180604030e-01  -1.6472788153152726e-01   3.9725486955521916e-08
   9.7265625000000000e-01   1.0395847683704001e-01   1.0395844205780971e-01   3.4779230301262842e-08
   9.8046875000000000e-01   3.0850044655515146e-01   3.0850042530261995e-01   2.1252531512416795e-08
   9.8828125000000000e-01   4.2730248658160841e-01   4.2730248318477021e-01   3.3968381996096753e-09
   9.9609375000000000e-01   4.5450731828150798e-01   4.5450733187012859e-01   1.3588620617621672e-08
   7.5390625000000000e-01  -4.0925916637025045e-01  -4.0925917330053480e-01   6.9302843463958652e-09
   7.6171875000000000e-01  -5.8158783150215354e-01  -5.8158784207465153e-01   1.0572497988192708e-08
   7.6953125000000000e-01  -7.3823998323313766e-01  -7.3823999728959000e-01   1.4056452335431402e-08
   7.7734375000000000e-01  -8.5492244222523106e-01  -8.5492245736905448e-01   1.5143823417496094e-08
   7.8515625000000000e-01  -9.0647938951603169e-01  -9.0647940147191519e-01   1.1955883505443410e-08
   7.9296875000000000e-01  -8.7177058141794594e-01  -8.7177058535413621e-01   3.9361902626211531e-09
   8.0078125000000000e-01  -7.3852336057432810e-01  -7.3852335287082693e-01   7.7035011702974998e-09
   8.0859375000000000e-01  -5.0718382687136043e-01  -5.0718380681950548e-01   2.0051854954239445e-08
   8.1640625000000000e-01  -1.9291154554865353e-01  -1.9291151621363303e-01   2.9335020496068509e-08
   8.2421875000000000e-01   1.7484844121519261e-01   1.7484847327186837e-01   3.2056675758340702e-08
   8.3203125000000000e-01   5.5536719187549133e-01   5.5536721819127566e-01   2.6315784329433711e-08
   8.3984375000000000e-01   9.0188721266527794e-01   9.0188722524638398e-01   1.2581106045850277e-08
   8.4765625000000000e-01   1.1683712316111987e+00   1.1683712254796548e+00   6.1315439392473081e-09
   8.5546875000000000e-01   1.3166591385362620e+00   1.3166591134886720e+00   2.5047590002102993e-08
   8.6328125000000000e-01   1.3228071904901759e+00   1.3228071516299746e+00   3.8860201279078410e-08
   8.7109375000000000e-01   1.1814643675955359e+00   1.1814643242142635e+00   4.3381272352149836e-08
