#                  Coord.                Numerical               Analytical                    Error
   3.9062500000000000e-03  -1.0953590292819375e+00  -1.0953590294521502e+00   1.7021273279738125e-10
   1.1718750000000000e-02  -9.7853744488883032e-01  -9.7853744475160331e-01   1.3722700753504569e-10
   1.9531250000000000e-02  -8.0171329805571923e-01  -8.0171329779015954e-01   2.6555968535291186e-10
   2.7343750000000000e-02  -5.8326408827962040e-01  -5.8326408812202823e-01   1.5759216154265232e-10
   3.5156250000000000e-02  -3.4272796448273013e-01  -3.4272796462971084e-01   1.4698070538443631e-10
   4.2968750000000000e-02  -9.9039825244717883e-02  -9.9039825701647252e-02   4.5692936934127459e-10
   5.0781250000000000e-02   1.3091537543334866e-01   1.3091537489597738e-01   5.3737128635766851e-10
   5.8593750000000000e-02   3.3332087845194175e-01   3.3332087826826395e-01   1.8367779519579130e-10
   6.6406250000000000e-02   4.9798038081954371e-01   4.9798038144629675e-01   6.2675303835746377e-10
   7.4218750000000000e-02   6.1844204492342303e-01   6.1844204664523661e-01   1.7218135806018608e-09
   8.2031250000000000e-02   6.9179288246715986e-01   6.9179288519081172e-01   2.7236518596041037e-09
   8.9843750000000000e-02   7.1825455858221299e-01   7.1825456177351776e-01   3.1913047759957180e-09
   9.7656250000000000e-02   7.0070804462119862e-01   7.0070804736194769e-01   2.7407490721387262e-09
   1.0546875000000000e-01   6.4423709459496503e-01   6.4423709584084132e-01   1.2458762910227961e-09
   1.1328125000000000e-01   5.5572171446564156e-01   5.5572171338342169e-01   1.0822198692750362e-09
   1.2109375000000000e-01   4.4345254891129038e-01   4.4345254523752298e-01   3.6737674014020172e-09
   1.2890625000000000e-01   3.1669704317957759e-01   3.1669703741441585e-01   5.7651617368925656e-09
   1.3671875000000000e-01   1.8514462936408163e-01   1.8514462274326635e-01   6.6208152849078772e-09
   1.4453125000000000e-01   5.8195892276299913e-02   5.8195886587962452e-02   5.6883374607852311e-09
   1.5234375000000000e-01  -5.5869830896266653e-02  -5.5869833883210908e-02   2.9869442544350200e-09
   1.6015625000000000e-01  -1.5073498059627807e-01  -1.5073497962077970e-01   9.7549837652088911e-10
   1.6796875000000000e-01  -2.2271949380556230e-01  -2.2271948865358518e-01   5.1519771226971045e-09
   1.7578125000000000e-01  -2.7110524158004778e-01  -2.7110523320931584e-01   8.3707319409320746e-09
   1.8359375000000000e-01  -2.9796976574690209e-01  -2.9796975618416732e-01   9.5627347707072374e-09
   1.9140625000000000e-01  -3.0749368839020141e-01  -3.0749368016395778e-01   8.2262436307267706e-09
   1.9921875000000000e-01  -3.0484316371562514e-01  -3.0484315923090216e-01   4.4847229818678613e-09
   2.0703125000000000e-01  -2.9486080995940744e-01  -2.9486081072661946e-01   7.6721201613949574e-10
   2.1484375000000000e-01  -2.8088340926604205e-01  -2.8088341545853485e-01   6.1924927963197263e-09
   2.2265625000000000e-01  -2.6400886849125549e-01  -2.6400887873587192e-01   1.0244616432952824e-08
   2.3046875000000000e-01  -2.4304558009160204e-01  -2.4304559182689647e-01   1.1735294430659238e-08
   2.3828125000000000e-01  -2.1520853719631527e-01  -2.1520854726324679e-01   1.0066931510621657e-08
   2.4609375000000000e-01  -1.7741830329460895e-01  -1.7741830885653218e-01   5.5619232275372354e-09
   2.5390625000000000e-01  -1.2786778226706394e-01  -1.2786778155367098e-01   7.1339295582006912e-10
   2.6171875000000000e-01  -6.7405625229601904e-02  -6.7405618122622676e-02   7.1069792273448229e-09
   2.6953125000000000e-01  -2.8630475318228052e-04  -2.8629301554024836e-04   1.1737642032156118e-08
   2.7734375000000000e-01   6.6032056297181355e-02   6.6032069606561578e-02   1.3309380222925604e-08
   2.8515625000000000e-01   1.2212372793075209e-01   1.2212373915661844e-01   1.1225866347608360e-08
   2.9296875000000000e-01   1.5865973892165841e-01   1.5865974492088900e-01   5.9992305845302241e-09
   3.0078125000000000e-01   1.6883382244012074e-01   1.6883382136676522e-01   1.0733555155795216e-09
   3.0859375000000000e-01   1.5052357036562181e-01   1.5052356232444650e-01   8.0411753089482119e-09
   3.1640625000000000e-01   1.0755649438713499e-01   1.0755648137330769e-01   1.3013827307450931e-08
   3.2421875000000000e-01   4.9618401640439881e-02   4.9618387146323266e-02   1.4494116615249020e-08
   3.3203125000000000e-01  -9.3486501619243767e-03  -9.3486621717284463e-03   1.2009804069637586e-08
   3.3984375000000000e-01  -5.4029795309605222e-02  -5.4029801387163012e-02   6.0775577903626754e-09
   3.4765625000000000e-01  -7.1314435105167481e-02  -7.1314433382280135e-02   1.7228873466779149e-09
   3.5546875000000000e-01  -5.3739431084289434e-02  -5.3739421725796307e-02   9.3584931262769011e-09
   3.6328125000000000e-01  -1.9219315783321092e-03  -1.9219169185657602e-03   1.4659766348979267e-08
   3.7109375000000000e-01   7.4725417197335567e-02   7.4725433340283920e-02   1.6142948353059516e-08
   3.7890625000000000e-01   1.5934326468817406e-01   1.5934327787899508e-01   1.3190821018804755e-08
   3.8671875000000000e-01   2.3090897323074192e-01   2.3090897974457486e-01   6.5138329452540944e-09
   3.9453125000000000e-01   2.6884465250411715e-01   2.6884465034793609e-01   2.1561810670256421e-09
   4.0234375000000000e-01   2.5797177522696069e-01   2.5797176467207372e-01   1.0554886964442289e-08
   4.1015625000000000e-01   1.9267505314108968e-01   1.9267503672051425e-01   1.6420575427167350e-08
   4.1796875000000000e-01   7.9238106087247337e-02   7.9238087992622136e-02   1.8094625200970604e-08
   4.2578125000000000e-01  -6.4336882197787021e-02  -6.4336897216245151e-02   1.5018458129900658e-08
   4.3359375000000000e-01  -2.1118281440851400e-01  -2.1118282229643487e-01   7.8879208720294969e-09
   4.4140625000000000e-01  -3.3065473192828126e-01  -3.3065473044122384e-01   1.4870574216452326e-09
   4.4921875000000000e-01  -3.9468041527703496e-01  -3.9468040456842596e-01   1.0708608999543401e-08
   4.5703125000000000e-01  -3.8406509718346582e-01  -3.8406507981243798e-01   1.7371027838386510e-08
   4.6484375000000000e-01  -2.9337541911255410e-01  -2.9337539937336843e-01   1.9739185674882975e-08
   4.7265625000000000e-01  -1.3326107307384505e-01  -1.3326105591772638e-01   1.7156118664596320e-08
   4.8046875000000000e-01   7.0436508476873286e-02   7.0436518735563045e-02   1.0258689758790851e-08
   4.8828125000000000e-01   2.8078917699258638e-01   2.8078917775416190e-01   7.6157552486577629e-10
   4.9609375000000000e-01   4.5642784106701106e-01   4.5642783212941901e-01   8.9375920553358412e-09
   5.0390625000000000e-01   5.5950087132464998e-01   5.5950085489267876e-01   1.6431971228136888e-08
   5.1171875000000000e-01   5.6339954365702416e-01   5.6339952373877511e-01   1.9918249050121517e-08
   5.1953125000000000e-01   4.5869546262497796e-01   4.5869544408679680e-01   1.8538181156824152e-08
   5.2734375000000000e-01   2.5604022182683150e-01   2.5604020903346836e-01   1.2793363146634817e-08
   5.3515625000000000e-01  -1.4660322930832945e-02  -1.4660327097842879e-02   4.1670099332896671e-09
   5.4296875000000000e-01  -3.0877618109639010e-01  -3.0877617597785567e-01   5.1185344296378332e-09
   5.5078125000000000e-01  -5.7445130027649072e-01  -5.7445128743464768e-01   1.2841843033406519e-08
   5.5859375000000000e-01  -7.6175115395894755e-01  -7.6175113675012873e-01   1.7208818814395954e-08
   5.6640625000000000e-01  -8.3180595514367706e-01  -8.3180593772519895e-01   1.7418478104325175e-08
   5.7421875000000000e-01  -7.6427048993856839e-01  -7.6427047627517963e-01   1.3663388753748507e-08
   5.8203125000000000e-01  -5.6170999161425372e-01  -5.6170998446601983e-01   7.1482338936945666e-09
   5.8984375000000000e-01  -2.5006685189203515e-01  -2.5006685231070552e-01   4.1867037614551350e-10
   5.9765625000000000e-01   1.2493862383828667e-01   1.2493861666678323e-01   7.1715034466457439e-09
   6.0546875000000000e-01   5.0489891968618128e-01   5.0489890798745629e-01   1.1698724988740139e-08
   6.1328125000000000e-01   8.2811391633737064e-01   8.2811390313614763e-01   1.3201223003633800e-08
   6.2109375000000000e-01   1.0397047723720572e+00   1.0397047606074414e+00   1.1764615726050920e-08
   6.2890625000000000e-01   1.1007468514617995e+00   1.1007468433796972e+00   8.0821023207278131e-09
   6.3671875000000000e-01   9.9490046641260554e-01   9.9490046306162061e-01   3.3509849339807829e-09
   6.4453125000000000e-01   7.3145249617899399e-01   7.3145249740280471e-01   1.2238107194306735e-09
   6.5234375000000000e-01   3.4428922478788848e-01   3.4428922949015206e-01   4.7022635785154421e-09
   6.6015625000000000e-01  -1.1300761280145982e-01  -1.1300760618820405e-01   6.6132557763332045e-09
   6.6796875000000000e-01  -5.7512837167021191e-01  -5.7512836472495521e-01   6.9452567030836576e-09
   6.7578125000000000e-01  -9.7478340573819722e-01  -9.7478339965017324e-01   6.0880239738381192e-09
   6.8359375000000000e-01  -1.2526998108210636e+00  -1.2526998062448085e+00   4.5762551525996287e-09
   6.9140625000000000e-01  -1.3663390269261002e+00  -1.3663390240074358e+00   2.9186644212586543e-09
   6.9921875000000000e-01  -1.2960501498605743e+00  -1.2960501484596019e+00   1.4009724491614861e-09
   7.0703125000000000e-01  -1.0478054181665839e+00  -1.0478054180531724e+00   1.1341150241150899e-10
   7.1484375000000000e-01  -6.5220722508435824e-01  -6.5220722612830062e-01   1.0439423769881273e-09
   7.2265625000000000e-01  -1.6002001916028341e-01  -1.6002002133516210e-01   2.1748786938058373e-09
   7.3046875000000000e-01   3.6502184496797835e-01   3.6502184165586615e-01   3.3121121956192212e-09
   7.3828125000000000e-01   8.5501900733072878e-01   8.5501900304273049e-01   4.2879982897758850e-09
   7.4609375000000000e-01   1.2470356978746584e+00   1.2470356930331634e+00   4.8414949826991460e-09
   8.7890625000000000e-01   4.0237570745511575e-01   4.0237570780144338e-01   3.4632763323827476e-10
   8.8671875000000000e-01   8.2493520180354452e-01   8.2493520355473271e-01   1.7511881944543006e-09
   8.9453125000000000e-01   1.1581732202167720e+00   1.1581732226892123e+00   2.4724402525322375e-09
   9.0234375000000000e-01   1.3749839311150982e+00   1.3749839336142724e+00   2.4991742009206064e-09
   9.1015625000000000e-01   1.4611061781729391e+00   1.4611061801918315e+00   2.0188923866015784e-09
   9.1796875000000000e-01   1.4155275216570615e+00   1.4155275229607258e+00   1.3036642876329552e-09
   9.2578125000000000e-01   1.2495277094861568e+00   1.2495277100934579e+00   6.0730109829876255e-10
   9.3359375000000000e-01   9.8460413274329239e-01   9.8460413281904990e-01   7.5757511375229569e-11
   9.4140625000000000e-01   6.4960943539829741e-01   6.4960943514090996e-01   2.5738744469094854e-10
   9.4921875000000000e-01   2.7747022298465940e-01   2.7747022253479248e-01   4.4986692149251439e-10
   9.5703125000000000e-01  -9.8150492387232266e-02  -9.8150492969672834e-02   5.8244056799772181e-10
   9.6484375000000000e-01  -4.4592673353741918e-01  -4.4592673424946849e-01   7.1204930840451652e-10
   9.7265625000000000e-01  -7.3942488345607449e-01  -7.3942488428135855e-01   8.2528406331050519e-10
   9.8046875000000000e-01  -9.5896558831764067e-01  -9.5896558917951757e-01   8.6187690317984789e-10
   9.8828125000000000e-01  -1.0926983417802434e+00  -1.0926983425376124e+00   7.5736905635892526e-10
   9.9609375000000000e-01  -1.1368725274215887e+00  -1.1368725279278717e+00   5.0628301551114419e-10
   7.5390625000000000e-01   1.4912817338816668e+00   1.4912817292347471e+00   4.6469197378939953e-09
   7.6171875000000000e-01   1.5572764548737252e+00   1.5572764513441011e+00   3.5296241485127666e-09
   7.6953125000000000e-01   1.4372602019428538e+00   1.4372602003914396e+00   1.5514141082917376e-09
   7.7734375000000000e-01   1.1465356664002171e+00   1.1465356673609917e+00   9.6077457101273467e-10
   7.8515625000000000e-01   7.2085270124818801e-01   7.2085270469506102e-01   3.4468730092385158e-09
   7.9296875000000000e-01   2.1133464125430665e-01   2.1133464653949416e-01   5.2851875098625101e-09
   8.0078125000000000e-01  -3.2226724943116009e-01  -3.2226724345320013e-01   5.9779599603793088e-09
   8.0859375000000000e-01  -8.1904284738814026e-01  -8.1904284207419409e-01   5.3139461719808878e-09
   8.1640625000000000e-01  -1.2241428871183047e+00  -1.2241428836746611e+00   3.4436435925044862e-09
   8.2421875000000000e-01  -1.4948797847965014e+00  -1.4948797839484056e+00   8.4809581579747828e-10
   8.3203125000000000e-01  -1.6050456210684543e+00  -1.6050456228677983e+00   1.7993440071251143e-09
   8.3984375000000000e-01  -1.5470547723657484e+00  -1.5470547762019946e+00   3.8362462095875571e-09
   8.4765625000000000e-01  -1.3318148603653268e+00  -1.3318148651675263e+00   4.8021995269209583e-09
   8.5546875000000000e-01  -9.8651077945912258e-01  -9.8651078401922765e-01   4.5601050713273139e-09
   8.6328125000000000e-01  -5.5071896752569327e-01  -5.5071897083298837e-01   3.3072951044488264e-09
   8.7109375000000000e-01  -7.1428954388166238e-02  -7.1428955881355935e-02   1.4931896968883862e-09
