#                  Coord.                Numerical               Analytical                    Error
   3.9062500000000000e-03   2.1967494307318015e-02   2.1967491384891531e-02   2.9224264848359827e-09
   1.1718750000000000e-02   3.6081294656807726e-02   3.6081292916440792e-02   1.7403669339000061e-09
   1.9531250000000000e-02   7.0041281764727029e-02   7.0041281135473421e-02   6.2925360755361481e-10
   2.7343750000000000e-02   1.2212724942977986e-01   1.2212724793783247e-01   1.4919473850794063e-09
   3.5156250000000000e-02   1.8975973337220481e-01   1.8975972880237274e-01   4.5698320683129623e-09
   4.2968750000000000e-02   2.6963365822125668e-01   2.6963365018059654e-01   8.0406601377092102e-09
   5.0781250000000000e-02   3.5789140767881794e-01   3.5789139794016983e-01   9.7386481101580102e-09
   5.8593750000000000e-02   4.5032523013087006e-01   4.5032522100331773e-01   9.1275523250722301e-09
   6.6406250000000000e-02   5.4259728889392411e-01   5.4259728095198756e-01   7.9419365528465846e-09
   7.4218750000000000e-02   6.3046483528102903e-01   6.3046482679827298e-01   8.4827560531408608e-09
   8.2031250000000000e-02   7.0999794539997563e-01   7.0999793385573007e-01   1.1544245559491628e-08
   8.9843750000000000e-02   7.7777797350150490e-01   7.7777795798671712e-01   1.5514787787829221e-08
   9.7656250000000000e-02   8.3106625138437096e-01   8.3106623357064369e-01   1.7813727271054347e-08
   1.0546875000000000e-01   8.6793447819260616e-01   8.6793446097203408e-01   1.7220572079423846e-08
   1.1328125000000000e-01   8.8735055547624253e-01   8.8735054070002128e-01   1.4776221246570742e-08
   1.2109375000000000e-01   8.8921617552320986e-01   8.8921616265739167e-01   1.2865818188600997e-08
   1.2890625000000000e-01   8.7435511298706026e-01   8.7435510022476270e-01   1.2762297552093571e-08
   1.3671875000000000e-01   8.4445376815684448e-01   8.4445375437187498e-01   1.3784969499219812e-08
   1.4453125000000000e-01   8.0195793880173161e-01   8.0195792518472420e-01   1.3617007410537951e-08
   1.5234375000000000e-01   7.4993197023620228e-01   7.4993195974348936e-01   1.0492712920751046e-08
   1.6015625000000000e-01   6.9188826129892800e-01   6.9188825673763787e-01   4.5612901233837988e-09
   1.6796875000000000e-01   6.3159653232760327e-01   6.3159653435891228e-01   2.0313090098866837e-09
   1.7578125000000000e-01   5.7288322709531425e-01   5.7288323411051156e-01   7.0151973119436661e-09
   1.8359375000000000e-01   5.1943188349774794e-01   5.1943189276430668e-01   9.2665587425599938e-09
   1.9140625000000000e-01   4.7459522110802604e-01   4.7459523052482849e-01   9.4168024489249547e-09
   1.9921875000000000e-01   4.4122904300695170e-01   4.4122905193708784e-01   8.9301361305693661e-09
   2.0703125000000000e-01   4.2155682574092002e-01   4.2155683492492202e-01   9.1840020033373548e-09
   2.1484375000000000e-01   4.1707211024913410e-01   4.1707212100760360e-01   1.0758469504157375e-08
   2.2265625000000000e-01   4.2848357091014821e-01   4.2848358421513882e-01   1.3304990609253053e-08
   2.3046875000000000e-01   4.5570504498202841e-01   4.5570506067397670e-01   1.5691948296314706e-08
   2.3828125000000000e-01   4.9789000723028148e-01   4.9789002346363131e-01   1.6233349831029642e-08
   2.4609375000000000e-01   5.5350717029108176e-01   5.5350718376477737e-01   1.3473695603671842e-08
   2.5390625000000000e-01   6.2045130008048166e-01   6.2045130699305040e-01   6.9125687396365265e-09
   2.6171875000000000e-01   6.9618117079911179e-01   6.9618116876863456e-01   2.0304772307966346e-09
   2.6953125000000000e-01   7.7787504141318009e-01   7.7787503100856881e-01   1.0404611283654219e-08
   2.7734375000000000e-01   8.6259324738095799e-01   8.6259323178225422e-01   1.5598703773100908e-08
   2.8515625000000000e-01   9.4743753596720681e-01   9.4743751893722028e-01   1.7029986532079988e-08
   2.9296875000000000e-01   1.0296976128066397e+00   1.0296975962007071e+00   1.6605932628976916e-08
   3.0078125000000000e-01   1.1069769019392517e+00   1.1069768844850931e+00   1.7454158562912880e-08
   3.0859375000000000e-01   1.1772915706550653e+00   1.1772915494343115e+00   2.1220753820827554e-08
   3.1640625000000000e-01   1.2391392047456271e+00   1.2391391778215892e+00   2.6924037888065300e-08
   3.2421875000000000e-01   1.2915358823810841e+00   1.2915358511523911e+00   3.1228692964901938e-08
   3.3203125000000000e-01   1.3340225639229242e+00   1.3340225326192039e+00   3.1303720282593872e-08
   3.3984375000000000e-01   1.3666434967633379e+00   1.3666434700678662e+00   2.6695471611049015e-08
   3.4765625000000000e-01   1.3899006313265621e+00   1.3899006114833596e+00   1.9843202414548955e-08
   3.5546875000000000e-01   1.4046888153963644e+00   1.4046888015482932e+00   1.3848071134248130e-08
   3.6328125000000000e-01   1.4122168367004313e+00   1.4122168266047999e+00   1.0095631441942032e-08
   3.7109375000000000e-01   1.4139193162396859e+00   1.4139193088667728e+00   7.3729131688793359e-09
   3.7890625000000000e-01   1.4113641609654102e+00   1.4113641580294241e+00   2.9359861208888560e-09
   3.8671875000000000e-01   1.4061599021037576e+00   1.4061599068638677e+00   4.7601100838789989e-09
   3.9453125000000000e-01   1.3998668778779946e+00   1.3998668922630046e+00   1.4385010072004434e-08
   4.0234375000000000e-01   1.3939159231608644e+00   1.3939159459883597e+00   2.2827495227417671e-08
   4.1015625000000000e-01   1.3895379922820241e+00   1.3895380192974871e+00   2.7015462977786342e-08
   4.1796875000000000e-01   1.3877078901672892e+00   1.3877079163914385e+00   2.6224149296538712e-08
   4.2578125000000000e-01   1.3891049291637256e+00   1.3891049519096410e+00   2.2745915373434400e-08
   4.3359375000000000e-01   1.3940927510989916e+00   1.3940927712509534e+00   2.0151961876990754e-08
   4.4140625000000000e-01   1.4027196801508437e+00   1.4027197010707821e+00   2.0919938448216158e-08
   4.4921875000000000e-01   1.4147397850501939e+00   1.4147398092191417e+00   2.4168947732050583e-08
   4.5703125000000000e-01   1.4296533744801381e+00   1.4296534008876409e+00   2.6407502851100162e-08
   4.6484375000000000e-01   1.4467640651537357e+00   1.4467640887081017e+00   2.3554366013200934e-08
   4.7265625000000000e-01   1.4652480228323639e+00   1.4652480371383918e+00   1.4306027917854180e-08
   4.8046875000000000e-01   1.4842297127991955e+00   1.4842297139936214e+00   1.1944258915264072e-09
   4.8828125000000000e-01   1.5028577041695090e+00   1.5028576935851825e+00   1.0584326526341670e-08
   4.9609375000000000e-01   1.5203739223339112e+00   1.5203739056779724e+00   1.6655938850362872e-08
   5.0390625000000000e-01   1.5361703037768626e+00   1.5361702873314176e+00   1.6445445005786041e-08
   5.1171875000000000e-01   1.5498280549103205e+00   1.5498280414031980e+00   1.3507122531564164e-08
   5.1953125000000000e-01   1.5611365139320901e+00   1.5611365013181604e+00   1.2613929678551017e-08
   5.2734375000000000e-01   1.5700907411916563e+00   1.5700907245571760e+00   1.6634480237698313e-08
   5.3515625000000000e-01   1.5768691366643806e+00   1.5768691127222121e+00   2.3942168470014735e-08
   5.4296875000000000e-01   1.5817943321439554e+00   1.5817943022448637e+00   2.9899091646967690e-08
   5.5078125000000000e-01   1.5852820750311662e+00   1.5852820446748388e+00   3.0356327451741549e-08
   5.5859375000000000e-01   1.5877836609925404e+00   1.5877836361933868e+00   2.4799153619525782e-08
   5.6640625000000000e-01   1.5897276204112343e+00   1.5897276037872259e+00   1.6624008392085443e-08
   5.7421875000000000e-01   1.5914658713536283e+00   1.5914658611626056e+00   1.0191022692396245e-08
   5.8203125000000000e-01   1.5932285639333112e+00   1.5932285562630986e+00   7.6702126872163490e-09
   5.8984375000000000e-01   1.5950905595105893e+00   1.5950905520990764e+00   7.4115129589102935e-09
   5.9765625000000000e-01   1.5969511476610414e+00   1.5969511416629252e+00   5.9981162259248322e-09
   6.0546875000000000e-01   1.5985274014943314e+00   1.5985274002807004e+00   1.2136309734955830e-09
   6.1328125000000000e-01   1.5993606623304426e+00   1.5993606681569013e+00   5.8264586488832038e-09
   6.2109375000000000e-01   1.5988350799726456e+00   1.5988350916842373e+00   1.1711591696439427e-08
   6.2890625000000000e-01   1.5962068923554060e+00   1.5962069059560540e+00   1.3600647941203192e-08
   6.3671875000000000e-01   1.5906430993372849e+00   1.5906431111184376e+00   1.1781152720047317e-08
   6.4453125000000000e-01   1.5812682273382184e+00   1.5812682366312656e+00   9.2930472206376180e-09
   6.5234375000000000e-01   1.5672178406302004e+00   1.5672178501704750e+00   9.5402745703410119e-09
   6.6015625000000000e-01   1.5476972228300294e+00   1.5476972357379970e+00   1.2907967583686286e-08
   6.6796875000000000e-01   1.5220431707094075e+00   1.5220431871174085e+00   1.6408000957923718e-08
   6.7578125000000000e-01   1.4897861517134208e+00   1.4897861676149000e+00   1.5901479244462280e-08
   6.8359375000000000e-01   1.4507092738479350e+00   1.4507092835845254e+00   9.7365904228041700e-09
   6.9140625000000000e-01   1.4048997754091639e+00   1.4048997758790049e+00   4.6984105495084805e-10
   6.9921875000000000e-01   1.3527882518305285e+00   1.3527882449851569e+00   6.8453716028926692e-09
   7.0703125000000000e-01   1.2951707822088814e+00   1.2951707737771385e+00   8.4317428594715693e-09
   7.1484375000000000e-01   1.2332096307059073e+00   1.2332096258220291e+00   4.8838781907534212e-09
   7.2265625000000000e-01   1.1684093244950418e+00   1.1684093239520359e+00   5.4300586249667049e-10
   7.3046875000000000e-01   1.1025666030835353e+00   1.1025666028447798e+00   2.3875545984708424e-10
   7.3828125000000000e-01   1.0376948403087867e+00   1.0376948350300008e+00   5.2787858528802190e-09
   7.4609375000000000e-01   9.7592584373659397e-01   9.7592583123267829e-01   1.2503915680639466e-08
   8.7890625000000000e-01   1.0226861784494203e+00   1.0226861778709475e+00   5.7847282519674081e-10
   8.8671875000000000e-01   1.0085010753647565e+00   1.0085010724446735e+00   2.9200830642395204e-09
   8.9453125000000000e-01   9.7904308530132134e-01   9.7904307837228377e-01   6.9290375659392112e-09
   9.0234375000000000e-01   9.3410189854674908e-01   9.3410188910629122e-01   9.4404578598883404e-09
   9.1015625000000000e-01   8.7428597602714142e-01   8.7428596757594457e-01   8.4511968534428661e-09
   9.1796875000000000e-01   8.0102318038782017e-01   8.0102317539210754e-01   4.9957126213584502e-09
   9.2578125000000000e-01   7.1651747773477070e-01   7.1651747544533273e-01   2.2894379725357794e-09
   9.3359375000000000e-01   6.2366211335738042e-01   6.2366211056533716e-01   2.7920432632555503e-09
   9.4140625000000000e-01   5.2591215693821125e-01   5.2591215080040610e-01   6.1378051530169841e-09
   9.4921875000000000e-01   4.2712183667004061e-01   4.2712182723890557e-01   9.4311350395948068e-09
   9.5703125000000000e-01   3.3135446474159741e-01   3.3135445486069326e-01   9.8809041504388517e-09
   9.6484375000000000e-01   2.4267480617295945e-01   2.4267479909500148e-01   7.0779579697255457e-09
   9.7265625000000000e-01   1.6493527759143581e-01   1.6493527435371330e-01   3.2377225067659055e-09
   9.8046875000000000e-01   1.0156821994711918e-01   1.0156821888690623e-01   1.0602129452141895e-09
   9.8828125000000000e-01   5.5396558909389750e-02   5.5396557551890213e-02   1.3574995363918596e-09
   9.9609375000000000e-01   2.8474396835655915e-02   2.8474394180383514e-02   2.6552724012585127e-09
   7.5390625000000000e-01   9.1939416696732923e-01   9.1939415020394888e-01   1.6763380350504065e-08
   7.6171875000000000e-01   8.7011097036853269e-01   8.7011095510623493e-01   1.5262297758944499e-08
   7.6953125000000000e-01   8.2983580551897784e-01   8.2983579594601042e-01   9.5729674187694513e-09
   7.7734375000000000e-01   7.9995532808204983e-01   7.9995532376652811e-01   4.3155217177570648e-09
   7.8515625000000000e-01   7.8137778921255097e-01   7.8137778597523755e-01   3.2373134173369067e-09
   7.9296875000000000e-01   7.7445124806058263e-01   7.7445124169965285e-01   6.3609297829003708e-09
   8.0078125000000000e-01   7.7891189418456941e-01   7.7891188393799715e-01   1.0246572257344155e-08
   8.0859375000000000e-01   7.9386684638544280e-01   7.9386683524616775e-01   1.1139275057914233e-08
   8.1640625000000000e-01   8.1781350915113482e-01   8.1781350097012750e-01   8.1810073160326624e-09
   8.2421875000000000e-01   8.4869522811460574e-01   8.4869522431413258e-01   3.8004731583995977e-09
   8.3203125000000000e-01   8.8399077213960064e-01   8.8399077075760435e-01   1.3819962951799880e-09
   8.3984375000000000e-01   9.2083321421498787e-01   9.2083321197231371e-01   2.2426741574932407e-09
   8.4765625000000000e-01   9.5615217233667960e-01   9.5615216765257216e-01   4.6841074352599321e-09
   8.5546875000000000e-01   9.8683214278822040e-01   9.8683213702829764e-01   5.7599227609728132e-09
   8.6328125000000000e-01   1.0098788187467924e+00   1.0098788145990751e+00   4.1477172807447005e-09
   8.7109375000000000e-01   1.0225848231622390e+00   1.0225848216976963e+00   1.4645427093284979e-09
