#                  Coord.                Numerical               Analytical                    Error
   3.9062500000000000e-03   4.2110870756918356e-01   4.2110872684710787e-01   1.9277924312444128e-08
   1.1718750000000000e-02   1.5524098117065668e-01   1.5524100363020396e-01   2.2459547277531300e-08
   1.9531250000000000e-02  -1.3101706977486852e-01  -1.3101705036007455e-01   1.9414793966943122e-08
   2.7343750000000000e-02  -4.1489717220515376e-01  -4.1489716081029060e-01   1.1394863164149172e-08
   3.5156250000000000e-02  -6.7418228856338225e-01  -6.7418228768747712e-01   8.7590512620749905e-10
   4.2968750000000000e-02  -8.8874982106716449e-01  -8.8874983010314468e-01   9.0359801863115763e-09
   5.0781250000000000e-02  -1.0416659530485828e+00  -1.0416659687355667e+00   1.5686983934060095e-08
   5.8593750000000000e-02  -1.1199515515054725e+00  -1.1199515689673076e+00   1.7461835088994349e-08
   6.6406250000000000e-02  -1.1151950114452001e+00  -1.1151950257594614e+00   1.4314261331804801e-08
   7.4218750000000000e-02  -1.0241547133876328e+00  -1.0241547209181558e+00   7.5305230939903822e-09
   8.2031250000000000e-02  -8.4939123703071728e-01  -8.4939123643490988e-01   5.9580740341402816e-10
   8.9843750000000000e-02  -5.9983653937304815e-01  -5.9983653172902651e-01   7.6440216378870218e-09
   9.7656250000000000e-02  -2.9109226334899979e-01  -2.9109225168521341e-01   1.1663786381177488e-08
   1.0546875000000000e-01   5.4805312123660153e-02   5.4805323982427219e-02   1.1858767065553444e-08
   1.1328125000000000e-01   4.1038620735574621e-01   4.1038621595385216e-01   8.5981059494422141e-09
   1.2109375000000000e-01   7.4463223015727509e-01   7.4463223348817742e-01   3.3309023317329434e-09
   1.2890625000000000e-01   1.0256929529078804e+00   1.0256929507926671e+00   2.1152133378166127e-09
   1.3671875000000000e-01   1.2241883335180894e+00   1.2241883274943262e+00   6.0237632659720930e-09
   1.4453125000000000e-01   1.3166941464159603e+00   1.3166941391110791e+00   7.3048811444209605e-09
   1.5234375000000000e-01   1.2889154801240370e+00   1.2889154742050741e+00   5.9189628753841816e-09
   1.6015625000000000e-01   1.1380537386899841e+00   1.1380537360134437e+00   2.6765403227102524e-09
   1.6796875000000000e-01   8.7396415003234362e-01   8.7396415104760561e-01   1.0152619855929856e-09
   1.7578125000000000e-01   5.1886394732549013e-01   5.1886395110469707e-01   3.7792069473852052e-09
   1.8359375000000000e-01   1.0555295306701212e-01   1.0555295772838920e-01   4.6613770759984519e-09
   1.9140625000000000e-01  -3.2568908327465651e-01  -3.2568907978480527e-01   3.4898512413228389e-09
   1.9921875000000000e-01  -7.3119286184649812e-01  -7.3119286103920600e-01   8.0729212204033729e-10
   2.0703125000000000e-01  -1.0685238282718115e+00  -1.0685238305545510e+00   2.2827395529390060e-09
   2.1484375000000000e-01  -1.3011296335180083e+00  -1.3011296381230317e+00   4.6050234736583207e-09
   2.2265625000000000e-01  -1.4025015742764491e+00  -1.4025015795555995e+00   5.2791504501215059e-09
   2.3046875000000000e-01  -1.3593915275780322e+00  -1.3593915316622445e+00   4.0842123016915366e-09
   2.3828125000000000e-01  -1.1737147417530860e+00  -1.1737147431785586e+00   1.4254726288243091e-09
   2.4609375000000000e-01  -8.6288691055324496e-01  -8.6288690877586760e-01   1.7773773564044859e-09
   2.5390625000000000e-01  -4.5848533371570543e-01  -4.5848532922301632e-01   4.4926891096253030e-09
   2.6171875000000000e-01  -3.2840686872272254e-03  -3.2840628050634091e-03   5.8821638163585044e-09
   2.6953125000000000e-01   4.5311479941262223e-01   4.5311480498631962e-01   5.5736973925135658e-09
   2.7734375000000000e-01   8.5965921419912084e-01   8.5965921801518608e-01   3.8160652415797358e-09
   2.8515625000000000e-01   1.1696860758970069e+00   1.1696860771742132e+00   1.2772063406885081e-09
   2.9296875000000000e-01   1.3465614247701330e+00   1.3465614235709915e+00   1.1991414528012001e-09
   3.0078125000000000e-01   1.3684192486369355e+00   1.3684192456898654e+00   2.9470701434775037e-09
   3.0859375000000000e-01   1.2313417900467112e+00   1.2313417863902159e+00   3.6564953287410162e-09
   3.1640625000000000e-01   9.5046719104940613e-01   9.5046718759495741e-01   3.4544487270693480e-09
   3.2421875000000000e-01   5.5874353020315004e-01   5.5874352745406719e-01   2.7490828502507725e-09
   3.3203125000000000e-01   1.0334703383315348e-01   1.0334703179933230e-01   2.0338211809134421e-09
   3.3984375000000000e-01  -3.5989328652908326e-01  -3.5989328814731020e-01   1.6182269413356209e-09
   3.4765625000000000e-01  -7.7342080505693656e-01  -7.7342080657336088e-01   1.5164243194476512e-09
   3.5546875000000000e-01  -1.0853531908301168e+00  -1.0853531922625392e+00   1.4324224029138577e-09
   3.6328125000000000e-01  -1.2563718122475731e+00  -1.2563718132024739e+00   9.5490082507865282e-10
   3.7109375000000000e-01  -1.2651313994738669e+00  -1.2651313992233917e+00   2.5047519613963232e-10
   3.7890625000000000e-01  -1.1113872853547795e+00  -1.1113872831592320e+00   2.1955475215662545e-09
   3.8671875000000000e-01  -8.1632706911921527e-01  -8.1632706461139481e-01   4.5078204502502217e-09
   3.9453125000000000e-01  -4.1997073728749784e-01  -4.1997073081653674e-01   6.4709611002911060e-09
   4.0234375000000000e-01   2.4083656157154663e-02   2.4083663419654719e-02   7.2625000561987729e-09
   4.1015625000000000e-01   4.5590171444891886e-01   4.5590172072948970e-01   6.2805708411772798e-09
   4.1796875000000000e-01   8.1746595848525883e-01   8.1746596190601428e-01   3.4207554566734188e-09
   4.2578125000000000e-01   1.0607857166246453e+00   1.0607857157968068e+00   8.2783846444556275e-10
   4.3359375000000000e-01   1.1546916625079324e+00   1.1546916570389254e+00   5.4690070250273948e-09
   4.4140625000000000e-01   1.0892981105636734e+00   1.0892981012911427e+00   9.2725307432317550e-09
   4.4921875000000000e-01   8.7742882596361949e-01   8.7742881484026614e-01   1.1123353349518084e-08
   4.5703125000000000e-01   5.5273325339780588e-01   5.5273324301166382e-01   1.0386142057505765e-08
   4.6484375000000000e-01   1.6471017006246938e-01   1.6471016294494767e-01   7.1175217108976341e-09
   4.7265625000000000e-01  -2.2866773046756667e-01  -2.2866773255761166e-01   2.0900449981819946e-09
   4.8046875000000000e-01  -5.6964711625644249e-01  -5.6964711280725755e-01   3.4491849376649952e-09
   4.8828125000000000e-01  -8.0939096873422178e-01  -8.0939096060441462e-01   8.1298071608060241e-09
   4.9609375000000000e-01  -9.1533176058689336e-01  -9.1533174970910980e-01   1.0877783562790455e-08
   5.0390625000000000e-01  -8.7601474450233718e-01  -8.7601473335488134e-01   1.1147455847293486e-08
   5.1171875000000000e-01  -7.0264110037273186e-01  -7.0264109129505348e-01   9.0776783867596578e-09
   5.1953125000000000e-01  -4.2703707659993329e-01  -4.2703707128484086e-01   5.3150924217426621e-09
   5.2734375000000000e-01  -9.6351402384770482e-02  -9.6351401515542001e-02   8.6922848085979609e-10
   5.3515625000000000e-01   2.3467584677399797e-01   2.3467584349028009e-01   3.2837178809419498e-09
   5.4296875000000000e-01   5.1261727454162975e-01   5.1261726816271314e-01   6.3789166171446254e-09
   5.5078125000000000e-01   6.9397011929704422e-01   6.9397011121211627e-01   8.0849279493477866e-09
   5.5859375000000000e-01   7.5204705362130397e-01   7.5204704523247712e-01   8.3888268553877765e-09
   5.6640625000000000e-01   6.8099808030678310e-01   6.8099807274567370e-01   7.5611094052518979e-09
   5.7421875000000000e-01   4.9629933014683886e-01   4.9629932424712969e-01   5.8997091656465273e-09
   5.8203125000000000e-01   2.3164968515020429e-01   2.3164968145427151e-01   3.6959327820440535e-09
   5.8984375000000000e-01  -6.7161942047515452e-02  -6.7161943125549906e-02   1.0780344533722896e-09
   5.9765625000000000e-01  -3.5032775082608436e-01  -3.5032774898934710e-01   1.8367372622840605e-09
   6.0546875000000000e-01  -5.7260176603804036e-01  -5.7260176111378269e-01   4.9242576682928529e-09
   6.1328125000000000e-01  -7.0087735459200151e-01  -7.0087734678205882e-01   7.8099426925604121e-09
   6.2109375000000000e-01  -7.1943741736192379e-01  -7.1943740739803730e-01   9.9638864936579807e-09
   6.2890625000000000e-01  -6.3198277769400513e-01  -6.3198276705037870e-01   1.0643626424666763e-08
   6.3671875000000000e-01  -4.6013787553242042e-01  -4.6013786624413361e-01   9.2882868063526303e-09
   6.4453125000000000e-01  -2.3878119564296368e-01  -2.3878118997592013e-01   5.6670435566452682e-09
   6.5234375000000000e-01  -9.1296239963148899e-03  -9.1296238522490386e-03   1.4406585126247595e-10
   6.6015625000000000e-01   1.8908920111628283e-01   1.8908919479143768e-01   6.3248451476205503e-09
   6.6796875000000000e-01   3.2489224382078602e-01   3.2489223155914321e-01   1.2261642812205764e-08
   6.7578125000000000e-01   3.8137354577873800e-01   3.8137352970205052e-01   1.6076687481270113e-08
   6.8359375000000000e-01   3.5815506875129116e-01   3.5815505233494632e-01   1.6416344839065289e-08
   6.9140625000000000e-01   2.7057032734975295e-01   2.7057031462893455e-01   1.2720818398648248e-08
   6.9921875000000000e-01   1.4583659045074870e-01   1.4583658503226374e-01   5.4184849662686219e-09
   7.0703125000000000e-01   1.7053731785113106e-02   1.7053735740471282e-02   3.9553581764051327e-09
   7.1484375000000000e-01  -8.3724602125186343e-02  -8.3724588949143031e-02   1.3176043311968755e-08
   7.2265625000000000e-01  -1.3194929195938657e-01  -1.3194927219618843e-01   1.9763198133571080e-08
   7.3046875000000000e-01  -1.1529600117461741e-01  -1.1529597940912704e-01   2.1765490368363949e-08
   7.3828125000000000e-01  -3.5763769977964426e-02  -3.5763751724449080e-02   1.8253515345068028e-08
   7.4609375000000000e-01   9.1176816458627186e-02   9.1176826260152000e-02   9.8015248140015387e-09
   8.7890625000000000e-01  -4.8323538828860046e-01  -4.8323541355432031e-01   2.5265719849620893e-08
   8.8671875000000000e-01  -4.3573980744027507e-01  -4.3573982257891952e-01   1.5138644449130823e-08
   8.9453125000000000e-01  -3.7937276077831961e-01  -3.7937276172850415e-01   9.5018454215889392e-10
   9.0234375000000000e-01  -3.0855785640432054e-01  -3.0855784292948440e-01   1.3474836135785040e-08
   9.1015625000000000e-01  -2.1618021120969586e-01  -2.1618018692106331e-01   2.4288632549662736e-08
   9.1796875000000000e-01  -9.6529805450985190e-02  -9.6529776854225174e-02   2.8596760015542344e-08
   9.2578125000000000e-01   5.1926253346455405e-02   5.1926278679599210e-02   2.5333143804928682e-08
   9.3359375000000000e-01   2.2465666232442810e-01   2.2465667776287357e-01   1.5438445466475770e-08
   9.4140625000000000e-01   4.1054715582159956e-01   4.1054715751578125e-01   1.6941816838311752e-09
   9.4921875000000000e-01   5.9289624867697988e-01   5.9289623651288093e-01   1.2164098950329105e-08
   9.5703125000000000e-01   7.5171546069491924e-01   7.5171543829371124e-01   2.2401207999678263e-08
   9.6484375000000000e-01   8.6683516843065012e-01   8.6683514201406853e-01   2.6416581588861732e-08
   9.7265625000000000e-01   9.2116109305418281e-01   9.2116106973687473e-01   2.3317308084358501e-08
   9.8046875000000000e-01   9.0343152426158058e-01   9.0343151004873345e-01   1.4212847121441996e-08
   9.8828125000000000e-01   8.0997837884048995e-01   8.0997837707067921e-01   1.7698107424024556e-09
   9.9609375000000000e-01   6.4524686744659743e-01   6.4524687792825974e-01   1.0481662315875440e-08
   7.5390625000000000e-01   2.4010606274614457e-01   2.4010606103832852e-01   1.7078160552408406e-09
   7.6171875000000000e-01   3.8103343812274554e-01   3.8103342472119422e-01   1.3401551313130255e-08
   7.6953125000000000e-01   4.8546603242245384e-01   4.8546601034268438e-01   2.2079769457228338e-08
   7.7734375000000000e-01   5.3190448449579431e-01   5.3190445916940410e-01   2.5326390207247584e-08
   7.8515625000000000e-01   5.0967487781954046e-01   5.0967485583529770e-01   2.1984242759565120e-08
   7.9296875000000000e-01   4.2040089471272135e-01   4.2040088199190767e-01   1.2720813680200393e-08
   8.0078125000000000e-01   2.7694931704887815e-01   2.7694931728275751e-01   2.3387936032293055e-10
   8.0859375000000000e-01   1.0022501694548351e-01   1.0022503042230312e-01   1.3476819604729684e-08
   8.1640625000000000e-01  -8.5370282496660205e-02  -8.5370259024288297e-02   2.3472371907251599e-08
   8.2421875000000000e-01  -2.5676091667752354e-01  -2.5676088928389712e-01   2.7393626422789197e-08
   8.3203125000000000e-01  -3.9625111283200148e-01  -3.9625108876031545e-01   2.4071686033355633e-08
   8.3984375000000000e-01  -4.9399680636354326e-01  -4.9399679215033454e-01   1.4213208721081116e-08
   8.4765625000000000e-01  -5.4849132355742325e-01  -5.4849132316865257e-01   3.8877068231357725e-10
   8.5546875000000000e-01  -5.6514042946015142e-01  -5.6514044323330415e-01   1.3773152729434912e-08
   8.6328125000000000e-01  -5.5343926869882643e-01  -5.5343929310827011e-01   2.4409443688533372e-08
   8.7109375000000000e-01  -5.2355840031032619e-01  -5.2355842896894755e-01   2.8658621364918702e-08
