#                  Coord.                Numerical               Analytical                    Error
   3.9062500000000000e-03   1.3819386460515434e-01   1.3819385804244283e-01   6.5627115131139391e-09
   1.1718750000000000e-02   2.4327465579126956e-01   2.4327463772075983e-01   1.8070509727463602e-08
   1.9531250000000000e-02   2.7986164861697749e-01   2.7986162308222495e-01   2.5534752534639438e-08
   2.7343750000000000e-02   2.3233805882460373e-01   2.3233803207973447e-01   2.6744869263684024e-08
   3.5156250000000000e-02   1.0139145334280662e-01   1.0139143237964370e-01   2.0963162927767343e-08
   4.2968750000000000e-02  -9.6080134427030228e-02  -9.6080143815779895e-02   9.3887496666056336e-09
   5.0781250000000000e-02  -3.2997464653859537e-01  -3.2997464133879256e-01   5.1998028105515459e-09
   5.8593750000000000e-02  -5.6228393597899184e-01  -5.6228391697278768e-01   1.9006204166061025e-08
   6.6406250000000000e-02  -7.5366161635689422e-01  -7.5366158802305372e-01   2.8333840496053142e-08
   7.4218750000000000e-02  -8.7004711032574444e-01  -8.7004707984377760e-01   3.0481966839523977e-08
   8.2031250000000000e-02  -8.8817900909380210e-01  -8.8817898443362364e-01   2.4660178454816162e-08
   8.9843750000000000e-02  -7.9909759533904123e-01  -7.9909758317738244e-01   1.2161658791143282e-08
   9.7656250000000000e-02  -6.0915941959258191e-01  -6.0915942339100460e-01   3.7984226874954174e-09
   1.0546875000000000e-01  -3.3857267796424051e-01  -3.3857269700289278e-01   1.9038652265823686e-08
   1.1328125000000000e-01  -1.7908578173711134e-02  -1.7908607580956651e-02   2.9407245517171221e-08
   1.2109375000000000e-01   3.1663746235164009e-01   3.1663743026453450e-01   3.2087105583666897e-08
   1.2890625000000000e-01   6.2832553714504258e-01   6.2832551091194033e-01   2.6233102246031592e-08
   1.3671875000000000e-01   8.8444212139511535e-01   8.8444210798424538e-01   1.3410869970087447e-08
   1.4453125000000000e-01   1.0597340396853894e+00   1.0597340426467738e+00   2.9613844709786008e-09
   1.5234375000000000e-01   1.1383945479667650e+00   1.1383945664342148e+00   1.8467449791614854e-08
   1.6015625000000000e-01   1.1146197095170893e+00   1.1146197384949095e+00   2.8977820143438748e-08
   1.6796875000000000e-01   9.9201603132767924e-01   9.9201606305042922e-01   3.1722749982421306e-08
   1.7578125000000000e-01   7.8228215153787362e-01   7.8228217765666530e-01   2.6118791685014742e-08
   1.8359375000000000e-01   5.0358983099043553e-01   5.0358984480425284e-01   1.3813817312247068e-08
   1.9140625000000000e-01   1.7897290483361630e-01   1.7897290310465941e-01   1.7289568943201772e-09
   1.9921875000000000e-01  -1.6515143594696452e-01  -1.6515145226851466e-01   1.6321550139197782e-08
   2.0703125000000000e-01  -5.0038977085361458e-01  -5.0038979700075514e-01   2.6147140563814730e-08
   2.1484375000000000e-01  -7.9789147254520010e-01  -7.9789150142113441e-01   2.8875934310335083e-08
   2.2265625000000000e-01  -1.0301816954450942e+00  -1.0301817195951666e+00   2.4150072386319721e-08
   2.3046875000000000e-01  -1.1734158161067298e+00  -1.1734158297810300e+00   1.3674300136656825e-08
   2.3828125000000000e-01  -1.2099812112636739e+00  -1.2099812118183970e+00   5.5472315629856439e-10
   2.4609375000000000e-01  -1.1311576240680430e+00  -1.1311576124782687e+00   1.1589774251419271e-08
   2.5390625000000000e-01  -9.3936669455928490e-01  -9.3936667478384039e-01   1.9775444504155359e-08
   2.6171875000000000e-01  -6.4945619609709804e-01  -6.4945617372706854e-01   2.2370029495455412e-08
   2.6953125000000000e-01  -2.8851454761810663e-01  -2.8851452828088853e-01   1.9337218104542586e-08
   2.7734375000000000e-01   1.0609776914669870e-01   1.0609778136876365e-01   1.2222064943445687e-08
   2.8515625000000000e-01   4.9051128429801322e-01   4.9051128770534186e-01   3.4073286414582071e-09
   2.9296875000000000e-01   8.1956338662385275e-01   8.1956338204091950e-01   4.5829332551150515e-09
   3.0078125000000000e-01   1.0527967051175791e+00   1.0527966951748426e+00   9.9427364119719641e-09
   3.0859375000000000e-01   1.1603401223958665e+00   1.1603401104682196e+00   1.1927646870191211e-08
   3.1640625000000000e-01   1.1276975863834118e+00   1.1276975754181737e+00   1.0965238050886228e-08
   3.2421875000000000e-01   9.5857473249927871e-01   9.5857472428880530e-01   8.2104734122623313e-09
   3.3203125000000000e-01   6.7514678384111115e-01   6.7514677876413765e-01   5.0769735082667466e-09
   3.3984375000000000e-01   3.1556835397901756e-01   3.1556835137992245e-01   2.5990951058041389e-09
   3.4765625000000000e-01  -7.1022681685879496e-02  -7.1022682860275688e-02   1.1743961914056911e-09
   3.5546875000000000e-01  -4.3132915475473299e-01  -4.3132915520320469e-01   4.4847170421746796e-10
   3.6328125000000000e-01  -7.1554360481498891e-01  -7.1554360449034438e-01   3.2464453347813560e-10
   3.7109375000000000e-01  -8.8465374881675918e-01  -8.8465374690160492e-01   1.9151542574036284e-09
   3.7890625000000000e-01  -9.1625941883190432e-01  -9.1625941426148816e-01   4.5704161566462176e-09
   3.8671875000000000e-01  -8.0796741620454005e-01  -8.0796740833203329e-01   7.8725067576002061e-09
   3.9453125000000000e-01  -5.7779773525317124e-01  -5.7779772450134537e-01   1.0751825874066867e-08
   4.0234375000000000e-01  -2.6149956570957839e-01  -2.6149955381951651e-01   1.1890061879515912e-08
   4.1015625000000000e-01   9.2835366058196103e-02   9.2835376258864205e-02   1.0200668101867372e-08
   4.1796875000000000e-01   4.3203981267811231e-01   4.3203981804564806e-01   5.3675357492011244e-09
   4.2578125000000000e-01   7.0588719102832975e-01   7.0588718911839832e-01   1.9099314352288843e-09
   4.3359375000000000e-01   8.7459578569864804e-01   8.7459577574938274e-01   9.9492653005128773e-09
   4.4140625000000000e-01   9.1463440415996855e-01   9.1463438758337934e-01   1.6576589212391468e-08
   4.4921875000000000e-01   8.2191482892200518e-01   8.2191480919458726e-01   1.9727417921444612e-08
   4.5703125000000000e-01   6.1188496632136791e-01   6.1188494817425887e-01   1.8147109037691678e-08
   4.6484375000000000e-01   3.1655253339282824e-01   3.1655252159862396e-01   1.1794204279880205e-08
   4.7265625000000000e-01  -2.1015054820447365e-02  -2.1015056835253964e-02   2.0148065993375042e-09
   4.8046875000000000e-01  -3.5374442680923018e-01  -3.5374441798499623e-01   8.8242339546518167e-09
   4.8828125000000000e-01  -6.3793851895824638e-01  -6.3793850105708050e-01   1.7901165882960868e-08
   4.9609375000000000e-01  -8.3972665003570801e-01  -8.3972662723904501e-01   2.2796663001756201e-08
   5.0390625000000000e-01  -9.3951542225394369e-01  -9.3951540018137192e-01   2.2072571770337390e-08
   5.1171875000000000e-01  -9.3376273192536541e-01  -9.3376271610558825e-01   1.5819777154923997e-08
   5.1953125000000000e-01  -8.3390902653781918e-01  -8.3390902099939246e-01   5.5384267172442492e-09
   5.2734375000000000e-01  -6.6283543420128888e-01  -6.6283544035628084e-01   6.1549919605496939e-09
   5.3515625000000000e-01  -4.4967192906740139e-01  -4.4967194539550143e-01   1.6328100038709437e-08
   5.4296875000000000e-01  -2.2405983767380636e-01  -2.2405986006804679e-01   2.2394240434264745e-08
   5.5078125000000000e-01  -1.1025851940684867e-02  -1.1025874821936508e-02   2.2881251641668210e-08
   5.5859375000000000e-01   1.7255938314204455e-01   1.7255936545719411e-01   1.7684850445176536e-08
   5.6640625000000000e-01   3.1934489830235602e-01   3.1934489010465622e-01   8.1976997967636578e-09
   5.7421875000000000e-01   4.3058481448461178e-01   4.3058481767557077e-01   3.1909589970346985e-09
   5.8203125000000000e-01   5.1334397584100955e-01   5.1334398944035242e-01   1.3599342874037745e-08
   5.8984375000000000e-01   5.7661960086845021e-01   5.7661962137575251e-01   2.0507302300742936e-08
   5.9765625000000000e-01   6.2738598411199975e-01   6.2738600636563380e-01   2.2253634046620618e-08
   6.0546875000000000e-01   6.6755135348491557e-01   6.6755137203477788e-01   1.8549862312866594e-08
   6.1328125000000000e-01   6.9257685553574300e-01   6.9257686592014633e-01   1.0384403337226900e-08
   6.2109375000000000e-01   6.9210404406765336e-01   6.9210404394322900e-01   1.2442435970427823e-10
   6.2890625000000000e-01   6.5246151638428673e-01   6.5246150596550812e-01   1.0418778617626856e-08
   6.3671875000000000e-01   5.6048021823684757e-01   5.6048020023505252e-01   1.8001795054622960e-08
   6.4453125000000000e-01   4.0773745276079831e-01   4.0773743177245136e-01   2.0988346949302183e-08
   6.5234375000000000e-01   1.9423758791579079e-01   1.9423756912175696e-01   1.8794033829205858e-08
   6.6015625000000000e-01  -6.9356440995651636e-02  -6.9356453034892754e-02   1.2039241117922650e-08
   6.6796875000000000e-01  -3.6153015090097429e-01  -3.6153015344074840e-01   2.5397741132415774e-09
   6.7578125000000000e-01  -6.5193346607659020e-01  -6.5193345876289999e-01   7.3136902090098488e-09
   6.8359375000000000e-01  -9.0532669639487251e-01  -9.0532668137619576e-01   1.5018676746691995e-08
   6.9140625000000000e-01  -1.0867921522802684e+00  -1.0867921335502349e+00   1.8730033524150258e-08
   6.9921875000000000e-01  -1.1673012521033452e+00  -1.1673012345126903e+00   1.7590654932675420e-08
   7.0703125000000000e-01  -1.1286631002810914e+00  -1.1286630882132263e+00   1.2067865151621504e-08
   7.1484375000000000e-01  -9.6700036921701549e-01  -9.6700036553503788e-01   3.6819776116914227e-09
   7.2265625000000000e-01  -6.9416652034207571e-01  -6.9416652562676595e-01   5.2846902409697805e-09
   7.3046875000000000e-01  -3.3687349654941917e-01  -3.3687350907617225e-01   1.2526753079278308e-08
   7.3828125000000000e-01   6.6330605817002078e-02   6.6330589634362752e-02   1.6182639325790227e-08
   7.4609375000000000e-01   4.6977426471210393e-01   4.6977424927113259e-01   1.5440971334879094e-08
   8.7890625000000000e-01  -1.0860415991454536e-01  -1.0860414466126586e-01   1.5253279500582195e-08
   8.8671875000000000e-01   2.6774978328583887e-01   2.6774979727882975e-01   1.3992990877120803e-08
   8.9453125000000000e-01   5.8892089328892505e-01   5.8892090224044413e-01   8.9515190815347978e-09
   9.0234375000000000e-01   8.1562686102278048e-01   8.1562686233137016e-01   1.3085896810594022e-09
   9.1015625000000000e-01   9.2362336622378383e-01   9.2362335915267069e-01   7.0711131394673998e-09
   9.1796875000000000e-01   9.0709385499240325e-01   9.0709384096235368e-01   1.4030049566571279e-08
   9.2578125000000000e-01   7.7911676682357556e-01   7.7911674912178774e-01   1.7701787813351189e-08
   9.3359375000000000e-01   5.6907920379397303e-01   5.6907918686819425e-01   1.6925778778542622e-08
   9.4140625000000000e-01   3.1743007688712854e-01   3.1743006523949668e-01   1.1647631859013075e-08
   9.4921875000000000e-01   6.8640862191321983e-02   6.8640859257024608e-02   2.9342973745238865e-09
   9.5703125000000000e-01  -1.3642376009055432e-01  -1.3642375294120568e-01   7.1493486408780171e-09
   9.6484375000000000e-01  -2.6739876984843902e-01  -2.6739875376978106e-01   1.6078657960605369e-08
   9.7265625000000000e-01  -3.0936460356185025e-01  -3.0936458215157575e-01   2.1410274497757342e-08
   9.8046875000000000e-01  -2.6497639308131593e-01  -2.6497637157841414e-01   2.1502901792480600e-08
   9.8828125000000000e-01  -1.5341355179849556e-01  -1.5341353586110321e-01   1.5937392350284796e-08
   9.9609375000000000e-01  -6.3649580286132216e-03  -6.3649522213030047e-03   5.8073102169112212e-09
   7.5390625000000000e-01   8.2638302931213337e-01   8.2638301872608766e-01   1.0586045706695302e-08
   7.6171875000000000e-01   1.0936210816880230e+00   1.0936210786395071e+00   3.0485158841742077e-09
   7.6953125000000000e-01   1.2388794660477038e+00   1.2388794710745668e+00   5.0268629259164754e-09
   7.7734375000000000e-01   1.2436446277360895e+00   1.2436446391944365e+00   1.1458346937942565e-08
   7.8515625000000000e-01   1.1059550956410782e+00   1.1059551101798832e+00   1.4538805048758263e-08
   7.9296875000000000e-01   8.4086485260741850e-01   8.4086486614704126e-01   1.3539622756297831e-08
   8.0078125000000000e-01   4.7885538687155443e-01   4.7885539568209645e-01   8.8105420181783245e-09
   8.0859375000000000e-01   6.2358284356394650e-02   6.2358286080224208e-02   1.7238295582644447e-09
   8.1640625000000000e-01  -3.5924466732438520e-01  -3.5924467308139207e-01   5.7570068712209377e-09
   8.2421875000000000e-01  -7.3559708574838367e-01  -7.3559709731838108e-01   1.1569997404592414e-08
   8.3203125000000000e-01  -1.0216321468196345e+00  -1.0216321609911085e+00   1.4171473994295525e-08
   8.3984375000000000e-01  -1.1833564204891460e+00  -1.1833564333590021e+00   1.2869856069741559e-08
   8.4765625000000000e-01  -1.2023836001700405e+00  -1.2023836082004311e+00   8.0303905747314275e-09
   8.5546875000000000e-01  -1.0785470735879852e+00  -1.0785470744964445e+00   9.0845930778016282e-10
   8.6328125000000000e-01  -8.3012636301252241e-01  -8.3012635641024624e-01   6.6022761702200228e-09
   8.7109375000000000e-01  -4.9152508169471282e-01  -4.9152506916292760e-01   1.2531785220648572e-08
