#                  Coord.                Numerical               Analytical                    Error
   3.9062500000000000e-03   2.9401184010713166e-01   2.9401184252832663e-01   2.4211949667396482e-09
   1.1718750000000000e-02   2.3392803984756513e-01   2.3392804657071978e-01   6.7231546441171020e-09
   1.9531250000000000e-02   1.8227011409859689e-01   1.8227013201480957e-01   1.7916212680102461e-08
   2.7343750000000000e-02   1.3841442425202746e-01   1.3841445220893026e-01   2.7956902792780625e-08
   3.5156250000000000e-02   1.0175164384258588e-01   1.0175167382805392e-01   2.9985468039117613e-08
   4.2968750000000000e-02   7.1710762407664053e-02   7.1710786118082778e-02   2.3710418725619853e-08
   5.0781250000000000e-02   4.7772493269253397e-02   4.7772507793556684e-02   1.4524303287855034e-08
   5.8593750000000000e-02   2.9474188816431223e-02   2.9474196978961288e-02   8.1625300650534083e-09
   6.6406250000000000e-02   1.6409126969242245e-02   1.6409133244353016e-02   6.2751107712810672e-09
   7.4218750000000000e-02   8.2233672575528684e-03   8.2233735296038026e-03   6.2720509341751551e-09
   8.2031250000000000e-02   4.6132483071463807e-03   4.6132531869346512e-03   4.8797882705106654e-09
   8.9843750000000000e-02   5.3260343000747432e-03   5.3260358023726542e-03   1.5022979110712598e-09
   9.7656250000000000e-02   1.0165295668483150e-02   1.0165294160708303e-02   1.5077748476838293e-09
   1.0546875000000000e-01   1.9001460990502119e-02   1.9001459557417430e-02   1.4330846891119631e-09
   1.1328125000000000e-01   3.1786764233214054e-02   3.1786766286819479e-02   2.0536054246012014e-09
   1.2109375000000000e-01   4.8572701033424905e-02   4.8572707579046505e-02   6.5456216002957035e-09
   1.2890625000000000e-01   6.9527247551753060e-02   6.9527256655955647e-02   9.1042025862630993e-09
   1.3671875000000000e-01   9.4948594075275089e-02   9.4948602994818818e-02   8.9195437286138102e-09
   1.4453125000000000e-01   1.2527206163403057e-01   1.2527206962356185e-01   7.9895312865563284e-09
   1.5234375000000000e-01   1.6106720742817965e-01   1.6106721670751206e-01   9.2793324135698185e-09
   1.6015625000000000e-01   2.0302283828269921e-01   2.0302285202365389e-01   1.3740954679652972e-08
   1.6796875000000000e-01   2.5191865260045865e-01   2.5191867143992741e-01   1.8839468762799072e-08
   1.7578125000000000e-01   3.0858340865232764e-01   3.0858342870715755e-01   2.0054829907856231e-08
   1.8359375000000000e-01   3.7384074823247432e-01   3.7384076281659467e-01   1.4584120355820573e-08
   1.9140625000000000e-01   4.4844497568115355e-01   4.4844498019839141e-01   4.5172378615454534e-09
   1.9921875000000000e-01   5.3301010830222395e-01   5.3301010471596622e-01   3.5862577352219205e-09
   2.0703125000000000e-01   6.2793630521200350e-01   6.2793630214661456e-01   3.0653889426801584e-09
   2.1484375000000000e-01   7.3333830663418509e-01   7.3333831380042858e-01   7.1662434875108261e-09
   2.2265625000000000e-01   8.4898075275459972e-01   8.4898077310966091e-01   2.0355061192134372e-08
   2.3046875000000000e-01   9.7422519578718048e-01   9.7422522145793011e-01   2.5670749637107804e-08
   2.3828125000000000e-01   1.1079932704586553e+00   1.1079932869015474e+00   1.6442892158963218e-08
   2.4609375000000000e-01   1.2487498531869616e+00   1.2487498500736354e+00   3.1133262634597259e-09
   2.5390625000000000e-01   1.3945091294280609e+00   1.3945091105539678e+00   1.8874093177245754e-08
   2.6171875000000000e-01   1.5428653253293252e+00   1.5428653092333162e+00   1.6096008970123421e-08
   2.6953125000000000e-01   1.6910484888270061e+00   1.6910484974789977e+00   8.6519915676319670e-09
   2.7734375000000000e-01   1.8360041887563974e+00   1.8360042315631950e+00   4.2806797662109375e-08
   2.8515625000000000e-01   1.9744944281668679e+00   1.9744944928149084e+00   6.4648040476456003e-08
   2.9296875000000000e-01   2.1032155351053285e+00   2.1032155937278945e+00   5.8622565912713753e-08
   3.0078125000000000e-01   2.2189274201391518e+00   2.2189274473655889e+00   2.7226437104843626e-08
   3.0859375000000000e-01   2.3185874870062784e+00   2.3185874772218469e+00   9.7844314872475024e-09
   3.1640625000000000e-01   2.3994817744939994e+00   2.3994817447597083e+00   2.9734291029370752e-08
   3.2421875000000000e-01   2.4593456908615257e+00   2.4593456667769433e+00   2.4084582328498527e-08
   3.3203125000000000e-01   2.4964670462096996e+00   2.4964670414682710e+00   4.7414285830882363e-09
   3.3984375000000000e-01   2.5097650038755428e+00   2.5097650090723231e+00   5.1967803393893064e-09
   3.4765625000000000e-01   2.4988400043460910e+00   2.4988399941328634e+00   1.0213227596977958e-08
   3.5546875000000000e-01   2.4639915597199717e+00   2.4639915119318268e+00   4.7788144996729898e-08
   3.6328125000000000e-01   2.4062029138047425e+00   2.4062028257908663e+00   8.8013876187176265e-08
   3.7109375000000000e-01   2.3270937481660852e+00   2.3270936369872857e+00   1.1117879950006682e-07
   3.7890625000000000e-01   2.2288441959953702e+00   2.2288440839876547e+00   1.1200771554698008e-07
   3.8671875000000000e-01   2.1140952411612886e+00   2.1140951389992209e+00   1.0216206769442238e-07
   3.9453125000000000e-01   1.9858319597787684e+00   1.9858318620289990e+00   9.7749769389920971e-08
   4.0234375000000000e-01   1.8472569011180835e+00   1.8472567956379975e+00   1.0548008599897685e-07
   4.1015625000000000e-01   1.7016611220513398e+00   1.7016610048307554e+00   1.1722058435026383e-07
   4.1796875000000000e-01   1.5523000150771602e+00   1.5522998961177390e+00   1.1895942120254688e-07
   4.2578125000000000e-01   1.4022801620443868e+00   1.4022800580276198e+00   1.0401676697746609e-07
   4.3359375000000000e-01   1.2544621521102164e+00   1.2544620729043012e+00   7.9205915159974438e-08
   4.4140625000000000e-01   1.1113827704411547e+00   1.1113827118839732e+00   5.8557181548124504e-08
   4.4921875000000000e-01   9.7519836195776177e-01   9.7519831131845613e-01   5.0639305637645293e-08
   4.5703125000000000e-01   8.4764965439550943e-01   8.4764960267994194e-01   5.1715567495058679e-08
   4.6484375000000000e-01   7.3004701531720806e-01   7.3004696572382777e-01   4.9593380291312883e-08
   4.7265625000000000e-01   6.2327412608026078e-01   6.2327409077041773e-01   3.5309843049446954e-08
   4.8046875000000000e-01   5.2780742441578798e-01   5.2780741341995119e-01   1.0995836796645619e-08
   4.8828125000000000e-01   4.4374840202191873e-01   4.4374841390781261e-01   1.1885893880236864e-08
   4.9609375000000000e-01   3.7086587483811484e-01   3.7086589734263653e-01   2.2504521690613899e-08
   5.0390625000000000e-01   3.0864558149125676e-01   3.0864560089667248e-01   1.9405415718765084e-08
   5.1171875000000000e-01   2.5634479445021185e-01   2.5634480526691128e-01   1.0816699425042486e-08
   5.1953125000000000e-01   2.1304995383097214e-01   2.1304996091963160e-01   7.0886594649710588e-09
   5.2734375000000000e-01   1.7773558526401051e-01   1.7773559791059262e-01   1.2646582114861360e-08
   5.3515625000000000e-01   1.4932290692034317e-01   1.4932293034671906e-01   2.3426375894697316e-08
   5.4296875000000000e-01   1.2673656125977414e-01   1.2673659274587140e-01   3.1486097257227286e-08
   5.5078125000000000e-01   1.0895786192097909e-01   1.0895789372688452e-01   3.1805905437165549e-08
   5.5859375000000000e-01   9.5072882230847172e-02   9.5072907725059608e-02   2.5494212435583918e-08
   5.6640625000000000e-01   8.4313705427472033e-02   8.4313723285852099e-02   1.7858380066404500e-08
   5.7421875000000000e-01   7.6091280075087336e-02   7.6091293752108005e-02   1.3677020668789730e-08
   5.8203125000000000e-01   7.0018619565288584e-02   7.0018633646505402e-02   1.4081216817563025e-08
   5.8984375000000000e-01   6.5923558052442099e-02   6.5923574721016454e-02   1.6668574354117283e-08
   5.9765625000000000e-01   6.3850882914555498e-02   6.3850900906649535e-02   1.7992094036856088e-08
   6.0546875000000000e-01   6.4054330787077118e-02   6.4054346664655953e-02   1.5877578835032935e-08
   6.1328125000000000e-01   6.6979561500754375e-02   6.6979571726809850e-02   1.0226055474626961e-08
   6.2109375000000000e-01   7.3239714721182569e-02   7.3239717287574765e-02   2.5663921959795388e-09
   6.2890625000000000e-01   8.3585427693962849e-02   8.3585422799992953e-02   4.8939698960026590e-09
   6.3671875000000000e-01   9.8871203326632628e-02   9.8871193184965539e-02   1.0141667089458295e-08
   6.4453125000000000e-01   1.2001976782122978e-01   1.2001975552422206e-01   1.2297007717654296e-08
   6.5234375000000000e-01   1.4798559627244756e-01   1.4798558389283434e-01   1.2379613223423291e-08
   6.6015625000000000e-01   1.8371820752645568e-01   1.8371819464897363e-01   1.2877482052919831e-08
   6.6796875000000000e-01   2.2812525797025660e-01   2.2812524197455766e-01   1.5995698932069757e-08
   6.7578125000000000e-01   2.8203502036715722e-01   2.8203499904119456e-01   2.1325962662466225e-08
   6.8359375000000000e-01   3.4615762493889418e-01   3.4615759987960698e-01   2.5059287200868141e-08
   6.9140625000000000e-01   4.2104453093572697e-01   4.2104450876286131e-01   2.2172865654646046e-08
   6.9921875000000000e-01   5.0704610461049959e-01   5.0704609395266897e-01   1.0657830618043818e-08
   7.0703125000000000e-01   6.0426786559340917e-01   6.0426787097757217e-01   5.3841630043294231e-09
   7.1484375000000000e-01   7.1252683802054739e-01   7.1252685535294413e-01   1.7332396740066258e-08
   7.2265625000000000e-01   8.3131037717931255e-01   8.3131039518592087e-01   1.8006608315523920e-08
   7.3046875000000000e-01   9.5974068150597280e-01   9.5974068978241167e-01   8.2764388675826694e-09
   7.3828125000000000e-01   1.0965487942394678e+00   1.0965487924693091e+00   1.7701586862983731e-09
   7.4609375000000000e-01   1.2400621179361704e+00   1.2400621189491019e+00   1.0129315164419950e-09
   8.7890625000000000e-01   2.2306679903866629e+00   2.2306679041693473e+00   8.6217315509173886e-08
   8.8671875000000000e-01   2.1165997612068166e+00   2.1165996675309868e+00   9.3675829759831686e-08
   8.9453125000000000e-01   1.9891835023956865e+00   1.9891833903248617e+00   1.1207082484254727e-07
   9.0234375000000000e-01   1.8516098282325091e+00   1.8516097013482606e+00   1.2688424844142787e-07
   9.1015625000000000e-01   1.7071373564742152e+00   1.7071372311872655e+00   1.2528694970370680e-07
   9.1796875000000000e-01   1.5589635378435323e+00   1.5589634301017929e+00   1.0774173930805375e-07
   9.2578125000000000e-01   1.4101076073127834e+00   1.4101075206728022e+00   8.6639981189406967e-08
   9.3359375000000000e-01   1.2633116039808390e+00   1.2633115293009121e+00   7.4679926909126948e-08
   9.4140625000000000e-01   1.1209638799998327e+00   1.1209638063197060e+00   7.3680126666531010e-08
   9.4921875000000000e-01   9.8504775842285874e-01   9.8504768481545479e-01   7.3607403949793593e-08
   9.5703125000000000e-01   8.5711614677967451e-01   8.5711608399710648e-01   6.2782568033270536e-08
   9.6484375000000000e-01   7.3829111119672808e-01   7.3829107255691939e-01   3.8639808686014021e-08
   9.7265625000000000e-01   6.2928580851661464e-01   6.2928579800410944e-01   1.0512505199677946e-08
   9.8046875000000000e-01   5.3044485995401569e-01   5.3044486856100026e-01   8.6069845695035951e-09
   9.8828125000000000e-01   4.4179831779744572e-01   4.4179833044800337e-01   1.2650557656979089e-08
   9.9609375000000000e-01   3.6312386608585318e-01   3.6312387295206733e-01   6.8662141528008647e-09
   7.5390625000000000e-01   1.3882092300768063e+00   1.3882092524110461e+00   2.2334239790922084e-08
   7.6171875000000000e-01   1.5385450686939470e+00   1.5385451228211662e+00   5.4127219151212103e-08
   7.6953125000000000e-01   1.6882983906909195e+00   1.6882984685716154e+00   7.7880695892318386e-08
   7.7734375000000000e-01   1.8344418717965556e+00   1.8344419492474864e+00   7.7450930779932037e-08
   7.8515625000000000e-01   1.9737834505536986e+00   1.9737835019173338e+00   5.1363635122925189e-08
   7.9296875000000000e-01   2.1030756714966059e+00   2.1030756871608181e+00   1.5664212149602008e-08
   8.0078125000000000e-01   2.2191380448015154e+00   2.2191380377993219e+00   7.0021934917008366e-09
   8.0859375000000000e-01   2.3189859859013486e+00   2.3189859818839320e+00   4.0174166215933838e-09
   8.1640625000000000e-01   2.3999589002828694e+00   2.3999589173486333e+00   1.7065763913137744e-08
   8.2421875000000000e-01   2.4598395506476010e+00   2.4598395843425642e+00   3.3694963263997124e-08
   8.3203125000000000e-01   2.4969570497008013e+00   2.4969570752167463e+00   2.5515944912513078e-08
   8.3984375000000000e-01   2.5102666544970771e+00   2.5102666442604411e+00   1.0236635983318365e-08
   8.4765625000000000e-01   2.4994009285298864e+00   2.4994008719390060e+00   5.6590880426199419e-08
   8.5546875000000000e-01   2.4646886795900613e+00   2.4646885890459469e+00   9.0544114428325884e-08
   8.6328125000000000e-01   2.4071402193235270e+00   2.4071401191421593e+00   1.0018136764600172e-07
   8.7109375000000000e-01   2.3283997626630368e+00   2.3283996699240150e+00   9.2739021795296139e-08
