#                  Coord.                Numerical               Analytical                    Error
   3.9062500000000000e-03   2.4074900000082593e+00   2.4074899959741884e+00   4.0340708551411808e-09
   1.1718750000000000e-02   2.3230405369483567e+00   2.3230405507716991e+00   1.3823342470686839e-08
   1.9531250000000000e-02   2.2344015269331186e+00   2.2344015483236528e+00   2.1390534232779146e-08
   2.7343750000000000e-02   2.1422942876638156e+00   2.1422943012074258e+00   1.3543610233313075e-08
   3.5156250000000000e-02   2.0474444665787348e+00   2.0474444649236538e+00   1.6550809611715067e-09
   4.2968750000000000e-02   1.9505717226896422e+00   1.9505717122235331e+00   1.0466109090501163e-08
   5.0781250000000000e-02   1.8523796910987367e+00   1.8523796863203568e+00   4.7783799139722305e-09
   5.8593750000000000e-02   1.7535465610603069e+00   1.7535465727005286e+00   1.1640221675435214e-08
   6.6406250000000000e-02   1.6547166447991868e+00   1.6547166711743919e+00   2.6375205131046187e-08
   7.4218750000000000e-02   1.5564933293216323e+00   1.5564933573530475e+00   2.8031415189033737e-08
   8.2031250000000000e-02   1.4594337658392331e+00   1.4594337806825888e+00   1.4843355655713708e-08
   8.9843750000000000e-02   1.3640455486740128e+00   1.3640455444819390e+00   4.1920737992029444e-09
   9.7656250000000000e-02   1.2707854672184282e+00   1.2707854512033139e+00   1.6015114345790948e-08
   1.0546875000000000e-01   1.1800601973266183e+00   1.1800601844148688e+00   1.2911749447397369e-08
   1.1328125000000000e-01   1.0922285598545487e+00   1.0922285620567749e+00   2.2022261791931896e-09
   1.2109375000000000e-01   1.0076047513831157e+00   1.0076047693767831e+00   1.7993667444926587e-08
   1.2890625000000000e-01   9.2646178560692505e-01   9.2646180816962409e-01   2.2562699042438794e-08
   1.3671875000000000e-01   8.4903431416451858e-01   8.4903432553451263e-01   1.1369994057375266e-08
   1.4453125000000000e-01   7.7552005594588236e-01   7.7552004598535296e-01   9.9605294012761192e-09
   1.5234375000000000e-01   7.0607927289785011e-01   7.0607924330602501e-01   2.9591825101427105e-08
   1.6015625000000000e-01   6.4083208227972155e-01   6.4083204537298588e-01   3.6906735667585622e-08
   1.6796875000000000e-01   5.7985385753496232e-01   5.7985382883114944e-01   2.8703812882113766e-08
   1.7578125000000000e-01   5.2316947480996390e-01   5.2316946455602586e-01   1.0253938032001031e-08
   1.8359375000000000e-01   4.7074762244565344e-01   4.7074763108605838e-01   8.6404049470800715e-09
   1.9140625000000000e-01   4.2249670503231029e-01   4.2249672473220401e-01   1.9699893716307315e-08
   1.9921875000000000e-01   3.7826395343099506e-01   3.7826397380684845e-01   2.0375853393428400e-08
   2.0703125000000000e-01   3.3783913627613549e-01   3.3783915039999773e-01   1.4123862246417929e-08
   2.1484375000000000e-01   3.0096374441148543e-01   3.0096375161534195e-01   7.2038565113174968e-09
   2.2265625000000000e-01   2.6734573050595434e-01   2.6734573494803171e-01   4.4420773726017160e-09
   2.3046875000000000e-01   2.3667893289049535e-01   2.3667893951087313e-01   6.6203777737694480e-09
   2.3828125000000000e-01   2.0866534407772994e-01   2.0866535478288775e-01   1.0705157815760202e-08
   2.4609375000000000e-01   1.8303757546266453e-01   1.8303758787784272e-01   1.2415178191060861e-08
   2.5390625000000000e-01   1.5957839420906306e-01   1.5957840335113138e-01   9.1420683245857504e-09
   2.6171875000000000e-01   1.3813420306751736e-01   1.3813420456839842e-01   1.5008810583250209e-09
   2.6953125000000000e-01   1.1861987036080653e-01   1.1861986304442852e-01   7.3163780034413151e-09
   2.7734375000000000e-01   1.0101337505979364e-01   1.0101336131401975e-01   1.3745773894124902e-08
   2.8515625000000000e-01   8.5340191825070522e-02   8.5340176018835978e-02   1.5806234543447317e-08
   2.9296875000000000e-01   7.1648995725720310e-02   7.1648981877385304e-02   1.3848335006505508e-08
   3.0078125000000000e-01   5.9981844097602537e-02   5.9981834353282755e-02   9.7443197816238225e-09
   3.0859375000000000e-01   5.0343207960368098e-02   5.0343202489071731e-02   5.4712963673542170e-09
   3.1640625000000000e-01   4.2672823976127858e-02   4.2672821877453082e-02   2.0986747756301938e-09
   3.2421875000000000e-01   3.6827154626459482e-02   3.6827154984382465e-02   3.5792298291870139e-10
   3.3203125000000000e-01   3.2573238386360337e-02   3.2573240841326609e-02   2.4549662719364207e-09
   3.3984375000000000e-01   2.9596986457793680e-02   2.9596991263300503e-02   4.8055068223307185e-09
   3.4765625000000000e-01   2.7525778787730999e-02   2.7525786463771528e-02   7.6760405288978095e-09
   3.5546875000000000e-01   2.5962872934810501e-02   2.5962883681437850e-02   1.0746627348429127e-08
   3.6328125000000000e-01   2.4529058539878891e-02   2.4529071507580845e-02   1.2967701953914279e-08
   3.7109375000000000e-01   2.2905540638512939e-02   2.2905553585005269e-02   1.2946492329579673e-08
   3.7890625000000000e-01   2.0871503002193117e-02   2.0871512836995395e-02   9.8348022781191702e-09
   3.8671875000000000e-01   1.8330325875658297e-02   1.8330330214199518e-02   4.3385412207275209e-09
   3.9453125000000000e-01   1.5319971868457787e-02   1.5319970586769108e-02   1.2816886788002968e-09
   4.0234375000000000e-01   1.2005388457727894e-02   1.2005383900355151e-02   4.5573727430747724e-09
   4.1015625000000000e-01   8.6535404478943253e-03   8.6535358728561627e-03   4.5750381625492276e-09
   4.1796875000000000e-01   5.5944290487131686e-03   5.5944264514241736e-03   2.5972889949876787e-09
   4.2578125000000000e-01   3.1737157061838841e-03   3.1737148721518709e-03   8.3403201315765396e-10
   4.3359375000000000e-01   1.7039604609966066e-03   1.7039601171193273e-03   3.4387727929942324e-10
   4.4140625000000000e-01   1.4217616302395163e-03   1.4217614419763202e-03   1.8826319604821340e-10
   4.4921875000000000e-01   2.4571896371789904e-03   2.4571909485855145e-03   1.3114065241723316e-09
   4.5703125000000000e-01   4.8199898649244821e-03   4.8199942924878180e-03   4.4275633359278088e-09
   4.6484375000000000e-01   8.4044092551204021e-03   8.4044165774170426e-03   7.3222966405495082e-09
   4.7265625000000000e-01   1.3011618344327560e-02   1.3011626091020492e-02   7.7466929312292043e-09
   4.8046875000000000e-01   1.8386031128217694e-02   1.8386036541235388e-02   5.4130176938005370e-09
   4.8828125000000000e-01   2.4259799981395009e-02   2.4259802486349444e-02   2.5049544348509922e-09
   4.9609375000000000e-01   3.0398695917326895e-02   3.0398697427446671e-02   1.5101197757549922e-09
   5.0390625000000000e-01   3.6642621028386300e-02   3.6642623548880079e-02   2.5204937789680137e-09
   5.1171875000000000e-01   4.2935096728764680e-02   4.2935099769172556e-02   3.0404078768531129e-09
   5.1953125000000000e-01   4.9338007508090934e-02   4.9338008210668589e-02   7.0257765577563802e-10
   5.2734375000000000e-01   5.6030299744683716e-02   5.6030295763635628e-02   3.9810480884083788e-09
   5.3515625000000000e-01   6.3291818774391703e-02   6.3291810923783207e-02   7.8506084966178946e-09
   5.4296875000000000e-01   7.1475610089665270e-02   7.1475601623703991e-02   8.4659612792359340e-09
   5.5078125000000000e-01   8.0973489854424707e-02   8.0973482649595918e-02   7.2048287891313123e-09
   5.5859375000000000e-01   9.2180315839125823e-02   9.2180307639403297e-02   8.1997225259700102e-09
   5.6640625000000000e-01   1.0546212628440431e-01   1.0546211228485791e-01   1.3999546397136520e-08
   5.7421875000000000e-01   1.2113226693978807e-01   1.2113224484849262e-01   2.2091295445725301e-08
   5.8203125000000000e-01   1.3943802720478249e-01   1.3943800048314459e-01   2.6721637902404893e-08
   5.8984375000000000e-01   1.6055845601668725e-01   1.6055843112140489e-01   2.4895282363379678e-08
   5.9765625000000000e-01   1.8461225073847648e-01   1.8461223027419341e-01   2.0464283073673428e-08
   6.0546875000000000e-01   2.1167318937829338e-01   2.1167316768032393e-01   2.1697969448952747e-08
   6.1328125000000000e-01   2.4178969706923994e-01   2.4178966386019460e-01   3.3209045346982435e-08
   6.2109375000000000e-01   2.7500488297789161e-01   2.7500483258185554e-01   5.0396036066491234e-08
   6.2890625000000000e-01   3.1137371460696267e-01   3.1137365255610477e-01   6.2050857896345235e-08
   6.3671875000000000e-01   3.5097479735523540e-01   3.5097473689842124e-01   6.0456814165998907e-08
   6.4453125000000000e-01   3.9391531499210353e-01   3.9391526574333968e-01   4.9248763844822463e-08
   6.5234375000000000e-01   4.4032886711750591e-01   4.4032882527129469e-01   4.1846211218388163e-08
   6.6015625000000000e-01   4.9036701001769495e-01   4.9036696024547660e-01   4.9772218346788577e-08
   6.6796875000000000e-01   5.4418611812854722e-01   5.4418604640298829e-01   7.1725558936641676e-08
   6.7578125000000000e-01   6.0193163018329521e-01   6.0193153670878974e-01   9.3474505469259839e-08
   6.8359375000000000e-01   6.6372181339625091e-01   6.6372171390225110e-01   9.9493999816679946e-08
   6.9140625000000000e-01   7.2963292237939681e-01   7.2963283547955615e-01   8.6899840656684546e-08
   6.9921875000000000e-01   7.9968714479301106e-01   7.9968707640230785e-01   6.8390703211740345e-08
   7.0703125000000000e-01   8.7384413474875144e-01   8.7384407303292577e-01   6.1715825672159497e-08
   7.1484375000000000e-01   9.5199633768834024e-01   9.5199626366053691e-01   7.4027803331766506e-08
   7.2265625000000000e-01   1.0339677983825504e+00   1.0339677027162819e+00   9.5666268462579751e-08
   7.3046875000000000e-01   1.1195157710602244e+00   1.1195156623330047e+00   1.0872721967203347e-07
   7.3828125000000000e-01   1.2083342571718858e+00   1.2083341545008628e+00   1.0267102301675379e-07
   7.4609375000000000e-01   1.3000585864926859e+00   1.3000585029371847e+00   8.3555501184662262e-08
   8.7890625000000000e-01   2.7589615415918760e+00   2.7589614964900653e+00   4.5101810730585612e-08
   8.8671875000000000e-01   2.8019714743804540e+00   2.8019714415454025e+00   3.2835051566593165e-08
   8.9453125000000000e-01   2.8365679648978390e+00   2.8365679718774217e+00   6.9795826895813207e-09
   9.0234375000000000e-01   2.8624239486284417e+00   2.8624239973860490e+00   4.8757607284954929e-08
   9.1015625000000000e-01   2.8792935004491902e+00   2.8792935649148399e+00   6.4465649707301509e-08
   9.1796875000000000e-01   2.8870155539151003e+00   2.8870155984855046e+00   4.4570404256205620e-08
   9.2578125000000000e-01   2.8855162518265076e+00   2.8855162568757966e+00   5.0492889869246937e-09
   9.3359375000000000e-01   2.8748099233490434e+00   2.8748098984559034e+00   2.4893139993764635e-08
   9.4140625000000000e-01   2.8549986964869976e+00   2.8549986721445615e+00   2.4342436066859818e-08
   9.4921875000000000e-01   2.8262707744788935e+00   2.8262707791417467e+00   4.6628532146542057e-09
   9.5703125000000000e-01   2.7888974320990942e+00   2.7888974721725353e+00   4.0073441009980115e-08
   9.6484375000000000e-01   2.7432288193560055e+00   2.7432288762645292e+00   5.6908523671239664e-08
   9.7265625000000000e-01   2.6896886813269969e+00   2.6896887265511942e+00   4.5224197275928191e-08
   9.8046875000000000e-01   2.6287681079886243e+00   2.6287681236834661e+00   1.5694841870583787e-08
   9.8828125000000000e-01   2.5610184169258159e+00   2.5610184067044686e+00   1.0221347324090857e-08
   9.9609375000000000e-01   2.4870432554117681e+00   2.4870432387208954e+00   1.6690872683966518e-08
   7.5390625000000000e-01   1.3942702992929397e+00   1.3942702316090096e+00   6.7683930016215754e-08
   7.6171875000000000e-01   1.4905018324405717e+00   1.4905017655374424e+00   6.6903129258832905e-08
   7.6953125000000000e-01   1.5882407805138705e+00   1.5882407028735250e+00   7.7640345486074125e-08
   7.7734375000000000e-01   1.6869337493846754e+00   1.6869336642778912e+00   8.5106784286637094e-08
   7.8515625000000000e-01   1.7859899955859091e+00   1.7859899180928642e+00   7.7493044869925143e-08
   7.9296875000000000e-01   1.8847851534744215e+00   1.8847850958633496e+00   5.7611071913044043e-08
   8.0078125000000000e-01   1.9826653879922997e+00   1.9826653475024298e+00   4.0489869901350062e-08
   8.0859375000000000e-01   2.0789522872690358e+00   2.0789522479175013e+00   3.9351534475429162e-08
   8.1640625000000000e-01   2.1729487285017255e+00   2.1729486761660914e+00   5.2335634048716884e-08
   8.2421875000000000e-01   2.2639458302496207e+00   2.2639457675069528e+00   6.2742667950033137e-08
   8.3203125000000000e-01   2.3512309648673488e+00   2.3512309112620953e+00   5.3605253569344313e-08
   8.3984375000000000e-01   2.4340966759629494e+00   2.4340966523786780e+00   2.3584271424681447e-08
   8.4765625000000000e-01   2.5118502556203510e+00   2.5118502651651973e+00   9.5448462467118134e-09
   8.5546875000000000e-01   2.5838236876206011e+00   2.5838237101787982e+00   2.2558197088073939e-08
   8.6328125000000000e-01   2.6493836538798901e+00   2.6493836600654772e+00   6.1855871535954066e-09
   8.7109375000000000e-01   2.7079413085668631e+00   2.7079412830098142e+00   2.5557048921598380e-08
