#                  Coord.                Numerical               Analytical                    Error
   3.9062500000000000e-03   5.9350193114342620e-01   5.9350192843358784e-01   2.7098383537094151e-09
   1.1718750000000000e-02   3.6416311039391958e-01   3.6416310668249169e-01   3.7114278872429907e-09
   1.9531250000000000e-02   1.3696255913093247e-01   1.3696255583737760e-01   3.2935548732737630e-09
   2.7343750000000000e-02  -6.8299067956983220e-02  -6.8299070033662951e-02   2.0766797309557106e-09
   3.5156250000000000e-02  -2.3678430114852603e-01  -2.3678430209444537e-01   9.4591934285404022e-10
   4.2968750000000000e-02  -3.5901638598798086e-01  -3.5901638656696810e-01   5.7898724703520088e-10
   5.0781250000000000e-02  -4.3072727194377552e-01  -4.3072727315735621e-01   1.2135806803925675e-09
   5.8593750000000000e-02  -4.5238185517399288e-01  -4.5238185765068151e-01   2.4766886319582682e-09
   6.6406250000000000e-02  -4.2856922528734315e-01  -4.2856922889521454e-01   3.6078713905318693e-09
   7.4218750000000000e-02  -3.6736798116660063e-01  -3.6736798486590394e-01   3.6993033081245130e-09
   8.2031250000000000e-02  -2.7969029911899312e-01  -2.7969030128915984e-01   2.1701667130002988e-09
   8.9843750000000000e-02  -1.7852328812825480e-01  -1.7852328712890275e-01   9.9935204556089730e-10
   9.7656250000000000e-02  -7.7947355266854063e-02  -7.7947350203291479e-02   5.0635625831185749e-09
   1.0546875000000000e-01   8.1615716514368102e-03   8.1615804088621506e-03   8.7574253404554270e-09
   1.1328125000000000e-01   6.7746309428408577e-02   6.7746320036539701e-02   1.0608131123523989e-08
   1.2109375000000000e-01   9.2362107935014731e-02   9.2362117501870719e-02   9.5668559879635851e-09
   1.2890625000000000e-01   7.8869107826517112e-02   7.8869113169477784e-02   5.3429606711175026e-09
   1.3671875000000000e-01   3.0640111438200709e-02   3.0640110153672968e-02   1.2845277411188682e-09
   1.4453125000000000e-01  -4.2118661233021805e-02  -4.2118669814979234e-02   8.5819574294210277e-09
   1.5234375000000000e-01  -1.2324479698772697e-01  -1.2324481143056502e-01   1.4442838050521267e-08
   1.6015625000000000e-01  -1.9280487313804703e-01  -1.9280489001632459e-01   1.6878277553367127e-08
   1.6796875000000000e-01  -2.3041846421192555e-01  -2.3041847899367607e-01   1.4781750518055858e-08
   1.7578125000000000e-01  -2.1925294796402561e-01  -2.1925295624895075e-01   8.2849251348271480e-09
   1.8359375000000000e-01  -1.4997573049724577e-01  -1.4997572940390680e-01   1.0933389749112621e-09
   1.9140625000000000e-01  -2.3829515266254830e-02  -2.3829504359338786e-02   1.0906916043940118e-08
   1.9921875000000000e-01   1.4595090437781341e-01   1.4595092275971402e-01   1.8381900612762792e-08
   2.0703125000000000e-01   3.3492234946457339e-01   3.3492237075802572e-01   2.1293452334703034e-08
   2.1484375000000000e-01   5.1056469196310561e-01   5.1056471052860386e-01   1.8565498249856205e-08
   2.2265625000000000e-01   6.3742956019307506e-01   6.3742957092342811e-01   1.0730353050547592e-08
   2.3046875000000000e-01   6.8351485005330936e-01   6.8351484980101584e-01   2.5229351940936340e-10
   2.3828125000000000e-01   6.2673443430248932e-01   6.2673442286850534e-01   1.1433983981845586e-08
   2.4609375000000000e-01   4.6022125016490861e-01   4.6022123034371532e-01   1.9821193297797635e-08
   2.5390625000000000e-01   1.9532407651357647e-01   1.9532405343379902e-01   2.3079777450307759e-08
   2.6171875000000000e-01  -1.3847448531803813e-01  -1.3847450566798161e-01   2.0349943480324484e-08
   2.6953125000000000e-01  -4.9694192579795748e-01  -4.9694193813933574e-01   1.2341378252678226e-08
   2.7734375000000000e-01  -8.2737881709339789e-01  -8.2737881835217653e-01   1.2587786368811749e-09
   2.8515625000000000e-01  -1.0768219486170474e+00  -1.0768219386772111e+00   9.9398362873870383e-09
   2.9296875000000000e-01  -1.2007820415564738e+00  -1.2007820232831501e+00   1.8273323743045466e-08
   3.0078125000000000e-01  -1.1709800854469057e+00  -1.1709800637783996e+00   2.1668506100525065e-08
   3.0859375000000000e-01  -9.8068698909744700e-01  -9.8068696971206748e-01   1.9385379523839674e-08
   3.1640625000000000e-01  -6.4667819415689798e-01  -6.4667818185835046e-01   1.2298547513722724e-08
   3.2421875000000000e-01  -2.0740940957523260e-01  -2.0740940710492384e-01   2.4703087631028353e-09
   3.3203125000000000e-01   2.8231394961017608e-01   2.8231394225885981e-01   7.3513162779370589e-09
   3.3984375000000000e-01   7.5929062525409707e-01   7.5929061061097314e-01   1.4643123935620395e-08
   3.4765625000000000e-01   1.1611770437191613e+00   1.1611770260712837e+00   1.7647877603721440e-08
   3.5546875000000000e-01   1.4355231174756535e+00   1.4355231015481693e+00   1.5927484220412680e-08
   3.6328125000000000e-01   1.5471526941495459e+00   1.5471526838818124e+00   1.0267733552282721e-08
   3.7109375000000000e-01   1.4827777119723340e+00   1.4827777094611589e+00   2.5111750456829895e-09
   3.7890625000000000e-01   1.2522371373023018e+00   1.2522371424820098e+00   5.1797079958504355e-09
   3.8671875000000000e-01   8.8632931358731881e-01   8.8632932438882761e-01   1.0801508798508053e-08
   3.9453125000000000e-01   4.3175261064974130e-01   4.3175262367724809e-01   1.3027506795548760e-08
   4.0234375000000000e-01  -5.5908726577118366e-02  -5.5908714935950558e-02   1.1641167807496799e-08
   4.1015625000000000e-01  -5.1998158873313649e-01  -5.1998158138412032e-01   7.3490161733857917e-09
   4.1796875000000000e-01  -9.1008736975725846e-01  -9.1008736817055091e-01   1.5867075431330591e-09
   4.2578125000000000e-01  -1.1880849226323167e+00  -1.1880849266426463e+00   4.0103296239379915e-09
   4.3359375000000000e-01  -1.3318616950992392e+00  -1.3318617030762321e+00   7.9769928440498461e-09
   4.4140625000000000e-01  -1.3366540854139641e+00  -1.3366540948713685e+00   9.4574044151585213e-09
   4.4921875000000000e-01  -1.2139741090533100e+00  -1.2139741173566649e+00   8.3033548925470768e-09
   4.5703125000000000e-01  -9.8855466328565644e-01  -9.8855466837532291e-01   5.0896664660626811e-09
   4.6484375000000000e-01  -6.9395499462530685e-01  -6.9395499544255468e-01   8.1724782496905846e-10
   4.7265625000000000e-01  -3.6757103091309717e-01  -3.6757102759158533e-01   3.3215118433460589e-09
   4.8046875000000000e-01  -4.5776002997100301e-02  -4.5775996677349856e-02   6.3197504451828479e-09
   4.8828125000000000e-01   2.4020139064059723e-01   2.4020139816335223e-01   7.5227550022649581e-09
   4.9609375000000000e-01   4.6723624453189516e-01   4.6723625133142832e-01   6.7995331587411556e-09
   5.0390625000000000e-01   6.2188763074914655e-01   6.2188763517814405e-01   4.4289975020816996e-09
   5.1171875000000000e-01   7.0058486584707991e-01   7.0058486690888599e-01   1.0618060874989510e-09
   5.1953125000000000e-01   7.0857593592679813e-01   7.0857593344065195e-01   2.4861461778158400e-09
   5.2734375000000000e-01   6.5792120092334416e-01   6.5792119555003381e-01   5.3733103522191072e-09
   5.3515625000000000e-01   5.6489478231173740e-01   5.6489477537335164e-01   6.9383857548288574e-09
   5.4296875000000000e-01   4.4718952479880475e-01   4.4718951798759210e-01   6.8112126494490610e-09
   5.5078125000000000e-01   3.2131321330772827e-01   3.2131320830839305e-01   4.9993352235766508e-09
   5.5859375000000000e-01   2.0051742713797649e-01   2.0051742525539210e-01   1.8825843939307418e-09
   5.6640625000000000e-01   9.3518554509708238e-02   9.3518556334027364e-02   1.8243191263200842e-09
   5.7421875000000000e-01   4.1561128527051036e-03   4.1561180909494887e-03   5.2382443851278770e-09
   5.8203125000000000e-01  -6.8006829533199420e-02  -6.8006822041930703e-02   7.4912687164641056e-09
   5.8984375000000000e-01  -1.2628962745238576e-01  -1.2628961950323722e-01   7.9491485338589740e-09
   5.9765625000000000e-01  -1.7500032733413176e-01  -1.7500032096505122e-01   6.3690805407468076e-09
   6.0546875000000000e-01  -2.1744661265478604e-01  -2.1744660964042067e-01   3.0143653684255867e-09
   6.1328125000000000e-01  -2.5430307034779359e-01  -2.5430307171132160e-01   1.3635280127211047e-09
   6.2109375000000000e-01  -2.8274832638624831e-01  -2.8274833207098765e-01   5.6847393459236173e-09
   6.2890625000000000e-01  -2.9665424095675980e-01  -2.9665424974179372e-01   8.7850339225425955e-09
   6.3671875000000000e-01  -2.8789720684289116e-01  -2.8789721660808842e-01   9.7651972619239302e-09
   6.4453125000000000e-01  -2.4860327649260217e-01  -2.4860328463705580e-01   8.1444536392805134e-09
   6.5234375000000000e-01  -1.7388695679551408e-01  -1.7388696101259860e-01   4.2170845149236413e-09
   6.6015625000000000e-01  -6.4458580133420554e-02  -6.4458578990683690e-02   1.1427368634686630e-09
   6.6796875000000000e-01   7.1588552292409499e-02   7.1588558821548132e-02   6.5291386325272427e-09
   6.7578125000000000e-01   2.1840948315184591e-01   2.1840949366709325e-01   1.0515247339526468e-08
   6.8359375000000000e-01   3.5381053997216061e-01   3.5381055186060989e-01   1.1888449280572644e-08
   6.9140625000000000e-01   4.5241491297635450e-01   4.5241492313150666e-01   1.0155152163626724e-08
   6.9921875000000000e-01   4.9017312662699775e-01   4.9017313218504138e-01   5.5580436364444097e-09
   7.0703125000000000e-01   4.4943547517089638e-01   4.4943547438483178e-01   7.8606460229835307e-10
   7.1484375000000000e-01   3.2357170696303156e-01   3.2357169966410421e-01   7.2989273514068032e-09
   7.2265625000000000e-01   1.2009247175241182e-01   1.2009245955920259e-01   1.2193209233957170e-08
   7.3046875000000000e-01  -1.3857562845355670e-01  -1.3857564258043450e-01   1.4126877806441840e-08
   7.3828125000000000e-01  -4.1710742539706552e-01  -4.1710743782127768e-01   1.2424212159078962e-08
   7.4609375000000000e-01  -6.7200007847203735e-01  -6.7200008590479843e-01   7.4327610732893845e-09
   8.7890625000000000e-01  -9.2772172002640363e-01  -9.2772170486709171e-01   1.5159311916868035e-08
   8.8671875000000000e-01  -1.2754592607401332e+00  -1.2754592492882166e+00   1.1451916526183936e-08
   8.9453125000000000e-01  -1.4792326558912443e+00  -1.4792326508800024e+00   5.0112418659153946e-09
   9.0234375000000000e-01  -1.5210534324228593e+00  -1.5210534347947786e+00   2.3719193276150463e-09
   9.1015625000000000e-01  -1.4036872519447228e+00  -1.4036872606905630e+00   8.7458402742157659e-09
   9.1796875000000000e-01  -1.1488851759128667e+00  -1.1488851884099323e+00   1.2497065604577529e-08
   9.2578125000000000e-01  -7.9316607895713065e-01  -7.9316609177699060e-01   1.2819859951385126e-08
   9.3359375000000000e-01  -3.8197865976605994e-01  -3.8197866962766347e-01   9.8616035337784069e-09
   9.4140625000000000e-01   3.6767461148732403e-02   3.6767456470097118e-02   4.6786352847494328e-09
   9.4921875000000000e-01   4.1882342947934859e-01   4.1882343065107175e-01   1.1717231629404523e-09
   9.5703125000000000e-01   7.2856002614588478e-01   7.2856003220974186e-01   6.0638570831272887e-09
   9.6484375000000000e-01   9.4221792955558914e-01   9.4221793836885281e-01   8.8132636744120418e-09
   9.7265625000000000e-01   1.0492244231882382e+00   1.0492244321233635e+00   8.9351253063085778e-09
   9.8046875000000000e-01   1.0516656869066605e+00   1.0516656936936550e+00   6.7869945219456440e-09
   9.8828125000000000e-01   9.6226153848019014e-01   9.6226154181470924e-01   3.3345191052802647e-09
   9.9609375000000000e-01   8.0135649250312835e-01   8.0135649232850814e-01   1.7462020718284066e-10
   7.5390625000000000e-01  -8.5834777077592905e-01  -8.5834777103879079e-01   2.6286173238077026e-10
   7.6171875000000000e-01  -9.3755337714794162e-01  -9.3755336984332172e-01   7.3046199089432662e-09
   7.6953125000000000e-01  -8.8459205965749210e-01  -8.8459204643540068e-01   1.3222091421738469e-08
   7.7734375000000000e-01  -6.9343913752885167e-01  -6.9343912157599985e-01   1.5952851817324643e-08
   7.8515625000000000e-01  -3.7954955441879945e-01  -3.7954953973710598e-01   1.4681693472073931e-08
   7.9296875000000000e-01   2.1217951468571562e-02   2.1217961159640211e-02   9.6910686489537490e-09
   8.0078125000000000e-01   4.5719865086251665e-01   4.5719865302034413e-01   2.1578274722600099e-09
   8.0859375000000000e-01   8.6835926218912873e-01   8.6835925618314802e-01   6.0059807127643694e-09
   8.1640625000000000e-01   1.1953630645735189e+00   1.1953630518231995e+00   1.2750319466903193e-08
   8.2421875000000000e-01   1.3887441636636100e+00   1.3887441473508899e+00   1.6312720063638153e-08
   8.3203125000000000e-01   1.4166467732852459e+00   1.4166467574827937e+00   1.5802452235647024e-08
   8.3984375000000000e-01   1.2698418156430538e+00   1.2698418043117756e+00   1.1331278138015932e-08
   8.4765625000000000e-01   9.6321739554811059e-01   9.6321739145632868e-01   4.0917819132957334e-09
   8.5546875000000000e-01   5.3355510837845666e-01   5.3355511244617637e-01   4.0677197166161250e-09
   8.6328125000000000e-01   3.4032769897634915e-02   3.4032780920433006e-02   1.1022798090953856e-08
   8.7109375000000000e-01  -4.7357883671639672e-01  -4.7357882166287685e-01   1.5053519875074528e-08
