#                  Coord.                Numerical               Analytical                    Error
   3.9062500000000000e-03   3.6896548393309936e-01   3.6896547920660139e-01   4.7264979707861698e-09
   1.1718750000000000e-02  -9.6913075714783539e-02  -9.6913080420878484e-02   4.7060949442956357e-09
   1.9531250000000000e-02  -5.2291498431142402e-01  -5.2291498744394571e-01   3.1325216864885874e-09
   2.7343750000000000e-02  -8.4815399029213234e-01  -8.4815398998861879e-01   3.0351354762814253e-10
   3.5156250000000000e-02  -1.0289658914943103e+00  -1.0289658862444344e+00   5.2498758673635848e-09
   4.2968750000000000e-02  -1.0453424320717637e+00  -1.0453424215330100e+00   1.0538753647537646e-08
   5.0781250000000000e-02  -9.0349915511172352e-01  -9.0349914061869552e-01   1.4493027999940011e-08
   5.8593750000000000e-02  -6.3415468478967230e-01  -6.3415466942715126e-01   1.5362521033068788e-08
   6.6406250000000000e-02  -2.8682544655277931e-01  -2.8682543450553061e-01   1.2047248698632274e-08
   7.4218750000000000e-02   7.8873291467385226e-02   7.8873295981128244e-02   4.5137430182418115e-09
   8.2031250000000000e-02   4.0340712836400805e-01   4.0340712247910770e-01   5.8849003448102621e-09
   8.9843750000000000e-02   6.3721198479590480e-01   6.3721196811502179e-01   1.6680883008213243e-08
   9.7656250000000000e-02   7.4858113139552962e-01   7.4858110662723831e-01   2.4768291306820345e-08
   1.0546875000000000e-01   7.2820802337454482e-01   7.2820799599313446e-01   2.7381410361293490e-08
   1.1328125000000000e-01   5.8966029424300226e-01   5.8966027134455357e-01   2.2898448692743045e-08
   1.2109375000000000e-01   3.6581040350582739e-01   3.6581039189093995e-01   1.1614887440725141e-08
   1.2890625000000000e-01   1.0198995013955615e-01   1.0198995437836948e-01   4.2388133281168194e-09
   1.3671875000000000e-01  -1.5277463107439188e-01  -1.5277461025215550e-01   2.0822236379558490e-08
   1.4453125000000000e-01  -3.5476163886576917e-01  -3.5476160530531409e-01   3.3560455081627083e-08
   1.5234375000000000e-01  -4.7310769155542581e-01  -4.7310765291512985e-01   3.8640295962899529e-08
   1.6015625000000000e-01  -4.9456136398675576e-01  -4.9456133006494313e-01   3.3921812636616977e-08
   1.6796875000000000e-01  -4.2466723349083285e-01  -4.2466721359662518e-01   1.9894207670123620e-08
   1.7578125000000000e-01  -2.8533174765900332e-01  -2.8533174806947731e-01   4.1047398813276459e-10
   1.8359375000000000e-01  -1.0943237884844509e-01  -1.0943240077372410e-01   2.1925279009016307e-08
   1.9140625000000000e-01   6.6313658458671834e-02   6.6313619466224383e-02   3.8992447451424717e-08
   1.9921875000000000e-01   2.0871546860792003e-01   2.0871542185231490e-01   4.6755605137560607e-08
   2.0703125000000000e-01   2.9423247563509042e-01   2.9423243293451939e-01   4.2700571023512879e-08
   2.1484375000000000e-01   3.1271095179992453e-01   3.1271092446874599e-01   2.7331178542588930e-08
   2.2265625000000000e-01   2.6814184402403696e-01   2.6814183969649708e-01   4.3275398819986322e-09
   2.3046875000000000e-01   1.7649982356258828e-01   1.7649984405712685e-01   2.0494538566229181e-08
   2.3828125000000000e-01   6.1328397826970658e-02   6.1328438381342651e-02   4.0554371992518323e-08
   2.4609375000000000e-01  -5.1833934862215637e-02  -5.1833884381610337e-02   5.0480605300051717e-08
   2.5390625000000000e-01  -1.4092158066767577e-01  -1.4092153325430509e-01   4.7413370674043165e-08
   2.6171875000000000e-01  -1.9155348887961407e-01  -1.9155345681068034e-01   3.2068933730755589e-08
   2.6953125000000000e-01  -1.9919687462175986e-01  -1.9919686622202346e-01   8.3997364064281044e-09
   2.7734375000000000e-01  -1.6900030037634370e-01  -1.6900031769361473e-01   1.7317271033823189e-08
   2.8515625000000000e-01  -1.1354916987068349e-01  -1.1354920816862922e-01   3.8297945731402550e-08
   2.9296875000000000e-01  -4.9236121803989681e-02  -4.9236170807484804e-02   4.9003495122823537e-08
   3.0078125000000000e-01   7.8122126137745353e-03   7.8121658313057129e-03   4.6782468822448298e-08
   3.0859375000000000e-01   4.5296288643812008e-02   4.5296256185904521e-02   3.2457907486738158e-08
   3.1640625000000000e-01   5.7043367100818809e-02   5.7043356916646352e-02   1.0184172456739748e-08
   3.2421875000000000e-01   4.3659038386721874e-02   4.3659052275639168e-02   1.3888917294035963e-08
   3.3203125000000000e-01   1.1563898008262699e-02   1.1563931244162861e-02   3.3235900162228993e-08
   3.3984375000000000e-01  -2.9178150458114165e-02  -2.9178107546925743e-02   4.2911188422034563e-08
   3.4765625000000000e-01  -6.7593024833711449e-02  -6.7592984076727827e-02   4.0756983621381693e-08
   3.5546875000000000e-01  -9.4382779182343488e-02  -9.4382751146223964e-02   2.8036119523178193e-08
   3.6328125000000000e-01  -1.0377323038956415e-01  -1.0377322157908964e-01   8.8104745166184273e-09
   3.7109375000000000e-01  -9.4279548355077625e-02  -9.4279559576569222e-02   1.1221491597046551e-08
   3.7890625000000000e-01  -6.8352447315148210e-02  -6.8352473879741485e-02   2.6564593275102411e-08
   3.8671875000000000e-01  -3.1148598639990605e-02  -3.1148632036815876e-02   3.3396825270537445e-08
   3.9453125000000000e-01   1.1143550540016365e-02   1.1143520057923734e-02   3.0482092631262114e-08
   4.0234375000000000e-01   5.2935078598626964e-02   5.2935059015092684e-02   1.9583534280331882e-08
   4.1015625000000000e-01   9.0412678318879822e-02   9.0412673792197154e-02   4.5266826675938177e-09
   4.1796875000000000e-01   1.2201967970476088e-01   1.2201968962299893e-01   9.9182380502993439e-09
   4.2578125000000000e-01   1.4821590005336194e-01   1.4821591973157086e-01   1.9678208923457063e-08
   4.3359375000000000e-01   1.7068432213143167e-01   1.7068434453423090e-01   2.2402799226828307e-08
   4.4140625000000000e-01   1.9127813883075917e-01   1.9127815699567388e-01   1.8164914711293889e-08
   4.4921875000000000e-01   2.1103370165375676e-01   2.1103371074315885e-01   9.0894020920995189e-09
   4.5703125000000000e-01   2.2951653553526397e-01   2.2951653416735587e-01   1.3679080923534315e-09
   4.6484375000000000e-01   2.4464612415394890e-01   2.4464611439336187e-01   9.7605870330585986e-09
   4.7265625000000000e-01   2.5300169573557457e-01   2.5300168211307683e-01   1.3622497740950479e-08
   4.8046875000000000e-01   2.5048753730088646e-01   2.5048752500526122e-01   1.2295625240188457e-08
   4.8828125000000000e-01   2.3316311777281479e-01   2.3316311092438244e-01   6.8484323489936827e-09
   4.9609375000000000e-01   1.9803283119263523e-01   1.9803283151296155e-01   3.2032632102385605e-10
   5.0390625000000000e-01   1.4363530987296103e-01   1.4363531641783861e-01   6.5448775843357510e-09
   5.1171875000000000e-01   7.0351035982922583e-02   7.0351045697794032e-02   9.7148714489625476e-09
   5.1953125000000000e-01  -1.9568946741409455e-02  -1.9568937794445122e-02   8.9469643325956749e-09
   5.2734375000000000e-01  -1.2218650535497437e-01  -1.2218650048679515e-01   4.8681792208515873e-09
   5.3515625000000000e-01  -2.3217697395331219e-01  -2.3217697477543553e-01   8.2212334162612422e-10
   5.4296875000000000e-01  -3.4316088689754776e-01  -3.4316089287090451e-01   5.9733567536746079e-09
   5.5078125000000000e-01  -4.4801770388314632e-01  -4.4801771271079838e-01   8.8276520537888814e-09
   5.5859375000000000e-01  -5.3917921164403393e-01  -5.3917922019337527e-01   8.5493413459758472e-09
   5.6640625000000000e-01  -6.0893896432127992e-01  -6.0893896980840811e-01   5.4871281962576290e-09
   5.7421875000000000e-01  -6.4983115012031711e-01  -6.4983115102445899e-01   9.0414187248200051e-10
   5.8203125000000000e-01  -6.5512262143476463e-01  -6.5512261792978721e-01   3.5049774194106931e-09
   5.8984375000000000e-01  -6.1942941670591589e-01  -6.1942941040444865e-01   6.3014672369021696e-09
   5.9765625000000000e-01  -5.3942450311676504e-01  -5.3942449636257794e-01   6.7541870985010632e-09
   6.0546875000000000e-01  -4.1455994878278174e-01  -4.1455994370961957e-01   5.0731621681343597e-09
   6.1328125000000000e-01  -2.4769610316897903e-01  -2.4769610097518494e-01   2.1937940908323128e-09
   6.2109375000000000e-01  -4.5519950958509324e-02  -4.5519951574752325e-02   6.1624300107254726e-10
   6.2890625000000000e-01   1.8135373308707498e-01   1.8135373076770800e-01   2.3193669762555658e-09
   6.3671875000000000e-01   4.1867476233505047e-01   4.1867475987198649e-01   2.4630639750000682e-09
   6.4453125000000000e-01   6.4927745934388270e-01   6.4927745804226067e-01   1.3016220323791572e-09
   6.5234375000000000e-01   8.5421446741569418e-01   8.5421446775851317e-01   3.4281899541355187e-10
   6.6015625000000000e-01   1.0142435975871358e+00   1.0142435990766221e+00   1.4894863120673563e-09
   6.6796875000000000e-01   1.1115639808582050e+00   1.1115639822717611e+00   1.4135561610117975e-09
   6.7578125000000000e-01   1.1316614849590203e+00   1.1316614849429274e+00   1.6092904786546569e-11
   6.8359375000000000e-01   1.0650952114247718e+00   1.0650952091394084e+00   2.2853634540354051e-09
   6.9140625000000000e-01   9.0903896203511425e-01   9.0903895761503661e-01   4.4200776372349537e-09
   6.9921875000000000e-01   6.6838695946411719e-01   6.6838695407219095e-01   5.3919262388291145e-09
   7.0703125000000000e-01   3.5624577951564668e-01   3.5624577498196974e-01   4.5336769338710781e-09
   7.1484375000000000e-01  -6.3317990457126081e-03  -6.3318009071201969e-03   1.8614075888295778e-09
   7.2265625000000000e-01  -3.9145834509328320e-01  -3.9145834319579487e-01   1.8974883331246417e-09
   7.3046875000000000e-01  -7.6637682292186393e-01  -7.6637681739222729e-01   5.5296366374690820e-09
   7.3828125000000000e-01  -1.0961908789708952e+00  -1.0961908711939892e+00   7.7769060080612462e-09
   7.4609375000000000e-01  -1.3471680201134786e+00  -1.3471680123490175e+00   7.7644610740890130e-09
   8.7890625000000000e-01  -3.8780783430008936e-01  -3.8780784146344172e-01   7.1633523557323997e-09
   8.8671875000000000e-01  -8.9802523153023528e-01  -8.9802523576393434e-01   4.2336990579983080e-09
   8.9453125000000000e-01  -1.3003863102856965e+00  -1.3003863105218523e+00   2.3615576161262197e-10
   9.0234375000000000e-01  -1.5457073932437055e+00  -1.5457073896647646e+00   3.5789409214004309e-09
   9.1015625000000000e-01  -1.6035454625472689e+00  -1.6035454564095211e+00   6.1377478655089135e-09
   9.1796875000000000e-01  -1.4667645396213929e+00  -1.4667645327789176e+00   6.8424752530660271e-09
   9.2578125000000000e-01  -1.1531370936479126e+00  -1.1531370878820819e+00   5.7658307017760535e-09
   9.3359375000000000e-01  -7.0359282252634747e-01  -7.0359281903329285e-01   3.4930546233269411e-09
   9.4140625000000000e-01  -1.7719331167932112e-01  -1.7719331077665734e-01   9.0266377705816581e-10
   9.4921875000000000e-01   3.5659968879142073e-01   3.5659968755764848e-01   1.2337722510302740e-09
   9.5703125000000000e-01   8.2735752816958974e-01   8.2735752570975174e-01   2.4598379999574149e-09
   9.6484375000000000e-01   1.1735033981565646e+00   1.1735033953439074e+00   2.8126572182429754e-09
   9.7265625000000000e-01   1.3510748085370430e+00   1.3510748058577788e+00   2.6792641438788678e-09
   9.8046875000000000e-01   1.3400819398120316e+00   1.3400819371772277e+00   2.6348039305901239e-09
   9.8828125000000000e-01   1.1474276092604432e+00   1.1474276062109987e+00   3.0494444747120042e-09
   9.9609375000000000e-01   8.0585097334498335e-01   8.0585096942151890e-01   3.9234644422236897e-09
   7.5390625000000000e-01  -1.4903244189620510e+00  -1.4903244136138523e+00   5.3481987727366231e-09
   7.6171875000000000e-01  -1.5049211368668836e+00  -1.5049211356781631e+00   1.1887204554028585e-09
   7.6953125000000000e-01  -1.3814571265386246e+00  -1.3814571299751468e+00   3.4365221779353305e-09
   7.7734375000000000e-01  -1.1237464087448288e+00  -1.1237464158089996e+00   7.0641708038721163e-09
   7.8515625000000000e-01  -7.4972248851865675e-01  -7.4972249704509475e-01   8.5264380000893425e-09
   7.9296875000000000e-01  -2.9072309003241970e-01  -2.9072309736731217e-01   7.3348924711780228e-09
   8.0078125000000000e-01   2.1083412186309716e-01   2.1083411801919044e-01   3.8439067207018951e-09
   8.0859375000000000e-01   7.0528336491058063e-01   7.0528336574302297e-01   8.3244233728407835e-10
   8.1640625000000000e-01   1.1407457137914232e+00   1.1407457189841739e+00   5.1927506738991269e-09
   8.2421875000000000e-01   1.4688736795312718e+00   1.4688736873814179e+00   7.8501460887281382e-09
   8.3203125000000000e-01   1.6506642774126667e+00   1.6506642854089706e+00   7.9963038412955711e-09
   8.3984375000000000e-01   1.6616195208638114e+00   1.6616195264880202e+00   5.6242088763980291e-09
   8.4765625000000000e-01   1.4955411542127313e+00   1.4955411557338820e+00   1.5211507609080854e-09
   8.5546875000000000e-01   1.1663525566356296e+00   1.1663525536288852e+00   3.0067444090065010e-09
   8.6328125000000000e-01   7.0754264435725789e-01   7.0754263780928051e-01   6.5479773825316556e-09
   8.7109375000000000e-01   1.6910728677785206e-01   1.6910727871491826e-01   8.0629337928517231e-09
