#                  Coord.                Numerical               Analytical                    Error
   3.9062500000000000e-03  -3.0750637337434078e-01  -3.0750638584586154e-01   1.2471520760559685e-08
   1.1718750000000000e-02   6.0047742169349314e-02   6.0047727815449335e-02   1.4353899978336582e-08
   1.9531250000000000e-02   4.0280053361419521e-01   4.0280052169694835e-01   1.1917246856008035e-08
   2.7343750000000000e-02   6.7435153289267880e-01   6.7435152675567345e-01   6.1370053483500442e-09
   3.5156250000000000e-02   8.3866896345451558e-01   8.3866896460391371e-01   1.1493981322274749e-09
   4.2968750000000000e-02   8.7474336298467414e-01   8.7474337066538344e-01   7.6807092908026675e-09
   5.0781250000000000e-02   7.7911473945794296e-01   7.7911475104730432e-01   1.1589361359476413e-08
   5.8593750000000000e-02   5.6603177062926613e-01   5.6603178243483054e-01   1.1805564414935077e-08
   6.6406250000000000e-02   2.6532192268325833e-01   2.6532193112075053e-01   8.4374922049157419e-09
   7.4218750000000000e-02  -8.1672756925766671e-02  -8.1672754340710127e-02   2.5850565438245710e-09
   8.2031250000000000e-02  -4.2753403728742484e-01  -4.2753404118104504e-01   3.8936202040318335e-09
   8.9843750000000000e-02  -7.2489439094868857e-01  -7.2489440001413064e-01   9.0654420636937516e-09
   9.7656250000000000e-02  -9.3251821670257484e-01  -9.3251822809712392e-01   1.1394549082055505e-08
   1.0546875000000000e-01  -1.0206238019052476e+00  -1.0206238121873905e+00   1.0282142914874726e-08
   1.1328125000000000e-01  -9.7481424096444236e-01  -9.7481424706757014e-01   6.1031277809320272e-09
   1.2109375000000000e-01  -7.9812384355564026e-01  -7.9812384372587797e-01   1.7023771281543532e-10
   1.2890625000000000e-01  -5.1087837616987186e-01  -5.1087837038509232e-01   5.7847795442711458e-09
   1.3671875000000000e-01  -1.4830705405785138e-01  -1.4830704399706215e-01   1.0060789229493494e-08
   1.4453125000000000e-01   2.4388242407351191e-01   2.4388243550712030e-01   1.1433608393396355e-08
   1.5234375000000000e-01   6.1547346507550138e-01   6.1547347470497127e-01   9.6294698881393970e-09
   1.6015625000000000e-01   9.1851207154884584e-01   9.1851207676504099e-01   5.2161951424878339e-09
   1.6796875000000000e-01   1.1139632747870285e+00   1.1139632743169960e+00   4.7003245740029342e-10
   1.7578125000000000e-01   1.1772807432343984e+00   1.1772807373778791e+00   5.8565192695425594e-09
   1.8359375000000000e-01   1.1020118408776907e+00   1.1020118313927518e+00   9.4849388343476448e-09
   1.9140625000000000e-01   9.0080836818047838e-01   9.0080835766463352e-01   1.0515844861558321e-08
   1.9921875000000000e-01   6.0358970179932059e-01   6.0358969298830578e-01   8.8110148066533611e-09
   2.0703125000000000e-01   2.5305499783676583e-01   2.5305499280530730e-01   5.0314585275934576e-09
   2.1484375000000000e-01  -1.0181191058765722e-01  -1.0181191087670477e-01   2.8904754978409386e-10
   2.2265625000000000e-01  -4.1324067715470292e-01  -4.1324067305485435e-01   4.0998485717480548e-09
   2.3046875000000000e-01  -6.4197001553949795e-01  -6.4197000843208052e-01   7.1074174323726425e-09
   2.3828125000000000e-01  -7.6313881023116581e-01  -7.6313880209668394e-01   8.1344818658735107e-09
   2.4609375000000000e-01  -7.6978777841090440e-01  -7.6978777117122454e-01   7.2396798556084718e-09
   2.5390625000000000e-01  -6.7338328614512311e-01  -6.7338328125980684e-01   4.8853162626372182e-09
   2.6171875000000000e-01  -5.0128217811027864e-01  -5.0128217625210236e-01   1.8581762795122359e-09
   2.6953125000000000e-01  -2.9158305553229341e-01  -2.9158305657394423e-01   1.0416508211541498e-09
   2.7734375000000000e-01  -8.6259715230656370e-02  -8.6259718490015000e-02   3.2593586302143152e-09
   2.8515625000000000e-01   7.6234774654189527e-02   7.6234770124579562e-02   4.5296099648872712e-09
   2.9296875000000000e-01   1.6762109821538673e-01   1.6762109331837730e-01   4.8970094368439021e-09
   3.0078125000000000e-01   1.7456945827175335e-01   1.7456945367981566e-01   4.5919376912006982e-09
   3.0859375000000000e-01   1.0079616383981346e-01   1.0079615997906015e-01   3.8607533142664963e-09
   3.1640625000000000e-01  -3.3854632971519770e-02  -3.3854635819127170e-02   2.8476073998806584e-09
   3.2421875000000000e-01  -1.9716184758928776e-01  -1.9716184916193746e-01   1.5726497049062260e-09
   3.3203125000000000e-01  -3.5044794945032365e-01  -3.5044794946090019e-01   1.0576539644091554e-11
   3.3984375000000000e-01  -4.5564205088539789e-01  -4.5564204905916161e-01   1.8262362733167947e-09
   3.4765625000000000e-01  -4.8227032237099043e-01  -4.8227031859821123e-01   3.7727792001618354e-09
   3.5546875000000000e-01  -4.1317456860290641e-01  -4.1317456311869954e-01   5.4842068664129329e-09
   3.6328125000000000e-01  -2.4797580834263747e-01  -2.4797580188007595e-01   6.4625615137092751e-09
   3.7109375000000000e-01  -3.6792603044275549e-03  -3.6792540517030306e-03   6.2527245243450269e-09
   3.7890625000000000e-01   2.8770198678368797e-01   2.8770199137282787e-01   4.5891399014230672e-09
   3.8671875000000000e-01   5.8412378176997248e-01   5.8412378337780946e-01   1.6078369746708177e-09
   3.9453125000000000e-01   8.4026428522740115e-01   8.4026428306019729e-01   2.1672038608144817e-09
   4.0234375000000000e-01   1.0149222590618363e+00   1.0149222531913384e+00   5.8704978656010098e-09
   4.1015625000000000e-01   1.0778105029641771e+00   1.0778104944194127e+00   8.5447644515568300e-09
   4.1796875000000000e-01   1.0145900895338265e+00   1.0145900801677408e+00   9.3660856848032381e-09
   4.2578125000000000e-01   8.2928797725030667e-01   8.2928796927658666e-01   7.9737200175955536e-09
   4.3359375000000000e-01   5.4369115641859356e-01   5.4369115185554751e-01   4.5630460521195459e-09
   4.4140625000000000e-01   1.9383756902392360e-01   1.9383756909882119e-01   7.4897588131506154e-11
   4.4921875000000000e-01  -1.7576626471948825e-01  -1.7576625988967479e-01   4.8298134658342207e-09
   4.5703125000000000e-01  -5.1917259680659633e-01  -5.1917258830029989e-01   8.5062964449988954e-09
   4.6484375000000000e-01  -7.9602529069995931e-01  -7.9602528048894527e-01   1.0211014034311461e-08
   4.7265625000000000e-01  -9.7737689720392207e-01  -9.7737688768366160e-01   9.5202604688537917e-09
   4.8046875000000000e-01  -1.0493150434460243e+00  -1.0493150367903674e+00   6.6556569144893274e-09
   4.8828125000000000e-01  -1.0138514255857012e+00  -1.0138514232595472e+00   2.3261539361385530e-09
   4.9609375000000000e-01  -8.8705364534374787e-01  -8.8705364776188833e-01   2.4181404656431482e-09
   5.0390625000000000e-01  -6.9492177245389142e-01  -6.9492177900929131e-01   6.5553998895850896e-09
   5.1171875000000000e-01  -4.6792397823939830e-01  -4.6792398749989994e-01   9.2605016432933951e-09
   5.1953125000000000e-01  -2.3532678012258051e-01  -2.3532679012895200e-01   1.0006371481408038e-08
   5.2734375000000000e-01  -2.0442511668938589e-02  -2.0442520476808172e-02   8.8078695829885145e-09
   5.3515625000000000e-01   1.6232469800970487e-01   1.6232469203141403e-01   5.9782908345962227e-09
   5.4296875000000000e-01   3.0816958928371130e-01   3.0816958717591730e-01   2.1077939948987989e-09
   5.5078125000000000e-01   4.2035008677667579e-01   4.2035008896360054e-01   2.1869247524008983e-09
   5.5859375000000000e-01   5.0694251382710265e-01   5.0694252006116680e-01   6.2340641537872443e-09
   5.6640625000000000e-01   5.7676200116820908e-01   5.7676201060868704e-01   9.4404779549250861e-09
   5.7421875000000000e-01   6.3548164174789290e-01   6.3548165297443870e-01   1.1226545804099430e-08
   5.8203125000000000e-01   6.8291352877810263e-01   6.8291353994820148e-01   1.1170098845880716e-08
   5.8984375000000000e-01   7.1213208720973142e-01   7.1213209620461715e-01   8.9948857251442860e-09
   5.9765625000000000e-01   7.1068769084178884e-01   7.1068769562375933e-01   4.7819704862561707e-09
   6.0546875000000000e-01   6.6367080124700684e-01   6.6367080023038050e-01   1.0166263386679475e-09
   6.1328125000000000e-01   5.5794967351907443e-01   5.5794966608660879e-01   7.4324656429425318e-09
   6.2109375000000000e-01   3.8661300779637864e-01   3.8661299461489457e-01   1.3181484070923233e-08
   6.2890625000000000e-01   1.5256668413354399e-01   1.5256666735662200e-01   1.6776921990535598e-08
   6.3671875000000000e-01  -1.2961975668114165e-01  -1.2961977371906044e-01   1.7037918798035179e-08
   6.4453125000000000e-01  -4.3417527026582481e-01  -4.3417528358296781e-01   1.3317142999458298e-08
   6.5234375000000000e-01  -7.2698295712338068e-01  -7.2698296310298294e-01   5.9796022577884855e-09
   6.6015625000000000e-01  -9.7041219346498053e-01  -9.7041218980422128e-01   3.6607592512893916e-09
   6.6796875000000000e-01  -1.1292856855951496e+00  -1.1292856721969673e+00   1.3398182341362030e-08
   6.7578125000000000e-01  -1.1768823049048223e+00  -1.1768822841281155e+00   2.0776706799452427e-08
   6.8359375000000000e-01  -1.0998404943376807e+00  -1.0998404707309439e+00   2.3606736787584737e-08
   6.9140625000000000e-01  -9.0102031410122219e-01  -9.0102029332715217e-01   2.0774070019768942e-08
   6.9921875000000000e-01  -5.9976427319690195e-01  -5.9976426068539279e-01   1.2511509162038692e-08
   7.0703125000000000e-01  -2.2948793860756689e-01  -2.2948793799177625e-01   6.1579064070116374e-10
   7.1484375000000000e-01   1.6697115502419704e-01   1.6697114294774140e-01   1.2076455641052419e-08
   7.2265625000000000e-01   5.4341538778544918e-01   5.4341536554181757e-01   2.2243631603302561e-08
   7.3046875000000000e-01   8.5670106690274450e-01   8.5670103976482326e-01   2.7137921243536312e-08
   7.3828125000000000e-01   1.0724329281289664e+00   1.0724329029068018e+00   2.5222164579119521e-08
   7.4609375000000000e-01   1.1690621646686610e+00   1.1690621478489689e+00   1.6819692083558380e-08
   8.7890625000000000e-01   6.0727394967278314e-01   6.0727397287230089e-01   2.3199517751315568e-08
   8.8671875000000000e-01   9.0246039690081448e-01   9.0246041321179205e-01   1.6310977568601004e-08
   8.9453125000000000e-01   1.1134082184779821e+00   1.1134082238647949e+00   5.3868127736222959e-09
   9.0234375000000000e-01   1.2132775918952268e+00   1.2132775854351159e+00   6.4601108906714444e-09
   9.1015625000000000e-01   1.1862323224872824e+00   1.1862323064596507e+00   1.6027631666304387e-08
   9.1796875000000000e-01   1.0306409910064824e+00   1.0306409701788390e+00   2.0827643387733019e-08
   9.2578125000000000e-01   7.6059962112245061e-01   7.6059960130434812e-01   1.9818102492408229e-08
   9.3359375000000000e-01   4.0527652015014831e-01   4.0527650662525072e-01   1.3524897590766471e-08
   9.4140625000000000e-01   5.9336648518818324e-03   5.9336609136796167e-03   3.9382022157252727e-09
   9.4921875000000000e-01  -3.8910151976290636e-01  -3.8910151358809975e-01   6.1748066104705401e-09
   9.5703125000000000e-01  -7.3084218402821222e-01  -7.3084217005401320e-01   1.3974199020161393e-08
   9.6484375000000000e-01  -9.7646328843681285e-01  -9.7646327098889829e-01   1.7447914557600086e-08
   9.7265625000000000e-01  -1.0954559485986710e+00  -1.0954559327554054e+00   1.5843265588344480e-08
   9.8046875000000000e-01  -1.0741124369964867e+00  -1.0741124270783549e+00   9.9181318713448263e-09
   9.8828125000000000e-01  -9.1760386307689368e-01  -9.1760386150635842e-01   1.5705352574002518e-09
   9.9609375000000000e-01  -6.4930932746323222e-01  -6.4930933412474179e-01   6.6615095661859414e-09
   7.5390625000000000e-01   1.1398618448892379e+00   1.1398618409971275e+00   3.8921104117406458e-09
   7.6171875000000000e-01   9.9267763975985612e-01   9.9267765002024499e-01   1.0260388871863313e-08
   7.6953125000000000e-01   7.4775470926413523e-01   7.4775473112478730e-01   2.1860652066330033e-08
   7.7734375000000000e-01   4.3423969101983567e-01   4.3423971887855289e-01   2.7858717221995732e-08
   7.8515625000000000e-01   8.6095874423709695e-02   8.6095901039872746e-02   2.6616163051329522e-08
   7.9296875000000000e-01  -2.6186345846837106e-01  -2.6186343997588252e-01   1.8492488540466923e-08
   8.0078125000000000e-01  -5.7729539067804292e-01  -5.7729538504659150e-01   5.6314514162991713e-09
   8.0859375000000000e-01  -8.3273297541750879e-01  -8.3273298394143713e-01   8.5239283409421773e-09
   8.1640625000000000e-01  -1.0070739276724350e+00  -1.0070739479224813e+00   2.0250046306458103e-08
   8.2421875000000000e-01  -1.0863519663612977e+00  -1.0863519928176413e+00   2.6456343560354867e-08
   8.3203125000000000e-01  -1.0640797602976690e+00  -1.0640797859096407e+00   2.5611971654626586e-08
   8.3984375000000000e-01  -9.4141680140487993e-01  -9.4141681946367650e-01   1.8058796569242475e-08
   8.4765625000000000e-01  -7.2727934909143510e-01  -7.2727935507179509e-01   5.9803599850027922e-09
   8.5546875000000000e-01  -4.3832658181592854e-01  -4.3832657449439993e-01   7.3215286056083073e-09
   8.6328125000000000e-01  -9.8594518751020585e-02  -9.8594500501480928e-02   1.8249539657233527e-08
   8.7109375000000000e-01   2.6153131151233050e-01   2.6153133551923252e-01   2.4006902021866949e-08
