#                  Coord.                Numerical               Analytical                    Error
   3.9062500000000000e-03  -2.6074174754998225e-01  -2.6074174875087097e-01   1.2008887217973552e-09
   1.1718750000000000e-02  -5.6795443153434289e-01  -5.6795443023584502e-01   1.2984978647878620e-09
   1.9531250000000000e-02  -7.7818311698578257e-01  -7.7818311335582824e-01   3.6299543371143272e-09
   2.7343750000000000e-02  -8.6397946168308137e-01  -8.6397945650669139e-01   5.1763899833190408e-09
   3.5156250000000000e-02  -8.1629208045650414e-01  -8.1629207503634826e-01   5.4201558796762583e-09
   4.2968750000000000e-02  -6.4530198634624880e-01  -6.4530198213004597e-01   4.2162028313086353e-09
   5.0781250000000000e-02  -3.7831852018568812e-01  -3.7831851844386011e-01   1.7418280151559884e-09
   5.8593750000000000e-02  -5.5171248429816938e-02  -5.5171249834954431e-02   1.4051374924717308e-09
   6.6406250000000000e-02   2.7805383224020930e-01   2.7805382780259258e-01   4.4376167185333770e-09
   7.4218750000000000e-02   5.7584208077980337e-01   5.7584207429056766e-01   6.4892357043433435e-09
   8.2031250000000000e-02   7.9951956916109890e-01   7.9951956220540499e-01   6.9556939097381587e-09
   8.9843750000000000e-02   9.2202102894672866e-01   9.2202102336953817e-01   5.5771904872159439e-09
   9.7656250000000000e-02   9.3055602631048118e-01   9.3055602367743684e-01   2.6330443381183954e-09
   1.0546875000000000e-01   8.2699885990904509e-01   8.2699886111440113e-01   1.2053560372038419e-09
   1.1328125000000000e-01   6.2624291540972588e-01   6.2624292033473761e-01   4.9250117317711783e-09
   1.2109375000000000e-01   3.5307905667881345e-01   3.5307906423276814e-01   7.5539546839920035e-09
   1.2890625000000000e-01   3.8321908375879551e-02   3.8321916660958993e-02   8.2850794419497831e-09
   1.3671875000000000e-01  -2.8510070725421777e-01  -2.8510070038396979e-01   6.8702479816273865e-09
   1.4453125000000000e-01  -5.8553758897245800e-01  -5.8553758539961231e-01   3.5728456859729363e-09
   1.5234375000000000e-01  -8.3517480146707346e-01  -8.3517480225082474e-01   7.8375128609309286e-10
   1.6015625000000000e-01  -1.0117243304747743e+00  -1.0117243355871735e+00   5.1123991706703009e-09
   1.6796875000000000e-01  -1.0994076795031682e+00  -1.0994076877485330e+00   8.2453648353464359e-09
   1.7578125000000000e-01  -1.0895042892496920e+00  -1.0895042985935723e+00   9.3438803361323153e-09
   1.8359375000000000e-01  -9.8071372767211229e-01  -9.8071373571845388e-01   8.0463415930154270e-09
   1.9140625000000000e-01  -7.7945567974178054e-01  -7.7945568442457946e-01   4.6827989264031089e-09
   1.9921875000000000e-01  -5.0005299350060484e-01  -5.0005299357073718e-01   7.0132344376361289e-11
   2.0703125000000000e-01  -1.6457606528722404e-01  -1.6457606068416988e-01   4.6030541600572406e-09
   2.1484375000000000e-01   1.9796580460046848e-01   1.9796581278613024e-01   8.1856617595299497e-09
   2.2265625000000000e-01   5.5337709316385864e-01   5.5337710291326925e-01   9.7494106121587265e-09
   2.3046875000000000e-01   8.6511564956456199e-01   8.6511565850388461e-01   8.9393226154754757e-09
   2.3828125000000000e-01   1.0981168128894037e+00   1.0981168188314634e+00   5.9420597331438785e-09
   2.4609375000000000e-01   1.2232151707673926e+00   1.2232151722991089e+00   1.5317163093442332e-09
   2.5390625000000000e-01   1.2215274916171821e+00   1.2215274883727449e+00   3.2444371633744140e-09
   2.6171875000000000e-01   1.0880174709624666e+00   1.0880174637303766e+00   7.2320900379452269e-09
   2.6953125000000000e-01   8.3347775015565284e-01   8.3347774073670233e-01   9.4189505084329994e-09
   2.7734375000000000e-01   4.8435359503329867e-01   4.8435358567527215e-01   9.3580265203563329e-09
   2.8515625000000000e-01   8.0171592019182836e-02   8.0171584938581994e-02   7.0806008417578781e-09
   2.9296875000000000e-01  -3.3123524037736707e-01  -3.3123524357784523e-01   3.2004781602701371e-09
   3.0078125000000000e-01  -7.0008301213202151e-01  -7.0008301077914381e-01   1.3528776987570268e-09
   3.0859375000000000e-01  -9.8160720443192717e-01  -9.8160719897726567e-01   5.4546615002593057e-09
   3.1640625000000000e-01  -1.1425049516422707e+00  -1.1425049434633643e+00   8.1789064410031642e-09
   3.2421875000000000e-01  -1.1657427930510884e+00  -1.1657427841412125e+00   8.9098759481487377e-09
   3.3203125000000000e-01  -1.0528754751360592e+00  -1.0528754675719745e+00   7.5640846919355909e-09
   3.3984375000000000e-01  -8.2344774642035390e-01  -8.2344774193641579e-01   4.4839381097006026e-09
   3.4765625000000000e-01  -5.1157203807512508e-01  -5.1157203760517400e-01   4.6995107805258840e-10
   3.5546875000000000e-01  -1.6028881158311895e-01  -1.6028881510119974e-01   3.5180807989032559e-09
   3.6328125000000000e-01   1.8527964899823016e-01   1.8527964250591814e-01   6.4923120213222774e-09
   3.7109375000000000e-01   4.8475953946684053e-01   4.8475953164812446e-01   7.8187160634790587e-09
   3.7890625000000000e-01   7.0814234910021878e-01   7.0814234188870817e-01   7.2115106108938676e-09
   3.8671875000000000e-01   8.3924812622569722e-01   8.3924812128086035e-01   4.9448368732996073e-09
   3.9453125000000000e-01   8.7653329734025487e-01   8.7653329572610039e-01   1.6141544767478422e-09
   4.0234375000000000e-01   8.3127022630749203e-01   8.3127022821193497e-01   1.9044429366843474e-09
   4.1015625000000000e-01   7.2363691256706697e-01   7.2363691734093383e-01   4.7738668573771292e-09
   4.1796875000000000e-01   5.7764369903637180e-01   5.7764370533629028e-01   6.2999184757828175e-09
   4.2578125000000000e-01   4.1601101118353317e-01   4.1601101739473278e-01   6.2111996101954503e-09
   4.3359375000000000e-01   2.5606252302904037e-01   2.5606252763745257e-01   4.6084122073963840e-09
   4.4140625000000000e-01   1.0742687983037848e-01   1.0742688185542512e-01   2.0250466442606196e-09
   4.4921875000000000e-01  -2.8089636205052591e-02  -2.8089637061247185e-02   8.5619459438968093e-10
   4.5703125000000000e-01  -1.5459202298635608e-01  -1.5459202625791227e-01   3.2715561926188741e-09
   4.6484375000000000e-01  -2.7873122191580707e-01  -2.7873122660092886e-01   4.6851217905263809e-09
   4.7265625000000000e-01  -4.0578092033256702e-01  -4.0578092513904479e-01   4.8064777713463513e-09
   4.8046875000000000e-01  -5.3616142351137908e-01  -5.3616142729203786e-01   3.7806587860345076e-09
   4.8828125000000000e-01  -6.6330110797070363e-01  -6.6330110995866154e-01   1.9879579093995403e-09
   4.9609375000000000e-01  -7.7341732993066947e-01  -7.7341732994468559e-01   1.4016121596682751e-11
   5.0390625000000000e-01  -8.4736506463474115e-01  -8.4736506295253278e-01   1.6822083725998027e-09
   5.1171875000000000e-01  -8.6423681395958662e-01  -8.6423681121712348e-01   2.7424631454664450e-09
   5.1953125000000000e-01  -8.0599931519874846e-01  -8.0599931221048526e-01   2.9882631924493808e-09
   5.2734375000000000e-01  -6.6220279894215728e-01  -6.6220279638824819e-01   2.5539090842130463e-09
   5.3515625000000000e-01  -4.3374612397178036e-01  -4.3374612226251985e-01   1.7092605109070291e-09
   5.4296875000000000e-01  -1.3483441179502562e-01  -1.3483441100092605e-01   7.9409956388332148e-10
   5.5078125000000000e-01   2.0740738732698943e-01   2.0740738737903022e-01   5.2040788345308897e-11
   5.5859375000000000e-01   5.5576581225494082e-01   5.5576581184996587e-01   4.0497494246949373e-10
   5.6640625000000000e-01   8.6785439848638180e-01   8.6785439785223384e-01   6.3414795636873578e-10
   5.7421875000000000e-01   1.1023510223262807e+00   1.1023510215474908e+00   7.7878992144064796e-10
   5.8203125000000000e-01   1.2255255680411299e+00   1.2255255670508625e+00   9.9026742361729703e-10
   5.8984375000000000e-01   1.2169374406538238e+00   1.2169374393287222e+00   1.3251015840154423e-09
   5.9765625000000000e-01   1.0732894630118879e+00   1.0732894612942208e+00   1.7176671196494908e-09
   6.0546875000000000e-01   8.0971012577114210e-01   8.0971012378927187e-01   1.9818702234886132e-09
   6.1328125000000000e-01   4.5815283800995671e-01   4.5815283612819374e-01   1.8817629676703973e-09
   6.2109375000000000e-01   6.3079939254046744e-02   6.3079938012633383e-02   1.2414133609972566e-09
   6.2890625000000000e-01  -3.2493882013847597e-01  -3.2493882017275810e-01   3.4282132688190359e-11
   6.3671875000000000e-01  -6.5671689043693182e-01  -6.5671688888981028e-01   1.5471215419893269e-09
   6.4453125000000000e-01  -8.9182684558759839e-01  -8.9182684248315747e-01   3.1044409265490458e-09
   6.5234375000000000e-01  -1.0046494834040001e+00  -1.0046494792430023e+00   4.1609977685652666e-09
   6.6015625000000000e-01  -9.8808207372448631e-01  -9.8808206943568433e-01   4.2888019802234112e-09
   6.6796875000000000e-01  -8.5426873425621397e-01  -8.5426873096530642e-01   3.2909075464715443e-09
   6.7578125000000000e-01  -6.3221198139092072e-01  -6.3221198010417823e-01   1.2867424903362235e-09
   6.8359375000000000e-01  -3.6265613316267420e-01  -3.6265613445745487e-01   1.2947806715679633e-09
   6.9140625000000000e-01  -9.1106973577836162e-02  -9.1106977390500832e-02   3.8126646700886724e-09
   6.9921875000000000e-01   1.3981877837972939e-01   1.3981877280813207e-01   5.5715973223957604e-09
   7.0703125000000000e-01   2.9739930923721153e-01   2.9739930321421132e-01   6.0230002096872681e-09
   7.1484375000000000e-01   3.6396679195528037e-01   3.6396678701098550e-01   4.9442948624189853e-09
   7.2265625000000000e-01   3.3934739862364133e-01   3.3934739609301373e-01   2.5306275963643543e-09
   7.3046875000000000e-01   2.4019763046453960e-01   2.4019763111451517e-01   6.4997557336354816e-10
   7.3828125000000000e-01   9.6407717324270281e-02   9.6407721118043757e-02   3.7937734759241337e-09
   7.4609375000000000e-01  -5.4738154951805298e-02  -5.4738148868189077e-02   6.0836162218969037e-09
   8.7890625000000000e-01  -1.0170437224468336e+00  -1.0170437240733043e+00   1.6264707358715214e-09
   8.8671875000000000e-01  -1.1925081360135106e+00  -1.1925081394082415e+00   3.3947309407977855e-09
   8.9453125000000000e-01  -1.2398735437598536e+00  -1.2398735478248475e+00   4.0649938970460653e-09
   9.0234375000000000e-01  -1.1498927724757149e+00  -1.1498927760328892e+00   3.5571743328688399e-09
   9.1015625000000000e-01  -9.3039145482413199e-01  -9.3039145687084768e-01   2.0467156858217095e-09
   9.1796875000000000e-01  -6.0573945914602678e-01  -6.0573945918535266e-01   3.9325875889062445e-11
   9.2578125000000000e-01  -2.1417510898529923e-01  -2.1417510707629828e-01   1.9090009573119460e-09
   9.3359375000000000e-01   1.9677833450564786e-01   1.9677833772734030e-01   3.2216924406025527e-09
   9.4140625000000000e-01   5.7630555852262844e-01   5.7630556210327977e-01   3.5806513309921684e-09
   9.4921875000000000e-01   8.7697509624709258e-01   8.7697509911225913e-01   2.8651665484602518e-09
   9.5703125000000000e-01   1.0612149907830832e+00   1.0612149920784202e+00   1.2953369488144517e-09
   9.6484375000000000e-01   1.1066587745470409e+00   1.1066587738082752e+00   7.3876571526909629e-10
   9.7265625000000000e-01   1.0095250619979854e+00   1.0095250593574430e+00   2.6405424513598064e-09
   9.8046875000000000e-01   7.8543229591032848e-01   7.8543229201250619e-01   3.8978222871577373e-09
   9.8828125000000000e-01   4.6741189251998833e-01   4.6741188842526710e-01   4.0947212287534285e-09
   9.9609375000000000e-01   1.0131711185859087e-01   1.0131710870604403e-01   3.1525468346949026e-09
   7.5390625000000000e-01  -1.7556933021568780e-01  -1.7556932332796085e-01   6.8877269443490263e-09
   7.6171875000000000e-01  -2.3494618884810242e-01  -2.3494618285503921e-01   5.9930632123617045e-09
   7.6953125000000000e-01  -2.1388050465835573e-01  -2.1388050108770174e-01   3.5706539947000238e-09
   7.7734375000000000e-01  -1.0891791160615097e-01  -1.0891791130609302e-01   3.0005795070842112e-10
   7.8515625000000000e-01   6.7234152266513095e-02   6.7234149274745858e-02   2.9917672367263393e-09
   7.9296875000000000e-01   2.8785394938534259e-01   2.8785394394899327e-01   5.4363493151576847e-09
   8.0078125000000000e-01   5.1667694956822563e-01   5.1667694310659640e-01   6.4616292316799218e-09
   8.0859375000000000e-01   7.1387471625332233e-01   7.1387471043535411e-01   5.8179682183023829e-09
   8.1640625000000000e-01   8.4252318021975658e-01   8.4252317645625741e-01   3.7634991789659011e-09
   8.2421875000000000e-01   8.7452514068566700e-01   8.7452513981752122e-01   8.6814577748839383e-10
   8.3203125000000000e-01   7.9510285897100730e-01   7.9510286102069794e-01   2.0496906394384951e-09
   8.3984375000000000e-01   6.0525121735707721e-01   6.0525122161850753e-01   4.2614303197296977e-09
   8.4765625000000000e-01   3.2188000338361678e-01   3.2188000859132243e-01   5.2077056555965839e-09
   8.5546875000000000e-01  -2.4285598409990162e-02  -2.4285593661959294e-02   4.7480308677794181e-09
   8.6328125000000000e-01  -3.9268402851897322e-01  -3.9268402544441683e-01   3.0745563872613957e-09
   8.7109375000000000e-01  -7.3819909705035047e-01  -7.3819909631147729e-01   7.3887318485788001e-10
