#                  Coord.                Numerical               Analytical                    Error
   3.9062500000000000e-03   5.7371446077306198e-01   5.7371444173917407e-01   1.9033887910246960e-08
   1.1718750000000000e-02   5.4784993966213558e-01   5.4784992244814990e-01   1.7213985681330257e-08
   1.9531250000000000e-02   5.2935177401808020e-01   5.2935176289764829e-01   1.1120431908651085e-08
   2.7343750000000000e-02   5.1732292479346942e-01   5.1732291836384270e-01   6.4296267199281942e-09
   3.5156250000000000e-02   5.1038406102377165e-01   5.1038405389079244e-01   7.1329792072916121e-09
   4.2968750000000000e-02   5.0675733679520552e-01   5.0675732439907539e-01   1.2396130122382942e-08
   5.0781250000000000e-02   5.0438988906476789e-01   5.0438987132098034e-01   1.7743787550372758e-08
   5.8593750000000000e-02   5.0110875921991316e-01   5.0110874006754036e-01   1.9152372798814099e-08
   6.6406250000000000e-02   4.9479552362722790e-01   4.9479550716813853e-01   1.6459089369202928e-08
   7.4218750000000000e-02   4.8356639223154546e-01   4.8356637933833951e-01   1.2893205947328568e-08
   8.2031250000000000e-02   4.6594219939011577e-01   4.6594218749625149e-01   1.1893864282352951e-08
   8.9843750000000000e-02   4.4099275959946893e-01   4.4099274573901098e-01   1.3860457948045024e-08
   9.7656250000000000e-02   4.0844156768338896e-01   4.0844155144728922e-01   1.6236099742439336e-08
   1.0546875000000000e-01   3.6871971643717116e-01   3.6871970019210315e-01   1.6245068013009956e-08
   1.1328125000000000e-01   3.2296198199380133e-01   3.2296196849044101e-01   1.3503360318800617e-08
   1.2109375000000000e-01   2.7294295164461513e-01   2.7294294150868992e-01   1.0135925210263963e-08
   1.2890625000000000e-01   2.2095640328740246e-01   2.2095639496065131e-01   8.3267511497009394e-09
   1.3671875000000000e-01   1.6964639320143485e-01   1.6964638482556779e-01   8.3758670554878734e-09
   1.4453125000000000e-01   1.2180315681105652e-01   1.2180314825960997e-01   8.5514465508751414e-09
   1.5234375000000000e-01   8.0140514864137397e-02   8.0140507641196790e-02   7.2229406067325641e-09
   1.6015625000000000e-01   4.7073624422032952e-02   4.7073619806343427e-02   4.6156895250337726e-09
   1.6796875000000000e-01   2.4516379975939796e-02   2.4516377330680694e-02   2.6452591020409422e-09
   1.7578125000000000e-01   1.3716463252925323e-02   1.3716460417905901e-02   2.8350194223453196e-09
   1.8359375000000000e-01   1.5143045402278879e-02   1.5143040643369892e-02   4.7589089873650847e-09
   1.9140625000000000e-01   2.8437709200688735e-02   2.8437702675647436e-02   6.5250412989437123e-09
   1.9921875000000000e-01   5.2433680162610581e-02   5.2433673307383570e-02   6.8552270110489033e-09
   2.0703125000000000e-01   8.5242439005512885e-02   8.5242432360633710e-02   6.6448791746775981e-09
   2.1484375000000000e-01   1.2440079769926940e-01   1.2440078951040229e-01   8.1888671121799206e-09
   2.2265625000000000e-01   1.6706612280112501e-01   1.6706611002162514e-01   1.2779499874993050e-08
   2.3046875000000000e-01   2.1024309178291284e-01   2.1024307272640724e-01   1.9056505595749229e-08
   2.3828125000000000e-01   2.5102257628117780e-01   2.5102255264275009e-01   2.3638427715244603e-08
   2.4609375000000000e-01   2.8681222436280401e-01   2.8681220047655087e-01   2.3886253142091363e-08
   2.5390625000000000e-01   3.1553915237904623e-01   3.1553913256649890e-01   1.9812547324971064e-08
   2.6171875000000000e-01   3.3580777268105555e-01   3.3580775844484012e-01   1.4236215428731214e-08
   2.6953125000000000e-01   3.4699991009708442e-01   3.4699989989831354e-01   1.0198770883373953e-08
   2.7734375000000000e-01   3.4930960181133225e-01   3.4930959306066517e-01   8.7506670798376263e-09
   2.8515625000000000e-01   3.4371081814072363e-01   3.4371080988708724e-01   8.2536363854579520e-09
   2.9296875000000000e-01   3.3186223937004383e-01   3.3186223318338587e-01   6.1866579637026575e-09
   3.0078125000000000e-01   3.1595862210150799e-01   3.1595862106432615e-01   1.0371818404131261e-09
   3.0859375000000000e-01   2.9854270571812397e-01   2.9854271216931927e-01   6.4511953001833433e-09
   3.1640625000000000e-01   2.8229465362825767e-01   2.8229466777245521e-01   1.4144197535426173e-08
   3.2421875000000000e-01   2.6981745756717784e-01   2.6981747735344408e-01   1.9786266236554440e-08
   3.3203125000000000e-01   2.6343646482010841e-01   2.6343648700821953e-01   2.2188111126197896e-08
   3.3984375000000000e-01   2.6502930428394328e-01   2.6502932562724762e-01   2.1343304346110870e-08
   3.4765625000000000e-01   2.7589921471018208e-01   2.7589923280809858e-01   1.8097916498760469e-08
   3.5546875000000000e-01   2.9670047473420241e-01   2.9670048839536828e-01   1.3661165865208602e-08
   3.6328125000000000e-01   3.2741973462614954e-01   3.2741974366820159e-01   9.0420520515444025e-09
   3.7109375000000000e-01   3.6741202960495506e-01   3.6741203420978152e-01   4.6048264645826009e-09
   3.7890625000000000e-01   4.1548558141304670e-01   4.1548558103465777e-01   3.7838893129915618e-10
   3.8671875000000000e-01   4.7002557970381065e-01   4.7002557260415023e-01   7.0996604151218889e-09
   3.9453125000000000e-01   5.2914430370534571e-01   5.2914428778735001e-01   1.5917995699332721e-08
   4.0234375000000000e-01   5.9084339809588970e-01   5.9084337249079111e-01   2.5605098596948039e-08
   4.1015625000000000e-01   6.5317392537049390e-01   6.5317389224685429e-01   3.3123639608945155e-08
   4.1796875000000000e-01   7.1438092408702103e-01   7.1438088870722416e-01   3.5379796869960956e-08
   4.2578125000000000e-01   7.7302142051972378e-01   7.7302138914041940e-01   3.1379304377132655e-08
   4.3359375000000000e-01   8.2804790195471067e-01   8.2804787871369201e-01   2.3241018665132174e-08
   4.4140625000000000e-01   8.7885282200284753e-01   8.7885280685069889e-01   1.5152148646890851e-08
   4.4921875000000000e-01   9.2527340771539457e-01   9.2527339733183123e-01   1.0383563342486468e-08
   4.5703125000000000e-01   9.6755952490202035e-01   9.6755951571626408e-01   9.1857562667385650e-09
   4.6484375000000000e-01   1.0063103208152995e+00   1.0063103125268851e+00   8.2884143992600912e-09
   4.7265625000000000e-01   1.0423875792131914e+00   1.0423875756539851e+00   3.5592062630485088e-09
   4.8046875000000000e-01   1.0768150434473218e+00   1.0768150505644836e+00   7.1171617488374750e-09
   4.8828125000000000e-01   1.1106733573957253e+00   1.1106733790291139e+00   2.1633388636033146e-08
   4.9609375000000000e-01   1.1449997804016210e+00   1.1449998151974554e+00   3.4795834435996653e-08
   5.0390625000000000e-01   1.1807005880241435e+00   1.1807006291240532e+00   4.1099909697805970e-08
   5.1171875000000000e-01   1.2184822487360818e+00   1.2184822870231531e+00   3.8287071291165375e-08
   5.1953125000000000e-01   1.2588052944035981e+00   1.2588053228166580e+00   2.8413059904863758e-08
   5.2734375000000000e-01   1.3018624974089490e+00   1.3018625143024667e+00   1.6893517695848459e-08
   5.3515625000000000e-01   1.3475807550695746e+00   1.3475807638878878e+00   8.8183131907726420e-09
   5.4296875000000000e-01   1.3956441360156311e+00   1.3956441420704102e+00   6.0547791225218361e-09
   5.5078125000000000e-01   1.4455340162040633e+00   1.4455340223125190e+00   6.1084557412272034e-09
   5.5859375000000000e-01   1.4965812046340756e+00   1.4965812090608677e+00   4.4267920440432817e-09
   5.6640625000000000e-01   1.5480244768650364e+00   1.5480244746592651e+00   2.2057713433554227e-09
   5.7421875000000000e-01   1.5990699769662873e+00   1.5990699640107613e+00   1.2955525985347549e-08
   5.8203125000000000e-01   1.6489464654088857e+00   1.6489464420238376e+00   2.3385048120161400e-08
   5.8984375000000000e-01   1.6969522848865182e+00   1.6969522562181647e+00   2.8668353468930263e-08
   5.9765625000000000e-01   1.7424910753233569e+00   1.7424910482680389e+00   2.7055317985968941e-08
   6.0546875000000000e-01   1.7850945647259422e+00   1.7850945435194734e+00   2.1206468803214307e-08
   6.1328125000000000e-01   1.8244320620980725e+00   1.8244320462483787e+00   1.5849693779657059e-08
   6.2109375000000000e-01   1.8603074668466495e+00   1.8603074526618251e+00   1.4184824426166642e-08
   6.2890625000000000e-01   1.8926455837734659e+00   1.8926455687475023e+00   1.5025963584491819e-08
   6.3671875000000000e-01   1.9214702368367134e+00   1.9214702227760458e+00   1.4060667519188996e-08
   6.4453125000000000e-01   1.9468770720680058e+00   1.9468770644389359e+00   7.6290698203251850e-09
   6.5234375000000000e-01   1.9690040466300249e+00   1.9690040503888506e+00   3.7588256951437415e-09
   6.6015625000000000e-01   1.9880024491950692e+00   1.9880024641912397e+00   1.4996170527581398e-08
   6.6796875000000000e-01   2.0040109420754879e+00   2.0040109619208306e+00   1.9845342702495827e-08
   6.7578125000000000e-01   2.0171346204897405e+00   2.0171346363214022e+00   1.5831661759335702e-08
   6.8359375000000000e-01   2.0274305080453301e+00   2.0274305145501352e+00   6.5048051389737793e-09
   6.9140625000000000e-01   2.0349003002175610e+00   2.0349002995667029e+00   6.5085803413467147e-10
   6.9921875000000000e-01   2.0394905718755099e+00   2.0394905719776837e+00   1.0217382495625316e-10
   7.0703125000000000e-01   2.0411001042421275e+00   2.0411001125926806e+00   8.3505531378591513e-09
   7.1484375000000000e-01   2.0395934833204530e+00   2.0395935007219932e+00   1.7401540208794586e-08
   7.2265625000000000e-01   2.0348196799414637e+00   2.0348196991337226e+00   1.9192258893241387e-08
   7.3046875000000000e-01   2.0266339537031932e+00   2.0266339640754012e+00   1.0372207981390602e-08
   7.3828125000000000e-01   2.0149211378196621e+00   2.0149211330438881e+00   4.7757739984888303e-09
   7.4609375000000000e-01   1.9996181819511085e+00   1.9996181647582327e+00   1.7192875789717732e-08
   8.7890625000000000e-01   1.4232687794406680e+00   1.4232687794814720e+00   4.0804026824048378e-11
   8.8671875000000000e-01   1.3808010861757434e+00   1.3808010818053273e+00   4.3704160290758409e-09
   8.9453125000000000e-01   1.3357990838034963e+00   1.3357990729451705e+00   1.0858325794060875e-08
   9.0234375000000000e-01   1.2877840069702711e+00   1.2877839931148145e+00   1.3855456559852541e-08
   9.1015625000000000e-01   1.2364305444751069e+00   1.2364305338622477e+00   1.0612859258074536e-08
   9.1796875000000000e-01   1.1816294878539708e+00   1.1816294838916352e+00   3.9623355707618657e-09
   9.2578125000000000e-01   1.1235379314357030e+00   1.1235379313203959e+00   1.1530709720375398e-10
   9.3359375000000000e-01   1.0626108130809686e+00   1.0626108099437137e+00   3.1372549003094719e-09
   9.4140625000000000e-01   9.9960866157584094e-01   9.9960865020581968e-01   1.1370021257839369e-08
   9.4921875000000000e-01   9.3557812017914421e-01   9.3557810164351118e-01   1.8535633028449183e-08
   9.5703125000000000e-01   8.7180404836840963e-01   8.7180402936306645e-01   1.9005343188105428e-08
   9.6484375000000000e-01   8.0973459317082574e-01   8.0973458058890169e-01   1.2581924058174820e-08
   9.7265625000000000e-01   7.5088334472014739e-01   7.5088333997619627e-01   4.7439511208224872e-09
   9.8046875000000000e-01   6.9671528172622121e-01   6.9671527967480418e-01   2.0514170362417872e-09
   9.8828125000000000e-01   6.4852539392091002e-01   6.4852538736288246e-01   6.5580275654397724e-09
   9.9609375000000000e-01   6.0732038110562592e-01   6.0732036673481060e-01   1.4370815315523089e-08
   7.5390625000000000e-01   1.9807337789432484e+00   1.9807337592180398e+00   1.9725208577625608e-08
   7.6171875000000000e-01   1.9583630057059243e+00   1.9583629934336757e+00   1.2272248550715403e-08
   7.6953125000000000e-01   1.9326951870424800e+00   1.9326951854588239e+00   1.5836560951498768e-09
   7.7734375000000000e-01   1.9040136436920641e+00   1.9040136475426050e+00   3.8505409971634208e-09
   7.8515625000000000e-01   1.8726865929677228e+00   1.8726865931854619e+00   2.1773916003553495e-10
   7.9296875000000000e-01   1.8391491980321171e+00   1.8391491890264549e+00   9.0056622159551125e-09
   8.0078125000000000e-01   1.8038775569108390e+00   1.8038775406816414e+00   1.6229197541406393e-08
   8.0859375000000000e-01   1.7673562253504347e+00   1.7673562093670407e+00   1.5983393941709778e-08
   8.1640625000000000e-01   1.7300416130975553e+00   1.7300416040379567e+00   9.0595986268482420e-09
   8.2421875000000000e-01   1.6923242127880305e+00   1.6923242114882728e+00   1.2997576348539042e-09
   8.3203125000000000e-01   1.6544930472473804e+00   1.6544930487496687e+00   1.5022882937643089e-09
   8.3984375000000000e-01   1.6167058936706122e+00   1.6167058919727346e+00   1.6978776162801523e-09
   8.4765625000000000e-01   1.5789687183094989e+00   1.5789687115400395e+00   6.7694594374501094e-09
   8.5546875000000000e-01   1.5411273086404207e+00   1.5411273001253951e+00   8.5150255735300107e-09
   8.6328125000000000e-01   1.5028733221581787e+00   1.5028733167369079e+00   5.4212707656375869e-09
   8.7109375000000000e-01   1.4637659106608625e+00   1.4637659097413840e+00   9.1947849334417242e-10
