#                  Coord.                Numerical               Analytical                    Error
   3.9062500000000000e-03  -3.3203445683107813e-01  -3.3203445034271761e-01   6.4883605155330315e-09
   1.1718750000000000e-02  -5.5577736326573375e-02  -5.5577733034324159e-02   3.2922492163023342e-09
   1.9531250000000000e-02   2.2309212220069904e-01   2.2309212093364594e-01   1.2670531013281305e-09
   2.7343750000000000e-02   4.5710510710015562e-01   4.5710510024230894e-01   6.8578466794200210e-09
   3.5156250000000000e-02   6.0938847577220068e-01   6.0938846321377116e-01   1.2558429518527703e-08
   4.2968750000000000e-02   6.5876058726941467e-01   6.5876057034527191e-01   1.6924142753893534e-08
   5.0781250000000000e-02   6.0297717980185606e-01   6.0297716141336410e-01   1.8388491951348840e-08
   5.8593750000000000e-02   4.5824690472653540e-01   4.5824688900068533e-01   1.5725850066594660e-08
   6.6406250000000000e-02   2.5539728655759764e-01   2.5539727793055578e-01   8.6270418586664732e-09
   7.4218750000000000e-02   3.3497664048900685e-02   3.3497666054809118e-02   2.0059084324119958e-09
   8.2031250000000000e-02  -1.6778847757165555e-01  -1.6778846359790947e-01   1.3973746076922922e-08
   8.9843750000000000e-02  -3.1563338159916843e-01  -3.1563335733329961e-01   2.4265868814321578e-08
   9.7656250000000000e-02  -3.8984412727472978e-01  -3.8984409749846233e-01   2.9776267451708804e-08
   1.0546875000000000e-01  -3.8596855984118517e-01  -3.8596853154697630e-01   2.8294208864743098e-08
   1.1328125000000000e-01  -3.1519980638780964e-01  -3.1519978716472113e-01   1.9223088509878750e-08
   1.2109375000000000e-01  -2.0121619711912156e-01  -2.0121619305318555e-01   4.0659360045491866e-09
   1.2890625000000000e-01  -7.4698277458867063e-02  -7.4698291275010945e-02   1.3816143881739684e-08
   1.3671875000000000e-01   3.3293106960035394e-02   3.3293077057070811e-02   2.9902964583661262e-08
   1.4453125000000000e-01   9.7702080964458843e-02   9.7702041387468200e-02   3.9576990643053200e-08
   1.5234375000000000e-01   1.0434523822975135e-01   1.0434519853309865e-01   3.9696652701093349e-08
   1.6015625000000000e-01   5.2335785302172304e-02   5.2335755945538062e-02   2.9356634241584079e-08
   1.6796875000000000e-01  -4.6324320191490777e-02  -4.6324330751484136e-02   1.0559993358916220e-08
   1.7578125000000000e-01  -1.6977174900470754e-01  -1.6977173670862675e-01   1.2296080792451036e-08
   1.8359375000000000e-01  -2.9117991466856813e-01  -2.9117988137274248e-01   3.3295825652146505e-08
   1.9140625000000000e-01  -3.8442037932305517e-01  -3.8442033257993080e-01   4.6743124371140254e-08
   1.9921875000000000e-01  -4.2927104757557516e-01  -4.2927099898969689e-01   4.8585878265061666e-08
   2.0703125000000000e-01  -4.1511099901869725e-01  -4.1511096121057839e-01   3.7808118857896034e-08
   2.1484375000000000e-01  -3.4242052877395440e-01  -3.4242051208861701e-01   1.6685337389521493e-08
   2.2265625000000000e-01  -2.2191477939289764e-01  -2.2191478891627534e-01   9.5233776975511830e-09
   2.3046875000000000e-01  -7.1662221682212646e-02  -7.1662255767577315e-02   3.4085364669644846e-08
   2.3828125000000000e-01   8.7042245743793795e-02   8.7042195354898794e-02   5.0388895000974543e-08
   2.4609375000000000e-01   2.3405564327640602e-01   2.3405558931316819e-01   5.3963237822696186e-08
   2.5390625000000000e-01   3.5403540887952384e-01   3.5403536534754704e-01   4.3531976801070016e-08
   2.6171875000000000e-01   4.3861254272311417e-01   4.3861252104265874e-01   2.1680455430939105e-08
   2.6953125000000000e-01   4.8673779045737220e-01   4.8673779639710341e-01   5.9397312068831809e-09
   2.7734375000000000e-01   5.0330170464484958e-01   5.0330173670745137e-01   3.2062601795779244e-08
   2.8515625000000000e-01   4.9653099765228359e-01   4.9653104744626086e-01   4.9793977274781298e-08
   2.9296875000000000e-01   4.7492148593759786e-01   4.7492154039470125e-01   5.4457103382254957e-08
   3.0078125000000000e-01   4.4452763843264231e-01   4.4452768337223031e-01   4.4939587995340702e-08
   3.0859375000000000e-01   4.0728592688040549e-01   4.0728595080380070e-01   2.3923395209290987e-08
   3.1640625000000000e-01   3.6074877655200144e-01   3.6074877373691416e-01   2.8150872743992750e-09
   3.2421875000000000e-01   2.9922923387285516e-01   2.9922920578581086e-01   2.8087044301461361e-08
   3.3203125000000000e-01   2.1599964554657489e-01   2.1599960034364954e-01   4.5202925347265221e-08
   3.3984375000000000e-01   1.0593723866632572e-01   1.0593718879896692e-01   4.9867358797861527e-08
   3.4765625000000000e-01  -3.2078631334423346e-02  -3.2078672582520840e-02   4.1248097493173930e-08
   3.5546875000000000e-01  -1.9362596096142251e-01  -1.9362598315080556e-01   2.2189383053206058e-08
   3.6328125000000000e-01  -3.6843444603852021e-01  -3.6843444429592126e-01   1.7425989540242881e-09
   3.7109375000000000e-01  -5.4138460125216281e-01  -5.4138457741659307e-01   2.3835569740171536e-08
   3.7890625000000000e-01  -6.9457619377787783e-01  -6.9457615556206842e-01   3.8215809405883761e-08
   3.8671875000000000e-01  -8.1000273540545797e-01  -8.1000269396509172e-01   4.1440366249645422e-08
   3.9453125000000000e-01  -8.7226830116992227e-01  -8.7226826791996992e-01   3.3249952346992018e-08
   4.0234375000000000e-01  -8.7082339100235040e-01  -8.7082337429287460e-01   1.6709475803011742e-08
   4.1015625000000000e-01  -8.0135437380412566e-01  -8.0135437683561306e-01   3.0314873944448095e-09
   4.1796875000000000e-01  -6.6618450024629905e-01  -6.6618452040402598e-01   2.0157726932090725e-08
   4.2578125000000000e-01  -4.7376952319836962e-01  -4.7376955325769321e-01   3.0059323585795994e-08
   4.3359375000000000e-01  -2.3753958091894367e-01  -2.3753961138179067e-01   3.0462846994927517e-08
   4.4140625000000000e-01   2.5585559938928359e-02   2.5585537834230360e-02   2.2104697999097978e-08
   4.4921875000000000e-01   2.9670555448009223e-01   2.9670554629636336e-01   8.1837288612440773e-09
   4.5703125000000000e-01   5.5627324725843774e-01   5.5627325386871362e-01   6.6102758822239593e-09
   4.6484375000000000e-01   7.8519174151050697e-01   7.8519175926183660e-01   1.7751329628445944e-08
   4.7265625000000000e-01   9.6573783967765758e-01   9.6573786179935173e-01   2.2121694143173443e-08
   4.8046875000000000e-01   1.0824451856392132e+00   1.0824452046578583e+00   1.9018645103230369e-08
   4.8828125000000000e-01   1.1230759979260132e+00   1.1230760079970712e+00   1.0071057987559584e-08
   4.9609375000000000e-01   1.0797357004892776e+00   1.0797356991873766e+00   1.3019010314252455e-09
   5.0390625000000000e-01   9.5006699845179121e-01   9.5006698720878524e-01   1.1243005970662523e-08
   5.1171875000000000e-01   7.3833927990509929e-01   7.3833926330377508e-01   1.6601324204223999e-08
   5.1953125000000000e-01   4.5616674280722569e-01   4.5616672692365201e-01   1.5883573678543428e-08
   5.2734375000000000e-01   1.2257415219051279e-01   1.2257414242435359e-01   9.7661592007858289e-09
   5.3515625000000000e-01  -2.3680705118435874e-01  -2.3680705178720129e-01   6.0284255365417039e-10
   5.4296875000000000e-01  -5.9149881653045666e-01  -5.9149880817686562e-01   8.3535910411214331e-09
   5.5078125000000000e-01  -9.0881061978117428e-01  -9.0881060561884219e-01   1.4162332084843854e-08
   5.5859375000000000e-01  -1.1570971812600057e+00  -1.1570971661971707e+00   1.5062834979318040e-08
   5.6640625000000000e-01  -1.3092579254455219e+00  -1.3092579143852627e+00   1.1060259152984031e-08
   5.7421875000000000e-01  -1.3460284236100100e+00  -1.3460284198715582e+00   3.7384517703742404e-09
   5.8203125000000000e-01  -1.2586202419126427e+00  -1.2586202462077987e+00   4.2951560086379459e-09
   5.8984375000000000e-01  -1.0503403313267341e+00  -1.0503403417441897e+00   1.0417455564848410e-08
   5.9765625000000000e-01  -7.3694633706578028e-01  -7.3694634986762564e-01   1.2801845361565256e-08
   6.0546875000000000e-01  -3.4564589997828932e-01  -3.4564591102288167e-01   1.1044592351794336e-08
   6.1328125000000000e-01   8.7197315760198152e-02   8.7197309636673798e-02   6.1235243542512308e-09
   6.2109375000000000e-01   5.1944856799850780e-01   5.1944856799158667e-01   6.9211303355132259e-12
   6.2890625000000000e-01   9.0736194976945217e-01   9.0736195495410421e-01   5.1846520410236963e-09
   6.3671875000000000e-01   1.2101160175241996e+00   1.2101160254041305e+00   7.8799309299881770e-09
   6.4453125000000000e-01   1.3942745323187569e+00   1.3942745398565193e+00   7.5377624142447530e-09
   6.5234375000000000e-01   1.4377038407241425e+00   1.4377038455086339e+00   4.7844914696781871e-09
   6.6015625000000000e-01   1.3324976994694187e+00   1.3324977004771286e+00   1.0077099155125779e-09
   6.6796875000000000e-01   1.0865222215973784e+00   1.0865222194061934e+00   2.1911850112132925e-09
   6.7578125000000000e-01   7.2330275955546963e-01   7.2330275588506243e-01   3.6704072003956867e-09
   6.8359375000000000e-01   2.8013096318764696e-01   2.8013096007190169e-01   3.1157452728969304e-09
   6.9140625000000000e-01  -1.9553430009750178e-01  -1.9553430122363491e-01   1.1261331311906986e-09
   6.9921875000000000e-01  -6.5108242407347328e-01  -6.5108242292284702e-01   1.1506262609373152e-09
   7.0703125000000000e-01  -1.0346842278257979e+00  -1.0346842253155528e+00   2.5102451228775635e-09
   7.1484375000000000e-01  -1.3014752753373697e+00  -1.3014752730903438e+00   2.2470258986828640e-09
   7.2265625000000000e-01  -1.4192255758003849e+00  -1.4192255753840874e+00   4.1629744096383092e-10
   7.3046875000000000e-01  -1.3727331226052206e+00  -1.3727331247521277e+00   2.1469070965451920e-09
   7.3828125000000000e-01  -1.1662888792379689e+00  -1.1662888834486336e+00   4.2106647057948976e-09
   7.4609375000000000e-01  -8.2377425048902808e-01  -8.2377425512447466e-01   4.6354465821352164e-09
   8.7890625000000000e-01  -7.2390985457841694e-01  -7.2390984094619981e-01   1.3632217132908409e-08
   8.8671875000000000e-01  -3.5612195931704782e-01  -3.5612195067402630e-01   8.6430215207045080e-09
   8.9453125000000000e-01   4.6624394940180176e-02   4.6624396570211939e-02   1.6300317623452187e-09
   9.0234375000000000e-01   4.2412032384319148e-01   4.2412031836309366e-01   5.4800978199764927e-09
   9.1015625000000000e-01   7.2123175034889042e-01   7.2123173942300578e-01   1.0925884641466155e-08
   9.1796875000000000e-01   8.9629659333119172e-01   8.9629657980019573e-01   1.3530995990329586e-08
   9.2578125000000000e-01   9.2740299061120601e-01   9.2740297759395984e-01   1.3017246169866326e-08
   9.3359375000000000e-01   8.1552933092297331e-01   8.1552932103374465e-01   9.8892286581886424e-09
   9.4140625000000000e-01   5.8402224054299690e-01   5.8402223529618014e-01   5.2468167588415326e-09
   9.4921875000000000e-01   2.7448377504217275e-01   2.7448377474988395e-01   2.9228880427112358e-10
   9.5703125000000000e-01  -6.0264357566759727e-02  -6.0264353601024598e-02   3.9657351291744192e-09
   9.6484375000000000e-01  -3.6497613038034077e-01  -3.6497612335739787e-01   7.0229428938972660e-09
   9.7265625000000000e-01  -5.9106667525039958e-01  -5.9106666646321726e-01   8.7871823151175477e-09
   9.8046875000000000e-01  -7.0446033968910560e-01  -7.0446033019461274e-01   9.4944928585860566e-09
   9.8828125000000000e-01  -6.9087960351391975e-01  -6.9087959416815503e-01   9.3457647176720116e-09
   9.9609375000000000e-01  -5.5769239523347691e-01  -5.5769238681289579e-01   8.4205811212711978e-09
   7.5390625000000000e-01  -3.8624563419902314e-01  -3.8624563712988930e-01   2.9308661608773434e-09
   7.6171875000000000e-01   9.2803489643819972e-02   9.2803490170548480e-02   5.2672850803237026e-10
   7.6953125000000000e-01   5.5398129723802370e-01   5.5398130180039362e-01   4.5623699262975492e-09
   7.7734375000000000e-01   9.3953810413996819e-01   9.3953811175231683e-01   7.6123486403290030e-09
   7.8515625000000000e-01   1.2009294535850057e+00   1.2009294619016941e+00   8.3166884490282200e-09
   7.9296875000000000e-01   1.3053716030809475e+00   1.3053716091495324e+00   6.0685849678776549e-09
   8.0078125000000000e-01   1.2404516625343636e+00   1.2404516638240968e+00   1.2897332091199587e-09
   8.0859375000000000e-01   1.0160853255776732e+00   1.0160853209339762e+00   4.6436969824981134e-09
   8.1640625000000000e-01   6.6345867114545076e-01   6.6345866130302966e-01   9.8424211003589335e-09
   8.2421875000000000e-01   2.3100379193463919e-01   2.3100377942589015e-01   1.2508749036577171e-08
   8.3203125000000000e-01  -2.2211493520923128e-01  -2.2211494678242497e-01   1.1573193681169158e-08
   8.3984375000000000e-01  -6.3414809916564907e-01  -6.3414810623925366e-01   7.0736045909569611e-09
   8.4765625000000000e-01  -9.4941432084022004e-01  -9.4941432103780776e-01   1.9758772396016866e-10
   8.5546875000000000e-01  -1.1262140649396222e+00  -1.1262140578202826e+00   7.1193395623225797e-09
   8.6328125000000000e-01  -1.1428234766371113e+00  -1.1428234638608594e+00   1.2776251834267782e-08
   8.7109375000000000e-01  -1.0006345555974305e+00  -1.0006345404230750e+00   1.5174355549874008e-08
