#                  Coord.                Numerical               Analytical                    Error
   3.9062500000000000e-03  -5.4970985222957958e-01  -5.4970982199315843e-01   3.0236421144635983e-08
   1.1718750000000000e-02  -7.1552422999428411e-01  -7.1552422007496608e-01   9.9193180336243358e-09
   1.9531250000000000e-02  -8.1033766177018907e-01  -8.1033767433002757e-01   1.2559838502568255e-08
   2.7343750000000000e-02  -8.1011385027977645e-01  -8.1011388097510006e-01   3.0695323616214409e-08
   3.5156250000000000e-02  -7.0300706960720094e-01  -7.0300710890748619e-01   3.9300285248344835e-08
   4.2968750000000000e-02  -4.9168548560378589e-01  -4.9168552170654634e-01   3.6102760447853655e-08
   5.0781250000000000e-02  -1.9376729013737343e-01  -1.9376731246128767e-01   2.2323914244948284e-08
   5.8593750000000000e-02   1.5975505819760363e-01   1.5975505585013838e-01   2.3474652499633208e-09
   6.6406250000000000e-02   5.2799485596716977e-01   5.2799487364127029e-01   1.7674100516451574e-08
   7.4218750000000000e-02   8.6520491400668642e-01   8.6520494561931116e-01   3.1612624740162687e-08
   8.2031250000000000e-02   1.1267843535132651e+00   1.1267843887914326e+00   3.5278167498375979e-08
   8.9843750000000000e-02   1.2754926230562025e+00   1.2754926506818793e+00   2.7625676857212511e-08
   9.7656250000000000e-02   1.2870021170271420e+00   1.2870021281590052e+00   1.1131863209001835e-08
   1.0546875000000000e-01   1.1539342676185516e+00   1.1539342585858792e+00   9.0326723878320081e-09
   1.1328125000000000e-01   8.8767418905510920e-01   8.8767416255630149e-01   2.6498807703667637e-08
   1.2109375000000000e-01   5.1754337049346255e-01   5.1754333476258019e-01   3.5730882363971261e-08
   1.2890625000000000e-01   8.7297827534286013e-02   8.7297793912068294e-02   3.3622217718298764e-08
   1.3671875000000000e-01  -3.5064717896492004e-01  -3.5064719955981449e-01   2.0594894456493762e-08
   1.4453125000000000e-01  -7.4246150001048350e-01  -7.4246150043716275e-01   4.2667924748940322e-10
   1.5234375000000000e-01  -1.0405165593193841e+00  -1.0405165384929767e+00   2.0826407487462006e-08
   1.6015625000000000e-01  -1.2101614839616186e+00  -1.2101614472955675e+00   3.6666051084210949e-08
   1.6796875000000000e-01  -1.2345445208760526e+00  -1.2345444787934721e+00   4.2082580531399572e-08
   1.7578125000000000e-01  -1.1166720528187239e+00  -1.1166720176700409e+00   3.5148683075192366e-08
   1.8359375000000000e-01  -8.7836438789353199e-01  -8.7836437030014358e-01   1.7593388412784350e-08
   1.9140625000000000e-01  -5.5630998916996066e-01  -5.5630999479522625e-01   5.6252655866728674e-09
   1.9921875000000000e-01  -1.9593373180975504e-01  -1.9593375965464291e-01   2.7844887867667367e-08
   2.0703125000000000e-01   1.5582196346701807e-01   1.5582192084587498e-01   4.2621143087062663e-08
   2.1484375000000000e-01   4.5752938763803092e-01   4.5752934193540840e-01   4.5702622519794289e-08
   2.2265625000000000e-01   6.7891678132453959e-01   6.7891674510951439e-01   3.6215025200903028e-08
   2.3046875000000000e-01   8.0421311154255137e-01   8.0421309459864276e-01   1.6943908609512448e-08
   2.3828125000000000e-01   8.3275725400398293e-01   8.3275726059292576e-01   6.5889428357834845e-09
   2.4609375000000000e-01   7.7696940234474632e-01   7.7696943007683117e-01   2.7732084850740080e-08
   2.5390625000000000e-01   6.5828002870142621e-01   6.5828006944115758e-01   4.0739731366201681e-08
   2.6171875000000000e-01   5.0197007213595157e-01   5.0197011453135532e-01   4.2395403743178406e-08
   2.6953125000000000e-01   3.3202704885618756e-01   3.3202708163541644e-01   3.2779228886781198e-08
   2.7734375000000000e-01   1.6704251732761888e-01   1.6704253257994292e-01   1.5252324042647203e-08
   2.8515625000000000e-01   1.7892513372958323e-02   1.7892508519363796e-02   4.8535945262884184e-09
   2.9296875000000000e-01  -1.1247868069218325e-01  -1.1247870249915748e-01   2.1806974226379339e-08
   3.0078125000000000e-01  -2.2731706968702581e-01  -2.2731710097983568e-01   3.1292809871130700e-08
   3.0859375000000000e-01  -3.3291846237712436e-01  -3.3291849387512362e-01   3.1497999264384902e-08
   3.1640625000000000e-01  -4.3492542473219564e-01  -4.3492544826050339e-01   2.3528307746545352e-08
   3.2421875000000000e-01  -5.3498968991207141e-01  -5.3498970062127671e-01   1.0709205300329927e-08
   3.3203125000000000e-01  -6.2862230084111581e-01  -6.2862229826389471e-01   2.5772211031949155e-09
   3.3984375000000000e-01  -7.0477927566249277e-01  -7.0477926320671469e-01   1.2455778075626256e-08
   3.4765625000000000e-01  -7.4734761749928580e-01  -7.4734760082789120e-01   1.6671394598155587e-08
   3.5546875000000000e-01  -7.3828355962566217e-01  -7.3828354439734389e-01   1.5228318273052821e-08
   3.6328125000000000e-01  -6.6179307135150067e-01  -6.6179306132764870e-01   1.0023851970686337e-08
   3.7109375000000000e-01  -5.0870249087422836e-01  -5.0870248687068464e-01   4.0035437187668776e-09
   3.7890625000000000e-01  -2.8008942168078604e-01  -2.8008942183117069e-01   1.5038464917793704e-10
   3.8671875000000000e-01   1.0655070296272478e-02   1.0655069335196660e-02   9.6107581788740237e-10
   3.9453125000000000e-01   3.3789994149476610e-01   3.3789994275190605e-01   1.2571399476968281e-09
   4.0234375000000000e-01   6.6617275392442343e-01   6.6617275856268110e-01   4.6382576668335673e-09
   4.1015625000000000e-01   9.5464521360995724e-01   9.5464522017520959e-01   6.5652523417725206e-09
   4.1796875000000000e-01   1.1630650102361721e+00   1.1630650151066853e+00   4.8705131039383787e-09
   4.2578125000000000e-01   1.2581883287599638e+00   1.2581883275693464e+00   1.1906173824627331e-09
   4.3359375000000000e-01   1.2196180050072711e+00   1.2196179946092989e+00   1.0397972260989263e-08
   4.4140625000000000e-01   1.0439918849986005e+00   1.0439918651446283e+00   1.9853972244021634e-08
   4.4921875000000000e-01   7.4669637708287773e-01   7.4669635123161382e-01   2.5851263907306077e-08
   4.5703125000000000e-01   3.6066953429561982e-01   3.6066950905021233e-01   2.5245407486718108e-08
   4.6484375000000000e-01  -6.7656016304393163e-02  -6.7656032961404586e-02   1.6657011422949175e-08
   4.7265625000000000e-01  -4.8472080570708431e-01  -4.8472080698466896e-01   1.2775846491841492e-09
   4.8046875000000000e-01  -8.3754560063183092e-01  -8.3754558335825369e-01   1.7273577235243920e-08
   4.8828125000000000e-01  -1.0815429546567037e+00  -1.0815429208452241e+00   3.3811479616119300e-08
   4.9609375000000000e-01  -1.1871480428369705e+00  -1.1871479996239218e+00   4.3213048694923373e-08
   5.0390625000000000e-01  -1.1441630938039464e+00  -1.1441630518598493e+00   4.1944097084467558e-08
   5.1171875000000000e-01  -9.6309180589165755e-01  -9.6309177648858268e-01   2.9403074863765255e-08
   5.1953125000000000e-01  -6.7325703707841389e-01  -6.7325702890305827e-01   8.1753556147035056e-09
   5.2734375000000000e-01  -3.1805074864036564e-01  -3.1805076508289404e-01   1.6442528394389200e-08
   5.3515625000000000e-01   5.1845833492483236e-02   5.1845795528821445e-02   3.7963661790596515e-08
   5.4296875000000000e-01   3.8610480738032132e-01   3.8610475690562385e-01   5.0474697477209673e-08
   5.5078125000000000e-01   6.4198193409267068e-01   6.4198188363376885e-01   5.0458901834637970e-08
   5.5859375000000000e-01   7.8998882392530101e-01   7.8998878618916035e-01   3.7736140656718931e-08
   5.6640625000000000e-01   8.1719461546356220e-01   8.1719459981980680e-01   1.5643755402194870e-08
   5.7421875000000000e-01   7.2780904718229655e-01   7.2780905719455946e-01   1.0012262907643787e-08
   5.8203125000000000e-01   5.4119558539924650e-01   5.4119561791089466e-01   3.2511648151434258e-08
   5.8984375000000000e-01   2.8789192666990160e-01   2.8789197288868612e-01   4.6218784521823153e-08
   5.9765625000000000e-01   4.4949035175047922e-03   4.4949515068665657e-03   4.7989361773477512e-08
   6.0546875000000000e-01  -2.7164636883404170e-01  -2.7164633081528844e-01   3.8018753256707782e-08
   6.1328125000000000e-01  -5.0709040172430297e-01  -5.0709038221283875e-01   1.9511464222077279e-08
   6.2109375000000000e-01  -6.7573157076348667e-01  -6.7573157302652975e-01   2.2630430862591311e-09
   6.2890625000000000e-01  -7.6074208084716266e-01  -7.6074210251664909e-01   2.1669486427455809e-08
   6.3671875000000000e-01  -7.5509608804372041e-01  -7.5509612221580691e-01   3.4172086493811094e-08
   6.4453125000000000e-01  -6.6098711401917676e-01  -6.6098715138202691e-01   3.7362850147104609e-08
   6.5234375000000000e-01  -4.8856612949820472e-01  -4.8856616104632539e-01   3.1548120671409663e-08
   6.6015625000000000e-01  -2.5440786695448103e-01  -2.5440788611481802e-01   1.9160336983681248e-08
   6.6796875000000000e-01   2.0016135423109961e-02   2.0016131426894880e-02   3.9962150810701758e-09
   6.7578125000000000e-01   3.0976362750560688e-01   3.0976363758426390e-01   1.0078657020073933e-08
   6.8359375000000000e-01   5.8782718023068847e-01   5.8782720023536850e-01   2.0004680023610888e-08
   6.9140625000000000e-01   8.2670539329268378e-01   8.2670541755728366e-01   2.4264599884915583e-08
   6.9921875000000000e-01   1.0003273017980738e+00   1.0003273246304800e+00   2.2832406187944798e-08
   7.0703125000000000e-01   1.0864099000672467e+00   1.0864099170193684e+00   1.6952121706381718e-08
   7.1484375000000000e-01   1.0691409491772161e+00   1.0691409576169060e+00   8.4396898358818362e-09
   7.2265625000000000e-01   9.4186562542567764e-01   9.4186562469528523e-01   7.3039241321737336e-10
   7.3046875000000000e-01   7.0928191595629764e-01   7.0928190702525018e-01   8.9310474571391296e-09
   7.3828125000000000e-01   3.8857616909958892e-01   3.8857615419346381e-01   1.4906125112013058e-08
   7.4609375000000000e-01   8.9953623495553706e-03   8.9953444250461066e-03   1.7924509264008459e-08
   8.7890625000000000e-01   5.0465248935910401e-01   5.0465250011162555e-01   1.0752521539814097e-08
   8.8671875000000000e-01   2.3076870300906954e-01   2.3076873213261356e-01   2.9123544020848158e-08
   8.9453125000000000e-01  -2.2792950914756995e-02  -2.2792910151432560e-02   4.0763324434672787e-08
   9.0234375000000000e-01  -2.1927666760813352e-01  -2.1927662552360466e-01   4.2084528861785486e-08
   9.1015625000000000e-01  -3.3468991245019258e-01  -3.3468988030754859e-01   3.2142643990873410e-08
   9.1796875000000000e-01  -3.6098628389099474e-01  -3.6098627066578048e-01   1.3225214257062134e-08
   9.2578125000000000e-01  -3.0641441550563542e-01  -3.0641442530891272e-01   9.8032773010459096e-09
   9.3359375000000000e-01  -1.9312185833796616e-01  -1.9312188899660879e-01   3.0658642624636911e-08
   9.4140625000000000e-01  -5.2564512848539080e-02  -5.2564556385046909e-02   4.3536507829400328e-08
   9.4921875000000000e-01   8.0394904900156675e-02   8.0394860211332533e-02   4.4688824141214667e-08
   9.5703125000000000e-01   1.7366036744867655e-01   1.7366033375953685e-01   3.3689139700143755e-08
   9.6484375000000000e-01   2.0334099357942792e-01   2.0334098008733822e-01   1.3492089695477105e-08
   9.7265625000000000e-01   1.5764082172635971e-01   1.5764083197715106e-01   1.0250791354637911e-08
   9.8046875000000000e-01   3.8688814055938138e-02   3.8688844969869240e-02   3.0913931102494185e-08
   9.8828125000000000e-01  -1.3785420144704247e-01  -1.3785415876218726e-01   4.2684855205976646e-08
   9.9609375000000000e-01  -3.4524282732821943e-01  -3.4524278494547900e-01   4.2382740428337229e-08
   7.5390625000000000e-01  -3.9043791472124240e-01  -3.9043793225966428e-01   1.7538421881457822e-08
   7.6171875000000000e-01  -7.6503881302804277e-01  -7.6503882676251433e-01   1.3734471560056249e-08
   7.6953125000000000e-01  -1.0699985642762480e+00  -1.0699985711476285e+00   6.8713805756459578e-09
   7.7734375000000000e-01  -1.2665992288113546e+00  -1.2665992267204802e+00   2.0908743625369652e-09
   7.8515625000000000e-01  -1.3281216722819196e+00  -1.3281216606795823e+00   1.1602337313121325e-08
   7.9296875000000000e-01  -1.2444031504637529e+00  -1.2444031308915044e+00   1.9572248488586297e-08
   8.0078125000000000e-01  -1.0241445447257842e+00  -1.0241445208766544e+00   2.3849129782149703e-08
   8.0859375000000000e-01  -6.9440257098448344e-01  -6.9440254828555747e-01   2.2698925961073257e-08
   8.1640625000000000e-01  -2.9717449182311723e-01  -2.9717447627996613e-01   1.5543151099528529e-08
   8.2421875000000000e-01   1.1649527701763049e-01   1.1649528032437616e-01   3.3067456689517272e-09
   8.3203125000000000e-01   4.9398830443301633e-01   4.9398829301700298e-01   1.1416013356857491e-08
   8.3984375000000000e-01   7.8894701116293953e-01   7.8894698621092807e-01   2.4952011457024525e-08
   8.4765625000000000e-01   9.6815230537607744e-01   9.6815227200083676e-01   3.3375240682254059e-08
   8.5546875000000000e-01   1.0162694584546685e+00   1.0162694246746828e+00   3.3779985697535153e-08
   8.6328125000000000e-01   9.3765462931386678e-01   9.3765460414804325e-01   2.5165823536177356e-08
   8.7109375000000000e-01   7.5493532229404370e-01   7.5493531322173724e-01   9.0723064616327065e-09
