#                  Coord.                Numerical               Analytical                    Error
   3.9062500000000000e-03   3.5062510758747895e-01   3.5062510023055005e-01   7.3569288994157489e-09
   1.1718750000000000e-02   3.2435461011576200e-01   3.2435460398406496e-01   6.1316970390024039e-09
   1.9531250000000000e-02   2.2490136915294204e-01   2.2490136554561632e-01   3.6073257159152661e-09
   2.7343750000000000e-02   8.1982807209518824e-02   8.1982806778341036e-02   4.3117778791845751e-10
   3.5156250000000000e-02  -6.6953207532659320e-02  -6.6953204840684746e-02   2.6919745738096523e-09
   4.2968750000000000e-02  -1.8398619130129520e-01  -1.8398618622150059e-01   5.0797946127278948e-09
   5.0781250000000000e-02  -2.3800910586981369e-01  -2.3800909952487959e-01   6.3449341058952058e-09
   5.8593750000000000e-02  -2.1070291406279118e-01  -2.1070290771973205e-01   6.3430591334956432e-09
   6.6406250000000000e-02  -1.0010151284437564e-01  -1.0010150758355113e-01   5.2608245121321673e-09
   7.4218750000000000e-02   7.8903570121624036e-02   7.8903573514867348e-02   3.3932433113337268e-09
   8.2031250000000000e-02   2.9719889947266592e-01   2.9719890063012849e-01   1.1574625702337471e-09
   8.9843750000000000e-02   5.1671977341095010e-01   5.1671977228884425e-01   1.1221058526800221e-09
   9.7656250000000000e-02   6.9736097942431075e-01   6.9736097628867211e-01   3.1356386376302225e-09
   1.0546875000000000e-01   8.0423367100812715e-01   8.0423366629064019e-01   4.7174869566291022e-09
   1.1328125000000000e-01   8.1392251140067629e-01   8.1392250573831071e-01   5.6623655764198588e-09
   1.2109375000000000e-01   7.1860190192225326e-01   7.1860189607184333e-01   5.8504099342826521e-09
   1.2890625000000000e-01   5.2729043845008539e-01   5.2729043335797809e-01   5.0921072913823195e-09
   1.3671875000000000e-01   2.6407568152557997e-01   2.6407567814726229e-01   3.3783176811574833e-09
   1.4453125000000000e-01  -3.6281987956156003e-02  -3.6281988806231527e-02   8.5007552386162644e-10
   1.5234375000000000e-01  -3.3447032389511022e-01  -3.3447032173622898e-01   2.1588812404438329e-09
   1.6015625000000000e-01  -5.9327169977079486e-01  -5.9327169465208762e-01   5.1187072358516161e-09
   1.6796875000000000e-01  -7.8347430506483773e-01  -7.8347429771778931e-01   7.3470484140969461e-09
   1.7578125000000000e-01  -8.8797593417763843e-01  -8.8797592597395791e-01   8.2036805126861623e-09
   1.8359375000000000e-01  -9.0340513374053433e-01  -9.0340512649752358e-01   7.2430107467269522e-09
   1.9140625000000000e-01  -8.3910543430094842e-01  -8.3910542984434733e-01   4.4566010881652574e-09
   1.9921875000000000e-01  -7.1386455053357778e-01  -7.1386455023611195e-01   2.9746582974610192e-10
   2.0703125000000000e-01  -5.5121073268271670e-01  -5.5121073699546641e-01   4.3127497129091807e-09
   2.1484375000000000e-01  -3.7435287713817106e-01  -3.7435288538115746e-01   8.2429864045607815e-09
   2.2265625000000000e-01  -2.0185958749918936e-01  -2.0185959787444954e-01   1.0375260178774326e-08
   2.3046875000000000e-01  -4.4955821819780313e-02  -4.4955831817716362e-02   9.9979360485002999e-09
   2.3828125000000000e-01   9.3084714159068757e-02   9.3084707170360492e-02   6.9887082648767418e-09
   2.4609375000000000e-01   2.1546704850998599e-01   2.1546704653514595e-01   1.9748400414965062e-09
   2.5390625000000000e-01   3.2881478817195736e-01   3.2881479204045927e-01   3.8685019077000504e-09
   2.6171875000000000e-01   4.3936921647498500e-01   4.3936922552480623e-01   9.0498212257372757e-09
   2.6953125000000000e-01   5.4944892424416047e-01   5.4944893629441005e-01   1.2050249575956684e-08
   2.7734375000000000e-01   6.5509334249562556e-01   6.5509335450690553e-01   1.2011279970636224e-08
   2.8515625000000000e-01   7.4552338850264821e-01   7.4552339726607042e-01   8.7634222101229398e-09
   2.9296875000000000e-01   8.0461776392922446e-01   8.0461776702826637e-01   3.0990419119802937e-09
   3.0078125000000000e-01   8.1412415469948507e-01   8.1412415111394509e-01   3.5855399760365003e-09
   3.0859375000000000e-01   7.5790990111654399e-01   7.5790989163948164e-01   9.4770623570994417e-09
   3.1640625000000000e-01   6.2630030375807244e-01   6.2630029075279503e-01   1.3005277410549354e-08
   3.2421875000000000e-01   4.1951147110986253e-01   4.1951145799138417e-01   1.3118478359164243e-08
   3.3203125000000000e-01   1.4936596016102055e-01   1.4936595041400583e-01   9.7470147231160098e-09
   3.3984375000000000e-01  -1.6115966573706239e-01  -1.6115966942154306e-01   3.6844806650115913e-09
   3.4765625000000000e-01  -4.8054883300362872e-01  -4.8054882957231054e-01   3.4313181740408538e-09
   3.5546875000000000e-01  -7.7306325478338755e-01  -7.7306324506242374e-01   9.7209638116879660e-09
   3.6328125000000000e-01  -1.0039635109001608e+00  -1.0039634974873219e+00   1.3412838839599317e-08
   3.7109375000000000e-01  -1.1446636906055085e+00  -1.1446636770735066e+00   1.3532001963412199e-08
   3.7890625000000000e-01  -1.1768941082025972e+00  -1.1768940982451872e+00   9.9574100076438299e-09
   3.8671875000000000e-01  -1.0951783414483716e+00  -1.0951783377692177e+00   3.6791538704505911e-09
   3.9453125000000000e-01  -9.0729235268327113e-01  -9.0729235627613380e-01   3.5928626740400205e-09
   4.0234375000000000e-01  -6.3277710750498839e-01  -6.3277711739350373e-01   9.8885153398953207e-09
   4.1015625000000000e-01  -2.9993008946135474e-01  -2.9993010297211242e-01   1.3510757679302543e-08
   4.1796875000000000e-01   5.8068978344688861e-02   5.8068964870650268e-02   1.3474038593197513e-08
   4.2578125000000000e-01   4.0717704567307406e-01   4.0717703587122250e-01   9.8018515526376859e-09
   4.3359375000000000e-01   7.1602608580842042e-01   7.1602608231272524e-01   3.4956951777687095e-09
   4.4140625000000000e-01   9.5857200693039368e-01   9.5857201063170960e-01   3.7013159204235535e-09
   4.4921875000000000e-01   1.1157140803508960e+00   1.1157140901930314e+00   9.8421353289523950e-09
   4.5703125000000000e-01   1.1759910093999164e+00   1.1759910226707617e+00   1.3270845311552648e-08
   4.6484375000000000e-01   1.1356208796005387e+00   1.1356208927108451e+00   1.3110306396058036e-08
   4.7265625000000000e-01   9.9819466602399809e-01   9.9819467547860607e-01   9.4546079854040954e-09
   4.8046875000000000e-01   7.7425950179970870e-01   7.7425950517312025e-01   3.3734115501005135e-09
   4.8828125000000000e-01   4.8087524592600756e-01   4.8087524247602720e-01   3.4499803569509879e-09
   4.9609375000000000e-01   1.4105496762551226e-01   1.4105495844477486e-01   9.1807373925334446e-09
   5.0390625000000000e-01  -2.1712962665837143e-01  -2.1712963901204294e-01   1.2353671502429719e-08
   5.1171875000000000e-01  -5.6203340026515070e-01  -5.6203341250983951e-01   1.2244688818441318e-08
   5.1953125000000000e-01  -8.6069153132388221e-01  -8.6069154026514105e-01   8.9412588444304220e-09
   5.2734375000000000e-01  -1.0818412506227779e+00  -1.0818412541284801e+00   3.5057021730011684e-09
   5.3515625000000000e-01  -1.1994767739204162e+00  -1.1994767713741945e+00   2.5462216779459368e-09
   5.4296875000000000e-01  -1.1964769465286276e+00  -1.1964769389797729e+00   7.5488546524837830e-09
   5.5078125000000000e-01  -1.0676943335279510e+00  -1.0676943232434515e+00   1.0284499474266795e-08
   5.5859375000000000e-01  -8.2186878282357845e-01  -8.2186877267926217e-01   1.0144316275884080e-08
   5.6640625000000000e-01  -4.8184808790888400e-01  -4.8184808050143446e-01   7.4074495426401654e-09
   5.7421875000000000e-01  -8.2847632024992374e-02  -8.2847629036509884e-02   2.9884824892523199e-09
   5.8203125000000000e-01   3.3118823359897853e-01   3.3118823186237578e-01   1.7366027504905901e-09
   5.8984375000000000e-01   7.1271652984296952e-01   7.1271652435116550e-01   5.4918040115481404e-09
   5.9765625000000000e-01   1.0165270033311931e+00   1.0165269960110492e+00   7.3201438244296924e-09
   6.0546875000000000e-01   1.2056184467654314e+00   1.2056184398121932e+00   6.9532382074299903e-09
   6.1328125000000000e-01   1.2561498698007250e+00   1.2561498650887439e+00   4.7119810275830787e-09
   6.2109375000000000e-01   1.1607332087683571e+00   1.1607332072673828e+00   1.5009742337923626e-09
   6.2890625000000000e-01   9.2959080715746090e-01   9.2959080881194789e-01   1.6544869918533323e-09
   6.3671875000000000e-01   5.8942462016824793e-01   5.8942462398245421e-01   3.8142062841473034e-09
   6.4453125000000000e-01   1.8017445950781288e-01   1.8017446387829256e-01   4.3704796726107276e-09
   6.5234375000000000e-01  -2.4987509828267038e-01  -2.4987509491311513e-01   3.3695552459356293e-09
   6.6015625000000000e-01  -6.4998360227352836e-01  -6.4998360097503716e-01   1.2984912034497142e-09
   6.6796875000000000e-01  -9.7309138201632384e-01  -9.7309138300301845e-01   9.8669461490175081e-10
   6.7578125000000000e-01  -1.1814636834282772e+00  -1.1814636861018601e+00   2.6735829106172559e-09
   6.8359375000000000e-01  -1.2511925198179321e+00  -1.2511925229716472e+00   3.1537150668725644e-09
   6.9140625000000000e-01  -1.1750559799253169e+00  -1.1750559822395623e+00   2.3142454619318187e-09
   6.9921875000000000e-01  -9.6342046466327214e-01  -9.6342046512110480e-01   4.5783266067189743e-10
   7.0703125000000000e-01  -6.4307576039900261e-01  -6.4307575867156863e-01   1.7274339736417232e-09
   7.1484375000000000e-01  -2.5410404074932719e-01  -2.5410403724387254e-01   3.5054546487778282e-09
   7.2265625000000000e-01   1.5490765218969257e-01   1.5490765641669169e-01   4.2269991118448758e-09
   7.3046875000000000e-01   5.3280766200847718e-01   5.3280766563189741e-01   3.6234202305251983e-09
   7.3828125000000000e-01   8.3230602646375584e-01   8.3230602827684608e-01   1.8130902335045107e-09
   7.4609375000000000e-01   1.0161118772419879e+00   1.0161118766015678e+00   6.4042016134635560e-10
   8.7890625000000000e-01   1.0024419820010380e+00   1.0024419791749875e+00   2.8260505047228435e-09
   8.8671875000000000e-01   9.4967952152500323e-01   9.4967951814491558e-01   3.3800876542144920e-09
   8.9453125000000000e-01   7.6569335410787354e-01   7.6569335044114684e-01   3.6667267000467518e-09
   9.0234375000000000e-01   4.7804764182265225e-01   4.7804763835854974e-01   3.4641025048465224e-09
   9.1015625000000000e-01   1.2914242834242409e-01   1.2914242576425256e-01   2.5781715373707215e-09
   9.1796875000000000e-01  -2.3048375823825082e-01  -2.3048375919922193e-01   9.6097110824366894e-10
   9.2578125000000000e-01  -5.5004461015683681e-01  -5.5004460894212726e-01   1.2147095551640064e-09
   9.3359375000000000e-01  -7.8633645643970951e-01  -7.8633645290936172e-01   3.5303477918802173e-09
   9.4140625000000000e-01  -9.1026130944586792e-01  -9.1026130401958727e-01   5.4262806470362079e-09
   9.4921875000000000e-01  -9.1100170375162215e-01  -9.1100169740695258e-01   6.3446695675040132e-09
   9.5703125000000000e-01  -7.9718327304838144e-01  -7.9718326712905341e-01   5.9193280277369809e-09
   9.6484375000000000e-01  -5.9485126309709291e-01  -5.9485125900400637e-01   4.0930865363719704e-09
   9.7265625000000000e-01  -3.4261351711820209e-01  -3.4261351592002870e-01   1.1981733938348782e-09
   9.8046875000000000e-01  -8.4778497934551861e-02  -8.4778500065584447e-02   2.1310325865053770e-09
   9.8828125000000000e-01   1.3633903748664100e-01   1.3633903238934836e-01   5.0972926435299826e-09
   9.9609375000000000e-01   2.8762277176056039e-01   2.8762276476322884e-01   6.9973315475202469e-09
   7.5390625000000000e-01   1.0619793570067178e+00   1.0619793539703772e+00   3.0363405123523535e-09
   7.6171875000000000e-01   9.6593457526842996e-01   9.6593457057130316e-01   4.6971267986251064e-09
   7.6953125000000000e-01   7.4314370039061806e-01   7.4314369525104895e-01   5.1395691036404401e-09
   7.7734375000000000e-01   4.2617283856243998e-01   4.2617283426721675e-01   4.2952232326420869e-09
   7.8515625000000000e-01   6.0751985999305050e-02   6.0751983580004519e-02   2.4193005307426851e-09
   7.9296875000000000e-01  -3.0046381111038001e-01  -3.0046381118689847e-01   7.6518458236307652e-11
   8.0078125000000000e-01  -6.0530663976702481e-01  -6.0530663764617643e-01   2.1208483858004001e-09
   8.0859375000000000e-01  -8.0962338077326701e-01  -8.0962337712035781e-01   3.6529091973491745e-09
   8.1640625000000000e-01  -8.8378986665070736e-01  -8.8378986236841550e-01   4.2822918544516142e-09
   8.2421875000000000e-01  -8.1719257244937038e-01  -8.1719256843013355e-01   4.0192368322422567e-09
   8.3203125000000000e-01  -6.1994159041150498e-01  -6.1994158729983917e-01   3.1116658139040965e-09
   8.3984375000000000e-01  -3.2149332075587506e-01  -3.2149331888333055e-01   1.8725445083411785e-09
   8.4765625000000000e-01   3.3658331584968094e-02   3.3658332199525923e-02   6.1455782823793825e-10
   8.5546875000000000e-01   3.9259725337560841e-01   3.9259725288353359e-01   4.9207482533120128e-10
   8.6328125000000000e-01   7.0190852062190956e-01   7.0190851923128739e-01   1.3906221729698132e-09
   8.7109375000000000e-01   9.1569424031462865e-01   9.1569423815903117e-01   2.1555974782927478e-09
