#                  Coord.                Numerical               Analytical                    Error
   3.9062500000000000e-03   5.4785707617426305e-01   5.4785707812767448e-01   1.9534114326091867e-09
   1.1718750000000000e-02   6.9516513735818108e-01   6.9516514039703303e-01   3.0388519478563580e-09
   1.9531250000000000e-02   7.6100911162782781e-01   7.6100911498764334e-01   3.3598155368963489e-09
   2.7343750000000000e-02   7.5219835773500698e-01   7.5219836045103627e-01   2.7160292903616323e-09
   3.5156250000000000e-02   6.8253103206339427e-01   6.8253103318565000e-01   1.1222557327883464e-09
   4.2968750000000000e-02   5.7000417424477134e-01   5.7000417319615893e-01   1.0486124191189106e-09
   5.0781250000000000e-02   4.3388270824116754e-01   4.3388270506149046e-01   3.1796770771919114e-09
   5.8593750000000000e-02   2.9201929848047536e-01   2.9201929397111603e-01   4.5093593303846546e-09
   6.6406250000000000e-02   1.5875235838370499e-01   1.5875235390885289e-01   4.4748520999782215e-09
   7.4218750000000000e-02   4.3616303949875090e-02   4.3616301078865792e-02   2.8710092983552649e-09
   8.2031250000000000e-02  -4.9017273080497734e-02  -4.9017273111568720e-02   3.1070986061809691e-11
   8.9843750000000000e-02  -1.1937965595563595e-01  -1.1937965267122089e-01   3.2844150593680510e-09
   9.7656250000000000e-02  -1.7097461327406532e-01  -1.7097460726997646e-01   6.0040888649748325e-09
   1.0546875000000000e-01  -2.0875222791308801e-01  -2.0875222077387628e-01   7.1392117217961015e-09
   1.1328125000000000e-01  -2.3715767972715138e-01  -2.3715767364901275e-01   6.0781386312935837e-09
   1.2109375000000000e-01  -2.5846899732267564e-01  -2.5846899441872356e-01   2.9039520788032291e-09
   1.2890625000000000e-01  -2.7180911869506164e-01  -2.7180912033093507e-01   1.6358734367116767e-09
   1.3671875000000000e-01  -2.7310807504725537e-01  -2.7310808131934505e-01   6.2720896809587146e-09
   1.4453125000000000e-01  -2.5610814614192445e-01  -2.5610815562685874e-01   9.4849342824332439e-09
   1.5234375000000000e-01  -2.1427505305576255e-01  -2.1427506321575845e-01   1.0159995900149710e-08
   1.6015625000000000e-01  -1.4324547152435685e-01  -1.4324547931026999e-01   7.7859131364377276e-09
   1.6796875000000000e-01  -4.3258872645649538e-02  -4.3258875493826315e-02   2.8481767777588374e-09
   1.7578125000000000e-01   7.9058767861030527e-02   7.9058771263292277e-02   3.4022617501072716e-09
   1.8359375000000000e-01   2.1013512314112343e-01   2.1013513227138392e-01   9.1302604920961983e-09
   1.9140625000000000e-01   3.3048974766637584e-01   3.3048976028881433e-01   1.2622438483322895e-08
   1.9921875000000000e-01   4.1742495202351604e-01   4.1742496468781509e-01   1.2664299053888328e-08
   2.0703125000000000e-01   4.4904533722917056e-01   4.4904534631207399e-01   9.0829034293804511e-09
   2.1484375000000000e-01   4.0892606323366781e-01   4.0892606591739888e-01   2.6837310707072959e-09
   2.2265625000000000e-01   2.9050288993664319e-01   2.9050288516549128e-01   4.7711519179927109e-09
   2.3046875000000000e-01   1.0018934447762455e-01   1.0018933326263636e-01   1.1214988188124053e-08
   2.3828125000000000e-01  -1.4162626908504067e-01  -1.4162628380368097e-01   1.4718640306554676e-08
   2.4609375000000000e-01  -4.0219993506715351e-01  -4.0219994932421527e-01   1.4257061753397693e-08
   2.5390625000000000e-01  -6.4066691541914222e-01  -6.4066692521538726e-01   9.7962450373856313e-09
   2.6171875000000000e-01  -8.1434910241718350e-01  -8.1434910494669421e-01   2.5295107120015814e-09
   2.6953125000000000e-01  -8.8611579018262276e-01  -8.8611578468365304e-01   5.4989697240159785e-09
   2.7734375000000000e-01  -8.3147933399892726e-01  -8.3147932192013818e-01   1.2078789080050001e-08
   2.8515625000000000e-01  -6.4405849902107470e-01  -6.4405848364520790e-01   1.5375866802003202e-08
   2.9296875000000000e-01  -3.3826851634559907e-01  -3.3826850183242013e-01   1.4513178936415017e-08
   3.0078125000000000e-01   5.1436496926346824e-02   5.1436506691287749e-02   9.7649409253053321e-09
   3.0859375000000000e-01   4.7482298599264117e-01   4.7482298848838606e-01   2.4957448885309930e-09
   3.1640625000000000e-01   8.7304143230288178e-01   8.7304142704630672e-01   5.2565750641164755e-09
   3.2421875000000000e-01   1.1875421661299963e+00   1.1875421547661253e+00   1.1363870955349853e-08
   3.3203125000000000e-01   1.3692472664435136e+00   1.3692472522150010e+00   1.4228512590364062e-08
   3.3984375000000000e-01   1.3864154511570645e+00   1.3864154379593672e+00   1.3197697379396800e-08
   3.4765625000000000e-01   1.2298596902185308e+00   1.2298596815002287e+00   8.7183020802683586e-09
   3.5546875000000000e-01   9.1464382507642650e-01   9.1464382291032398e-01   2.1661025195740535e-09
   3.6328125000000000e-01   4.7800183349447206e-01   4.7800183805468976e-01   4.5602177034531621e-09
   3.7109375000000000e-01  -2.6127907709738767e-02  -2.6127898091766862e-02   9.6179719050182300e-09
   3.7890625000000000e-01  -5.3500184645916815e-01  -5.3500183473334506e-01   1.1725823090280585e-08
   3.8671875000000000e-01  -9.8608113854627599e-01  -9.8608112801060310e-01   1.0535672889666614e-08
   3.9453125000000000e-01  -1.3257035591292528e+00  -1.3257035525412550e+00   6.5879977029226211e-09
   4.0234375000000000e-01  -1.5160969105610917e+00  -1.5160969093292604e+00   1.2318313036274731e-09
   4.1015625000000000e-01  -1.5397563925021776e+00  -1.5397563964446215e+00   3.9424439268742617e-09
   4.1796875000000000e-01  -1.4006910049009531e+00  -1.4006910123853804e+00   7.4844273001417605e-09
   4.2578125000000000e-01  -1.1225719035335371e+00  -1.1225719121004409e+00   8.5669038529800901e-09
   4.3359375000000000e-01  -7.4429459394930808e-01  -7.4429460105231438e-01   7.1030062942512018e-09
   4.4140625000000000e-01  -3.1382030894451202e-01  -3.1382031275620270e-01   3.8116906853069565e-09
   4.4921875000000000e-01   1.1865714076542995e-01   1.1865714090929493e-01   1.4386497548812827e-10
   4.5703125000000000e-01   5.0717654308554594e-01   5.0717654656850142e-01   3.4829554795834383e-09
   4.6484375000000000e-01   8.1523177796769042e-01   8.1523178325933887e-01   5.2916484527543162e-09
   4.7265625000000000e-01   1.0191626079323000e+00   1.0191626131263318e+00   5.1940318712695444e-09
   4.8046875000000000e-01   1.1094679698588490e+00   1.1094679733653834e+00   3.5065343961804274e-09
   4.8828125000000000e-01   1.0901341979520816e+00   1.0901341989582272e+00   1.0061456112708811e-09
   4.9609375000000000e-01   9.7634992592198777e-01   9.7634992462531844e-01   1.2966693274663044e-09
   5.0390625000000000e-01   7.9116240236371493e-01   7.9116239974810110e-01   2.6156138366317805e-09
   5.1171875000000000e-01   5.6169972759297004e-01   5.6169972502651067e-01   2.5664593783503165e-09
   5.1953125000000000e-01   3.1554399611233624e-01   3.1554399476950246e-01   1.3428337886089992e-09
   5.2734375000000000e-01   7.7713142927621548e-02   7.7713143344444985e-02   4.1682343687732271e-10
   5.3515625000000000e-01  -1.3147164253339025e-01  -1.3147164069265746e-01   1.8407327884162328e-09
   5.4296875000000000e-01  -2.9755139286440735e-01  -2.9755139064708580e-01   2.2173215485921105e-09
   5.5078125000000000e-01  -4.1221822087180915e-01  -4.1221821963371957e-01   1.2380895753061338e-09
   5.5859375000000000e-01  -4.7293730022954189e-01  -4.7293730103651260e-01   8.0697071247470831e-10
   5.6640625000000000e-01  -4.8216179281315341e-01  -4.8216179596926295e-01   3.1561095403809247e-09
   5.7421875000000000e-01  -4.4638082842145932e-01  -4.4638083320438715e-01   4.7829278315703050e-09
   5.8203125000000000e-01  -3.7516597505537586e-01  -3.7516597989869882e-01   4.8433229649091913e-09
   5.8984375000000000e-01  -2.8027904860859076e-01  -2.8027905157651467e-01   2.9679239066382479e-09
   5.9765625000000000e-01  -1.7480672584321783e-01  -1.7480672535840058e-01   4.8481724190807540e-10
   6.0546875000000000e-01  -7.2226620647537265e-02  -7.2226616095009882e-02   4.5525273828506130e-09
   6.1328125000000000e-01   1.4693214509510453e-02   1.4693222379369372e-02   7.8698589190545620e-09
   6.2109375000000000e-01   7.5198736933226706e-02   7.5198746123107341e-02   9.1898806342527450e-09
   6.2890625000000000e-01   1.0198559931016313e-01   1.0198560704195626e-01   7.7317931362896886e-09
   6.3671875000000000e-01   9.2565113194973250e-02   9.2565116799995906e-02   3.6050226553951958e-09
   6.4453125000000000e-01   5.0254918310604059e-02   5.0254916098138050e-02   2.2124660090105941e-09
   6.5234375000000000e-01  -1.5550516256346927e-02  -1.5550524355757659e-02   8.0994107323761888e-09
   6.6015625000000000e-01  -9.0118928651517535e-02  -9.0118940904978545e-02   1.2253461009748001e-08
   6.6796875000000000e-01  -1.5526096820653273e-01  -1.5526098144330805e-01   1.3236775314728888e-08
   6.7578125000000000e-01  -1.9224689371201542e-01  -1.9224690420266441e-01   1.0490648988392692e-08
   6.8359375000000000e-01  -1.8538301489245673e-01  -1.8538301942653401e-01   4.5340772802937579e-09
   6.9140625000000000e-01  -1.2563361726258063e-01  -1.2563361414798166e-01   3.1145989676240049e-09
   6.9921875000000000e-01  -1.3536489854234668e-02  -1.3536479475237728e-02   1.0378996939675034e-08
   7.0703125000000000e-01   1.3932449658511215e-01   1.3932451175828284e-01   1.5173170692106552e-08
   7.1484375000000000e-01   3.1083659204585040e-01   3.1083660809399516e-01   1.6048144757530025e-08
   7.2265625000000000e-01   4.7106706705161583e-01   4.7106707967233458e-01   1.2620718747857751e-08
   7.3046875000000000e-01   5.8692545474405622e-01   5.8692546048881500e-01   5.7447587797909705e-09
   7.3828125000000000e-01   6.2809518479159288e-01   6.2809518203765113e-01   2.7539417413180445e-09
   7.4609375000000000e-01   5.7320088602642172e-01   5.7320087542629961e-01   1.0600122113402222e-08
   8.7890625000000000e-01   1.4670868363024883e+00   1.4670868337552931e+00   2.5471951214939281e-09
   8.8671875000000000e-01   1.2196439267895438e+00   1.2196439281141982e+00   1.3246543861811233e-09
   8.9453125000000000e-01   8.3709862008233638e-01   8.3709862428645532e-01   4.2041189418640101e-09
   9.0234375000000000e-01   3.6789280566863158e-01   3.6789281133065993e-01   5.6620283461761289e-09
   9.1015625000000000e-01  -1.3050293609293387e-01  -1.3050293041555533e-01   5.6773785395147769e-09
   9.1796875000000000e-01  -5.9970413677733170e-01  -5.9970413219438767e-01   4.5829440242783903e-09
   9.2578125000000000e-01  -9.8812050158793985e-01  -9.8812049873416563e-01   2.8537742169376656e-09
   9.3359375000000000e-01  -1.2571610088914269e+00  -1.2571610079182032e+00   9.7322372383246147e-10
   9.4140625000000000e-01  -1.3851676894957474e+00  -1.3851676902001722e+00   7.0442474076060080e-10
   9.4921875000000000e-01  -1.3687270244088656e+00  -1.3687270263865479e+00   1.9776822401951222e-09
   9.5703125000000000e-01  -1.2214352046521695e+00  -1.2214352074255830e+00   2.7734134988577352e-09
   9.6484375000000000e-01  -9.7055929828246867e-01  -9.7055930134535395e-01   3.0628852787373262e-09
   9.7265625000000000e-01  -6.5228907574744144e-01  -6.5228907858555085e-01   2.8381094141494145e-09
   9.8046875000000000e-01  -3.0638879325810842e-01  -3.0638879536638647e-01   2.1082780521375355e-09
   9.8828125000000000e-01   2.8963297464931866e-02   2.8963296523536287e-02   9.4139557954564523e-10
   9.9609375000000000e-01   3.2149301681227038e-01   3.2149301731836605e-01   5.0609566537573869e-10
   7.5390625000000000e-01   4.1501244728875852e-01   4.1501243157226170e-01   1.5716496826190252e-08
   7.6171875000000000e-01   1.6356043849767721e-01   1.6356042167811155e-01   1.6819565656911450e-08
   7.6953125000000000e-01  -1.5364616823333285e-01  -1.5364618184657794e-01   1.3613245086752102e-08
   7.7734375000000000e-01  -4.9459996571413523e-01  -4.9459997281293733e-01   7.0988021017015512e-09
   7.8515625000000000e-01  -8.0866680721768947e-01  -8.0866680625513121e-01   9.6255825532409744e-10
   7.9296875000000000e-01  -1.0444624738722137e+00  -1.0444624654790622e+00   8.3931515071355989e-09
   8.0078125000000000e-01  -1.1584137774879060e+00  -1.1584137640983960e+00   1.3389509945227474e-08
   8.0859375000000000e-01  -1.1224914570057738e+00  -1.1224914422023371e+00   1.4803436698684891e-08
   8.1640625000000000e-01  -9.2969792916897709e-01  -9.2969791659173606e-01   1.2577241026434649e-08
   8.2421875000000000e-01  -5.9626338247597921e-01  -5.9626337495847270e-01   7.5175065061827695e-09
   8.3203125000000000e-01  -1.6007904821654942e-01  -1.6007904703760981e-01   1.1789396126005158e-09
   8.3984375000000000e-01   3.2443490009708731e-01   3.2443489530706737e-01   4.7900199362516105e-09
   8.4765625000000000e-01   7.9419711360032963e-01   7.9419710466868654e-01   8.9316430917918410e-09
   8.5546875000000000e-01   1.1867633638297377e+00   1.1867633533113842e+00   1.0518353521504764e-08
   8.6328125000000000e-01   1.4495184098918619e+00   1.4495184004093120e+00   9.4825498564432564e-09
   8.7109375000000000e-01   1.5472729233041562e+00   1.5472729167909021e+00   6.5132541582357817e-09
