#                  Coord.                Numerical               Analytical                    Error
   3.9062500000000000e-03   3.0421817766298104e-01   3.0421818728442634e-01   9.6214453071397088e-09
   1.1718750000000000e-02   5.7017798367565187e-01   5.7017799702521610e-01   1.3349564231823763e-08
   1.9531250000000000e-02   7.5240280197588205e-01   7.5240281412836985e-01   1.2152487793848366e-08
   2.7343750000000000e-02   8.4440387799764827e-01   8.4440388570742508e-01   7.7097768169664960e-09
   3.5156250000000000e-02   8.5003985526789105e-01   8.5003985785470049e-01   2.5868094333247882e-09
   4.2968750000000000e-02   7.8140110193084700e-01   7.8140110113313799e-01   7.9770900995868033e-10
   5.0781250000000000e-02   6.5609750831817859e-01   6.5609750724061910e-01   1.0775594860845672e-09
   5.8593750000000000e-02   4.9443479624912479e-01   4.9443479778915217e-01   1.5400273833954259e-09
   6.6406250000000000e-02   3.1687809586884902e-01   3.1687810128518390e-01   5.4163348806035572e-09
   7.4218750000000000e-02   1.4206244556971617e-01   1.4206245372920737e-01   8.1594911938154269e-09
   8.2031250000000000e-02  -1.4547639691048898e-02  -1.4547632030159758e-02   7.6608891400736789e-09
   8.9843750000000000e-02  -1.4138891393858341e-01  -1.4138891094164299e-01   2.9969404180540948e-09
   9.7656250000000000e-02  -2.3105746962513773e-01  -2.3105747464355039e-01   5.0184126576535704e-09
   1.0546875000000000e-01  -2.8026871291397637e-01  -2.8026872688603816e-01   1.3972061785327838e-08
   1.1328125000000000e-01  -2.8967012329451813e-01  -2.8967014385652717e-01   2.0562009039881701e-08
   1.2109375000000000e-01  -2.6358669898369091e-01  -2.6358672079894196e-01   2.1815251050050222e-08
   1.2890625000000000e-01  -2.0968699730817139e-01  -2.0968701350739669e-01   1.6199225294499797e-08
   1.3671875000000000e-01  -1.3847718451089133e-01  -1.3847718892118943e-01   4.4102980989446650e-09
   1.4453125000000000e-01  -6.2492223872468847e-02  -6.2492213280784137e-02   1.0591684709848614e-08
   1.5234375000000000e-01   4.9223096230733409e-03   4.9223340438749111e-03   2.4420801570182449e-08
   1.6015625000000000e-01   5.1253931514912560e-02   5.1253964034208316e-02   3.2519295756205935e-08
   1.6796875000000000e-01   6.6769048080488960e-02   6.6769079815882287e-02   3.1735393327125827e-08
   1.7578125000000000e-01   4.6483703103030030e-02   4.6483724529045325e-02   2.1426015295311629e-08
   1.8359375000000000e-01  -8.2398467859591835e-03  -8.2398428620775819e-03   3.9238816015862987e-09
   1.9140625000000000e-01  -8.8914588686213075e-02  -8.8914604725218074e-02   1.6039004999135464e-08
   1.9921875000000000e-01  -1.8034761768859803e-01  -1.8034765029807673e-01   3.2609478700651451e-08
   2.0703125000000000e-01  -2.6245468594070775e-01  -2.6245472657950308e-01   4.0638795328895583e-08
   2.1484375000000000e-01  -3.1339426169777879e-01  -3.1339429897221327e-01   3.7274434483425267e-08
   2.2265625000000000e-01  -3.1362952787083198e-01  -3.1362955087669692e-01   2.3005864935310427e-08
   2.3046875000000000e-01  -2.5024238945254834e-01  -2.5024239103310336e-01   1.5805550201974938e-09
   2.3828125000000000e-01  -1.2064568415097734e-01  -1.2064566319835635e-01   2.0952620999326044e-08
   2.4609375000000000e-01   6.5171703970455852e-02   6.5171742061022830e-02   3.8090566978343787e-08
   2.5390625000000000e-01   2.8455012928630330e-01   2.8455017399526644e-01   4.4708963142792157e-08
   2.6171875000000000e-01   5.0453900735598156e-01   5.0453904610918754e-01   3.8753205977570815e-08
   2.6953125000000000e-01   6.8659947664394660e-01   6.8659949838003453e-01   2.1736087929546954e-08
   2.7734375000000000e-01   7.9297998997978603e-01   7.9297998846137996e-01   1.5184060675466071e-09
   2.8515625000000000e-01   7.9370289327136267e-01   7.9370286884837216e-01   2.4422990518857546e-08
   2.9296875000000000e-01   6.7287239942204058e-01   6.7287235897931752e-01   4.0442723059364027e-08
   3.0078125000000000e-01   4.3303526785248631e-01   4.3303522270717648e-01   4.5145309823801938e-08
   3.0859375000000000e-01   9.6608107630740903e-02   9.6608070317611289e-02   3.7313129613858464e-08
   3.1640625000000000e-01  -2.9611404810598552e-01  -2.9611406747761976e-01   1.9371634241149849e-08
   3.2421875000000000e-01  -6.9222744630136834e-01  -6.9222744277358550e-01   3.5277828436264258e-09
   3.3203125000000000e-01  -1.0339998087558055e+00  -1.0339997838487540e+00   2.4907051532352398e-08
   3.3984375000000000e-01  -1.2678920114975347e+00  -1.2678919724984758e+00   3.8999058871169723e-08
   3.4765625000000000e-01  -1.3532811592852825e+00  -1.3532811170729111e+00   4.2212371376137980e-08
   3.5546875000000000e-01  -1.2693617477544743e+00  -1.2693617135665147e+00   3.4187959574438764e-08
   3.6328125000000000e-01  -1.0190052734316706e+00  -1.0190052558516236e+00   1.7580046973719732e-08
   3.7109375000000000e-01  -6.2889009404779661e-01  -6.2889009674367868e-01   2.6958820731337596e-09
   3.7890625000000000e-01  -1.4586845039148125e-01  -1.4586847153055860e-01   2.1139077349685564e-08
   3.8671875000000000e-01   3.6981025464349604e-01   3.6981022156637017e-01   3.3077125871638913e-08
   3.9453125000000000e-01   8.5327410585566943e-01   8.5327406999517885e-01   3.5860490577022119e-08
   4.0234375000000000e-01   1.2443480103396125e+00   1.2443479807438949e+00   2.9595717654373743e-08
   4.1015625000000000e-01   1.4959239426015944e+00   1.4959239259168200e+00   1.6684774450936857e-08
   4.1796875000000000e-01   1.5801090807337592e+00   1.5801090796752606e+00   1.0584986220862902e-09
   4.2578125000000000e-01   1.4913063156059292e+00   1.4913063287660582e+00   1.3160128986555719e-08
   4.3359375000000000e-01   1.2459263500812503e+00   1.2459263727640677e+00   2.2682817402142064e-08
   4.4140625000000000e-01   8.7898797347669655e-01   8.7898799936117489e-01   2.5884478338511485e-08
   4.4921875000000000e-01   4.3833468860360086e-01   4.3833471149025588e-01   2.2886655015597057e-08
   4.5703125000000000e-01  -2.2492421443467296e-02  -2.2492406116116439e-02   1.5327350857269328e-08
   4.6484375000000000e-01  -4.5157206108832382e-01  -4.5157205548000190e-01   5.6083219179825505e-09
   4.7265625000000000e-01  -8.0504012191460472e-01  -8.0504012569761219e-01   3.7830074628431021e-09
   4.8046875000000000e-01  -1.0518213750063405e+00  -1.0518213859939853e+00   1.0987644794013818e-08
   4.8828125000000000e-01  -1.1761755567773011e+00  -1.1761755717673901e+00   1.4990088947897107e-08
   4.9609375000000000e-01  -1.1779554627661777e+00  -1.1779554784490949e+00   1.5682917187120893e-08
   5.0390625000000000e-01  -1.0708182916317410e+00  -1.0708183051614237e+00   1.3529682707513757e-08
   5.1171875000000000e-01  -8.7889110125821912e-01  -8.7889111061487901e-01   9.3566598913241705e-09
   5.1953125000000000e-01  -6.3253884127846272e-01  -6.3253884530104820e-01   4.0225854869291311e-09
   5.2734375000000000e-01  -3.6391445709673814e-01  -3.6391445544984541e-01   1.6468927332979888e-09
   5.3515625000000000e-01  -1.0290051131315758e-01  -1.0290050441509595e-01   6.8980616357849911e-09
   5.4296875000000000e-01   1.2609055339255162e-01   1.2609056434733903e-01   1.0954787410533129e-08
   5.5078125000000000e-01   3.0617088588105507e-01   3.0617089894801686e-01   1.3066961790375586e-08
   5.5859375000000000e-01   4.2878647919565904e-01   4.2878649179785810e-01   1.2602199062072827e-08
   5.6640625000000000e-01   4.9334932071103410e-01   4.9334933003133713e-01   9.3203030293587119e-09
   5.7421875000000000e-01   5.0589466522011162e-01   5.0589466879013156e-01   3.5700199463306603e-09
   5.8203125000000000e-01   4.7705913515656961e-01   4.7705913160107560e-01   3.5554940103210697e-09
   5.8984375000000000e-01   4.1972750942153464e-01   4.1972749904914664e-01   1.0372388004054045e-08
   5.9765625000000000e-01   3.4670880870956872e-01   3.4670879376047542e-01   1.4949093296579008e-08
   6.0546875000000000e-01   2.6877752041628933e-01   2.6877750470518469e-01   1.5711104639493101e-08
   6.1328125000000000e-01   1.9335456812103802e-01   1.9335455612574204e-01   1.1995295978728393e-08
   6.2109375000000000e-01   1.2400633235504420e-01   1.2400632789431885e-01   4.4607253446571349e-09
   6.2890625000000000e-01   6.0813227864554877e-02   6.0813232825898865e-02   4.9613439884188537e-09
   6.3671875000000000e-01   1.5128167440223643e-03   1.5128302820988056e-03   1.3538076441355421e-08
   6.4453125000000000e-01  -5.6825010277234224e-02  -5.6824991823317260e-02   1.8453916963978578e-08
   6.5234375000000000e-01  -1.1595561747367049e-01  -1.1595559959976515e-01   1.7873905341914131e-08
   6.6015625000000000e-01  -1.7488297988505924e-01  -1.7488296839358469e-01   1.1491474549707448e-08
   6.6796875000000000e-01  -2.2897050421733917e-01  -2.2897050327965429e-01   9.3768487419154667e-10
   6.7578125000000000e-01  -2.7005685988725231e-01  -2.7005687059989358e-01   1.0712641274057688e-08
   6.8359375000000000e-01  -2.8770302176221835e-01  -2.8770304146725173e-01   1.9705033382777515e-08
   6.9140625000000000e-01  -2.7144613677165291e-01  -2.7144615969495894e-01   2.2923306031152890e-08
   6.9921875000000000e-01  -2.1367405965568315e-01  -2.1367407846031303e-01   1.8804629881019608e-08
   7.0703125000000000e-01  -1.1252132596407742e-01  -1.1252133406878825e-01   8.1047108330123407e-09
   7.1484375000000000e-01   2.5918548894568117e-02   2.5918555188735353e-02   6.2941672360206091e-09
   7.2265625000000000e-01   1.8672629083066963e-01   1.8672631083665378e-01   2.0005984147086764e-08
   7.3046875000000000e-01   3.4709293155713189e-01   3.4709296015716751e-01   2.8600035617554198e-08
   7.3828125000000000e-01   4.7917546072961087e-01   4.7917548960878331e-01   2.8879172442319856e-08
   7.4609375000000000e-01   5.5457350172238173e-01   5.5457352184168551e-01   2.0119303778542985e-08
   8.7890625000000000e-01   1.5185290377136811e+00   1.5185289920111777e+00   4.5702503337352596e-08
   8.8671875000000000e-01   1.5064145520580963e+00   1.5064145204678039e+00   3.1590292381977747e-08
   8.9453125000000000e-01   1.3174976274723866e+00   1.3174976175250364e+00   9.9473502768177013e-09
   9.0234375000000000e-01   9.7496871259577056e-01   9.7496872602007023e-01   1.3424299671882522e-08
   9.1015625000000000e-01   5.2188966401576098e-01   5.2188969651232187e-01   3.2496560886663417e-08
   9.1796875000000000e-01   1.4616360115692196e-02   1.4616402706161215e-02   4.2590469019609944e-08
   9.2578125000000000e-01  -4.8543545232717122e-01  -4.8543541066933527e-01   4.1657835958552880e-08
   9.3359375000000000e-01  -9.2033031398722986e-01  -9.2033028333258970e-01   3.0654640159610835e-08
   9.4140625000000000e-01  -1.2431482392319657e+00  -1.2431482260487337e+00   1.3183232061564354e-08
   9.4921875000000000e-01  -1.4234588772800947e+00  -1.4234588830274479e+00   5.7473532599772170e-09
   9.5703125000000000e-01  -1.4500864222354415e+00  -1.4500864433683118e+00   2.1132870342555066e-08
   9.6484375000000000e-01  -1.3309940918275143e+00  -1.3309941212601828e+00   2.9432668524620453e-08
   9.7265625000000000e-01  -1.0905756971283169e+00  -1.0905757264870397e+00   2.9358722786199110e-08
   9.8046875000000000e-01  -7.6500710934076521e-01  -7.6500713145266630e-01   2.2111901087917829e-08
   9.8828125000000000e-01  -3.9653178848964604e-01  -3.9653179920989401e-01   1.0720247967110907e-08
   9.9609375000000000e-01  -2.7612054928488134e-02  -2.7612053962896267e-02   9.6559186688049969e-10
   7.5390625000000000e-01   5.4972528980549151e-01   5.4972529407532988e-01   4.2698383717620914e-09
   7.6171875000000000e-01   4.5122435352968449e-01   4.5122433917824595e-01   1.4351438537563155e-08
   7.6953125000000000e-01   2.5994706756635627e-01   2.5994703734521735e-01   3.0221138924702018e-08
   7.7734375000000000e-01  -7.0002115299791362e-03  -7.0002499762551323e-03   3.8446275996140145e-08
   7.8515625000000000e-01  -3.1716203587761993e-01  -3.1716207193731771e-01   3.6059697783308309e-08
   7.9296875000000000e-01  -6.2657771286864927e-01  -6.2657773601778621e-01   2.3149136940681103e-08
   8.0078125000000000e-01  -8.8613952227944304e-01  -8.8613952510509697e-01   2.8256539330584474e-09
   8.0859375000000000e-01  -1.0494825155017111e+00  -1.0494824960505607e+00   1.9451150468086098e-08
   8.1640625000000000e-01  -1.0810541867922481e+00  -1.0810541492778216e+00   3.7514426454166028e-08
   8.2421875000000000e-01  -9.6289416723651777e-01  -9.6289412109694983e-01   4.6139567944081250e-08
   8.3203125000000000e-01  -6.9882170539667143e-01  -6.9882166272492741e-01   4.2671744027167335e-08
   8.3984375000000000e-01  -3.1515746258489657e-01  -3.1515743486952374e-01   2.7715372830083851e-08
   8.4765625000000000e-01   1.4228380319288075e-01   1.4228380831399043e-01   5.1211096752101781e-09
   8.5546875000000000e-01   6.1452024244735426e-01   6.1452022326424516e-01   1.9183109101206242e-08
   8.6328125000000000e-01   1.0380364212184423e+00   1.0380363824986822e+00   3.8719760064864772e-08
   8.7109375000000000e-01   1.3542928674238881e+00   1.3542928190352166e+00   4.8388671514132398e-08
