#                  Coord.                Numerical               Analytical                    Error
   3.9062500000000000e-03   1.6075187462002939e-04   1.6075165998759135e-04   2.1463243804324163e-10
   1.1718750000000000e-02   2.4580359201231976e-04   2.4580349286543890e-04   9.9146880863740933e-11
   1.9531250000000000e-02   3.7249542438434221e-04   3.7249555229945620e-04   1.2791511399363673e-10
   2.7343750000000000e-02   5.5945220950048510e-04   5.5945256428695939e-04   3.5478647428775767e-10
   3.5156250000000000e-02   8.3276160833608171e-04   8.3276203384424015e-04   4.2550815843901690e-10
   4.2968750000000000e-02   1.2285643690190229e-03   1.2285646081420828e-03   2.3912305989470806e-10
   5.0781250000000000e-02   1.7963739361714652e-03   1.7963737841989532e-03   1.5197251204863982e-10
   5.8593750000000000e-02   2.6032638787578184e-03   2.6032633551018531e-03   5.2365596537803927e-10
   6.6406250000000000e-02   3.7390622013276547e-03   3.7390616073343366e-03   5.9399331807374889e-10
   7.4218750000000000e-02   5.3226804481680736e-03   5.3226802169661644e-03   2.3120190918018979e-10
   8.2031250000000000e-02   7.5096783004795593e-03   7.5096786863438191e-03   3.8586425981507189e-10
   8.9843750000000000e-02   1.0501116562793612e-02   1.0501117375228700e-02   8.1243508795458830e-10
   9.7656250000000000e-02   1.4553678565650836e-02   1.4553679194300445e-02   6.2864960979902573e-10
   1.0546875000000000e-01   1.9990938220699934e-02   1.9990938043038902e-02   1.7766103171945602e-10
   1.1328125000000000e-01   2.7215519765802883e-02   2.7215518735781763e-02   1.0300211204794518e-09
   1.2109375000000000e-01   3.6721729486534960e-02   3.6721728445065084e-02   1.0414698756178176e-09
   1.2890625000000000e-01   4.9108046546692992e-02   4.9108046841661909e-02   2.9496891734703823e-10
   1.3671875000000000e-01   6.5088646069551864e-02   6.5088648519375542e-02   2.4498236772529935e-09
   1.4453125000000000e-01   8.5502905392159975e-02   8.5502909250476891e-02   3.8583169159611685e-09
   1.5234375000000000e-01   1.1132163183418131e-01   1.1132163466986836e-01   2.8356870462875605e-09
   1.6015625000000000e-01   1.4364856985502572e-01   1.4364856884743588e-01   1.0075898448924647e-09
   1.6796875000000000e-01   1.8371562379716083e-01   1.8371561791903768e-01   5.8781231548898916e-09
   1.7578125000000000e-01   2.3287019873987019e-01   2.3287019034052853e-01   8.3993416666316989e-09
   1.8359375000000000e-01   2.9255314630503304e-01   2.9255314052836678e-01   5.7766662564517901e-09
   1.9140625000000000e-01   3.6426603220040926e-01   3.6426603389205792e-01   1.6916486544893417e-09
   1.9921875000000000e-01   4.4952683918788600e-01   4.4952684898672651e-01   9.7988405167726000e-09
   2.0703125000000000e-01   5.4981379378004980e-01   5.4981380627977550e-01   1.2499725698944530e-08
   2.1484375000000000e-01   6.6649775130308764e-01   6.6649775743879658e-01   6.1357089409241894e-09
   2.2265625000000000e-01   8.0076446763008957e-01   8.0076446054597716e-01   7.0841124077958284e-09
   2.3046875000000000e-01   9.5352908068550701e-01   9.5352906147793282e-01   1.9207574197821486e-08
   2.3828125000000000e-01   1.1253461570626315e+00   1.1253461358618932e+00   2.1200738276050402e-08
   2.4609375000000000e-01   1.3163196468838025e+00   1.3163196375135175e+00   9.3702849923715803e-09
   2.5390625000000000e-01   1.5260179420075140e+00   1.5260179530112084e+00   1.1003694400102404e-08
   2.6171875000000000e-01   1.7533998488185982e+00   1.7533998771513175e+00   2.8332719281820573e-08
   2.6953125000000000e-01   1.9967575711235466e+00   1.9967576035133658e+00   3.2389819271116949e-08
   2.7734375000000000e-01   2.2536826637178096e+00   2.2536826858637049e+00   2.2145895339775734e-08
   2.8515625000000000e-01   2.5210603060520231e+00   2.5210603133013159e+00   7.2492927216671887e-09
   2.9296875000000000e-01   2.7950961329166391e+00   2.7950961344151821e+00   1.4985430674130384e-09
   3.0078125000000000e-01   3.0713782740491529e+00   3.0713782865193799e+00   1.2470227073180240e-08
   3.0859375000000000e-01   3.3449752707832228e+00   3.3449753058636267e+00   3.5080403915088709e-08
   3.1640625000000000e-01   3.6105682755148845e+00   3.6105683306475767e+00   5.5132692189374666e-08
   3.2421875000000000e-01   3.8626135581304926e+00   3.8626136180225936e+00   5.9892101056391311e-08
   3.3203125000000000e-01   4.0955290165955072e+00   4.0955290648838689e+00   4.8288361753634490e-08
   3.3984375000000000e-01   4.3038963178859273e+00   4.3038963489892046e+00   3.1103277287058972e-08
   3.4765625000000000e-01   4.4826686624396590e+00   4.4826686842171108e+00   2.1777451841842321e-08
   3.5546875000000000e-01   4.6273731542617842e+00   4.6273731784376686e+00   2.4175884405508441e-08
   3.6328125000000000e-01   4.7342964875577325e+00   4.7342965163799127e+00   2.8822180198062597e-08
   3.7109375000000000e-01   4.8006432050631114e+00   4.8006432256562075e+00   2.0593096117238474e-08
   3.7890625000000000e-01   4.8246571227457160e+00   4.8246571150466417e+00   7.6990742670091095e-09
   3.8671875000000000e-01   4.8056985695970127e+00   4.8056985220450716e+00   4.7551941051438007e-08
   3.9453125000000000e-01   4.7442727068134376e+00   4.7442726268174891e+00   7.9995948532030070e-08
   4.0234375000000000e-01   4.6420071746537719e+00   4.6420070831602809e+00   9.1493491005678607e-08
   4.1015625000000000e-01   4.5015804344271215e+00   4.5015803490301050e+00   8.5397016569288553e-08
   4.1796875000000000e-01   4.3266052015606133e+00   4.3266051216944774e+00   7.9866135926920379e-08
   4.2578125000000000e-01   4.1214740510552774e+00   4.1214739579064545e+00   9.3148822877253679e-08
   4.3359375000000000e-01   3.8911764106995115e+00   3.8911762836076043e+00   1.2709190722048902e-07
   4.4140625000000000e-01   3.6410975835491146e+00   3.6410974185693927e+00   1.6497972188389554e-07
   4.4921875000000000e-01   3.3768110560842652e+00   3.3768108726262174e+00   1.8345804786434883e-07
   4.5703125000000000e-01   3.1038751681555206e+00   3.1038749966616503e+00   1.7149387021575535e-07
   4.6484375000000000e-01   2.8276442863374318e+00   2.8276441479843437e+00   1.3835308809717617e-07
   4.7265625000000000e-01   2.5531030780585668e+00   2.5531029718675708e+00   1.0619099599651349e-07
   4.8046875000000000e-01   2.2847304636073464e+00   2.2847303711544207e+00   9.2452925759545224e-08
   4.8828125000000000e-01   2.0263975216118362e+00   2.0263974245130152e+00   9.7098820983632095e-08
   4.9609375000000000e-01   1.7813012251220899e+00   1.7813011201693592e+00   1.0495273072841371e-07
   5.0390625000000000e-01   1.5519335830042378e+00   1.5519334841198686e+00   9.8884369137408612e-08
   5.1171875000000000e-01   1.3400837355472597e+00   1.3400836612174463e+00   7.4329813415374701e-08
   5.1953125000000000e-01   1.1468689175867111e+00   1.1468688764633181e+00   4.1123392913178236e-08
   5.2734375000000000e-01   9.7278905268264027e-01   9.7278903848808063e-01   1.4194559638802673e-08
   5.3515625000000000e-01   8.1779907789719919e-01   8.1779907632226179e-01   1.5749374027151930e-09
   5.4296875000000000e-01   6.8139290854353463e-01   6.8139290844966671e-01   9.3867913442124973e-11
   5.5078125000000000e-01   5.6269317727614332e-01   5.6269317722254675e-01   5.3596571625291745e-11
   5.5859375000000000e-01   4.6054145679294456e-01   4.6054146210500346e-01   5.3120589038613275e-09
   5.6640625000000000e-01   3.7358450070784549e-01   3.7358451607818333e-01   1.5370337835829417e-08
   5.7421875000000000e-01   3.0035302558967453e-01   3.0035304993504697e-01   2.4345372440226498e-08
   5.8203125000000000e-01   2.3933059532398041e-01   2.3933062290677504e-01   2.7582794631664243e-08
   5.8984375000000000e-01   1.8901117581277432e-01   1.8901120123145876e-01   2.5418684435063454e-08
   5.9765625000000000e-01   1.4794483088651583e-01   1.4794485264355101e-01   2.1757035173486372e-08
   6.0546875000000000e-01   1.1477178806508398e-01   1.1477180811378812e-01   2.0048704141295559e-08
   6.1328125000000000e-01   8.8245696336274604e-02   8.8245716664546253e-02   2.0328271649328045e-08
   6.2109375000000000e-01   6.7247317069901891e-02   6.7247337322329404e-02   2.0252427512801319e-08
   6.2890625000000000e-01   5.0790144373577914e-02   5.0790162249908191e-02   1.7876330277166730e-08
   6.3671875000000000e-01   3.8019552515282398e-02   3.8019566202082966e-02   1.3686800567902502e-08
   6.4453125000000000e-01   2.8207046543184382e-02   2.8207056303479944e-02   9.7602955613507181e-09
   6.5234375000000000e-01   2.0741074983036487e-02   2.0741082739121737e-02   7.7560852497493560e-09
   6.6015625000000000e-01   1.5115687794594048e-02   1.5115695264202681e-02   7.4696086330150457e-09
   6.6796875000000000e-01   1.0918112569244326e-02   1.0918119966048717e-02   7.3968043912131520e-09
   6.7578125000000000e-01   7.8161024266350625e-03   7.8161087167228534e-03   6.2900877909055630e-09
   6.8359375000000000e-01   5.5456942196586900e-03   5.5456984203378261e-03   4.2006791361320905e-09
   6.9140625000000000e-01   3.8998192086748401e-03   3.8998213781253339e-03   2.1694504938156445e-09
   6.9921875000000000e-01   2.7180387035131248e-03   2.7180398149674470e-03   1.1114543222411066e-09
   7.0703125000000000e-01   1.8775394405072124e-03   1.8775405170382699e-03   1.0765310574402387e-09
   7.1484375000000000e-01   1.2854185474241852e-03   1.2854199401307637e-03   1.3927065785346304e-09
   7.2265625000000000e-01   8.7221254527032784e-04   8.7221393773833852e-04   1.3924680106885967e-09
   7.3046875000000000e-01   5.8657482132039751e-04   5.8657575249435718e-04   9.3117395966266919e-10
   7.3828125000000000e-01   3.9097631033344716e-04   3.9097664539412428e-04   3.3506067712019139e-10
   7.4609375000000000e-01   2.5829086379461759e-04   2.5829084447099340e-04   1.9323624189486466e-11
   8.7890625000000000e-01   6.0872365869259560e-08   6.0870906343715534e-08   1.4595255440259011e-12
   8.8671875000000000e-01   1.1329021939836598e-07   1.1329175139725729e-07   1.5319988913119481e-12
   8.9453125000000000e-01   2.0734331541965195e-07   2.0734943541940808e-07   6.1199997561260370e-12
   9.0234375000000000e-01   3.5358276530931551e-07   3.5359051652737722e-07   7.7512180617029863e-12
   9.1015625000000000e-01   5.7867833844118902e-07   5.7868141709095895e-07   3.0786497699275062e-12
   9.1796875000000000e-01   9.3353953737963593e-07   9.3353166804361662e-07   7.8693360193039905e-12
   9.2578125000000000e-01   1.5060338942448495e-06   1.5060129961070021e-06   2.0898137847410301e-11
   9.3359375000000000e-01   2.4405032260434064e-06   2.4404752253340893e-06   2.8000709317174363e-11
   9.4140625000000000e-01   3.9675283234195414e-06   3.9675083907859677e-06   1.9932633573750171e-11
   9.4921875000000000e-01   6.4490638713313522e-06   6.4490718771497708e-06   8.0058184186133181e-12
   9.5703125000000000e-01   1.0446291956437904e-05   1.0446340746926512e-05   4.8790488608581816e-11
   9.6484375000000000e-01   1.6820498165649812e-05   1.6820578877791051e-05   8.0712141238217664e-11
   9.7265625000000000e-01   2.6881173847902239e-05   2.6881248347889443e-05   7.4499987203494522e-11
   9.8046875000000000e-01   4.2600634961202621e-05   4.2600646263375848e-05   1.1302173227260154e-11
   9.8828125000000000e-01   6.6920975770652094e-05   6.6920879265613744e-05   9.6505038349133966e-11
   9.9609375000000000e-01   1.0418738020000850e-04   1.0418718357239379e-04   1.9662761471654112e-10
   7.5390625000000000e-01   1.6912600058719795e-04   1.6912596303516578e-04   3.7552032176087907e-11
   7.6171875000000000e-01   1.0976766582671009e-04   1.0976777153616152e-04   1.0570945143263243e-10
   7.6953125000000000e-01   7.0620784610324165e-05   7.0620977405843840e-05   1.9279551967486125e-10
   7.7734375000000000e-01   4.5042802337254659e-05   4.5042950305408014e-05   1.4796815335504920e-10
   7.8515625000000000e-01   2.8483234046499685e-05   2.8483274707431348e-05   4.0660931663083792e-11
   7.9296875000000000e-01   1.7857389122123428e-05   1.7857358252207429e-05   3.0869915998432695e-11
   8.0078125000000000e-01   1.1096335726607207e-05   1.1096301649133649e-05   3.4077473558174532e-11
   8.0859375000000000e-01   6.8274517203207735e-06   6.8274486726723828e-06   3.0476483907395367e-12
   8.1640625000000000e-01   4.1503423707536476e-06   4.1503596179527956e-06   1.7247199148022637e-11
   8.2421875000000000e-01   2.4814310647131311e-06   2.4814441330494011e-06   1.3068336269932721e-11
   8.3203125000000000e-01   1.4473113488471032e-06   1.4473106097948741e-06   7.3905222914405879e-13
   8.3984375000000000e-01   8.1225767893785790e-07   8.1225049654023066e-07   7.1823976272356285e-12
   8.4765625000000000e-01   4.2940504631822886e-07   4.2940125239027584e-07   3.7939279530170587e-12
   8.5546875000000000e-01   2.0823549039546522e-07   2.0823682857430930e-07   1.3381788440813474e-12
   8.6328125000000000e-01   9.3314896250611048e-08   9.3316902609388182e-08   2.0063587771342266e-12
   8.7109375000000000e-01   5.0862738953418849e-08   5.0862199163581785e-08   5.3978983706379872e-13
