#                  Coord.                Numerical               Analytical                    Error
   3.9062500000000000e-03   1.4871006424520941e-01   1.4871008212130954e-01   1.7876100127933725e-08
   1.1718750000000000e-02   5.2249709779502207e-01   5.2249711229363516e-01   1.4498613087887691e-08
   1.9531250000000000e-02   8.4819103731545875e-01   8.4819104458464845e-01   7.2691896946253109e-09
   2.7343750000000000e-02   1.0872776976110028e+00   1.0872776955000290e+00   2.1109738401747791e-09
   3.5156250000000000e-02   1.2105896149743609e+00   1.2105896035852348e+00   1.1389126086669421e-08
   4.2968750000000000e-02   1.2027634179926168e+00   1.2027633997756892e+00   1.8216927522018977e-08
   5.0781250000000000e-02   1.0648376162878432e+00   1.0648375954625771e+00   2.0825266178192692e-08
   5.8593750000000000e-02   8.1441769868646541e-01   8.1441768031528239e-01   1.8371183019283421e-08
   6.6406250000000000e-02   4.8326036465435912e-01   4.8326035336425804e-01   1.1290101076255610e-08
   7.4218750000000000e-02   1.1260885937458794e-01   1.1260885825595557e-01   1.1186323672918164e-09
   8.2031250000000000e-02  -2.5295368283304981e-01  -2.5295367310154077e-01   9.7315090430427631e-09
   8.9843750000000000e-02  -5.7207025012105439e-01  -5.7207023146553093e-01   1.8655523459365497e-08
   9.7656250000000000e-02  -8.1244237996189461e-01  -8.1244235658359654e-01   2.3378298075193982e-08
   1.0546875000000000e-01  -9.5491441872023286e-01  -9.5491439607308326e-01   2.2647149600096839e-08
   1.1328125000000000e-01  -9.9513656235203518e-01  -9.9513654592114886e-01   1.6430886318197224e-08
   1.2109375000000000e-01  -9.4260922670686964e-01  -9.4260922063441133e-01   6.0724583139659671e-09
   1.2890625000000000e-01  -8.1742291466029093e-01  -8.1742292079507017e-01   6.1347792401633683e-09
   1.3671875000000000e-01  -6.4544939283697267e-01  -6.4544941016455037e-01   1.7327577706005570e-08
   1.4453125000000000e-01  -4.5302037487278807e-01  -4.5302039959436213e-01   2.4721574065633689e-08
   1.5234375000000000e-01  -2.6219189221493250e-01  -2.6219191868413988e-01   2.6469207381474291e-08
   1.6015625000000000e-01  -8.7525184759444249e-02  -8.7525206742461170e-02   2.1983016920690268e-08
   1.6796875000000000e-01   6.5044253179136993e-02   6.5044240966670816e-02   1.2212466177219383e-08
   1.7578125000000000e-01   1.9715101613855532e-01   1.9715101678364913e-01   6.4509381170196889e-10
   1.8359375000000000e-01   3.1514454128119379e-01   3.1514455482979803e-01   1.3548604238522444e-08
   1.9140625000000000e-01   4.2621508270480879e-01   4.2621510612596419e-01   2.3421155403990923e-08
   1.9921875000000000e-01   5.3449956713191404e-01   5.3449959497427557e-01   2.7842361527419257e-08
   2.0703125000000000e-01   6.3816126103367499e-01   6.3816128677888995e-01   2.5745214959904672e-08
   2.1484375000000000e-01   7.2821083203446424e-01   7.2821084965136862e-01   1.7616904379735843e-08
   2.2265625000000000e-01   7.8943694342046000e-01   7.8943694888413773e-01   5.4636777324645891e-09
   2.3046875000000000e-01   8.0332793022475579e-01   8.0332792246406159e-01   7.7606941983887623e-09
   2.3828125000000000e-01   7.5239758301400250e-01   7.5239756419558901e-01   1.8818413494159358e-08
   2.4609375000000000e-01   6.2497971945159414e-01   6.2497969432993994e-01   2.5121654201321064e-08
   2.5390625000000000e-01   4.1940519276895111e-01   4.1940516747717133e-01   2.5291779781611012e-08
   2.6171875000000000e-01   1.4655682646217827e-01   1.4655680685404707e-01   1.9608131202053514e-08
   2.6953125000000000e-01  -1.6990134086886130e-01  -1.6990135061027628e-01   9.7414149802244054e-09
   2.7734375000000000e-01  -4.9586455293826126e-01  -4.9586455132207047e-01   1.6161907923084584e-09
   2.8515625000000000e-01  -7.9141759891145280e-01  -7.9141758729516842e-01   1.1616284378845876e-08
   2.9296875000000000e-01  -1.0169944300816984e+00  -1.0169944121541716e+00   1.7927526796412963e-08
   3.0078125000000000e-01  -1.1399690533297699e+00  -1.1399690339076154e+00   1.9422154551307358e-08
   3.0859375000000000e-01  -1.1404544125846143e+00  -1.1404543962923457e+00   1.6292268645301533e-08
   3.1640625000000000e-01  -1.0151993696819459e+00  -1.0151993597121973e+00   9.9697485822503040e-09
   3.2421875000000000e-01  -7.7880390619684914e-01  -7.7880390369442098e-01   2.5024281535834803e-09
   3.3203125000000000e-01  -4.6195461915156194e-01  -4.6195462316123032e-01   4.0096683751045248e-09
   3.3984375000000000e-01  -1.0692316750948969e-01  -1.0692317563814256e-01   8.1286528758051091e-09
   3.4765625000000000e-01   2.3893312544144432e-01   2.3893311611023432e-01   9.3312099991305075e-09
   3.5546875000000000e-01   5.3056860907907888e-01   5.3056860094052083e-01   8.1385580497084220e-09
   3.6328125000000000e-01   7.3228374464836554e-01   7.3228373895984433e-01   5.6885212096347004e-09
   3.7109375000000000e-01   8.2320002110249724e-01   8.2320001778113483e-01   3.3213624073269443e-09
   3.7890625000000000e-01   8.0025215583100617e-01   8.0025215391686388e-01   1.9141422891166826e-09
   3.8671875000000000e-01   6.7820481845564085e-01   6.7820481676453692e-01   1.6911039235623093e-09
   3.9453125000000000e-01   4.8671102437505026e-01   4.8671102221817314e-01   2.1568771213509308e-09
   4.0234375000000000e-01   2.6493043066918948e-01   2.6493042831227170e-01   2.3569177720617063e-09
   4.1015625000000000e-01   5.4634067442737626e-02   5.4634066100718970e-02   1.3420186559254255e-09
   4.1796875000000000e-01  -1.0702876384288880e-01  -1.0702876250251357e-01   1.3403752274765424e-09
   4.2578125000000000e-01  -1.9387459131333157e-01  -1.9387458595193321e-01   5.3613983530542697e-09
   4.3359375000000000e-01  -1.9506761225294453e-01  -1.9506760266161249e-01   9.5913320341534103e-09
   4.4140625000000000e-01  -1.1679818056119058e-01  -1.1679816808648931e-01   1.2474701271969479e-08
   4.4921875000000000e-01   1.9026790930934546e-02   1.9026803478807485e-02   1.2547872938611926e-08
   4.5703125000000000e-01   1.7886018931726974e-01   1.7886019838174411e-01   9.0644743655499127e-09
   4.6484375000000000e-01   3.2366410685830599e-01   3.2366410921500882e-01   2.3567028328841388e-09
   4.7265625000000000e-01   4.1607921006908283e-01   4.1607920399629700e-01   6.0727858297582316e-09
   4.8046875000000000e-01   4.2737707833134747e-01   4.2737706435821726e-01   1.3973130208455586e-08
   4.8828125000000000e-01   3.4298453463957884e-01   3.4298451568277266e-01   1.8956806180359109e-08
   4.9609375000000000e-01   1.6560432210709558e-01   1.6560430278588972e-01   1.9321205857458779e-08
   5.0390625000000000e-01  -8.4636113753527253e-02  -8.4636128300536309e-02   1.4547009055676519e-08
   5.1171875000000000e-01  -3.7306534600278074e-01  -3.7306535165689741e-01   5.6541166748580451e-09
   5.1953125000000000e-01  -6.5591113698638759e-01  -6.5591113193191464e-01   5.0544729512935760e-09
   5.2734375000000000e-01  -8.8739392945956697e-01  -8.8739391480511165e-01   1.4654455315898929e-08
   5.3515625000000000e-01  -1.0272734419548628e+00  -1.0272734215193726e+00   2.0435490188930316e-08
   5.4296875000000000e-01  -1.0475774330678267e+00  -1.0475774123308306e+00   2.0736996120263029e-08
   5.5078125000000000e-01  -9.3739126040656073e-01  -9.3739124494043546e-01   1.5466125269369968e-08
   5.5859375000000000e-01  -7.0492958178903875e-01  -7.0492957564053627e-01   6.1485024849261549e-09
   5.6640625000000000e-01  -3.7658141665830780e-01  -3.7658142116203336e-01   4.5037255591573455e-09
   5.7421875000000000e-01   6.8714408743041451e-03   6.8714274655999313e-03   1.3408704213797862e-08
   5.8203125000000000e-01   3.9620729983089276e-01   3.9620728178971060e-01   1.8041182159311830e-08
   5.8984375000000000e-01   7.4090924500207944e-01   7.4090922779406920e-01   1.7208010238967120e-08
   5.9765625000000000e-01   9.9637779683558358e-01   9.9637778545357425e-01   1.1382009335036969e-08
   6.0546875000000000e-01   1.1301349638021223e+00   1.1301349612751890e+00   2.5269333292499141e-09
   6.1328125000000000e-01   1.1261574011538280e+00   1.1261574076859548e+00   6.5321268394313847e-09
   6.2109375000000000e-01   9.8680574470047222e-01   9.8680575767661138e-01   1.2976139163178857e-08
   6.2890625000000000e-01   7.3219552779125430e-01   7.3219554265545717e-01   1.4864202868558607e-08
   6.3671875000000000e-01   3.9721732916646674e-01   3.9721734092283256e-01   1.1756365825288384e-08
   6.4453125000000000e-01   2.6708408645043022e-02   2.6708413401362496e-02   4.7563194736921499e-09
   6.5234375000000000e-01  -3.3052553524150541e-01  -3.3052553899789111e-01   3.7563857024913716e-09
   6.6015625000000000e-01  -6.2805030503816650e-01  -6.2805031603896522e-01   1.1000798716409577e-08
   6.6796875000000000e-01  -8.2772498766399283e-01  -8.2772500224087908e-01   1.4576886253614418e-08
   6.7578125000000000e-01  -9.0451306164106449e-01  -9.0451307492579225e-01   1.3284727762297166e-08
   6.8359375000000000e-01  -8.4963578408250084e-01  -8.4963579151095681e-01   7.4284559614667955e-09
   6.9140625000000000e-01  -6.7170700207536793e-01  -6.7170700087444035e-01   1.2009275796032171e-09
   6.9921875000000000e-01  -3.9570294714554760e-01  -3.9570293718731542e-01   9.9582321833047160e-09
   7.0703125000000000e-01  -5.9853255741249341e-02  -5.9853239652513643e-02   1.6088735697861178e-08
   7.1484375000000000e-01   2.8922168974115847e-01   2.8922170737841235e-01   1.7637253879598802e-08
   7.2265625000000000e-01   6.0257573417350252e-01   6.0257574815108816e-01   1.3977585644475710e-08
   7.3046875000000000e-01   8.3546634414741605e-01   8.3546635020844373e-01   6.0610276797490314e-09
   7.3828125000000000e-01   9.5349681038545031e-01   9.5349680645027379e-01   3.9351765179773679e-09
   7.4609375000000000e-01   9.3751082654560858e-01   9.3751081334218356e-01   1.3203425019980841e-08
   8.7890625000000000e-01   1.1328645474851442e+00   1.1328645451067711e+00   2.3783730540571923e-09
   8.8671875000000000e-01   1.1423455296094582e+00   1.1423455356510721e+00   6.0416138758512261e-09
   8.9453125000000000e-01   1.0427595992415644e+00   1.0427596119367317e+00   1.2695167361798099e-08
   9.0234375000000000e-01   8.4787031143809111e-01   8.4787032751144920e-01   1.6073358088952716e-08
   9.1015625000000000e-01   5.7860881492642879e-01   5.7860883032396071e-01   1.5397531916150342e-08
   9.1796875000000000e-01   2.6072105100980486e-01   2.6072106192936623e-01   1.0919561366229402e-08
   9.2578125000000000e-01  -7.7344920688307534e-02  -7.7344916957504811e-02   3.7308027223126317e-09
   9.3359375000000000e-01  -4.0624013192305564e-01  -4.0624013628773592e-01   4.3646802838637200e-09
   9.4140625000000000e-01  -6.9731550068162507e-01  -6.9731551207348619e-01   1.1391861121090585e-08
   9.4921875000000000e-01  -9.2422775397829071e-01  -9.2422776954087282e-01   1.5562582111883216e-08
   9.5703125000000000e-01  -1.0647339875185218e+00  -1.0647340033322241e+00   1.5813702347600156e-08
   9.6484375000000000e-01  -1.1027274798860387e+00  -1.1027274918559875e+00   1.1969948809920083e-08
   9.7265625000000000e-01  -1.0303695206533205e+00  -1.0303695255913756e+00   4.9380550759536845e-09
   9.8046875000000000e-01  -8.4997184642381507e-01  -8.4997184282020743e-01   3.6036076345169477e-09
   9.8828125000000000e-01  -5.7515133622310821e-01  -5.7515132473288899e-01   1.1490219220533504e-08
   9.9609375000000000e-01  -2.3076770237372249e-01  -2.3076768563532005e-01   1.6738402441873745e-08
   7.5390625000000000e-01   7.8649665647830302e-01   7.8649663732037745e-01   1.9157925579271762e-08
   7.6171875000000000e-01   5.1800382592685079e-01   5.1800380577258065e-01   2.0154270141681252e-08
   7.6953125000000000e-01   1.6592480578422822e-01   1.6592478993856666e-01   1.5845661560653923e-08
   7.7734375000000000e-01  -2.2410258713229855e-01  -2.2410259456963669e-01   7.4373381342418554e-09
   7.8515625000000000e-01  -6.0102806698652655e-01  -6.0102806411408105e-01   2.8724455036766017e-09
   7.9296875000000000e-01  -9.1551378526477134e-01  -9.1551377290466829e-01   1.2360103052166949e-08
   8.0078125000000000e-01  -1.1267607635551296e+00  -1.1267607448959676e+00   1.8659161993284101e-08
   8.0859375000000000e-01  -1.2079873629185289e+00  -1.2079873427027819e+00   2.0215747076335333e-08
   8.1640625000000000e-01  -1.1497387804495056e+00  -1.1497387636381520e+00   1.6811353642509630e-08
   8.2421875000000000e-01  -9.6058242615503975e-01  -9.6058241674316358e-01   9.4118761673200879e-09
   8.3203125000000000e-01  -6.6519509782522279e-01  -6.6519509781212305e-01   1.3099743512157147e-11
   8.3984375000000000e-01  -3.0028504880144807e-01  -3.0028505785767567e-01   9.0562276011674214e-09
   8.4765625000000000e-01   9.0870877408811779e-02   9.0870861833638045e-02   1.5575173734072578e-08
   8.5546875000000000e-01   4.6432170377807319e-01   4.6432168566202897e-01   1.8116044220306549e-08
   8.6328125000000000e-01   7.8083271336564253e-01   7.8083269717892567e-01   1.6186716855770555e-08
   8.7109375000000000e-01   1.0100290705971338e+00   1.0100290601381929e+00   1.0458940824520369e-08
