#                  Coord.                Numerical               Analytical                    Error
   3.9062500000000000e-03  -8.1373368536720725e-01  -8.1373369878948043e-01   1.3422273181795674e-08
   1.1718750000000000e-02  -1.2260788047213071e+00  -1.2260787919138274e+00   1.2807479743415229e-08
   1.9531250000000000e-02  -1.5137392021131681e+00  -1.5137391655158254e+00   3.6597342711885972e-08
   2.7343750000000000e-02  -1.6352015843499585e+00  -1.6352015330987639e+00   5.1251194621571017e-08
   3.5156250000000000e-02  -1.5709675008501502e+00  -1.5709674484534857e+00   5.2396664562692763e-08
   4.2968750000000000e-02  -1.3267094440377962e+00  -1.3267094046191561e+00   3.9418640129795790e-08
   5.0781250000000000e-02  -9.3249399721146831e-01  -9.3249398162544928e-01   1.5586019030955356e-08
   5.8593750000000000e-02  -4.3822426512291385e-01  -4.3822427784874451e-01   1.2725830667026372e-08
   6.6406250000000000e-02   9.3891079700571242e-02   9.3891041792357896e-02   3.7908213346149466e-08
   7.4218750000000000e-02   5.9854118964665837e-01   5.9854113647575158e-01   5.3170906788579941e-08
   8.2031250000000000e-02   1.0166449633228893e+00   1.0166449088015543e+00   5.4521335002277738e-08
   8.9843750000000000e-02   1.3033115379258224e+00   1.3033114961594268e+00   4.1766395675324475e-08
   9.7656250000000000e-02   1.4332384581241850e+00   1.4332384395362694e+00   1.8587915651124831e-08
   1.0546875000000000e-01   1.4028583486133208e+00   1.4028583572479560e+00   8.6346352290433970e-09
   1.1328125000000000e-01   1.2291339648705648e+00   1.2291339974288815e+00   3.2558316709341284e-08
   1.2109375000000000e-01   9.4546314694236855e-01   9.4546319396306555e-01   4.7020697002686518e-08
   1.2890625000000000e-01   5.9558907424926255e-01   5.9558912285410170e-01   4.8604839153476576e-08
   1.3671875000000000e-01   2.2665005110269815e-01   2.2665008869681502e-01   3.7594116875094841e-08
   1.4453125000000000e-01  -1.1747704824288543e-01  -1.1747703061030952e-01   1.7632575913251181e-08
   1.5234375000000000e-01  -4.0156477367606819e-01  -4.0156477904037935e-01   5.3643111619372519e-09
   1.6015625000000000e-01  -6.0250307831552774e-01  -6.0250310334704060e-01   2.5031512862483396e-08
   1.6796875000000000e-01  -7.1058824229279072e-01  -7.1058827859082641e-01   3.6298035688275831e-08
   1.7578125000000000e-01  -7.2875652390949219e-01  -7.2875656071588624e-01   3.6806394043686907e-08
   1.8359375000000000e-01  -6.7019323299967681e-01  -6.7019326035675963e-01   2.7357082821310996e-08
   1.9140625000000000e-01  -5.5493584433068988e-01  -5.5493585585637273e-01   1.1525682852564501e-08
   1.9921875000000000e-01  -4.0614376120049017e-01  -4.0614375556345506e-01   5.6370351164680699e-09
   2.0703125000000000e-01  -2.4663926676055775e-01  -2.4663924763461423e-01   1.9125943523379263e-08
   2.1484375000000000e-01  -9.6166438069489601e-02  -9.6166412557577685e-02   2.5511911916353824e-08
   2.2265625000000000e-01   3.0389031042763269e-02   3.0389054824199090e-02   2.3781435820602326e-08
   2.3046875000000000e-01   1.2378108637994761e-01   1.2378110188825675e-01   1.5508309136880172e-08
   2.3828125000000000e-01   1.8031597664321067e-01   1.8031598072412158e-01   4.0809109147499356e-09
   2.4609375000000000e-01   2.0113384225988765e-01   2.0113383578892266e-01   6.4709649860716922e-09
   2.5390625000000000e-01   1.9113398491520200e-01   1.9113397200064469e-01   1.2914557312448949e-08
   2.6171875000000000e-01   1.5779217422976746e-01   1.5779216046847572e-01   1.3761291745018056e-08
   2.6953125000000000e-01   1.1004655925559258e-01   1.1004654955730475e-01   9.6982878255991167e-09
   2.7734375000000000e-01   5.7336816274799488e-02   5.7336813141016678e-02   3.1337828096389408e-09
   2.8515625000000000e-01   8.7956712413034439e-03   8.7956740154131324e-03   2.7741096884914551e-09
   2.9296875000000000e-01  -2.7464668437852006e-02  -2.7464663022542499e-02   5.4153095063735890e-09
   3.0078125000000000e-01  -4.5042545127337796e-02  -4.5042541441129617e-02   3.6862081789768020e-09
   3.0859375000000000e-01  -3.9953621615311366e-02  -3.9953623128370072e-02   1.5130587061040757e-09
   3.1640625000000000e-01  -1.1328458555230759e-02  -1.1328466207371848e-02   7.6521410891788877e-09
   3.2421875000000000e-01   3.8005989902314338e-02   3.8005978416230046e-02   1.1486084292022802e-08
   3.3203125000000000e-01   1.0123682125041192e-01   1.0123681082582903e-01   1.0424582891355172e-08
   3.3984375000000000e-01   1.6777329581882661e-01   1.6777329220990778e-01   3.6089188304444519e-09
   3.4765625000000000e-01   2.2412849942092994e-01   2.2412850689208139e-01   7.4711514475023222e-09
   3.5546875000000000e-01   2.5555319817684530e-01   2.5555321751197979e-01   1.9335134493481121e-08
   3.6328125000000000e-01   2.4834537649099836e-01   2.4834540399807703e-01   2.7507078670385710e-08
   3.7109375000000000e-01   1.9257330262109804e-01   1.9257333077276509e-01   2.8151667053055718e-08
   3.7890625000000000e-01   8.4775430539455354e-02   8.4775450009559258e-02   1.9470103904128955e-08
   3.8671875000000000e-01  -6.9915239185853323e-02  -6.9915236472987585e-02   2.7128657376085386e-09
   3.9453125000000000e-01  -2.5678880359939404e-01  -2.5678882147277665e-01   1.7873382607280774e-08
   4.0234375000000000e-01  -4.5217118179884169e-01  -4.5217121801892074e-01   3.6220079047133424e-08
   4.1015625000000000e-01  -6.2584475898197622e-01  -6.2584480517565311e-01   4.6193676883632406e-08
   4.1796875000000000e-01  -7.4515435536375940e-01  -7.4515439905128300e-01   4.3687523598734401e-08
   4.2578125000000000e-01  -7.8030532343294212e-01  -7.8030535151805436e-01   2.8085112235842757e-08
   4.3359375000000000e-01  -7.1003299660375419e-01  -7.1003299939415465e-01   2.7904004662460125e-09
   4.4140625000000000e-01  -5.2661824052161754e-01  -5.2661821496417804e-01   2.5557439498058443e-08
   4.4921875000000000e-01  -2.3920549252607476e-01  -2.3920544367406585e-01   4.8852008910360567e-08
   4.5703125000000000e-01   1.2542387119123924e-01   1.2542393114965433e-01   5.9958415093985806e-08
   4.6484375000000000e-01   5.2507515965777463e-01   5.2507521457653539e-01   5.4918760761246688e-08
   4.7265625000000000e-01   9.0728273626226807e-01   9.0728277061307228e-01   3.4350804201110918e-08
   4.8046875000000000e-01   1.2167255814802722e+00   1.2167255848700225e+00   3.3897502582647121e-09
   4.8828125000000000e-01   1.4037822858245839e+00   1.4037822561996702e+00   2.9624913633341521e-08
   4.9609375000000000e-01   1.4327902862096769e+00   1.4327902306368279e+00   5.5572848989271506e-08
   5.0390625000000000e-01   1.2885342473675914e+00   1.2885341802683334e+00   6.7099257927694111e-08
   5.1171875000000000e-01   9.7973320841490652e-01   9.7973314752434715e-01   6.0890559372417385e-08
   5.1953125000000000e-01   5.3878930371971778e-01   5.3878926523277570e-01   3.8486942077753383e-08
   5.2734375000000000e-01   1.7712707265491418e-02   1.7712701243430839e-02   6.0220605793692705e-09
   5.3515625000000000e-01  -5.1917756917975943e-01  -5.1917754146077177e-01   2.7718987660740879e-08
   5.4296875000000000e-01  -1.0045940179389474e+00  -1.0045939642656629e+00   5.3673284483579664e-08
   5.5078125000000000e-01  -1.3781125004361319e+00  -1.3781124352364382e+00   6.5199693644046874e-08
   5.5859375000000000e-01  -1.5948671328845643e+00  -1.5948670731647736e+00   5.9719790668211203e-08
   5.6640625000000000e-01  -1.6317006134898104e+00  -1.6317005740491628e+00   3.9440647636723725e-08
   5.7421875000000000e-01  -1.4898347564606025e+00  -1.4898347460743926e+00   1.0386209892132570e-08
   5.8203125000000000e-01  -1.1937525561072924e+00  -1.1937525754271034e+00   1.9319811084272942e-08
   5.8984375000000000e-01  -7.8663964776486617e-01  -7.8663968974436504e-01   4.1979498877076082e-08
   5.9765625000000000e-01  -3.2329506837815492e-01  -3.2329512064629629e-01   5.2268141370603871e-08
   6.0546875000000000e-01   1.3821055738260346e-01   1.3821050871044929e-01   4.8672154168150072e-08
   6.1328125000000000e-01   5.4473231533953426e-01   5.4473228189552281e-01   3.3444011449113020e-08
   6.2109375000000000e-01   8.5484042703059127e-01   8.5484041522053877e-01   1.1810052491512124e-08
   6.2890625000000000e-01   1.0432796268250701e+00   1.0432796367626302e+00   9.9375601081419518e-09
   6.3671875000000000e-01   1.1026442405288006e+00   1.1026442666726495e+00   2.6143848863569019e-08
   6.4453125000000000e-01   1.0423125382258358e+00   1.0423125715109471e+00   3.3285111333825057e-08
   6.5234375000000000e-01   8.8511943396727111e-01   8.8511946479283021e-01   3.0825559105274181e-08
   6.6015625000000000e-01   6.6254971785625638e-01   6.6254973872214895e-01   2.0865892569332800e-08
   6.6796875000000000e-01   4.0936782586389625e-01   4.0936783316269115e-01   7.2987949017999654e-09
   6.7578125000000000e-01   1.5856382432502178e-01   1.5856381870529226e-01   5.6197295150717252e-09
   6.8359375000000000e-01  -6.2680789782213253e-02  -6.2680804250063213e-02   1.4467849959731716e-08
   6.9140625000000000e-01  -2.3556842938307213e-01  -2.3556844694427503e-01   1.7561202908522588e-08
   6.9921875000000000e-01  -3.5065680642470531e-01  -3.5065682151083738e-01   1.5086132065800228e-08
   7.0703125000000000e-01  -4.0735021217231226e-01  -4.0735022095836826e-01   8.7860559938590654e-09
   7.1484375000000000e-01  -4.1223817392133066e-01  -4.1223817504939181e-01   1.1280611444952626e-09
   7.2265625000000000e-01  -3.7672607134706371e-01  -3.7672606585451957e-01   5.4925441417275067e-09
   7.3046875000000000e-01  -3.1443075042385316e-01  -3.1443074094750145e-01   9.4763517033413791e-09
   7.3828125000000000e-01  -2.3876724717512113e-01  -2.3876723693083271e-01   1.0244288417560199e-08
   7.4609375000000000e-01  -1.6105297645003191e-01  -1.6105296824579585e-01   8.2042360682876847e-09
   8.7890625000000000e-01  -4.2533813065669074e-01  -4.2533814862947950e-01   1.7972788757258940e-08
   8.8671875000000000e-01  -4.8448279287106494e-01  -4.8448281936623827e-01   2.6495173333085376e-08
   8.9453125000000000e-01  -4.8354407706858438e-01  -4.8354410583777846e-01   2.8769194082567395e-08
   9.0234375000000000e-01  -4.0815222920769328e-01  -4.0815225245130632e-01   2.3243613034296118e-08
   9.1015625000000000e-01  -2.5341411658754670e-01  -2.5341412704371968e-01   1.0456172983008827e-08
   9.1796875000000000e-01  -2.6766857633565851e-02  -2.6766850956302154e-02   6.6772636968248644e-09
   9.2578125000000000e-01   2.5096503991643765e-01   2.5096506357835624e-01   2.3661918591155739e-08
   9.3359375000000000e-01   5.4681816789645932e-01   5.4681820336385367e-01   3.5467394354782300e-08
   9.4140625000000000e-01   8.1936340340076441e-01   8.1936344157978025e-01   3.8179015837691566e-08
   9.4921875000000000e-01   1.0244534986217915e+00   1.0244535287694441e+00   3.0147652596568264e-08
   9.5703125000000000e-01   1.1222376457552683e+00   1.1222376586429623e+00   1.2887694023078211e-08
   9.6484375000000000e-01   1.0842903981540923e+00   1.0842903888601192e+00   9.2939731466401554e-09
   9.7265625000000000e-01   8.9955472726592911e-01   8.9955469702301438e-01   3.0242914728084713e-08
   9.8046875000000000e-01   5.7789943134786959e-01   5.7789938748048597e-01   4.3867383614504263e-08
   9.8828125000000000e-01   1.5044014985414925e-01   1.5044010408602287e-01   4.5768126372136564e-08
   9.9609375000000000e-01  -3.3368249724429849e-01  -3.3368253205949705e-01   3.4815198557414107e-08
   7.5390625000000000e-01  -8.9328443852113637e-02  -8.9328439529100967e-02   4.3230126700599669e-09
   7.6171875000000000e-01  -2.7961374343356056e-02  -2.7961374584507506e-02   2.4115144950376255e-10
   7.6953125000000000e-01   2.2019010547336865e-02   2.2019006031152671e-02   4.5161841939755920e-09
   7.7734375000000000e-01   6.2008626270699009e-02   6.2008618459823674e-02   7.8108753354122484e-09
   7.8515625000000000e-01   9.4557395789641660e-02   9.4557386088591086e-02   9.7010505739625330e-09
   7.9296875000000000e-01   1.2200214778652900e-01   1.2200213787843507e-01   9.9080939286455560e-09
   8.0078125000000000e-01   1.4527440239043166e-01   1.4527439414082721e-01   8.2496044440105720e-09
   8.0859375000000000e-01   1.6312959954662898e-01   1.6312959488867521e-01   4.6579537726909592e-09
   8.1640625000000000e-01   1.7198486923014042e-01   1.7198486986847669e-01   6.3833627272913418e-10
   8.2421875000000000e-01   1.6645836175201287e-01   1.6645836869036232e-01   6.9383494505359522e-09
   8.3203125000000000e-01   1.4058013928285379e-01   1.4058015225883100e-01   1.2975977209395140e-08
   8.3984375000000000e-01   8.9505923581065544e-02   8.9505940683679536e-02   1.7102613991681892e-08
   8.4765625000000000e-01   1.1432056416045874e-02   1.1432074100180085e-02   1.7684134210813052e-08
   8.5546875000000000e-01  -9.0689527532905143e-02  -9.0689513851002546e-02   1.3681902596984763e-08
   8.6328125000000000e-01  -2.0807488502994792e-01  -2.0807487984276435e-01   5.1871835715644465e-09
   8.7109375000000000e-01  -3.2606113006305720e-01  -3.2606113635288569e-01   6.2898284913792679e-09
