#                  Coord.                Numerical               Analytical                    Error
   3.9062500000000000e-03   1.2821337139641538e+00   1.2821337745614771e+00   6.0597323381372803e-08
   1.1718750000000000e-02   1.3301657705455758e+00   1.3301658278075799e+00   5.7262004027336388e-08
   1.9531250000000000e-02   1.3804827135290505e+00   1.3804827506807313e+00   3.7151680842839596e-08
   2.7343750000000000e-02   1.4325626442808526e+00   1.4325626494277790e+00   5.1469264406023285e-09
   3.5156250000000000e-02   1.4857409501751353e+00   1.4857409236563892e+00   2.6518746087944578e-08
   4.2968750000000000e-02   1.5392673136648809e+00   1.5392672682912711e+00   4.5373609758314615e-08
   5.0781250000000000e-02   1.5923631777472831e+00   1.5923631310967450e+00   4.6650538099157757e-08
   5.8593750000000000e-02   1.6442748163208001e+00   1.6442747803666666e+00   3.5954133448257153e-08
   6.6406250000000000e-02   1.6943180958174431e+00   1.6943180705614802e+00   2.5255962876613580e-08
   7.4218750000000000e-02   1.7419121867636280e+00   1.7419121626526037e+00   2.4111024288231420e-08
   8.2031250000000000e-02   1.7866007621719169e+00   1.7866007290958830e+00   3.3076033911783043e-08
   8.9843750000000000e-02   1.8280604673189667e+00   1.8280604237764340e+00   4.3542532690565849e-08
   9.7656250000000000e-02   1.8660975587196891e+00   1.8660975140292435e+00   4.4690445566430981e-08
   1.0546875000000000e-01   1.9006345012639503e+00   1.9006344693515154e+00   3.1912434916847587e-08
   1.1328125000000000e-01   1.9316889361044698e+00   1.9316889256975949e+00   1.0406874917379128e-08
   1.2109375000000000e-01   1.9593477667551507e+00   1.9593477755041986e+00   8.7490479305785129e-09
   1.2890625000000000e-01   1.9837391675526133e+00   1.9837391847055836e+00   1.7152970377409815e-08
   1.3671875000000000e-01   2.0050051338651991e+00   2.0050051490508500e+00   1.5185650958926544e-08
   1.4453125000000000e-01   2.0232768204533111e+00   2.0232768314349219e+00   1.0981610731874980e-08
   1.5234375000000000e-01   2.0386544228367089e+00   2.0386544361298373e+00   1.3293128375835295e-08
   1.6015625000000000e-01   2.0511928150699257e+00   2.0511928385718572e+00   2.3501931512015517e-08
   1.6796875000000000e-01   2.0608936193258556e+00   2.0608936533882285e+00   3.4062372922250006e-08
   1.7578125000000000e-01   2.0677038905321585e+00   2.0677039250285141e+00   3.4496355549862301e-08
   1.8359375000000000e-01   2.0715211630537285e+00   2.0715211835965688e+00   2.0542840317716582e-08
   1.9140625000000000e-01   2.0722042286651141e+00   2.0722042275983568e+00   1.0667573491218718e-09
   1.9921875000000000e-01   2.0695886875053109e+00   2.0695886706677271e+00   1.6837583771689424e-08
   2.0703125000000000e-01   2.0635060309006938e+00   2.0635060141923756e+00   1.6708318284486268e-08
   2.1484375000000000e-01   2.0538047819500824e+00   2.0538047793836878e+00   2.5663946523479808e-09
   2.2265625000000000e-01   2.0403720434644876e+00   2.0403720559796987e+00   1.2515211089692002e-08
   2.3046875000000000e-01   2.0231537006518097e+00   2.0231537145261784e+00   1.3874368764987821e-08
   2.3828125000000000e-01   2.0021715086748886e+00   2.0021715056872762e+00   2.9876123797123455e-09
   2.4609375000000000e-01   1.9775353840868695e+00   1.9775353559088527e+00   2.8178016808766415e-08
   2.5390625000000000e-01   1.9494494272642595e+00   1.9494493829496740e+00   4.4314585556648467e-08
   2.6171875000000000e-01   1.9182105467489197e+00   1.9182105069874167e+00   3.9761502979018815e-08
   2.6953125000000000e-01   1.8841990374925377e+00   1.8841990197894727e+00   1.7703065013918717e-08
   2.7734375000000000e-01   1.8478610710888024e+00   1.8478610771006574e+00   6.0118550138099636e-09
   2.8515625000000000e-01   1.8096837492451696e+00   1.8096837640705843e+00   1.4825414673680370e-08
   2.9296875000000000e-01   1.7701640990625944e+00   1.7701641029864588e+00   3.9238643445571597e-09
   3.0078125000000000e-01   1.7297740857333752e+00   1.7297740691564578e+00   1.6576917394317547e-08
   3.0859375000000000e-01   1.6889243203823219e+00   1.6889242902853079e+00   3.0097013992147481e-08
   3.1640625000000000e-01   1.6479295873912232e+00   1.6479295606458066e+00   2.6745416548124012e-08
   3.2421875000000000e-01   1.6069795503566493e+00   1.6069795398838065e+00   1.0472842815190120e-08
   3.3203125000000000e-01   1.5661179670703442e+00   1.5661179721628022e+00   5.0924580108357986e-09
   3.3984375000000000e-01   1.5252334060754702e+00   1.5252334141917205e+00   8.1162503384746287e-09
   3.4765625000000000e-01   1.4840637849126741e+00   1.4840637827338541e+00   2.1788200132988322e-09
   3.5546875000000000e-01   1.4422160510196227e+00   1.4422160349986766e+00   1.6020946125294699e-08
   3.6328125000000000e-01   1.3992010478503882e+00   1.3992010256191212e+00   2.2231267049477310e-08
   3.7109375000000000e-01   1.3544821439318826e+00   1.3544821260743172e+00   1.7857565426382394e-08
   3.7890625000000000e-01   1.3075346763416991e+00   1.3075346666369683e+00   9.7047307967557117e-09
   3.8671875000000000e-01   1.2579118232304314e+00   1.2579118158839342e+00   7.3464971883652197e-09
   3.9453125000000000e-01   1.2053113267483659e+00   1.2053113127846906e+00   1.3963675327133274e-08
   4.0234375000000000e-01   1.1496366974489860e+00   1.1496366737119810e+00   2.3737005028223734e-08
   4.1015625000000000e-01   1.0910462792367308e+00   1.0910462516637645e+00   2.7572966354583173e-08
   4.1796875000000000e-01   1.0299839472341177e+00   1.0299839252680971e+00   2.1966020558039645e-08
   4.2578125000000000e-01   9.6718629132138245e-01   9.6718627869793983e-01   1.2623442624537518e-08
   4.3359375000000000e-01   9.0366287585728822e-01   9.0366286666659623e-01   9.1906919852391411e-09
   4.4140625000000000e-01   8.4064844798251470e-01   8.4064843170551928e-01   1.6276995418174067e-08
   4.4921875000000000e-01   7.7952860214122022e-01   7.7952857343724580e-01   2.8703974419563849e-08
   4.5703125000000000e-01   7.2174315957271329e-01   7.2174312368952798e-01   3.5883185312002297e-08
   4.6484375000000000e-01   6.6867411436954693e-01   6.6867408309309517e-01   3.1276451761819146e-08
   4.7265625000000000e-01   6.2152715982509199e-01   6.2152714121346686e-01   1.8611625129949516e-08
   4.8046875000000000e-01   5.8121727995567085e-01   5.8121727101391718e-01   8.9417536708324974e-09
   4.8828125000000000e-01   5.4826945872939581e-01   5.4826944780089715e-01   1.0928498661577635e-08
   4.9609375000000000e-01   5.2274508134544595e-01   5.2274505800523108e-01   2.3340214871936382e-08
   5.0390625000000000e-01   5.0420303254917698e-01   5.0420299655276946e-01   3.5996407521388107e-08
   5.1171875000000000e-01   4.9170191292734577e-01   4.9170187414185296e-01   3.8785492817439149e-08
   5.1953125000000000e-01   4.8384637794790836e-01   4.8384634781780256e-01   3.0130105799219820e-08
   5.2734375000000000e-01   4.7887664742462227e-01   4.7887662910558321e-01   1.8319039063463549e-08
   5.3515625000000000e-01   4.7479608396951584e-01   4.7479607002235424e-01   1.3947161592309243e-08
   5.4296875000000000e-01   4.6952780128587668e-01   4.6952778042743093e-01   2.0858445748395127e-08
   5.5078125000000000e-01   4.6108793219843541e-01   4.6108789893715207e-01   3.3261283338692493e-08
   5.5859375000000000e-01   4.4776083794775667e-01   4.4776079674506991e-01   4.1202686762442653e-08
   5.6640625000000000e-01   4.2826047362145409e-01   4.2826043442936945e-01   3.9192084633210555e-08
   5.7421875000000000e-01   4.0186252789686538e-01   4.0186249784951122e-01   3.0047354160345208e-08
   5.8203125000000000e-01   3.6849387407263701e-01   3.6849385250645089e-01   2.1566186114707619e-08
   5.8984375000000000e-01   3.2876918515023057e-01   3.2876916597141442e-01   1.9178816146325772e-08
   5.9765625000000000e-01   2.8396901803575003e-01   2.8396899613357757e-01   2.1902172464560721e-08
   6.0546875000000000e-01   2.3595886531889873e-01   2.3595884097016551e-01   2.4348733224099917e-08
   6.1328125000000000e-01   1.8705413353239389e-01   1.8705411120839810e-01   2.2323995790829443e-08
   6.2109375000000000e-01   1.3984120744340714e-01   1.3984119103010201e-01   1.6413305131690592e-08
   6.2890625000000000e-01   9.6969181166440779e-02   9.6969170665017257e-02   1.0501423522435438e-08
   6.3671875000000000e-01   6.0930014125592090e-02   6.0930006435547995e-02   7.6900440945659732e-09
   6.4453125000000000e-01   3.3846445882517409e-02   3.3846438298443915e-02   7.5840734942156374e-09
   6.5234375000000000e-01   1.7286781011253440e-02   1.7286773262351587e-02   7.7489018535104037e-09
   6.6015625000000000e-01   1.2123609477066073e-02   1.2123602375440483e-02   7.1016255896727554e-09
   6.6796875000000000e-01   1.8449826267045576e-02   1.8449818899737937e-02   7.3673076389502157e-09
   6.7578125000000000e-01   3.5560286183066753e-02   3.5560275231709758e-02   1.0951356994859385e-08
   6.8359375000000000e-01   6.2001542120713266e-02   6.2001524380433395e-02   1.7740279870115394e-08
   6.9140625000000000e-01   9.5685923985953422e-02   9.5685899491421006e-02   2.4494532416263759e-08
   6.9921875000000000e-01   1.3406031716750072e-01   1.3406028954374263e-01   2.7623758086514627e-08
   7.0703125000000000e-01   1.7431497095420365e-01   1.7431494406709919e-01   2.6887104459527578e-08
   7.1484375000000000e-01   2.1361400029763633e-01   2.1361397440435770e-01   2.5893278632338479e-08
   7.2265625000000000e-01   2.4932729866197095e-01   2.4932726988322768e-01   2.8778743277335650e-08
   7.3046875000000000e-01   2.7924353609033636e-01   2.7924350019160471e-01   3.5898731653993821e-08
   7.3828125000000000e-01   3.0174576965774597e-01   3.0174572705709213e-01   4.2600653837876479e-08
   7.4609375000000000e-01   3.1593475032691110e-01   3.1593470770440507e-01   4.2622506024603268e-08
   8.7890625000000000e-01   5.5552391967273362e-01   5.5552387285255966e-01   4.6820173960071543e-08
   8.8671875000000000e-01   6.1592123395343890e-01   6.1592118385053618e-01   5.0102902715565278e-08
   8.9453125000000000e-01   6.7567751164536116e-01   6.7567746079853008e-01   5.0846831078921184e-08
   9.0234375000000000e-01   7.3337799161203332e-01   7.3337793922444272e-01   5.2387590598890199e-08
   9.1015625000000000e-01   7.8797966236091610e-01   7.8797960804351341e-01   5.4317402686798744e-08
   9.1796875000000000e-01   8.3885948352766837e-01   8.3885943111242689e-01   5.2415241480474606e-08
   9.2578125000000000e-01   8.8582321079896542e-01   8.8582316923559334e-01   4.1563372077391136e-08
   9.3359375000000000e-01   9.2907722436716500e-01   9.2907720391719317e-01   2.0449971827041225e-08
   9.4140625000000000e-01   9.6916884342765286e-01   9.6916884969301986e-01   6.2653670029888531e-09
   9.4921875000000000e-01   1.0069029436472146e+00   1.0069029735771891e+00   2.9929974498799083e-08
   9.5703125000000000e-01   1.0432441175584148e+00   1.0432441605993692e+00   4.3040954356143857e-08
   9.6484375000000000e-01   1.0792140745257159e+00   1.0792141187190480e+00   4.4193332104924821e-08
   9.7265625000000000e-01   1.1157935103334766e+00   1.1157935491566917e+00   3.8823215087191443e-08
   9.8046875000000000e-01   1.1538364137855379e+00   1.1538364494972899e+00   3.5711752000011643e-08
   9.8828125000000000e-01   1.1940029205412719e+00   1.1940029610527809e+00   4.0511509036278426e-08
   9.9609375000000000e-01   1.2367145991479311e+00   1.2367146508392695e+00   5.1691338320836167e-08
   7.5390625000000000e-01   3.2168991357207266e-01   3.2168988078268762e-01   3.2789385040477015e-08
   7.6171875000000000e-01   3.1966381017034118e-01   3.1966379443463899e-01   1.5735702185715184e-08
   7.6953125000000000e-01   3.1121179756995371e-01   3.1121179977285585e-01   2.2029021384817327e-09
   7.7734375000000000e-01   2.9826459017214962e-01   2.9826460559476065e-01   1.5422611021609356e-08
   7.8515625000000000e-01   2.8315620427920551e-01   2.8315622648313216e-01   2.2203926641761740e-08
   7.9296875000000000e-01   2.6842348136899358e-01   2.6842350589874253e-01   2.4529748954282837e-08
   8.0078125000000000e-01   2.5659542001549057e-01   2.5659544581240923e-01   2.5796918656784129e-08
   8.0859375000000000e-01   2.4999084969449256e-01   2.4999087782658308e-01   2.8132090518218078e-08
   8.1640625000000000e-01   2.5054156435423558e-01   2.5054159597759024e-01   3.1623354657117630e-08
   8.2421875000000000e-01   2.5965509910889828e-01   2.5965513360316317e-01   3.4494264888884629e-08
   8.3203125000000000e-01   2.7812720788639650e-01   2.7812724211501699e-01   3.4228620493514939e-08
   8.3984375000000000e-01   3.0610922836463661e-01   3.0610925670847916e-01   2.8343842550793141e-08
   8.4765625000000000e-01   3.4313039002596041e-01   3.4313040579002418e-01   1.5764063776568804e-08
   8.5546875000000000e-01   3.8817023521464106e-01   3.8817023298576858e-01   2.2288724754737643e-09
   8.6328125000000000e-01   4.3977212414001426e-01   4.3977210248911253e-01   2.1650901738112793e-08
   8.7109375000000000e-01   4.9618564852661268e-01   4.9618561095794728e-01   3.7568665400833368e-08
