#                  Coord.                Numerical               Analytical                    Error
   3.9062500000000000e-03   7.3865622252075924e-01   7.3865623866883545e-01   1.6148076209532292e-08
   1.1718750000000000e-02   6.5075770117676068e-01   6.5075770703189706e-01   5.8551363757430863e-09
   1.9531250000000000e-02   4.6072771405773488e-01   4.6072770746024627e-01   6.5974886109820829e-09
   2.7343750000000000e-02   1.7726406547876083e-01   1.7726404766993348e-01   1.7808827357246315e-08
   3.5156250000000000e-02  -1.7542362754795909e-01  -1.7542365214852459e-01   2.4600565501353699e-08
   4.2968750000000000e-02  -5.5916810066917033e-01  -5.5916812552746797e-01   2.4858297642538218e-08
   5.0781250000000000e-02  -9.2599422644283347e-01  -9.2599424464309565e-01   1.8200262186240934e-08
   5.8593750000000000e-02  -1.2244553070680946e+00  -1.2244553131650420e+00   6.0969473913985439e-09
   6.6406250000000000e-02  -1.4072851941389912e+00  -1.4072851857302604e+00   8.4087308227509538e-09
   7.4218750000000000e-02  -1.4391535564625868e+00  -1.4391535349340563e+00   2.1528530513847954e-08
   8.2031250000000000e-02  -1.3031724082968856e+00  -1.3031723786262739e+00   2.9670611745302722e-08
   8.9843750000000000e-02  -1.0049135439840238e+00  -1.0049135135088592e+00   3.0475164614074401e-08
   9.7656250000000000e-02  -5.7305745002129893e-01  -5.7305742659615855e-01   2.3425140383004361e-08
   1.0546875000000000e-01  -5.6350122310161246e-02  -5.6350112232816107e-02   1.0077345138914673e-08
   1.1328125000000000e-01   4.8280441068995583e-01   4.8280440433410921e-01   6.3558466267821245e-09
   1.2109375000000000e-01   9.7716649543416334e-01   9.7716647366399290e-01   2.1770170444135317e-08
   1.2890625000000000e-01   1.3644822700768526e+00   1.3644822377913104e+00   3.2285542239662846e-08
   1.3671875000000000e-01   1.5966744132968853e+00   1.5966743780319770e+00   3.5264908326837485e-08
   1.4453125000000000e-01   1.6468599028488895e+00   1.6468598730012731e+00   2.9847616378475550e-08
   1.5234375000000000e-01   1.5130281582019944e+00   1.5130281408068798e+00   1.7395114682017265e-08
   1.6015625000000000e-01   1.2178050013696844e+00   1.2178050005125240e+00   8.5716034270433283e-10
   1.6796875000000000e-01   8.0442019751768978e-01   8.0442021330056379e-01   1.5782874007719272e-08
   1.7578125000000000e-01   3.2965356664883788e-01   3.2965359533322092e-01   2.8684383035493255e-08
   1.8359375000000000e-01  -1.4496892485013579e-01  -1.4496888994478474e-01   3.4905351053993172e-08
   1.9140625000000000e-01  -5.6221192415040988e-01  -5.6221189089342294e-01   3.3256986942120648e-08
   1.9921875000000000e-01  -8.7692430163929935e-01  -8.7692427731106926e-01   2.4328230097125925e-08
   2.0703125000000000e-01  -1.0614190528479970e+00  -1.0614190424247618e+00   1.0423235163870004e-08
   2.1484375000000000e-01  -1.1077647263210002e+00  -1.1077647315491295e+00   5.2281292628464371e-09
   2.2265625000000000e-01  -1.0268928915693212e+00  -1.0268929106502338e+00   1.9080912627700286e-08
   2.3046875000000000e-01  -8.4497339894222268e-01  -8.4497342720556567e-01   2.8263342999323982e-08
   2.3828125000000000e-01  -5.9792460596646524e-01  -5.9792463696896014e-01   3.1002494904619482e-08
   2.4609375000000000e-01  -3.2514442425567985e-01  -3.2514445137786113e-01   2.7122181278649293e-08
   2.5390625000000000e-01  -6.3549930463668497e-02  -6.3549948227309375e-02   1.7763640877688225e-08
   2.6171875000000000e-01   1.5717726936723508e-01   1.5717726413725119e-01   5.2299838904090734e-09
   2.6953125000000000e-01   3.1756676341737794e-01   3.1756677106216474e-01   7.6447868035955935e-09
   2.7734375000000000e-01   4.0936292381809358e-01   4.0936294199393264e-01   1.8175839056056020e-08
   2.8515625000000000e-01   4.3472077700269540e-01   4.3472080130518148e-01   2.4302486079097463e-08
   2.9296875000000000e-01   4.0403091815621123e-01   4.0403094317582516e-01   2.5019613936194673e-08
   3.0078125000000000e-01   3.3296007656317034e-01   3.3296009708191082e-01   2.0518740484476439e-08
   3.0859375000000000e-01   2.3931354928264542e-01   2.3931356137348020e-01   1.2090834777822579e-08
   3.1640625000000000e-01   1.4023395161547872e-01   1.4023395338318853e-01   1.7677098118618062e-09
   3.2421875000000000e-01   5.0085070691395492e-02   5.0085062537587259e-02   8.1538082327692329e-09
   3.3203125000000000e-01  -2.0824341156344454e-02  -2.0824356779162743e-02   1.5622818289040552e-08
   3.3984375000000000e-01  -6.6701001193044882e-02  -6.6701020461582453e-02   1.9268537571059952e-08
   3.4765625000000000e-01  -8.6067442362606397e-02  -8.6067461027721170e-02   1.8665114773219749e-08
   3.5546875000000000e-01  -8.1124952357542759e-02  -8.1124966713325850e-02   1.4355783090058694e-08
   3.6328125000000000e-01  -5.6903737605459553e-02  -5.6903745238914720e-02   7.6334551665779848e-09
   3.7109375000000000e-01  -2.0375398398540807e-02  -2.0375398569090250e-02   1.7054944262406835e-10
   3.7890625000000000e-01   2.0375391812148924e-02   2.0375398234809088e-02   6.4226601641237391e-09
   3.8671875000000000e-01   5.6903733986940173e-02   5.6903744949403721e-02   1.0962463548036538e-08
   3.9453125000000000e-01   8.1124953592151286e-02   8.1124966512290092e-02   1.2920138806049586e-08
   4.0234375000000000e-01   8.6067448538066957e-02   8.6067460954963024e-02   1.2416896066902439e-08
   4.1015625000000000e-01   6.6701010494940510e-02   6.6701020549203599e-02   1.0054263088754567e-08
   4.1796875000000000e-01   2.0824350430539661e-02   2.0824357045722688e-02   6.6151830263594391e-09
   4.2578125000000000e-01  -5.0085064907212554e-02  -5.0085062094143297e-02   2.8130692567018833e-09
   4.3359375000000000e-01  -1.4023395188989130e-01  -1.4023395279156797e-01   9.0167667776697158e-10
   4.4140625000000000e-01  -2.3931355636909857e-01  -2.3931356069260487e-01   4.3235063029722909e-09
   4.4921875000000000e-01  -3.3296008902163654e-01  -3.3296009640091095e-01   7.3792744137435307e-09
   4.5703125000000000e-01  -4.0403093269795165e-01  -4.0403094260598654e-01   9.9080348925362216e-09
   4.6484375000000000e-01  -4.3472078941690118e-01  -4.3472080096714499e-01   1.1550243816937922e-08
   4.7265625000000000e-01  -4.0936293027847176e-01  -4.0936294199864892e-01   1.1720177162111156e-08
   4.8046875000000000e-01  -3.1756676168228254e-01  -3.1756677148844747e-01   9.8061649356218084e-09
   4.8828125000000000e-01  -1.5717725954491227e-01  -1.5717726501076165e-01   5.4658493842119071e-09
   4.9609375000000000e-01   6.3549945925879453e-02   6.3549946949662012e-02   1.0237825587289251e-09
   5.0390625000000000e-01   3.2514444119460700e-01   3.2514444981502211e-01   8.6204151039659394e-09
   5.1171875000000000e-01   5.9792461968624433e-01   5.9792463530886319e-01   1.5622618865229754e-08
   5.1953125000000000e-01   8.4497340574771984e-01   8.4497342568450207e-01   1.9936782225116190e-08
   5.2734375000000000e-01   1.0268928896423923e+00   1.0268929095201313e+00   1.9877739010354389e-08
   5.3515625000000000e-01   1.1077647164424862e+00   1.1077647310367778e+00   1.4594291553038374e-08
   5.4296875000000000e-01   1.0614190379741990e+00   1.0614190426897705e+00   4.7155714888447164e-09
   5.5078125000000000e-01   8.7692428614980622e-01   8.7692427841048104e-01   7.7393251807222896e-09
   5.5859375000000000e-01   5.6221191235310397e-01   5.6221189276035743e-01   1.9592746536289951e-08
   5.6640625000000000e-01   1.4496891987606939e-01   1.4496889238634247e-01   2.7489726911467116e-08
   5.7421875000000000e-01  -3.2965356389368422e-01  -3.2965359261578286e-01   2.8722098643907401e-08
   5.8203125000000000e-01  -8.0442018838378482e-01  -8.0442021067155389e-01   2.2287769074758046e-08
   5.8984375000000000e-01  -1.2178049891408140e+00  -1.2178049983467112e+00   9.2058971556951974e-09
   5.9765625000000000e-01  -1.5130281468387106e+00  -1.5130281394300036e+00   7.4087069812378559e-09
   6.0546875000000000e-01  -1.6468598958969096e+00  -1.6468598726352619e+00   2.3261647719152734e-08
   6.1328125000000000e-01  -1.5966744126213215e+00  -1.5966743787555873e+00   3.3865734216931287e-08
   6.2109375000000000e-01  -1.3644822755629564e+00  -1.3644822395238483e+00   3.6039108142205123e-08
   6.2890625000000000e-01  -9.7716650482911216e-01  -9.7716647617552355e-01   2.8653588612925773e-08
   6.3671875000000000e-01  -4.8280442056791006e-01  -4.8280440728084495e-01   1.3287065114830909e-08
   6.4453125000000000e-01   5.6350115451079805e-02   5.6350109254282035e-02   6.1967977693644372e-09
   6.5234375000000000e-01   5.7305744868753372e-01   5.7305742398521042e-01   2.4702323297987050e-08
   6.6015625000000000e-01   1.0049135488080088e+00   1.0049135115992633e+00   3.7208745418126909e-08
   6.6796875000000000e-01   1.3031724178623543e+00   1.3031723776373914e+00   4.0224962916113327e-08
   6.7578125000000000e-01   1.4391535677344087e+00   1.4391535349420919e+00   3.2792316861929294e-08
   6.8359375000000000e-01   1.4072852034510692e+00   1.4072851866647087e+00   1.6786360523823873e-08
   6.9140625000000000e-01   1.2244553112443501e+00   1.2244553148288637e+00   3.5845135748502344e-09
   6.9921875000000000e-01   9.2599422381766083e-01   9.2599424675271824e-01   2.2935057408801640e-08
   7.0703125000000000e-01   5.5916809160108838e-01   5.5916812776270386e-01   3.6161615479812781e-08
   7.1484375000000000e-01   1.7542361435489079e-01   1.7542365420384051e-01   3.9848949723308991e-08
   7.2265625000000000e-01  -1.7726407921466941e-01  -1.7726404604056720e-01   3.3174102215260959e-08
   7.3046875000000000e-01  -4.6072772451069827e-01  -4.6072770641313171e-01   1.8097566556463107e-08
   7.3828125000000000e-01  -6.5075770539193767e-01  -6.5075770662158361e-01   1.2296459406258009e-09
   7.4609375000000000e-01  -7.3865621923663405e-01  -7.3865623885265363e-01   1.9616019586443656e-08
   8.7890625000000000e-01  -1.9290560949153296e-02  -1.9290560334119859e-02   6.1503343737334681e-10
   8.8671875000000000e-01  -5.8735323874411591e-02  -5.8735310957194538e-02   1.2917217052932362e-08
   8.9453125000000000e-01  -1.0014199424582937e-01  -1.0014197302982375e-01   2.1216005618995837e-08
   9.0234375000000000e-01  -1.4285142063185302e-01  -1.4285139714557446e-01   2.3486278560858054e-08
   9.1015625000000000e-01  -1.8369140879034385e-01  -1.8369138946491506e-01   1.9325428785021970e-08
   9.1796875000000000e-01  -2.1679012927226121e-01  -2.1679011919524174e-01   1.0077019468868187e-08
   9.2578125000000000e-01  -2.3407646951279099e-01  -2.3407647114587851e-01   1.6330875263204092e-09
   9.3359375000000000e-01  -2.2647888335048813e-01  -2.2647889590548462e-01   1.2554996486890957e-08
   9.4140625000000000e-01  -1.8570791659365429e-01  -1.8570793634734595e-01   1.9753691654633698e-08
   9.4921875000000000e-01  -1.0637622786939099e-01  -1.0637624917693193e-01   2.1307540939985437e-08
   9.5703125000000000e-01   1.1904561572166522e-02   1.1904544709346229e-02   1.6862820292895542e-08
   9.6484375000000000e-01   1.6288234574785621e-01   1.6288233809648331e-01   7.6513728963778505e-09
   9.7265625000000000e-01   3.3291371035227357e-01   3.3291371411474913e-01   3.7624755533371967e-09
   9.8046875000000000e-01   5.0145641201642910e-01   5.0145642625242903e-01   1.4235999934442134e-08
   9.8828125000000000e-01   6.4298570622747242e-01   6.4298572703408385e-01   2.0806611433776823e-08
   9.9609375000000000e-01   7.3026967063794679e-01   7.3026969221779492e-01   2.1579848130670598e-08
   7.5390625000000000e-01  -7.3026966061169607e-01  -7.3026969287670118e-01   3.2265005112108724e-08
   7.6171875000000000e-01  -6.4298569193170418e-01  -6.4298572800155829e-01   3.6069854103537580e-08
   7.6953125000000000e-01  -5.0145639703224221e-01  -5.0145642734680962e-01   3.0314567411870996e-08
   7.7734375000000000e-01  -3.3291369825792150e-01  -3.3291371516947621e-01   1.6911554712173427e-08
   7.8515625000000000e-01  -1.6288233932148771e-01  -1.6288233898211280e-01   3.3937491705771095e-10
   7.9296875000000000e-01  -1.1904562071101779e-02  -1.1904545346410516e-02   1.6724691263847458e-08
   8.0078125000000000e-01   1.0637622082051029e-01   1.0637624881505389e-01   2.7994543599918487e-08
   8.0859375000000000e-01   1.8570790485386779e-01   1.8570793624134951e-01   3.1387481724820532e-08
   8.1640625000000000e-01   2.2647886961091024e-01   2.2647889600219825e-01   2.6391288016069936e-08
   8.2421875000000000e-01   2.3407645668938992e-01   2.3407647137480239e-01   1.4685412469406245e-08
   8.3203125000000000e-01   2.1679011980223592e-01   2.1679011948349694e-01   3.1873897965439824e-10
   8.3984375000000000e-01   1.8369140428847289e-01   1.8369138975102400e-01   1.4537448883578108e-08
   8.4765625000000000e-01   1.4285142162653339e-01   1.4285139738761279e-01   2.4238920592889457e-08
   8.5546875000000000e-01   1.0014200030585822e-01   1.0014197321023989e-01   2.7095618332362292e-08
   8.6328125000000000e-01   5.8735333732183974e-02   5.8735311081654862e-02   2.2650529112044904e-08
   8.7109375000000000e-01   1.9290572860151269e-02   1.9290560425639671e-02   1.2434511597464448e-08
