#                  Coord.                Numerical               Analytical                    Error
   3.9062500000000000e-03  -9.5686738432439369e-02  -9.5686739144354341e-02   7.1191497141853688e-10
   1.1718750000000000e-02  -4.6775646445843205e-01  -4.6775646498731638e-01   5.2888432522379958e-10
   1.9531250000000000e-02  -7.9038062443070345e-01  -7.9038062462005376e-01   1.8935031320665985e-10
   2.7343750000000000e-02  -1.0179929545459609e+00  -1.0179929543397377e+00   2.0622326069030805e-10
   3.5156250000000000e-02  -1.1182450073453245e+00  -1.1182450067985552e+00   5.4676929650554484e-10
   4.2968750000000000e-02  -1.0768708918737142e+00  -1.0768708911505727e+00   7.2314154664354646e-10
   5.0781250000000000e-02  -8.9985722918601430e-01  -8.9985722849921645e-01   6.8679784082092965e-10
   5.8593750000000000e-02  -6.1252525317257611e-01  -6.1252525273225467e-01   4.4032144597139222e-10
   6.6406250000000000e-02  -2.5563011908528604e-01  -2.5563011901302851e-01   7.2257533290098763e-11
   7.4218750000000000e-02   1.2092453557095445e-01   1.2092453525669838e-01   3.1425606561441555e-10
   8.2031250000000000e-02   4.6575878345546168e-01   4.6575878285448041e-01   6.0098126475338631e-10
   8.9843750000000000e-02   7.3384245403417070e-01   7.3384245332035314e-01   7.1381756061583701e-10
   9.7656250000000000e-02   8.9321460555327581e-01   8.9321460494377725e-01   6.0949856273140313e-10
   1.0546875000000000e-01   9.2952082541091097e-01   9.2952082506522427e-01   3.4568670148615865e-10
   1.1328125000000000e-01   8.4765736088812860e-01   8.4765736087493371e-01   1.3194889625367523e-11
   1.2109375000000000e-01   6.7029208843687960e-01   6.7029208872374102e-01   2.8686142350409227e-10
   1.2890625000000000e-01   4.3354767173102210e-01   4.3354767223370766e-01   5.0268555984445129e-10
   1.3671875000000000e-01   1.8059582024015305e-01   1.8059582081665101e-01   5.7649796048053759e-10
   1.4453125000000000e-01  -4.5752367454218679e-02  -4.5752366952764321e-02   5.0145435720461151e-10
   1.5234375000000000e-01  -2.1021983554495549e-01  -2.1021983522455265e-01   3.2040284314582834e-10
   1.6015625000000000e-01  -2.9080986609254733e-01  -2.9080986599654574e-01   9.6001595562000830e-11
   1.6796875000000000e-01  -2.8217865162498584e-01  -2.8217865172771617e-01   1.0273032424734652e-10
   1.7578125000000000e-01  -1.9608700483845701e-01  -1.9608700504679377e-01   2.0833676450671135e-10
   1.8359375000000000e-01  -5.8874259501932355e-02  -5.8874259729263044e-02   2.2733068899549735e-10
   1.9140625000000000e-01   9.3600782321064321e-02   9.3600782134400623e-02   1.8666369838715724e-10
   1.9921875000000000e-01   2.2267573693182890e-01   2.2267573680473546e-01   1.2709344687777957e-10
   2.0703125000000000e-01   2.9409307607173935e-01   2.9409307600198425e-01   6.9755090592593660e-11
   2.1484375000000000e-01   2.8444295275970505e-01   2.8444295269861797e-01   6.1087079838983982e-11
   2.2265625000000000e-01   1.8570315777036767e-01   1.8570315767472362e-01   9.5644048236920298e-11
   2.3046875000000000e-01   7.0593674387173198e-03   7.0593672858990106e-03   1.5281830922225792e-10
   2.3828125000000000e-01  -2.2634172485085247e-01  -2.2634172502176200e-01   1.7090953652321161e-10
   2.4609375000000000e-01  -4.7751430688468816e-01  -4.7751430701876985e-01   1.3408169019513139e-10
   2.5390625000000000e-01  -7.0392357115577031e-01  -7.0392357116991933e-01   1.4149015292730382e-11
   2.6171875000000000e-01  -8.6484143092018551e-01  -8.6484143073346009e-01   1.8672541290953859e-10
   2.6953125000000000e-01  -9.2846386952590043e-01  -9.2846386913992041e-01   3.8598002571887946e-10
   2.7734375000000000e-01  -8.7752080775946606e-01  -8.7752080720865111e-01   5.5081494920727891e-10
   2.8515625000000000e-01  -7.1237844021159957e-01  -7.1237843960898983e-01   6.0260973988590649e-10
   2.9296875000000000e-01  -4.5109029004347906e-01  -4.5109028952531649e-01   5.1816256840808705e-10
   3.0078125000000000e-01  -1.2641240880506188e-01  -1.2641240853200544e-01   2.7305643857111761e-10
   3.0859375000000000e-01   2.1964580863965924e-01   2.1964580855858851e-01   8.1070733459753797e-11
   3.1640625000000000e-01   5.4271776296301522e-01   5.4271776249056658e-01   4.7244863576878515e-10
   3.2421875000000000e-01   8.0315576062374838e-01   8.0315575983761789e-01   7.8613049403486457e-10
   3.3203125000000000e-01   9.7201490837686166e-01   9.7201490743691177e-01   9.3994989569523568e-10
   3.3984375000000000e-01   1.0349111574301344e+00   1.0349111565676070e+00   8.6252738284997577e-10
   3.4765625000000000e-01   9.9315287874473024e-01   9.9315287817040609e-01   5.7432414379832153e-10
   3.5546875000000000e-01   8.6208474272413771e-01   8.6208474260581069e-01   1.1832701485303687e-10
   3.6328125000000000e-01   6.6711956632628122e-01   6.6711956671926176e-01   3.9298053700065338e-10
   3.7109375000000000e-01   4.3836082567150236e-01   4.3836082652471087e-01   8.5320850384817959e-10
   3.7890625000000000e-01   2.0495186604941773e-01   2.0495186717444747e-01   1.1250297360376749e-09
   3.8671875000000000e-01  -9.7158273464686782e-03  -9.7158261687753881e-03   1.1776932901108594e-09
   3.9453125000000000e-01  -1.9103775404470513e-01  -1.9103775310913823e-01   9.3556690172746926e-10
   4.0234375000000000e-01  -3.3398994124323544e-01  -3.3398994076916377e-01   4.7407167080848467e-10
   4.1015625000000000e-01  -4.4169668500682907e-01  -4.4169668514510885e-01   1.3827977651814649e-10
   4.1796875000000000e-01  -5.2227036640092361e-01  -5.2227036712037367e-01   7.1945005508666782e-10
   4.2578125000000000e-01  -5.8478287034810783e-01  -5.8478287152473041e-01   1.1766225771481231e-09
   4.3359375000000000e-01  -6.3539392965771313e-01  -6.3539393101553199e-01   1.3578188573504235e-09
   4.4140625000000000e-01  -6.7459838618122447e-01  -6.7459838742094258e-01   1.2397181059498052e-09
   4.4921875000000000e-01  -6.9627777412260972e-01  -6.9627777492280907e-01   8.0019935122521701e-10
   4.5703125000000000e-01  -6.8881340832130145e-01  -6.8881340850744766e-01   1.8614620955759165e-10
   4.6484375000000000e-01  -6.3803260038521326e-01  -6.3803259989713679e-01   4.8807646813031624e-10
   4.7265625000000000e-01  -5.3132351176712467e-01  -5.3132351073609263e-01   1.0310320375239712e-09
   4.8046875000000000e-01  -3.6196374988419933e-01  -3.6196374852310287e-01   1.3610964577637219e-09
   4.8828125000000000e-01  -1.3262788492085953e-01  -1.3262788357786251e-01   1.3429970191491947e-09
   4.9609375000000000e-01   1.4281140932249789e-01   1.4281141035381370e-01   1.0313158105290654e-09
   5.0390625000000000e-01   4.3972613665317806e-01   4.3972613710056258e-01   4.4738451832060377e-10
   5.1171875000000000e-01   7.2548604334849487e-01   7.2548604310322262e-01   2.4527224695702898e-10
   5.1953125000000000e-01   9.6409574881987370e-01   9.6409574795795372e-01   8.6191997983320334e-10
   5.2734375000000000e-01   1.1218824999874826e+00   1.1218824987132863e+00   1.2741963040241444e-09
   5.3515625000000000e-01   1.1731670543456645e+00   1.1731670529575799e+00   1.3880845362024274e-09
   5.4296875000000000e-01   1.1048387335218399e+00   1.1048387323230142e+00   1.1988257053729967e-09
   5.5078125000000000e-01   9.1896708842170116e-01   9.1896708767137392e-01   7.5032724478063528e-10
   5.5859375000000000e-01   6.3296845023024551e-01   6.3296845008056934e-01   1.4967616035477249e-10
   5.6640625000000000e-01   2.7732031333396201e-01   2.7732031378332866e-01   4.4936665499761830e-10
   5.7421875000000000e-01  -1.0872283641188481e-01  -1.0872283550736511e-01   9.0451969525506826e-10
   5.8203125000000000e-01  -4.8260848761343228e-01  -4.8260848648709431e-01   1.1263379673387419e-09
   5.8984375000000000e-01  -8.0418499966874879e-01  -8.0418499857993053e-01   1.0888182577772909e-09
   5.9765625000000000e-01  -1.0406793811402382e+00  -1.0406793803257162e+00   8.1452200539899877e-10
   6.0546875000000000e-01  -1.1702305833104818e+00  -1.1702305829350332e+00   3.7544856112958769e-10
   6.1328125000000000e-01  -1.1835954257771835e+00  -1.1835954258967911e+00   1.1960765711194199e-10
   6.2109375000000000e-01  -1.0840226820621717e+00  -1.0840226826206496e+00   5.5847793056784667e-10
   6.2890625000000000e-01  -8.8561982990841648e-01  -8.8561983075806694e-01   8.4965046109886089e-10
   6.3671875000000000e-01  -6.1074776292089805e-01  -6.1074776390130603e-01   9.8040797702481086e-10
   6.4453125000000000e-01  -2.8703690107924912e-01  -2.8703690193996373e-01   8.6071461069536781e-10
   6.5234375000000000e-01   5.5470063771490573e-02   5.5470063191238268e-02   5.8025230453839782e-10
   6.6015625000000000e-01   3.8673506422075266e-01   3.8673506405962205e-01   1.6113060885558639e-10
   6.6796875000000000e-01   6.7861585435915051e-01   6.7861585462451945e-01   2.6536894903728125e-10
   6.7578125000000000e-01   9.0634042643633816e-01   9.0634042708155715e-01   6.4521898934799538e-10
   6.8359375000000000e-01   1.0497776371574541e+00   1.0497776379886741e+00   8.3121998173396605e-10
   6.9140625000000000e-01   1.0947046653564880e+00   1.0947046661705602e+00   8.1407214302942066e-10
   6.9921875000000000e-01   1.0341532341018893e+00   1.0341532346623650e+00   5.6047566587835718e-10
   7.0703125000000000e-01   8.6973450505774974e-01   8.6973450524228357e-01   1.8453383265892853e-10
   7.1484375000000000e-01   6.1266059214365687e-01   6.1266059187766708e-01   2.6598978575265164e-10
   7.2265625000000000e-01   2.8406446396998775e-01   2.8406446334365970e-01   6.2632804498363726e-10
   7.3046875000000000e-01  -8.5781147807850455e-02  -8.5781148638868349e-02   8.3101789338790866e-10
   7.3828125000000000e-01  -4.5961311147979661e-01  -4.5961311225420359e-01   7.7440698298403277e-10
   7.4609375000000000e-01  -7.9671648170014253e-01  -7.9671648222897029e-01   5.2882775936069493e-10
   8.7890625000000000e-01  -2.0962785549728055e-01  -2.0962785462802364e-01   8.6925691644701431e-10
   8.8671875000000000e-01  -5.4932702536443434e-01  -5.4932702490344865e-01   4.6098569406183287e-10
   8.9453125000000000e-01  -8.0158555269109566e-01  -8.0158555274330523e-01   5.2209570000627537e-11
   9.0234375000000000e-01  -9.3604519165970224e-01  -9.3604519219293347e-01   5.3323123694326569e-10
   9.1015625000000000e-01  -9.3787277238138544e-01  -9.3787277321152529e-01   8.3013984575330824e-10
   9.1796875000000000e-01  -8.0952894699547728e-01  -8.0952894787484853e-01   8.7937124249037879e-10
   9.2578125000000000e-01  -5.7041672014827505e-01  -5.7041672081417105e-01   6.6589600500321922e-10
   9.3359375000000000e-01  -2.5444396952906112e-01  -2.5444396979580786e-01   2.6674673581084107e-10
   9.4140625000000000e-01   9.4244493975869370e-02   9.4244494177998683e-02   2.0212931328700279e-10
   9.4921875000000000e-01   4.2690197902318239e-01   4.2690197960150628e-01   5.7832388877798735e-10
   9.5703125000000000e-01   6.9653965545645879e-01   6.9653965622029723e-01   7.6383843694571851e-10
   9.6484375000000000e-01   8.6423966726369850e-01   8.6423966796688290e-01   7.0318439959748957e-10
   9.7265625000000000e-01   9.0459744871379011e-01   9.0459744914528573e-01   4.3149561701483208e-10
   9.8046875000000000e-01   8.0951664981751381e-01   8.0951664983262239e-01   1.5108581052913905e-11
   9.8828125000000000e-01   5.8974260518749466e-01   5.8974260479631557e-01   3.9117908912089661e-10
   9.9609375000000000e-01   2.7379425498864918e-01   2.7379425431865084e-01   6.6999833459036040e-10
   7.5390625000000000e-01  -1.0575653780975163e+00  -1.0575653781868712e+00   8.9354967869326174e-11
   7.6171875000000000e-01  -1.2089833110844865e+00  -1.2089833106406520e+00   4.4383452468821361e-10
   7.6953125000000000e-01  -1.2290320880454546e+00  -1.2290320871915394e+00   8.5391516080335350e-10
   7.7734375000000000e-01  -1.1107771491698770e+00  -1.1107771481033177e+00   1.0665592853342787e-09
   7.8515625000000000e-01  -8.6418908301622843e-01  -8.6418908203550759e-01   9.8072083787315023e-10
   7.9296875000000000e-01  -5.1571291592652768e-01  -5.1571291529304508e-01   6.3348259971007792e-10
   8.0078125000000000e-01  -1.0541821227551931e-01  -1.0541821218587494e-01   8.9644375256270337e-11
   8.0859375000000000e-01   3.1794166558164189e-01   3.1794166511833200e-01   4.6330989045273441e-10
   8.1640625000000000e-01   7.0326705111059329e-01   7.0326705021231140e-01   8.9828189331342401e-10
   8.2421875000000000e-01   1.0039080043039748e+00   1.0039080032265617e+00   1.0774130476676191e-09
   8.3203125000000000e-01   1.1839030574953233e+00   1.1839030565215434e+00   9.7377994556779868e-10
   8.3984375000000000e-01   1.2227429577261404e+00   1.2227429571364574e+00   5.8968296912098594e-10
   8.4765625000000000e-01   1.1179891984536148e+00   1.1179891983868953e+00   6.6719518798663557e-11
   8.5546875000000000e-01   8.8542067901168886e-01   8.8542067948815018e-01   4.7646131484668786e-10
   8.6328125000000000e-01   5.5675485377957545e-01   5.5675485464632601e-01   8.6675056021334740e-10
   8.7109375000000000e-01   1.7532786727378361e-01   1.7532786829805891e-01   1.0242753034628294e-09
