#                  Coord.                Numerical               Analytical                    Error
   3.9062500000000000e-03  -8.0561710559609823e-01  -8.0561709163602613e-01   1.3960072098306853e-08
   1.1718750000000000e-02  -7.4078704422714403e-01  -7.4078703032061577e-01   1.3906528262275231e-08
   1.9531250000000000e-02  -5.6140040430107696e-01  -5.6140039336476000e-01   1.0936316963139348e-08
   2.7343750000000000e-02  -2.8401487739924208e-01  -2.8401487212652182e-01   5.2727202604074819e-09
   3.5156250000000000e-02   5.8378565852452900e-02   5.8378563679486864e-02   2.1729660362734826e-09
   4.2968750000000000e-02   4.2120088319109261e-01   4.2120087338755074e-01   9.8035418671926777e-09
   5.0781250000000000e-02   7.5502351340124274e-01   7.5502349758909459e-01   1.5812148146387983e-08
   5.8593750000000000e-02   1.0130823773667057e+00   1.0130823588296625e+00   1.8537043233735062e-08
   6.6406250000000000e-02   1.1583501105852116e+00   1.1583500935144000e+00   1.7070811653141504e-08
   7.4218750000000000e-02   1.1690608264788416e+00   1.1690608150001693e+00   1.1478672234943588e-08
   8.2031250000000000e-02   1.0418732373686161e+00   1.0418732343861961e+00   2.9824200886707786e-09
   8.9843750000000000e-02   7.9226708850079453e-01   7.9226709491348923e-01   6.4126947085796360e-09
   9.7656250000000000e-02   4.5221529990096482e-01   4.5221531420362832e-01   1.4302663498000356e-08
   1.0546875000000000e-01   6.5581016865100192e-02   6.5581035504170784e-02   1.8639070592518792e-08
   1.1328125000000000e-01  -3.1800803051215260e-01  -3.1800801230213682e-01   1.8210015773068022e-08
   1.2109375000000000e-01  -6.4989243667842744e-01  -6.4989242353714149e-01   1.3141285948314874e-08
   1.2890625000000000e-01  -8.8878987659572573e-01  -8.8878987182821656e-01   4.7675091652266133e-09
   1.3671875000000000e-01  -1.0060602272188812e+00  -1.0060602318382190e+00   4.6193378011594177e-09
   1.4453125000000000e-01  -9.8921141473381313e-01  -9.8921142710748267e-01   1.2373669533438658e-08
   1.5234375000000000e-01  -8.4328415958254388e-01  -8.4328417598432437e-01   1.6401780489339046e-08
   1.6015625000000000e-01  -5.9001954778161525e-01  -5.9001956338470563e-01   1.5603090375293505e-08
   1.6796875000000000e-01  -2.6496294292904166e-01  -2.6496295326854163e-01   1.0339499978417876e-08
   1.7578125000000000e-01   8.7125868131815026e-02   8.7125865901063748e-02   2.2307512781427619e-09
   1.8359375000000000e-01   4.1801222211904127e-01   4.1801222831367280e-01   6.1946315299543642e-09
   1.9140625000000000e-01   6.8220583257570744e-01   6.8220584494549530e-01   1.2369787860677661e-08
   1.9921875000000000e-01   8.4291991599295923e-01   8.4291993035530421e-01   1.4362344979979014e-08
   2.0703125000000000e-01   8.7702788274886845e-01   8.7702789432734363e-01   1.1578475178630754e-08
   2.1484375000000000e-01   7.7835287714890034e-01   7.7835288199076746e-01   4.8418671294570004e-09
   2.2265625000000000e-01   5.5879155078929421e-01   5.5879154707299328e-01   3.7163009336538266e-09
   2.3046875000000000e-01   2.4702511940199567e-01   2.4702510801854247e-01   1.1383453207836070e-08
   2.3828125000000000e-01  -1.1511220554312077e-01  -1.1511222111814318e-01   1.5575022410674322e-08
   2.4609375000000000e-01  -4.7819414980386055e-01  -4.7819416457800656e-01   1.4774146017693113e-08
   2.5390625000000000e-01  -7.9196453700353953e-01  -7.9196454590310339e-01   8.8995638636291119e-09
   2.6171875000000000e-01  -1.0123459497768579e+00  -1.0123459492709272e+00   5.0593063072312816e-10
   2.6953125000000000e-01  -1.1076540692040413e+00  -1.1076540585450683e+00   1.0658973037536157e-08
   2.7734375000000000e-01  -1.0630618813330639e+00  -1.0630618628713140e+00   1.8461749906606428e-08
   2.8515625000000000e-01  -8.8261275081047907e-01  -8.8261272954049752e-01   2.1269981553828643e-08
   2.9296875000000000e-01  -5.8846919467296865e-01  -5.8846917682578115e-01   1.7847187505637407e-08
   3.0078125000000000e-01  -2.1753770933216157e-01  -2.1753770062231323e-01   8.7098483425585016e-09
   3.0859375000000000e-01   1.8395578209517133e-01   1.8395577826422729e-01   3.8309440342221279e-09
   3.1640625000000000e-01   5.6703492933210997e-01   5.6703491298807274e-01   1.6344037234716779e-08
   3.2421875000000000e-01   8.8661995682105410e-01   8.8661993168661934e-01   2.5134434755713642e-08
   3.3203125000000000e-01   1.1072237993697347e+00   1.1072237719568123e+00   2.7412922376512938e-08
   3.3984375000000000e-01   1.2068931661915487e+00   1.2068931441269750e+00   2.2064573723667991e-08
   3.4765625000000000e-01   1.1789503019181791e+00   1.1789502917694548e+00   1.0148724305381052e-08
   3.5546875000000000e-01   1.0315068853465792e+00   1.0315068907316070e+00   5.3850277570433036e-09
   3.6328125000000000e-01   7.8510407516965530e-01   7.8510409549777016e-01   2.0328114858081392e-08
   3.7109375000000000e-01   4.6910492140818011e-01   4.6910495188909623e-01   3.0480916124453472e-08
   3.7890625000000000e-01   1.1757923360960029e-01   1.1757926634222267e-01   3.2732622376463461e-08
   3.8671875000000000e-01  -2.3463189666956433e-01  -2.3463187052626527e-01   2.6143299053371649e-08
   3.9453125000000000e-01  -5.5517290643117190e-01  -5.5517289428646532e-01   1.2144706573735675e-08
   4.0234375000000000e-01  -8.1651459743312360e-01  -8.1651460311441526e-01   5.6812916593429463e-09
   4.1015625000000000e-01  -9.9740179733326528e-01  -9.9740181993307375e-01   2.2599808469081495e-08
   4.1796875000000000e-01  -1.0836206174797918e+00  -1.0836206514099596e+00   3.3930167786522247e-08
   4.2578125000000000e-01  -1.0683736487534627e+00  -1.0683736852125030e+00   3.6459040231306972e-08
   4.3359375000000000e-01  -9.5250354075214194e-01  -9.5250357003873343e-01   2.9286591485266911e-08
   4.4140625000000000e-01  -7.4466154269791940e-01  -7.4466155691752445e-01   1.4219605048992889e-08
   4.4921875000000000e-01  -4.6133333004994098e-01  -4.6133332525992204e-01   4.7900189370508883e-09
   4.5703125000000000e-01  -1.2647741451694008e-01  -1.2647739189121951e-01   2.2625720574875885e-08
   4.6484375000000000e-01   2.2953804063702743e-01   2.2953807516771793e-01   3.4530690501410888e-08
   4.7265625000000000e-01   5.7196057815045775e-01   5.7196061548050769e-01   3.7330049940109689e-08
   4.8046875000000000e-01   8.6472509880994208e-01   8.6472512920313938e-01   3.0393197292255536e-08
   4.8828125000000000e-01   1.0743940244780033e+00   1.0743940401616217e+00   1.5683618403983246e-08
   4.9609375000000000e-01   1.1745067896869357e+00   1.1745067869585539e+00   2.7283817427559143e-09
   5.0390625000000000e-01   1.1496565093147404e+00   1.1496564893760204e+00   1.9938720008383370e-08
   5.1171875000000000e-01   9.9851663975589222e-01   9.9851660824161914e-01   3.1514273080013311e-08
   5.1953125000000000e-01   7.3511555114446347e-01   7.3511551655441787e-01   3.4590045605575881e-08
   5.2734375000000000e-01   3.8790444520598477e-01   3.8790441641272133e-01   2.8793263440185513e-08
   5.3515625000000000e-01  -3.4565015183855193e-03  -3.4565175443622437e-03   1.6025976724495794e-08
   5.4296875000000000e-01  -3.9323303218382716e-01  -3.9323303218321609e-01   6.1106675275368616e-13
   5.5078125000000000e-01  -7.3591365337172110e-01  -7.3591363834624124e-01   1.5025479860319990e-08
   5.5859375000000000e-01  -9.9263918666660433e-01  -9.9263916139543562e-01   2.5271168713203451e-08
   5.6640625000000000e-01  -1.1366599272142537e+00  -1.1366598986700236e+00   2.8544230090687961e-08
   5.7421875000000000e-01  -1.1568591397617585e+00  -1.1568591152150007e+00   2.4546757737553548e-08
   5.8203125000000000e-01  -1.0587229529739601e+00  -1.0587229380428875e+00   1.4931072600532502e-08
   5.8984375000000000e-01  -8.6260964281474373e-01  -8.6260964026934772e-01   2.5453960050825231e-09
   5.9765625000000000e-01  -5.9968008045132748e-01  -5.9968008975321130e-01   9.3018838187575170e-09
   6.0546875000000000e-01  -3.0629077571812663e-01  -3.0629079359649880e-01   1.7878372171598045e-08
   6.1328125000000000e-01  -1.7930031482875922e-02  -1.7930052964771272e-02   2.1481895349367841e-08
   6.2109375000000000e-01   2.3616184928173400e-01   2.3616182941765684e-01   1.9864077160924865e-08
   6.2890625000000000e-01   4.3671772706828660e-01   4.3671771315569946e-01   1.3912587137898669e-08
   6.3671875000000000e-01   5.7590829418948863e-01   5.7590828873008892e-01   5.4593997100838010e-09
   6.4453125000000000e-01   6.5642215494712663e-01   6.5642215835453421e-01   3.4074075783152580e-09
   6.5234375000000000e-01   6.8853439347661372e-01   6.8853440427051305e-01   1.0793899329897272e-08
   6.6015625000000000e-01   6.8594474652834259e-01   6.8594476193370524e-01   1.5405362652209931e-08
   6.6796875000000000e-01   6.6140014015608473e-01   6.6140015677131792e-01   1.6615233189298806e-08
   6.7578125000000000e-01   6.2312754226325384e-01   6.2312755678225817e-01   1.4519004332136376e-08
   6.8359375000000000e-01   5.7289114082858594e-01   5.7289115053749218e-01   9.7089062345290245e-09
   6.9140625000000000e-01   5.0609960058355885e-01   5.0609960378757834e-01   3.2040194941629352e-09
   6.9921875000000000e-01   4.1390904509962517e-01   4.1390904127961836e-01   3.8200068108729113e-09
   7.0703125000000000e-01   2.8679969684316547e-01   2.8679968675774187e-01   1.0085423607364419e-08
   7.1484375000000000e-01   1.1875067655601945e-01   1.1875066207769168e-01   1.4478327772793342e-08
   7.2265625000000000e-01  -8.9023910778237750e-02  -8.9023926878209383e-02   1.6099971633654064e-08
   7.3046875000000000e-01  -3.2574687588011680e-01  -3.2574689042268473e-01   1.4542567927655625e-08
   7.3828125000000000e-01  -5.7084260738331127e-01  -5.7084261730281782e-01   9.9195065494939172e-09
   7.4609375000000000e-01  -7.9603662269933184e-01  -7.9603662574807543e-01   3.0487435909165583e-09
   8.7890625000000000e-01  -1.2225526964330241e-01  -1.2225525480823306e-01   1.4835069353513752e-08
   8.8671875000000000e-01  -3.2441099451982597e-01  -3.2441098133389201e-01   1.3185933955828233e-08
   8.9453125000000000e-01  -4.3745042130856060e-01  -4.3745041205586543e-01   9.2526951656068945e-09
   9.0234375000000000e-01  -4.5352053416233895e-01  -4.5352053001504639e-01   4.1472925649266301e-09
   9.1015625000000000e-01  -3.8216763728578790e-01  -3.8216763828951211e-01   1.0037242148541736e-09
   9.1796875000000000e-01  -2.4817865787260798e-01  -2.4817866320846635e-01   5.3358583662621584e-09
   9.2578125000000000e-01  -8.6825898208263155e-02  -8.6825906589297133e-02   8.3810339779333276e-09
   9.3359375000000000e-01   6.2665679855318929e-02   6.2665669833581211e-02   1.0021737717469392e-08
   9.4140625000000000e-01   1.6430767462611123e-01   1.6430766426403612e-01   1.0362075114622726e-08
   9.4921875000000000e-01   1.9195754000442464e-01   1.9195753044198899e-01   9.5624356488688278e-09
   9.5703125000000000e-01   1.3420364771472609e-01   1.3420363997539167e-01   7.7393344233289696e-09
   9.6484375000000000e-01  -3.3310019402428806e-03  -3.3310068794431972e-03   4.9392003165400766e-09
   9.7265625000000000e-01  -1.9868667576892268e-01  -1.9868667700243159e-01   1.2335089061288329e-09
   9.8046875000000000e-01  -4.1717223110177354e-01  -4.1717222795223813e-01   3.1495354102517581e-09
   9.8828125000000000e-01  -6.1727932678869191e-01  -6.1727931909448208e-01   7.6942098248267143e-09
   9.9609375000000000e-01  -7.5790113410430382e-01  -7.5790112248971819e-01   1.1614585626595897e-08
   7.5390625000000000e-01  -9.6952440908309201e-01  -9.6952440430232067e-01   4.7807713343672731e-09
   7.6171875000000000e-01  -1.0614788045070291e+00  -1.0614787925841291e+00   1.1922900000627124e-08
   7.6953125000000000e-01  -1.0498419145066684e+00  -1.0498418978100279e+00   1.6696640514624050e-08
   7.7734375000000000e-01  -9.2523610992688354e-01  -9.2523609198301704e-01   1.7943866503777883e-08
   7.8515625000000000e-01  -6.9395480641873120e-01  -6.9395479121293058e-01   1.5205800618645071e-08
   7.9296875000000000e-01  -3.7833403579280184e-01  -3.7833402678154626e-01   9.0112555750643253e-09
   8.0078125000000000e-01  -1.4292919441816375e-02  -1.4292918726546675e-02   7.1526969937230067e-10
   8.0859375000000000e-01   3.5363170450034498e-01   3.5363169675410661e-01   7.7462383729631767e-09
   8.1640625000000000e-01   6.7894991526486737e-01   6.7894990084862861e-01   1.4416238758307998e-08
   8.2421875000000000e-01   9.2044384990145389e-01   9.2044383215742609e-01   1.7744027802635287e-08
   8.3203125000000000e-01   1.0486942093769673e+00   1.0486941923358049e+00   1.7041162481135075e-08
   8.3984375000000000e-01   1.0507609820323480e+00   1.0507609694404874e+00   1.2591860665267518e-08
   8.4765625000000000e-01   9.3219178983115114e-01   9.3219178422300963e-01   5.6081415067410489e-09
   8.5546875000000000e-01   7.1599852827512800e-01   7.1599853046884165e-01   2.1937136551741787e-09
   8.6328125000000000e-01   4.3877031577039438e-01   4.3877032478399186e-01   9.0135974795124696e-09
   8.7109375000000000e-01   1.4458372834207561e-01   1.4458374181303277e-01   1.3470957155314878e-08
