#                  Coord.                Numerical               Analytical                    Error
   3.9062500000000000e-03   6.4248310365818712e-02   6.4248311764853419e-02   1.3990347075276688e-09
   1.1718750000000000e-02   3.2805297826961274e-02   3.2805292948589942e-02   4.8783713318956146e-09
   1.9531250000000000e-02   2.3129455148675111e-02   2.3129450573908888e-02   4.5747662220929630e-09
   2.7343750000000000e-02   3.5590536737596053e-02   3.5590536746230937e-02   8.6348844741124253e-12
   3.5156250000000000e-02   6.9774669138876588e-02   6.9774670143497072e-02   1.0046204840241657e-09
   4.2968750000000000e-02   1.2450261117705411e-01   1.2450260474221642e-01   6.4348376904721505e-09
   5.0781250000000000e-02   1.9787393720966803e-01   1.9787391929504836e-01   1.7914619676595578e-08
   5.8593750000000000e-02   2.8733634127340174e-01   2.8733631853142849e-01   2.2741973249029712e-08
   6.6406250000000000e-02   3.8977879492077305e-01   3.8977878073743288e-01   1.4183340169005021e-08
   7.4218750000000000e-02   5.0164661454712434e-01   5.0164661698874080e-01   2.4416164645657545e-09
   8.2031250000000000e-02   6.1907558600193480e-01   6.1907559810268731e-01   1.2100752511123858e-08
   8.9843750000000000e-02   7.3804118592781554e-01   7.3804118795153062e-01   2.0237150843982477e-09
   9.7656250000000000e-02   8.5451771450576819e-01   8.5451768788178861e-01   2.6623979576534396e-08
   1.0546875000000000e-01   9.6464094836614966e-01   9.6464089018601173e-01   5.8180137929575437e-08
   1.1328125000000000e-01   1.0648669106285769e+00   1.0648668363695510e+00   7.4259025817369206e-08
   1.2109375000000000e-01   1.1521187328791342e+00   1.1521186642674994e+00   6.8611634818083189e-08
   1.2890625000000000e-01   1.2239135232001896e+00   1.2239134712117279e+00   5.1988461757801474e-08
   1.3671875000000000e-01   1.2784617746532188e+00   1.2784617314801423e+00   4.3173076447189374e-08
   1.4453125000000000e-01   1.3147331751995484e+00   1.3147331223161607e+00   5.2883387668956061e-08
   1.5234375000000000e-01   1.3324846554764997e+00   1.3324845802244834e+00   7.5252016396021304e-08
   1.6015625000000000e-01   1.3322489745043842e+00   1.3322488816577891e+00   9.2846595078910354e-08
   1.6796875000000000e-01   1.3152848850766239e+00   1.3152847934443899e+00   9.1632234022753778e-08
   1.7578125000000000e-01   1.2834926603353349e+00   1.2834925883104853e+00   7.2024849639973354e-08
   1.8359375000000000e-01   1.2393012197187800e+00   1.2393011722375535e+00   4.7481226506107532e-08
   1.9140625000000000e-01   1.1855349816176481e+00   1.1855349494333336e+00   3.2184314546768178e-08
   1.9921875000000000e-01   1.1252696760617507e+00   1.1252696469873913e+00   2.9074359364500424e-08
   2.0703125000000000e-01   1.0616865481307307e+00   1.0616865194126521e+00   2.8718078581846385e-08
   2.1484375000000000e-01   9.9793367033826008e-01   9.9793365124118305e-01   1.9097077030849618e-08
   2.2265625000000000e-01   9.3700158489792007e-01   9.3700158718742732e-01   2.2895072504525160e-09
   2.3046875000000000e-01   8.8161843229419423e-01   8.8161845801224992e-01   2.5718055685075569e-08
   2.3828125000000000e-01   8.3416738273488189e-01   8.3416742047633319e-01   3.7741451297534923e-08
   2.4609375000000000e-01   7.9662687173390234e-01   7.9662690550912374e-01   3.3775221397469579e-08
   2.5390625000000000e-01   7.7053214551962945e-01   7.7053216845852068e-01   2.2938891230950276e-08
   2.6171875000000000e-01   7.5695517801359857e-01   7.5695519882634499e-01   2.0812746415188599e-08
   2.6953125000000000e-01   7.5649928573170944e-01   7.5649932136265430e-01   3.5630944861253511e-08
   2.7734375000000000e-01   7.6930477912441442e-01   7.6930483964670904e-01   6.0522294620390937e-08
   2.8515625000000000e-01   7.9506267629721150e-01   7.9506275429977269e-01   7.8002561187950903e-08
   2.9296875000000000e-01   8.3303467060488756e-01   8.3303474499885855e-01   7.4393970983521740e-08
   3.0078125000000000e-01   8.8207892783829722e-01   8.8207897946845948e-01   5.1630162256621759e-08
   3.0859375000000000e-01   9.4068258583068731e-01   9.4068261247635476e-01   2.6645667450253541e-08
   3.1640625000000000e-01   1.0070027684357126e+00   1.0070027865938462e+00   1.8158133663348508e-08
   3.2421875000000000e-01   1.0789182954486656e+00   1.0789183264704771e+00   3.1021811564002633e-08
   3.3203125000000000e-01   1.1540939564055328e+00   1.1540940077884239e+00   5.1382891053108892e-08
   3.3984375000000000e-01   1.2300582208316739e+00   1.2300582774472166e+00   5.6615542698423837e-08
   3.4765625000000000e-01   1.3042936888745094e+00   1.3042937221366311e+00   3.3262121723609539e-08
   3.5546875000000000e-01   1.3743376673156344e+00   1.3743376551682152e+00   1.2147419292674044e-08
   3.6328125000000000e-01   1.4378882756885958e+00   1.4378882181659161e+00   5.7522679730581672e-08
   3.7109375000000000e-01   1.4929097877677855e+00   1.4929097057618557e+00   8.2005929824546797e-08
   3.7890625000000000e-01   1.5377298065916980e+00   1.5377297253363291e+00   8.1255368877819478e-08
   3.8671875000000000e-01   1.5711206030192215e+00   1.5711205335177223e+00   6.9501499222468510e-08
   3.9453125000000000e-01   1.5923576320046506e+00   1.5923575654988655e+00   6.6505785101256265e-08
   4.0234375000000000e-01   1.6012498540556237e+00   1.6012497722996133e+00   8.1756010406053292e-08
   4.1015625000000000e-01   1.5981388511827082e+00   1.5981387441276298e+00   1.0705507835773176e-07
   4.1796875000000000e-01   1.5838665668307714e+00   1.5838664424200208e+00   1.2441075059044238e-07
   4.2578125000000000e-01   1.5597144455817551e+00   1.5597143248081147e+00   1.2077364042184513e-07
   4.3359375000000000e-01   1.5273194314799978e+00   1.5273193335410458e+00   9.7938952059450912e-08
   4.4140625000000000e-01   1.4885743368726352e+00   1.4885742670114979e+00   6.9861137319549016e-08
   4.4921875000000000e-01   1.4455212408169600e+00   1.4455211906122269e+00   5.0204733037517713e-08
   4.5703125000000000e-01   1.4002466624629548e+00   1.4002466208645969e+00   4.1598357869432334e-08
   4.6484375000000000e-01   1.3547862763909140e+00   1.3547862419428220e+00   3.4448091934535796e-08
   4.7265625000000000e-01   1.3110450616223117e+00   1.3110450448799136e+00   1.6742398134539371e-08
   4.8046875000000000e-01   1.2707362892020211e+00   1.2707363043010256e+00   1.5099004491148094e-08
   4.8828125000000000e-01   1.2353400458352974e+00   1.2353400979470446e+00   5.2111747139704789e-08
   4.9609375000000000e-01   1.2060794522895808e+00   1.2060795317849877e+00   7.9495406923868472e-08
   5.0390625000000000e-01   1.1839107393075627e+00   1.1839108271004730e+00   8.7792910274941960e-08
   5.1171875000000000e-01   1.1695221562761782e+00   1.1695222367431208e+00   8.0466942664614294e-08
   5.1953125000000000e-01   1.1633364656093590e+00   1.1633365368225990e+00   7.1213239971612552e-08
   5.2734375000000000e-01   1.1655125125517540e+00   1.1655125869113794e+00   7.4359625346076541e-08
   5.3515625000000000e-01   1.1759429213262274e+00   1.1759430148174723e+00   9.3491244967935927e-08
   5.4296875000000000e-01   1.1942470652113417e+00   1.1942471833160349e+00   1.1810469313644489e-07
   5.5078125000000000e-01   1.2197607447695460e+00   1.2197608746706248e+00   1.2990107878252388e-07
   5.5859375000000000e-01   1.2515260800038925e+00   1.2515261955075556e+00   1.1550366307844229e-07
   5.6640625000000000e-01   1.2882866260946455e+00   1.2882867027895097e+00   7.6694864237225602e-08
   5.7421875000000000e-01   1.3284933809038977e+00   1.3284934111059274e+00   3.0202029766002170e-08
   5.8203125000000000e-01   1.3703270230256057e+00   1.3703270200810180e+00   2.9445876847944419e-09
   5.8984375000000000e-01   1.4117404185132849e+00   1.4117404061971364e+00   1.2316148545465921e-08
   5.9765625000000000e-01   1.4505233177741135e+00   1.4505233126415757e+00   5.1325377281585816e-09
   6.0546875000000000e-01   1.4843885279905598e+00   1.4843885267809989e+00   1.2095608958873072e-09
   6.1328125000000000e-01   1.5110760416932534e+00   1.5110760240007892e+00   1.7692464160390386e-08
   6.2109375000000000e-01   1.5284690306285811e+00   1.5284689744631808e+00   5.6165400330598914e-08
   6.2890625000000000e-01   1.5347136226188531e+00   1.5347135216202661e+00   1.0099858704926135e-07
   6.3671875000000000e-01   1.5283332617156018e+00   1.5283331306003056e+00   1.3111529617582107e-07
   6.4453125000000000e-01   1.5083283642343561e+00   1.5083282293719404e+00   1.3486241567939317e-07
   6.5234375000000000e-01   1.4742529572412528e+00   1.4742528392116738e+00   1.1802957899931243e-07
   6.6015625000000000e-01   1.4262618798543421e+00   1.4262617825154353e+00   9.7338906712707285e-08
   6.6796875000000000e-01   1.3651246997210944e+00   1.3651246128286880e+00   8.6892406381267051e-08
   6.7578125000000000e-01   1.2922053880393740e+00   1.2922053001929630e+00   8.7846411034320226e-08
   6.8359375000000000e-01   1.2094096502203868e+00   1.2094095605701112e+00   8.9650275647557010e-08
   6.9140625000000000e-01   1.1191042815766592e+00   1.1191042009523622e+00   8.0624297016385071e-08
   6.9921875000000000e-01   1.0240147512073219e+00   1.0240146933947838e+00   5.7812538090118437e-08
   7.0703125000000000e-01   9.2710825865888680e-01   9.2710822972371543e-01   2.8935171370036983e-08
   7.1484375000000000e-01   8.3146971079502685e-01   8.3146970569003387e-01   5.1049929838953290e-09
   7.2265625000000000e-01   7.4017751349399008e-01   7.4017752110745416e-01   7.6134640814018439e-09
   7.3046875000000000e-01   6.5618493079243490e-01   6.5618494273691463e-01   1.1944479738623670e-08
   7.3828125000000000e-01   5.8221129009369355e-01   5.8221130559765688e-01   1.5503963335383730e-08
   7.4609375000000000e-01   5.2064576945906804e-01   5.2064579394018362e-01   2.4481115579177981e-08
   8.7890625000000000e-01   1.2316067276000382e+00   1.2316066303193360e+00   9.7280702160418286e-08
   8.8671875000000000e-01   1.2469512605905642e+00   1.2469511833415043e+00   7.7249059815542864e-08
   8.9453125000000000e-01   1.2424094607583536e+00   1.2424093949557227e+00   6.5802630899725045e-08
   9.0234375000000000e-01   1.2174698824496779e+00   1.2174698123926131e+00   7.0057064815998160e-08
   9.1015625000000000e-01   1.1724699675673138e+00   1.1724698854771978e+00   8.2090116038102678e-08
   9.1796875000000000e-01   1.1085930048195378e+00   1.1085929179107887e+00   8.6908749086234138e-08
   9.2578125000000000e-01   1.0278244163113819e+00   1.0278243408545160e+00   7.5456865866740941e-08
   9.3359375000000000e-01   9.3287000894493433e-01   9.3286995709408760e-01   5.1850846727319322e-08
   9.4140625000000000e-01   8.2704118424987738e-01   8.2704115532546219e-01   2.8924415196307507e-08
   9.4921875000000000e-01   7.1411394814609508e-01   7.1411393140420021e-01   1.6741894870442309e-08
   9.5703125000000000e-01   5.9816975709396925e-01   5.9816974214360841e-01   1.4950360838206223e-08
   9.6484375000000000e-01   4.8342672290015221e-01   4.8342670797704829e-01   1.4923103919262104e-08
   9.7265625000000000e-01   3.7406951815187389e-01   3.7406950889529633e-01   9.2565775600128575e-09
   9.8046875000000000e-01   2.7408559019294343e-01   2.7408559146125799e-01   1.2683145644842853e-09
   9.8828125000000000e-01   1.8711417279452844e-01   1.8711418200535315e-01   9.2108247140565425e-09
   9.9609375000000000e-01   1.1631325610650814e-01   1.1631326475555072e-01   8.6490425793561698e-09
   7.5390625000000000e-01   4.7346515217972979e-01   4.7346519166673318e-01   3.9487003389293562e-08
   7.6171875000000000e-01   4.4216595476498644e-01   4.4216601093224184e-01   5.6167255402250760e-08
   7.6953125000000000e-01   4.2771083157092554e-01   4.2771089966078379e-01   6.8089858251685342e-08
   7.7734375000000000e-01   4.3048913025466012e-01   4.3048920035602639e-01   7.0101366267394383e-08
   7.8515625000000000e-01   4.5029183868375805e-01   4.5029189876664855e-01   6.0082890496193642e-08
   7.9296875000000000e-01   4.8630176287744392e-01   4.8630180324245337e-01   4.0365009446041711e-08
   8.0078125000000000e-01   5.3710041350204341e-01   5.3710043132666008e-01   1.7824616671546778e-08
   8.0859375000000000e-01   6.0069353581621332e-01   6.0069353746095422e-01   1.6447408990316603e-09
   8.1640625000000000e-01   6.7455731142673592e-01   6.7455730948463111e-01   1.9421048103041016e-09
   8.2421875000000000e-01   7.5570685980469243e-01   7.5570686468070813e-01   4.8760157023153283e-09
   8.3203125000000000e-01   8.4078773051359801e-01   8.4078774145077850e-01   1.0937180494607901e-08
   8.3984375000000000e-01   9.2618965119267493e-01   9.2618965380039375e-01   2.6077188186590661e-09
   8.4765625000000000e-01   1.0081800088227575e+00   1.0081799832717591e+00   2.5550998428158778e-08
   8.5546875000000000e-01   1.0830525931102601e+00   1.0830525280290615e+00   6.5081198652450212e-08
   8.6328125000000000e-01   1.1472852537936338e+00   1.1472851559952246e+00   9.7798409148808219e-08
   8.7109375000000000e-01   1.1976985804720632e+00   1.1976984716772046e+00   1.0879485867754113e-07
