#                  Coord.                Numerical               Analytical                    Error
   3.9062500000000000e-03   4.9782238622043662e-01   4.9782237823817727e-01   7.9822593535006092e-09
   1.1718750000000000e-02   4.5785486232477213e-01   4.5785488062440910e-01   1.8299636972418654e-08
   1.9531250000000000e-02   4.2194273758470352e-01   4.2194277943292513e-01   4.1848221610241154e-08
   2.7343750000000000e-02   3.9326160169896962e-01   3.9326165832488030e-01   5.6625910682672753e-08
   3.5156250000000000e-02   3.7450835712965164e-01   3.7450841844711913e-01   6.1317467492383315e-08
   4.2968750000000000e-02   3.6775211672153063e-01   3.6775217505191349e-01   5.8330382857185725e-08
   5.0781250000000000e-02   3.7433056934953529e-01   3.7433062084504620e-01   5.1495510910992692e-08
   5.8593750000000000e-02   3.9479664616725912e-01   3.9479669023539571e-01   4.4068136584307638e-08
   6.6406250000000000e-02   4.2891674772186128e-01   4.2891678523419946e-01   3.7512338180167859e-08
   7.4218750000000000e-02   4.7571831951636034e-01   4.7571835001340496e-01   3.0497044611887958e-08
   8.2031250000000000e-02   5.3358141968455408e-01   5.3358143917511225e-01   1.9490558167412075e-08
   8.9843750000000000e-02   6.0036630341066344e-01   6.0036630428377191e-01   8.7310847440846828e-10
   9.7656250000000000e-02   6.7356708854018987e-01   6.7356706327632554e-01   2.5263864333879837e-08
   1.0546875000000000e-01   7.5048035783327194e-01   7.5048030425415080e-01   5.3579121139790686e-08
   1.1328125000000000e-01   8.2837711937777248e-01   8.2837704395085354e-01   7.5426918932919307e-08
   1.2109375000000000e-01   9.0466688485838542e-01   9.0466679991244359e-01   8.4945941836167549e-08
   1.2890625000000000e-01   9.7704367380799628e-01   9.7704359020451648e-01   8.3603479805738345e-08
   1.3671875000000000e-01   1.0436054336482581e+00   1.0436053537004688e+00   7.9947789277667880e-08
   1.4453125000000000e-01   1.1029405453319181e+00   1.1029404628939992e+00   8.2437918935696075e-08
   1.5234375000000000e-01   1.1541776177958010e+00   1.1541775254632358e+00   9.2332565149177981e-08
   1.6015625000000000e-01   1.1969974635874008e+00   1.1969973627556050e+00   1.0083179580178125e-07
   1.6796875000000000e-01   1.2316088147605271e+00   1.2316087196445162e+00   9.5116010845330834e-08
   1.7578125000000000e-01   1.2586917721771509e+00   1.2586917044220010e+00   6.7755149935067038e-08
   1.8359375000000000e-01   1.2793150187439397e+00   1.2793149951543250e+00   2.3589614706054363e-08
   1.9140625000000000e-01   1.2948343039419579e+00   1.2948343262896138e+00   2.2347655947996259e-08
   1.9921875000000000e-01   1.3067805263165631e+00   1.3067805803414170e+00   5.4024853923806404e-08
   2.0703125000000000e-01   1.3167458463564958e+00   1.3167459108416049e+00   6.4485109030343324e-08
   2.1484375000000000e-01   1.3262756818174406e+00   1.3262757417963713e+00   5.9978930710968825e-08
   2.2265625000000000e-01   1.3367732673491017e+00   1.3367733221605249e+00   5.4811423177980600e-08
   2.3046875000000000e-01   1.3494218548846248e+00   1.3494219162978913e+00   6.1413266472243322e-08
   2.3828125000000000e-01   1.3651277944348228e+00   1.3651278756764476e+00   8.1241624760863829e-08
   2.4609375000000000e-01   1.3844858633217776e+00   1.3844859673306975e+00   1.0400891992112804e-07
   2.5390625000000000e-01   1.4077665040957881e+00   1.4077666181924455e+00   1.1409665745532038e-07
   2.6171875000000000e-01   1.4349232154441429e+00   1.4349233169595432e+00   1.0151540030811645e-07
   2.6953125000000000e-01   1.4656173153632648e+00   1.4656173837357396e+00   6.8372474792965932e-08
   2.7734375000000000e-01   1.4992566669013672e+00   1.4992566947089361e+00   2.7807568914184344e-08
   2.8515625000000000e-01   1.5350447032614383e+00   1.5350446984057791e+00   4.8556592080473138e-09
   2.9296875000000000e-01   1.5720361245423622e+00   1.5720361026647580e+00   2.1877604172715337e-08
   3.0078125000000000e-01   1.6091958759231770e+00   1.6091958482673063e+00   2.7655870704634822e-08
   3.0859375000000000e-01   1.6454583540508243e+00   1.6454583203400064e+00   3.3710817914922586e-08
   3.1640625000000000e-01   1.6797841581973645e+00   1.6797841092096997e+00   4.8987664813537890e-08
   3.2421875000000000e-01   1.7112120515649973e+00   1.7112119796463328e+00   7.1918664579229130e-08
   3.3203125000000000e-01   1.7389041293429155e+00   1.7389040378501275e+00   9.1492788012459414e-08
   3.3984375000000000e-01   1.7621825184911781e+00   1.7621824223761906e+00   9.6114987524487105e-08
   3.4765625000000000e-01   1.7805563062935197e+00   1.7805562228859104e+00   8.3407609263730365e-08
   3.5546875000000000e-01   1.7937378398066821e+00   1.7937377771076828e+00   6.2698999325760951e-08
   3.6328125000000000e-01   1.8016480659713787e+00   1.8016480184548163e+00   4.7516562462490697e-08
   3.7109375000000000e-01   1.8044111664259264e+00   1.8044111218179864e+00   4.4607940008489777e-08
   3.7890625000000000e-01   1.8023393206230216e+00   1.8023392729011058e+00   4.7721915752418909e-08
   3.8671875000000000e-01   1.7959089424288055e+00   1.7959088995948356e+00   4.2833969926547866e-08
   3.9453125000000000e-01   1.7857301044104661e+00   1.7857300842221200e+00   2.0188346105953769e-08
   4.0234375000000000e-01   1.7725110568486151e+00   1.7725110731377991e+00   1.6289184001649915e-08
   4.1015625000000000e-01   1.7570197485237455e+00   1.7570197985361573e+00   5.0012411767497156e-08
   4.1796875000000000e-01   1.7400440872405909e+00   1.7400441507098503e+00   6.3469259403703404e-08
   4.2578125000000000e-01   1.7223523979878066e+00   1.7223524497383993e+00   5.1750592700017251e-08
   4.3359375000000000e-01   1.7046552241725672e+00   1.7046552511146669e+00   2.6942099662363717e-08
   4.4140625000000000e-01   1.6875693624175452e+00   1.6875693722363330e+00   9.8187877828337378e-09
   4.4921875000000000e-01   1.6715849056036587e+00   1.6715849196752002e+00   1.4071541487581385e-08
   4.5703125000000000e-01   1.6570361299801066e+00   1.6570361658383306e+00   3.5858223945695045e-08
   4.6484375000000000e-01   1.6440772963262282e+00   1.6440773527068981e+00   5.6380669910538472e-08
   4.7265625000000000e-01   1.6326647670399395e+00   1.6326648233507817e+00   5.6310842211360068e-08
   4.8046875000000000e-01   1.6225471625069370e+00   1.6225471931422906e+00   3.0635353587271652e-08
   4.8828125000000000e-01   1.6132654554989243e+00   1.6132654482530882e+00   7.2458361533023208e-09
   4.9609375000000000e-01   1.6041648200556231e+00   1.6041647845194291e+00   3.5536193987439901e-08
   5.0390625000000000e-01   1.5944196363338388e+00   1.5944195958608431e+00   4.0472995621598784e-08
   5.1171875000000000e-01   1.5830722903567001e+00   1.5830722643611430e+00   2.5995557040303652e-08
   5.1953125000000000e-01   1.5690853443773793e+00   1.5690853350046070e+00   9.3727723360359505e-09
   5.2734375000000000e-01   1.5514053863389854e+00   1.5514053792817679e+00   7.0572174770688889e-09
   5.3515625000000000e-01   1.5290355338502630e+00   1.5290355119806651e+00   2.1869597910395555e-08
   5.4296875000000000e-01   1.5011123368338770e+00   1.5011122948831055e+00   4.1950771523246999e-08
   5.5078125000000000e-01   1.4669818564002437e+00   1.4669818048195806e+00   5.1580663074091149e-08
   5.5859375000000000e-01   1.4262691398690663e+00   1.4262690955154260e+00   4.4353640316074916e-08
   5.6640625000000000e-01   1.3789352547627767e+00   1.3789352270083910e+00   2.7754385678591120e-08
   5.7421875000000000e-01   1.3253165138862022e+00   1.3253164983660808e+00   1.5520121410261822e-08
   5.8203125000000000e-01   1.2661414820608734e+00   1.2661414666606754e+00   1.5400198005721677e-08
   5.8984375000000000e-01   1.2025227108052701e+00   1.2025226878549768e+00   2.2950293221413176e-08
   5.9765625000000000e-01   1.1359217883959680e+00   1.1359217617414861e+00   2.6654481954935250e-08
   6.0546875000000000e-01   1.0680880958099872e+00   1.0680880765095022e+00   1.9300484987994082e-08
   6.1328125000000000e-01   1.0009735068780370e+00   1.0009735017868118e+00   5.0912252191892549e-09
   6.2109375000000000e-01   9.3662705021264470e-01   9.3662705422296333e-01   4.0103186327300477e-09
   6.2890625000000000e-01   8.7707515290653404e-01   8.7707515253205370e-01   3.7448033562981209e-10
   6.3671875000000000e-01   8.2419441290563755e-01   8.2419439808345252e-01   1.4822185034901736e-08
   6.4453125000000000e-01   7.7958480785779427e-01   7.7958478141457788e-01   2.6443216394334002e-08
   6.5234375000000000e-01   7.4445177524701822e-01   7.4445175097213356e-01   2.4274884657948803e-08
   6.6015625000000000e-01   7.1950563210842655e-01   7.1950562257988060e-01   9.5285459522642668e-09
   6.6796875000000000e-01   7.0488629943416858e-01   7.0488630414362108e-01   4.7094524946444949e-09
   6.7578125000000000e-01   7.0012022485679570e-01   7.0012022936932716e-01   4.5125314596106136e-09
   6.8359375000000000e-01   7.0411475205040908e-01   7.0411473964637783e-01   1.2404031246582292e-08
   6.9140625000000000e-01   7.1519300659381202e-01   7.1519297244666780e-01   3.4147144223339865e-08
   6.9921875000000000e-01   7.3116975240329263e-01   7.3116970809013904e-01   4.4313153590991305e-08
   7.0703125000000000e-01   7.4946578531603092e-01   7.4946574943315691e-01   3.5882874005466192e-08
   7.1484375000000000e-01   7.6725548116767206e-01   7.6725546389275145e-01   1.7274920605103716e-08
   7.2265625000000000e-01   7.8163934554372749e-01   7.8163934019970194e-01   5.3440255554093596e-09
   7.3046875000000000e-01   7.8983106204311482e-01   7.8983105073191184e-01   1.1311202974262358e-08
   7.3828125000000000e-01   7.8934682808097767e-01   7.8934679660505558e-01   3.1475922090962172e-08
   7.4609375000000000e-01   7.7818388880933920e-01   7.7818383797273238e-01   5.0836606813042806e-08
   8.7890625000000000e-01   8.8517855825548289e-02   8.8517837332055108e-02   1.8493493181281906e-08
   8.8671875000000000e-01   1.4127127214490859e-01   1.4127124732279828e-01   2.4822110311628620e-08
   8.9453125000000000e-01   2.0422672194711913e-01   2.0422669629827928e-01   2.5648839857561612e-08
   9.0234375000000000e-01   2.7374859156943604e-01   2.7374856829643207e-01   2.3273003968427020e-08
   9.1015625000000000e-01   3.4589532179824206e-01   3.4589529657805612e-01   2.5220185939645035e-08
   9.1796875000000000e-01   4.1666560756026816e-01   4.1666557021742412e-01   3.7342844039223166e-08
   9.2578125000000000e-01   4.8224774503156742e-01   4.8224768779044891e-01   5.7241118511797140e-08
   9.3359375000000000e-01   5.3925546856494133e-01   5.3925539410670864e-01   7.4458232690588488e-08
   9.4140625000000000e-01   5.8493458225835016e-01   5.8493450391513901e-01   7.8343211140641245e-08
   9.4921875000000000e-01   6.1732677359833954e-01   6.1732670711458970e-01   6.6483749838752715e-08
   9.5703125000000000e-01   6.3538005878324821e-01   6.3538001173342351e-01   4.7049824702938281e-08
   9.6484375000000000e-01   6.3899911732765358e-01   6.3899908514536907e-01   3.2182284503967651e-08
   9.7265625000000000e-01   6.2903304093556889e-01   6.2903301217888408e-01   2.8756684811170885e-08
   9.8046875000000000e-01   6.0720240920732316e-01   6.0720237576087110e-01   3.3446452052388054e-08
   9.8828125000000000e-01   5.7597178294877971e-01   5.7597174677692142e-01   3.6171858286415670e-08
   9.9609375000000000e-01   5.3837735766209827e-01   5.3837732949808503e-01   2.8164013232689911e-08
   7.5390625000000000e-01   7.5497525813080490e-01   7.5497520249425965e-01   5.5636545259751813e-08
   7.6171875000000000e-01   7.1910871013513233e-01   7.1910866575628929e-01   4.4378843044867722e-08
   7.6953125000000000e-01   6.7080019221004705e-01   6.7080016463992209e-01   2.7570124960796250e-08
   7.7734375000000000e-01   6.1111472563337577e-01   6.1111470752483954e-01   1.8108536226080219e-08
   7.8515625000000000e-01   5.4193139813609825e-01   5.4193137760089882e-01   2.0535199429794204e-08
   7.9296875000000000e-01   4.6585295329518833e-01   4.6585292448315985e-01   2.8812028485258878e-08
   8.0078125000000000e-01   3.8606444195382844e-01   3.8606440882396215e-01   3.3129866294778765e-08
   8.0859375000000000e-01   3.0614913021703194e-01   3.0614910133779610e-01   2.8879235836054562e-08
   8.1640625000000000e-01   2.2987307553057085e-01   2.2987305591348614e-01   1.9617084706657906e-08
   8.2421875000000000e-01   1.6095224271038480e-01   1.6095223048679574e-01   1.2223589057613893e-08
   8.3203125000000000e-01   1.0281754100425118e-01   1.0281753089726692e-01   1.0106984263402730e-08
   8.3984375000000000e-01   5.8393594964075424e-02   5.8393584085112270e-02   1.0878963153937438e-08
   8.4765625000000000e-01   2.9906377290822846e-02   2.9906366927917601e-02   1.0362905245725473e-08
   8.5546875000000000e-01   1.8733071694640776e-02   1.8733063876324837e-02   7.8183159391009838e-09
   8.6328125000000000e-01   2.5304820740800493e-02   2.5304813963376176e-02   6.7774243162066483e-09
   8.7109375000000000e-01   4.9069527760575729e-02   4.9069517038104006e-02   1.0722471723012550e-08
