#                  Coord.                Numerical               Analytical                    Error
   3.9062500000000000e-03  -2.5296115667329927e-01  -2.5296115837237582e-01   1.6990765461244450e-09
   1.1718750000000000e-02  -9.7917913448175797e-02  -9.7917914499366085e-02   1.0511902875931511e-09
   1.9531250000000000e-02   1.2074279890923342e-01   1.2074279891473322e-01   5.4997950638124848e-12
   2.7343750000000000e-02   3.7555747916613286e-01   3.7555748031767161e-01   1.1515387532412547e-09
   3.5156250000000000e-02   6.2994462796644557e-01   6.2994462995879374e-01   1.9923481753281180e-09
   4.2968750000000000e-02   8.4331816811670612e-01   8.4331817033403778e-01   2.2173316516216346e-09
   5.0781250000000000e-02   9.7723301283359287e-01   9.7723301452445799e-01   1.6908651145897124e-09
   5.8593750000000000e-02   1.0016664111806421e+00   1.0016664117111365e+00   5.3049431514295975e-10
   6.6406250000000000e-02   9.0042887223520873e-01   9.0042887128511706e-01   9.5009167200288402e-10
   7.4218750000000000e-02   6.7475191567351600e-01   6.7475191336635976e-01   2.3071562438303772e-09
   8.2031250000000000e-02   3.4432892840700252e-01   3.4432892529548687e-01   3.1115156562400159e-09
   8.9843750000000000e-02  -5.4532687301212628e-02  -5.4532690361638513e-02   3.0604258849376009e-09
   9.7656250000000000e-02  -4.7351284530451559e-01  -4.7351284741958238e-01   2.1150667883773622e-09
   1.0546875000000000e-01  -8.5901030297942937e-01  -8.5901030345940022e-01   4.7997084084983044e-10
   1.1328125000000000e-01  -1.1599765052856983e+00  -1.1599765038710692e+00   1.4146290805427952e-09
   1.2109375000000000e-01  -1.3355874267131522e+00  -1.3355874236535641e+00   3.0595881383987944e-09
   1.2890625000000000e-01  -1.3614762057052301e+00  -1.3614762017620126e+00   3.9432175302778205e-09
   1.3671875000000000e-01  -1.2334720678875115e+00  -1.2334720640629739e+00   3.8245375755252553e-09
   1.4453125000000000e-01  -9.6821314714579043e-01  -9.6821314446904938e-01   2.6767410510331047e-09
   1.5234375000000000e-01  -6.0054396001050936e-01  -6.0054395918826065e-01   8.2224871356118001e-10
   1.6015625000000000e-01  -1.7816772171707965e-01  -1.7816772301443315e-01   1.2973535024052296e-09
   1.6796875000000000e-01   2.4550948801058148e-01   2.4550948492053537e-01   3.0900461078786634e-09
   1.7578125000000000e-01   6.1912111853428087e-01   6.1912111442004258e-01   4.1142382833925240e-09
   1.8359375000000000e-01   9.0039628898962865e-01   9.0039628491341961e-01   4.0762090369739212e-09
   1.9140625000000000e-01   1.0614411721210857e+00   1.0614411690833043e+00   3.0377813597937120e-09
   1.9921875000000000e-01   1.0915307671120471e+00   1.0915307658614937e+00   1.2505534385809369e-09
   2.0703125000000000e-01   9.9717607713932355e-01   9.9717607791365526e-01   7.7433170986296318e-10
   2.1484375000000000e-01   7.9971703755841095e-01   7.9971704010932343e-01   2.5509124812472805e-09
   2.2265625000000000e-01   5.3108649617529868e-01   5.3108649978788525e-01   3.6125865632286036e-09
   2.3046875000000000e-01   2.2862467788625634e-01   2.2862468164753505e-01   3.7612787051610752e-09
   2.3828125000000000e-01  -7.0134377798410710e-02  -7.0134374827756266e-02   2.9706544446561622e-09
   2.4609375000000000e-01  -3.3192075433805557e-01  -3.3192075280066802e-01   1.5373875505986234e-09
   2.5390625000000000e-01  -5.3091521645530482e-01  -5.3091521664367691e-01   1.8837209569966262e-10
   2.6171875000000000e-01  -6.5047312755312237e-01  -6.5047312932341117e-01   1.7702888044368592e-09
   2.6953125000000000e-01  -6.8349696158812279e-01  -6.8349696438634711e-01   2.7982243189228484e-09
   2.7734375000000000e-01  -6.3178399077692071e-01  -6.3178399388312412e-01   3.1062034056006382e-09
   2.8515625000000000e-01  -5.0476645452697544e-01  -5.0476645717796975e-01   2.6509943129582325e-09
   2.9296875000000000e-01  -3.1802473009928006e-01  -3.1802473171140100e-01   1.6121209367447875e-09
   3.0078125000000000e-01  -9.1819707524369562e-02  -9.1819707785822921e-02   2.6145335896288202e-10
   3.0859375000000000e-01   1.5028801842794817e-01   1.5028801946770456e-01   1.0397563920960806e-09
   3.1640625000000000e-01   3.8282568291199570e-01   3.8282568492736835e-01   2.0153726465466093e-09
   3.2421875000000000e-01   5.7998621230632563e-01   5.7998621476106760e-01   2.4547419652520830e-09
   3.3203125000000000e-01   7.1756744962516861e-01   7.1756745193011950e-01   2.3049508968142618e-09
   3.3984375000000000e-01   7.7532766078319959e-01   7.7532766239835693e-01   1.6151573412059861e-09
   3.4765625000000000e-01   7.3962289363919997e-01   7.3962289423433614e-01   5.9513616257333979e-10
   3.5546875000000000e-01   6.0598356746709570e-01   6.0598356694903388e-01   5.1806181566860232e-10
   3.6328125000000000e-01   3.8112546221792221e-01   3.8112546076636367e-01   1.4515585400332043e-09
   3.7109375000000000e-01   8.3832596270281570e-02   8.3832594238651248e-02   2.0316303223077981e-09
   3.7890625000000000e-01  -2.5576741078372345e-01  -2.5576741289174643e-01   2.1080229783976279e-09
   3.8671875000000000e-01  -5.9878825732561936e-01  -5.9878825904095390e-01   1.7153345410747534e-09
   3.9453125000000000e-01  -9.0194709539437568e-01  -9.0194709630368208e-01   9.0930640794795181e-10
   4.0234375000000000e-01  -1.1232417341157570e+00  -1.1232417340254746e+00   9.0282448184098030e-11
   4.1015625000000000e-01  -1.2281423893178174e+00  -1.2281423882286799e+00   1.0891374468968706e-09
   4.1796875000000000e-01  -1.1952828166196030e+00  -1.1952828148024577e+00   1.8171453231019541e-09
   4.2578125000000000e-01  -1.0206068820917527e+00  -1.0206068799524173e+00   2.1393353755172484e-09
   4.3359375000000000e-01  -7.1910867299789361e-01  -7.1910867105374643e-01   1.9441471765802021e-09
   4.4140625000000000e-01  -3.2367658679096328e-01  -3.2367658549301009e-01   1.2979531893719809e-09
   4.4921875000000000e-01   1.1894974378693238e-01   1.1894974409543083e-01   3.0849844900870949e-10
   4.5703125000000000e-01   5.5457199996931994e-01   5.5457199923307088e-01   7.3624906171687599e-10
   4.6484375000000000e-01   9.2928543034098299e-01   9.2928542873259901e-01   1.6083839815550505e-09
   4.7265625000000000e-01   1.1973209691001279e+00   1.1973209670286600e+00   2.0714678861111224e-09
   4.8046875000000000e-01   1.3276613423274590e+00   1.3276613402548592e+00   2.0725998695070302e-09
   4.8828125000000000e-01   1.3083177260356418e+00   1.3083177244596038e+00   1.5760379667995039e-09
   4.9609375000000000e-01   1.1475674936233264e+00   1.1475674928893067e+00   7.3401973388342867e-10
   5.0390625000000000e-01   8.7199832847409264e-01   8.7199832879070394e-01   3.1661129273885535e-10
   5.1171875000000000e-01   5.2177217365421558e-01   5.2177217497929185e-01   1.3250762709304809e-09
   5.1953125000000000e-01   1.4400320592154178e-01   1.4400320792055910e-01   1.9990173127926170e-09
   5.2734375000000000e-01  -2.1455398355166092e-01  -2.1455398132862122e-01   2.2230396967692911e-09
   5.3515625000000000e-01  -5.1423963257209560e-01  -5.1423963063817613e-01   1.9339194690104478e-09
   5.4296875000000000e-01  -7.2754796753884476e-01  -7.2754796631024832e-01   1.2285964468006227e-09
   5.5078125000000000e-01  -8.4177290458293064e-01  -8.4177290431351948e-01   2.6941116004763899e-10
   5.5859375000000000e-01  -8.5898218075547617e-01  -8.5898218145647998e-01   7.0100381055482330e-10
   5.6640625000000000e-01  -7.9356123359854458e-01  -7.9356123507874810e-01   1.4802035153138604e-09
   5.7421875000000000e-01  -6.6799224969561721e-01  -6.6799225159932385e-01   1.9037066367744160e-09
   5.8203125000000000e-01  -5.0780709802216639e-01  -5.0780709994391382e-01   1.9217474278576674e-09
   5.8984375000000000e-01  -3.3673307511795747e-01  -3.3673307666934510e-01   1.5513876294726003e-09
   5.9765625000000000e-01  -1.7293410497161926e-01  -1.7293410588383024e-01   9.1221097342497615e-10
   6.0546875000000000e-01  -2.6970541438175306e-02  -2.6970541585541987e-02   1.4736668135784114e-10
   6.1328125000000000e-01   9.8280761850220444e-02   9.8280762428326840e-02   5.7810639608746328e-10
   6.2109375000000000e-01   2.0591171376481959e-01   2.0591171491274271e-01   1.1479231176725335e-09
   6.2890625000000000e-01   3.0199543973691445e-01   3.0199544121230310e-01   1.4753886445895148e-09
   6.3671875000000000e-01   3.9208892440172549e-01   3.9208892594446393e-01   1.5427384369992581e-09
   6.4453125000000000e-01   4.7807356939434453e-01   4.7807357076360152e-01   1.3692569855727754e-09
   6.5234375000000000e-01   5.5609715893512079e-01   5.5609715994818076e-01   1.0130599692459441e-09
   6.6015625000000000e-01   6.1614492466059068e-01   6.1614492519962549e-01   5.3903481678219123e-10
   6.6796875000000000e-01   6.4342407859432826e-01   6.4342407859757389e-01   3.2456259901891826e-12
   6.7578125000000000e-01   6.2135879921329895e-01   6.2135879866898913e-01   5.4430981943909273e-10
   6.8359375000000000e-01   5.3563381632966423e-01   5.3563381529021592e-01   1.0394483052067471e-09
   6.9140625000000000e-01   3.7846413720792704e-01   3.7846413579510974e-01   1.4128173075889094e-09
   6.9921875000000000e-01   1.5216058138891120e-01   1.5216057978437167e-01   1.6045395290209541e-09
   7.0703125000000000e-01  -1.2886569315004628e-01  -1.2886569471228942e-01   1.5622431404072046e-09
   7.1484375000000000e-01  -4.3826575051816752e-01  -4.3826575176986937e-01   1.2517018532776092e-09
   7.2265625000000000e-01  -7.4029924681651404e-01  -7.4029924749644238e-01   6.7992833585606149e-10
   7.3046875000000000e-01  -9.9452159914242988e-01  -9.9452159904815796e-01   9.4271923600786067e-11
   7.3828125000000000e-01  -1.1619255602283836e+00  -1.1619255592805298e+00   9.4785379545214710e-10
   7.4609375000000000e-01  -1.2115130141674626e+00  -1.2115130124532429e+00   1.7142196551134248e-09
   8.7890625000000000e-01  -7.6462448127735694e-01  -7.6462447978296866e-01   1.4943882797879837e-09
   8.8671875000000000e-01  -8.0162658399464759e-01  -8.0162658387007069e-01   1.2457690434786173e-10
   8.9453125000000000e-01  -7.3522794326097274e-01  -7.3522794447426676e-01   1.2132940208076093e-09
   9.0234375000000000e-01  -5.8854539663822047e-01  -5.8854539886465840e-01   2.2264379229142151e-09
   9.1015625000000000e-01  -3.9420512705343258e-01  -3.9420512969682009e-01   2.6433875088827108e-09
   9.1796875000000000e-01  -1.8873474822593680e-01  -1.8873475062354761e-01   2.3976108043388678e-09
   9.2578125000000000e-01  -6.7753991533767970e-03  -6.7754007014150476e-03   1.5480382505386747e-09
   9.3359375000000000e-01   1.2404363536749967e-01   1.2404363500727933e-01   3.6022033966798261e-10
   9.4140625000000000e-01   1.8689427864320762e-01   1.8689427949652765e-01   8.5332002575100319e-10
   9.4921875000000000e-01   1.7776670260034405e-01   1.7776670434190650e-01   1.7415624498084981e-09
   9.5703125000000000e-01   1.0554009371657330e-01   1.0554009580224556e-01   2.0856722598994182e-09
   9.6484375000000000e-01  -9.8144757676218372e-03  -9.8144739897692949e-03   1.7778525422673663e-09
   9.7265625000000000e-01  -1.4060169538836864e-01  -1.4060169443583387e-01   9.5253477327972291e-10
   9.8046875000000000e-01  -2.5586964231197340e-01  -2.5586964245154564e-01   1.3957224265226387e-10
   9.8828125000000000e-01  -3.2638527014321339e-01  -3.2638527127273714e-01   1.1295237523079038e-09
   9.9609375000000000e-01  -3.2945972922229477e-01  -3.2945973094853831e-01   1.7262435370035689e-09
   7.5390625000000000e-01  -1.1261143830762983e+00  -1.1261143808666310e+00   2.2096673379934373e-09
   7.6171875000000000e-01  -9.0633598405032390e-01  -9.0633598171751462e-01   2.3328092790819710e-09
   7.6953125000000000e-01  -5.7179941842681448e-01  -5.7179941648462518e-01   1.9421892982762756e-09
   7.7734375000000000e-01  -1.5929601039900532e-01  -1.5929600929338561e-01   1.1056197068981533e-09
   7.8515625000000000e-01   2.8196999337003209e-01   2.8196999330841710e-01   6.1614990887193244e-11
   7.9296875000000000e-01   6.9733868756192618e-01   6.9733868630694906e-01   1.2549771222225559e-09
   8.0078125000000000e-01   1.0347239692792300e+00   1.0347239670473587e+00   2.2318713543967306e-09
   8.0859375000000000e-01   1.2523731251536567e+00   1.2523731224217589e+00   2.7318978190749021e-09
   8.1640625000000000e-01   1.3250484495240233e+00   1.3250484468546764e+00   2.6693469656891011e-09
   8.2421875000000000e-01   1.2475988495255956e+00   1.2475988475331972e+00   1.9923984684311336e-09
   8.3203125000000000e-01   1.0353531040305550e+00   1.0353531031670973e+00   8.6345774974461165e-10
   8.3984375000000000e-01   7.2132642719434148e-01   7.2132642770161859e-01   5.0727710920739355e-10
   8.4765625000000000e-01   3.5077962615913749e-01   3.5077962792010520e-01   1.7609677049890138e-09
   8.5546875000000000e-01  -2.5897348213252916e-02  -2.5897345572143089e-02   2.6411098273670941e-09
   8.6328125000000000e-01  -3.6076411337162817e-01  -3.6076411047625284e-01   2.8953753283822437e-09
   8.7109375000000000e-01  -6.1514145082107441e-01  -6.1514144831958262e-01   2.5014917914845114e-09
