#                  Coord.                Numerical               Analytical                    Error
   3.9062500000000000e-03   1.2559245510252899e+00   1.2559245496923976e+00   1.3328922410238420e-09
   1.1718750000000000e-02   1.3253472987534038e+00   1.3253472946123637e+00   4.1410401774299999e-09
   1.9531250000000000e-02   1.3776028098384014e+00   1.3776027998877971e+00   9.9506043405028777e-09
   2.7343750000000000e-02   1.4116886857000479e+00   1.4116886715378978e+00   1.4162150119290118e-08
   3.5156250000000000e-02   1.4271668654041454e+00   1.4271668517461704e+00   1.3657974973213527e-08
   4.2968750000000000e-02   1.4241509502890026e+00   1.4241509405591448e+00   9.7298578083382381e-09
   5.0781250000000000e-02   1.4032820263911385e+00   1.4032820192106816e+00   7.1804568957389847e-09
   5.8593750000000000e-02   1.3656955214563591e+00   1.3656955114236646e+00   1.0032694452988267e-08
   6.6406250000000000e-02   1.3129810659338108e+00   1.3129810480260957e+00   1.7907715088583132e-08
   7.4218750000000000e-02   1.2471365635694198e+00   1.2471365377753767e+00   2.5794043123639199e-08
   8.2031250000000000e-02   1.1705168399260568e+00   1.1705168119153617e+00   2.8010695096725158e-08
   8.9843750000000000e-02   1.0857764626810154e+00   1.0857764402853409e+00   2.2395674426078926e-08
   9.7656250000000000e-02   9.9580576846132574e-01   9.9580575651034264e-01   1.1950983092035017e-08
   1.0546875000000000e-01   9.0365891037970814e-01   9.0365890805951454e-01   2.3201935928085504e-09
   1.1328125000000000e-01   8.1247295408341325e-01   8.1247295637145767e-01   2.2880444205952699e-09
   1.2109375000000000e-01   7.2537772708492820e-01   7.2537772880495188e-01   1.7200236790415602e-09
   1.2890625000000000e-01   6.4539723371215862e-01   6.4539723304176544e-01   6.7039318540906834e-10
   1.3671875000000000e-01   5.7534487672036705e-01   5.7534487578026283e-01   9.4010421669565858e-10
   1.4453125000000000e-01   5.1771630089725118e-01   5.1771630363623056e-01   2.7389793766374737e-09
   1.5234375000000000e-01   4.7458517045743681e-01   4.7458518002807665e-01   9.5706398361983247e-09
   1.6015625000000000e-01   4.4750836763258839e-01   4.4750838464223430e-01   1.7009645914001226e-08
   1.6796875000000000e-01   4.3744772445428942e-01   4.3744774680897835e-01   2.2354688933301503e-08
   1.7578125000000000e-01   4.4471530538904874e-01   4.4471532923102075e-01   2.3841972007776491e-08
   1.8359375000000000e-01   4.6894835469261581e-01   4.6894837570928066e-01   2.1016664852879785e-08
   1.9140625000000000e-01   5.0911832472044460e-01   5.0911833974894261e-01   1.5028498001612434e-08
   1.9921875000000000e-01   5.6357603269952572e-01   5.6357604091948033e-01   8.2199546058703277e-09
   2.0703125000000000e-01   6.3013216617941148e-01   6.3013216945782391e-01   3.2784124304185980e-09
   2.1484375000000000e-01   7.0616936387241636e-01   7.0616936525445706e-01   1.3820407041009730e-09
   2.2265625000000000e-01   7.8877925874439658e-01   7.8877926011358712e-01   1.3691905387247516e-09
   2.3046875000000000e-01   8.7491551335910567e-01   8.7491551353326658e-01   1.7416090791755323e-10
   2.3828125000000000e-01   9.6155227462110315e-01   9.6155227001639054e-01   4.6047126112114256e-09
   2.4609375000000000e-01   1.0458368323221074e+00   1.0458368196909147e+00   1.2631192758405518e-08
   2.5390625000000000e-01   1.1252256707006274e+00   1.1252256500947022e+00   2.0605925188377228e-08
   2.6171875000000000e-01   1.1975945409161446e+00   1.1975945159310109e+00   2.4985133739718890e-08
   2.6953125000000000e-01   1.2613155160133795e+00   1.2613154911477313e+00   2.4865648207139657e-08
   2.7734375000000000e-01   1.3152969921805462e+00   1.3152969687908018e+00   2.3389744363555565e-08
   2.8515625000000000e-01   1.3589859531202046e+00   1.3589859282220487e+00   2.4898155981389891e-08
   2.9296875000000000e-01   1.3923351753407098e+00   1.3923351442493628e+00   3.1091347052480955e-08
   3.0078125000000000e-01   1.4157410523085225e+00   1.4157410132828678e+00   3.9025654707813828e-08
   3.0859375000000000e-01   1.4299600423006027e+00   1.4299599993058816e+00   4.2994721116684786e-08
   3.1640625000000000e-01   1.4360131514666084e+00   1.4360131120189816e+00   3.9447626720701123e-08
   3.2421875000000000e-01   1.4350882086285983e+00   1.4350881785433209e+00   3.0085277380464959e-08
   3.3203125000000000e-01   1.4284489588908800e+00   1.4284489376842986e+00   2.1206581379829004e-08
   3.3984375000000000e-01   1.4173582965573361e+00   1.4173582780267260e+00   1.8530610157441174e-08
   3.4765625000000000e-01   1.4030205043042052e+00   1.4030204815026022e+00   2.2801603050126573e-08
   3.5546875000000000e-01   1.3865444677447896e+00   1.3865444389901784e+00   2.8754611136605490e-08
   3.6328125000000000e-01   1.3689268753564230e+00   1.3689268462476141e+00   2.9108808918820728e-08
   3.7109375000000000e-01   1.3510517692126647e+00   1.3510517491039458e+00   2.0108718912226209e-08
   3.7890625000000000e-01   1.3337008331081415e+00   1.3337008288562773e+00   4.2518641940603175e-09
   3.8671875000000000e-01   1.3175677476497276e+00   1.3175677590121517e+00   1.1362424112704161e-08
   3.9453125000000000e-01   1.3032699375989392e+00   1.3032699576887694e+00   2.0089830243819051e-08
   4.0234375000000000e-01   1.2913520775959033e+00   1.2913520980930731e+00   2.0497169739286392e-08
   4.1015625000000000e-01   1.2822776533453111e+00   1.2822776701437975e+00   1.6798486379698829e-08
   4.1796875000000000e-01   1.2764074157130005e+00   1.2764074311624714e+00   1.5449470813777566e-08
   4.2578125000000000e-01   1.2739663546735418e+00   1.2739663752313208e+00   2.0557779034646728e-08
   4.3359375000000000e-01   1.2750034518670164e+00   1.2750034826977301e+00   3.0830713759755213e-08
   4.4140625000000000e-01   1.2793505526688016e+00   1.2793505937162928e+00   4.1047491183832108e-08
   4.4921875000000000e-01   1.2865879187775999e+00   1.2865879642652271e+00   4.5487627220452964e-08
   4.5703125000000000e-01   1.2960241650231363e+00   1.2960242070937453e+00   4.2070608996525038e-08
   4.6484375000000000e-01   1.3066973018906636e+00   1.3066973350913371e+00   3.3200673543731796e-08
   4.7265625000000000e-01   1.3174015808370245e+00   1.3174016048053128e+00   2.3968288243025881e-08
   4.8046875000000000e-01   1.3267420194089401e+00   1.3267420376131003e+00   1.8204160179280393e-08
   4.8828125000000000e-01   1.3332152029059752e+00   1.3332152187455055e+00   1.5839530354000431e-08
   4.9609375000000000e-01   1.3353116336940658e+00   1.3353116471350621e+00   1.3440996315949860e-08
   5.0390625000000000e-01   1.3316319430375549e+00   1.3316319501820708e+00   7.1445158678073994e-09
   5.1171875000000000e-01   1.3210070669112299e+00   1.3210070632832775e+00   3.6279523829563232e-09
   5.1953125000000000e-01   1.3026113072358456e+00   1.3026112919366266e+00   1.5299219002784525e-08
   5.2734375000000000e-01   1.2760572119196820e+00   1.2760571887668777e+00   2.3152804340398347e-08
   5.3515625000000000e-01   1.2414624362420998e+00   1.2414624111480888e+00   2.5094011091297830e-08
   5.4296875000000000e-01   1.1994810796161306e+00   1.1994810560451983e+00   2.3570932317085180e-08
   5.5078125000000000e-01   1.1512951719134288e+00   1.1512951482575056e+00   2.3655923220289310e-08
   5.5859375000000000e-01   1.0985656682614502e+00   1.0985656398740302e+00   2.8387419970243855e-08
   5.6640625000000000e-01   1.0433460955821967e+00   1.0433460594396808e+00   3.6142515869030944e-08
   5.7421875000000000e-01   9.8796545809780101e-01   9.8796541668301741e-01   4.1414783602533589e-08
   5.8203125000000000e-01   9.3488978820935942e-01   9.3488974859352458e-01   3.9615834834805241e-08
   5.8984375000000000e-01   8.8657352354621766e-01   8.8657349247851347e-01   3.1067704187037748e-08
   5.9765625000000000e-01   8.4531253487383540e-01   8.4531251350882974e-01   2.1365005653528613e-08
   6.0546875000000000e-01   8.1311007222667264e-01   8.1311005521050894e-01   1.7016163700311893e-08
   6.1328125000000000e-01   7.9156523726833061e-01   7.9156521723203377e-01   2.0036296843883861e-08
   6.2109375000000000e-01   7.8179104383386033e-01   7.8179101748412794e-01   2.6349732396013792e-08
   6.2890625000000000e-01   7.8436601393463212e-01   7.8436598514078626e-01   2.8793845863184231e-08
   6.3671875000000000e-01   7.9931995708550452e-01   7.9931993383859468e-01   2.3246909841567742e-08
   6.4453125000000000e-01   8.2615147857338134e-01   8.2615146672720796e-01   1.1846173375573699e-08
   6.5234375000000000e-01   8.6387221410475035e-01   8.6387221289292260e-01   1.2118277492589868e-09
   6.6015625000000000e-01   9.1107104778066383e-01   9.1107105078330974e-01   3.0026459096887947e-09
   6.6796875000000000e-01   9.6599078549079909e-01   9.6599078601363075e-01   5.2283166684929938e-10
   6.7578125000000000e-01   1.0266099381123450e+00   1.0266099347784756e+00   3.3338694027662541e-09
   6.8359375000000000e-01   1.0907233105695993e+00   1.0907233082980632e+00   2.2715360703529086e-09
   6.9140625000000000e-01   1.1560167729388806e+00   1.1560167789861742e+00   6.0472935548006035e-09
   6.9921875000000000e-01   1.2201336256349407e+00   1.2201336436155468e+00   1.7980606115131081e-08
   7.0703125000000000e-01   1.2807320356867427e+00   1.2807320626934215e+00   2.7006678893215508e-08
   7.1484375000000000e-01   1.3355348175408068e+00   1.3355348464352728e+00   2.8894465931017521e-08
   7.2265625000000000e-01   1.3823741084628451e+00   1.3823741331774739e+00   2.4714628787947390e-08
   7.3046875000000000e-01   1.4192340928233838e+00   1.4192341122722105e+00   1.9448826771295558e-08
   7.3828125000000000e-01   1.4442948145529140e+00   1.4442948318775879e+00   1.7324673917684663e-08
   7.4609375000000000e-01   1.4559793400225642e+00   1.4559793584993888e+00   1.8476824514834789e-08
   8.7890625000000000e-01   7.7041522971500270e-02   7.7041517342043980e-02   5.6294562900127687e-09
   8.8671875000000000e-01   3.9498556951524988e-02   3.9498551152182093e-02   5.7993428947966663e-09
   8.9453125000000000e-01   2.3982077659845738e-02   2.3982073847253205e-02   3.8125925333476474e-09
   9.0234375000000000e-01   3.1061382064841436e-02   3.1061380064851415e-02   1.9999900208178545e-09
   9.1015625000000000e-01   6.0498484200984033e-02   6.0498481136424156e-02   3.0645598766976256e-09
   9.1796875000000000e-01   1.1126042055301992e-01   1.1126041344547423e-01   7.1075456908875623e-09
   9.2578125000000000e-01   1.8156819103356611e-01   1.8156817982026494e-01   1.1213301176482560e-08
   9.3359375000000000e-01   2.6897865264176346e-01   2.6897864059049259e-01   1.2051270870117037e-08
   9.4140625000000000e-01   3.7049377852892318e-01   3.7049376941861517e-01   9.1103080079868448e-09
   9.4921875000000000e-01   4.8269031267977902e-01   4.8269030741880142e-01   5.2609775980094753e-09
   9.5703125000000000e-01   6.0186207323939067e-01   6.0186206906437911e-01   4.1750115586935976e-09
   9.6484375000000000e-01   7.2416699927706862e-01   7.2416699243085170e-01   6.8462169267036188e-09
   9.7265625000000000e-01   8.4577145237065976e-01   8.4577144174063068e-01   1.0630029079194969e-08
   9.8046875000000000e-01   9.6298518201053962e-01   9.6298517035080078e-01   1.1659738841096612e-08
   9.8828125000000000e-01   1.0723816207047652e+00   1.0723816122565542e+00   8.4482110196404392e-09
   9.9609375000000000e-01   1.1708996520886108e+00   1.1708996485347485e+00   3.5538623155417781e-09
   7.5390625000000000e-01   1.4530052459482861e+00   1.4530052648542355e+00   1.8905949472625139e-08
   7.6171875000000000e-01   1.4344398094976416e+00   1.4344398240479139e+00   1.4550272320335011e-08
   7.6953125000000000e-01   1.3997566156649983e+00   1.3997566207225935e+00   5.0575952315057293e-09
   7.7734375000000000e-01   1.3488897971313740e+00   1.3488897914480718e+00   5.6833022732405425e-09
   7.8515625000000000e-01   1.2822809969718263e+00   1.2822809842755571e+00   1.2696269147127737e-08
   7.9296875000000000e-01   1.2009135494268002e+00   1.2009135354904907e+00   1.3936309439799288e-08
   8.0078125000000000e-01   1.1063284011526464e+00   1.1063283890914757e+00   1.2061170728827619e-08
   8.0859375000000000e-01   1.0006169619926888e+00   1.0006169501959912e+00   1.1796697618748908e-08
   8.1640625000000000e-01   8.8638733511897971e-01   8.8638731924179404e-01   1.5877185677304340e-08
   8.2421875000000000e-01   7.6670211525929488e-01   7.6670209293239611e-01   2.2326898774238657e-08
   8.3203125000000000e-01   6.4498801400370853e-01   6.4498798772227839e-01   2.6281430143271223e-08
   8.3984375000000000e-01   5.2491978234127656e-01   5.2491975819575942e-01   2.4145517141249684e-08
   8.4765625000000000e-01   4.1028306311059182e-01   4.1028304635819979e-01   1.6752392029140140e-08
   8.5546875000000000e-01   3.0482271860416038e-01   3.0482271000017247e-01   8.6039879110266781e-09
   8.6328125000000000e-01   2.1208466218367106e-01   2.1208465814541513e-01   4.0382559240992322e-09
   8.7109375000000000e-01   1.3526012640876028e-01   1.3526012244610505e-01   3.9626552317262309e-09
