#                  Coord.                Numerical               Analytical                    Error
   3.9062500000000000e-03   2.0659128272471464e-01   2.0659128870934945e-01   5.9846348154923845e-09
   1.1718750000000000e-02  -1.6736625719857581e-01  -1.6736623429310166e-01   2.2905474156287298e-08
   1.9531250000000000e-02  -5.0519328749811343e-01  -5.0519325341073107e-01   3.4087382361214225e-08
   2.7343750000000000e-02  -7.7059359130148253e-01  -7.7059355420742792e-01   3.7094054605724125e-08
   3.5156250000000000e-02  -9.3978105735345607e-01  -9.3978102585718681e-01   3.1496269259356779e-08
   4.2968750000000000e-02  -1.0039522509251366e+00  -1.0039522319938396e+00   1.8931296974500356e-08
   5.0781250000000000e-02  -9.6908753801182723e-01  -9.6908753547833415e-01   2.5334930819909118e-09
   5.8593750000000000e-02  -8.5325401014913893e-01  -8.5325402399021666e-01   1.3841077728393714e-08
   6.6406250000000000e-02  -6.8206059555596898e-01  -6.8206062214195307e-01   2.6585984080895741e-08
   7.4218750000000000e-02  -4.8325412382105620e-01  -4.8325415690992074e-01   3.3088864537234031e-08
   8.2031250000000000e-02  -2.8157609590095556e-01  -2.8157612817244515e-01   3.2271489591728653e-08
   8.9843750000000000e-02  -9.4898215109848832e-02  -9.4898239787585686e-02   2.4677736853995214e-08
   9.7656250000000000e-02   6.7656176983687602e-02   6.7656164711283426e-02   1.2272404176227880e-08
   1.0546875000000000e-01   2.0535037191646269e-01   2.0535037403347520e-01   2.1170125097391690e-09
   1.1328125000000000e-01   3.2347534393378996e-01   3.2347535933420141e-01   1.5400411446098161e-08
   1.2109375000000000e-01   4.2967239497734699e-01   4.2967241989403582e-01   2.4916688823317656e-08
   1.2890625000000000e-01   5.2989715042592156e-01   5.2989717932607738e-01   2.8900155824018725e-08
   1.3671875000000000e-01   6.2505090229624793e-01   6.2505092916246408e-01   2.6866216140675192e-08
   1.4453125000000000e-01   7.0914307977345525e-01   7.0914309927002495e-01   1.9496569692023513e-08
   1.5234375000000000e-01   7.6949339982875309e-01   7.6949340843814584e-01   8.6093927542663096e-09
   1.6015625000000000e-01   7.8901118259804137e-01   7.8901117916787511e-01   3.4301662621416540e-09
   1.6796875000000000e-01   7.5010473630296826e-01   7.5010472221704938e-01   1.4085918875750281e-08
   1.7578125000000000e-01   6.3938109104757745e-01   6.3938106972741704e-01   2.1320160414894929e-08
   1.8359375000000000e-01   4.5208154057253330e-01   4.5208151670525576e-01   2.3867277543221377e-08
   1.9140625000000000e-01   1.9520925899866495e-01   1.9520923742371427e-01   2.1574950687108796e-08
   1.9921875000000000e-01  -1.1145862593508513e-01  -1.1145864116547577e-01   1.5230390643106162e-08
   2.0703125000000000e-01  -4.3686875704397982e-01  -4.3686876349505488e-01   6.4510750630297764e-09
   2.1484375000000000e-01  -7.4258785809864969e-01  -7.4258785524524729e-01   2.8534024032467187e-09
   2.2265625000000000e-01  -9.8849267158680032e-01  -9.8849266079087172e-01   1.0795928595541682e-08
   2.3046875000000000e-01  -1.1392670803834359e+00  -1.1392670643420988e+00   1.6041337147498780e-08
   2.3828125000000000e-01  -1.1705273505054781e+00  -1.1705273326161576e+00   1.7889320469421932e-08
   2.4609375000000000e-01  -1.0734303798649354e+00  -1.0734303633995572e+00   1.6465378172014766e-08
   2.5390625000000000e-01  -8.5687275051422296e-01  -8.5687273810595799e-01   1.2408264971064398e-08
   2.6171875000000000e-01  -5.4681044313727967e-01  -5.4681043635201587e-01   6.7852637952725559e-09
   2.6953125000000000e-01  -1.8273953496786180e-01  -1.8273953423165190e-01   7.3620989859968233e-10
   2.7734375000000000e-01   1.8811793028095583e-01   1.8811792547379777e-01   4.8071580605046904e-09
   2.8515625000000000e-01   5.1797239706711440e-01   5.1797238787060718e-01   9.1965072224198252e-09
   2.9296875000000000e-01   7.6578093284788695e-01   7.6578092077099980e-01   1.2076887156986515e-08
   3.0078125000000000e-01   9.0349728659671369e-01   9.0349727329714802e-01   1.3299565670976676e-08
   3.0859375000000000e-01   9.2021607619157353e-01   9.2021606337363937e-01   1.2817934158526612e-08
   3.1640625000000000e-01   8.2352308175910549e-01   8.2352307109878542e-01   1.0660320071131935e-08
   3.2421875000000000e-01   6.3783170355435215e-01   6.3783169661569938e-01   6.9386527634662798e-09
   3.3203125000000000e-01   3.9998923478515552e-01   3.9998923284599586e-01   1.9391596661755273e-09
   3.3984375000000000e-01   1.5289245143666755e-01   1.5289245525397988e-01   3.8173123273477216e-09
   3.4765625000000000e-01  -6.1814681318629675e-02  -6.1814671818383564e-02   9.5002461106274971e-09
   3.5546875000000000e-01  -2.1073270716271664e-01  -2.1073269309873680e-01   1.4063979841827390e-08
   3.6328125000000000e-01  -2.7420811148908580e-01  -2.7420809507509358e-01   1.6413992220964957e-08
   3.7109375000000000e-01  -2.4941225689211452e-01  -2.4941224113778596e-01   1.5754328563932773e-08
   3.7890625000000000e-01  -1.5047314880591889e-01  -1.5047313700266560e-01   1.1803253291420290e-08
   3.8671875000000000e-01  -5.6369484619764000e-03  -5.6369434007732490e-03   5.0612031510244293e-09
   3.9453125000000000e-01   1.4805215030105212e-01   1.4805214705515546e-01   3.2458966625625862e-09
   4.0234375000000000e-01   2.7163155206733319e-01   2.7163154073283813e-01   1.1334495064740935e-08
   4.1015625000000000e-01   3.3145939117287493e-01   3.3145937386798335e-01   1.7304891575253833e-08
   4.1796875000000000e-01   3.0554304817258754e-01   3.0554302857489396e-01   1.9597693579065378e-08
   4.2578125000000000e-01   1.8784066333297603e-01   1.8784064584105284e-01   1.7491923187673564e-08
   4.3359375000000000e-01  -1.0227767097948577e-02  -1.0227778402241818e-02   1.1304293241060082e-08
   4.4140625000000000e-01  -2.6133297849054643e-01  -2.6133298091362306e-01   2.4230766282329341e-09
   4.4921875000000000e-01  -5.2658736884679391e-01  -5.2658736179013266e-01   7.0566612553335517e-09
   4.5703125000000000e-01  -7.6194047523016395e-01  -7.6194046044190966e-01   1.4788254287800839e-08
   4.6484375000000000e-01  -9.2551608232734217e-01  -9.2551606348448234e-01   1.8842859828005487e-08
   4.7265625000000000e-01  -9.8464028206126653e-01  -9.8464026386762760e-01   1.8193638928742928e-08
   4.8046875000000000e-01  -9.2138597892459373e-01  -9.2138596584101073e-01   1.3083582994788401e-08
   4.8828125000000000e-01  -7.3573875509027908e-01  -7.3573875018172596e-01   4.9085531195203203e-09
   4.9609375000000000e-01  -4.4591304999279063e-01  -4.4591305411310445e-01   4.1203138123613314e-09
   5.0390625000000000e-01  -8.5833021575405358e-02  -8.5833033219541832e-02   1.1644136474475708e-08
   5.1171875000000000e-01   2.9975059479250921e-01   2.9975057905330127e-01   1.5739207936960042e-08
   5.1953125000000000e-01   6.6168579091634316e-01   6.6168577555925912e-01   1.5357084048872593e-08
   5.2734375000000000e-01   9.5337226881203507e-01   9.5337225800063052e-01   1.0811404549393444e-08
   5.3515625000000000e-01   1.1372101337474210e+00   1.1372101302448006e+00   3.5026204159294139e-09
   5.4296875000000000e-01   1.1896536909140025e+00   1.1896536952740377e+00   4.3600352217509908e-09
   5.5078125000000000e-01   1.1042378593880107e+00   1.1042378699070450e+00   1.0519034310263464e-08
   5.5859375000000000e-01   8.9226418995944090e-01   8.9226420313873778e-01   1.3179296876053570e-08
   5.6640625000000000e-01   5.8115892014689330e-01   5.8115893178483546e-01   1.1637942165521054e-08
   5.7421875000000000e-01   2.1080236335787930e-01   2.1080236973764077e-01   6.3797614691107896e-09
   5.8203125000000000e-01  -1.7165075109117406e-01  -1.7165075203908378e-01   9.4790972293701259e-10
   5.8984375000000000e-01  -5.1779780564528022e-01  -5.1779781377155643e-01   8.1262762074985062e-09
   5.9765625000000000e-01  -7.8413357833286368e-01  -7.8413359123296900e-01   1.2900105317292798e-08
   6.0546875000000000e-01  -9.3758993962476322e-01  -9.3758995336762774e-01   1.3742864513055508e-08
   6.1328125000000000e-01  -9.5981218143720093e-01  -9.5981219164131570e-01   1.0204114775369533e-08
   6.2109375000000000e-01  -8.4963952072747828e-01  -8.4963952388653519e-01   3.1590569049555484e-09
   6.2890625000000000e-01  -6.2343917469607868e-01  -6.2343916917275932e-01   5.5233193574366624e-09
   6.3671875000000000e-01  -3.1317697913523707e-01  -3.1317696574198634e-01   1.3393250730686646e-08
   6.4453125000000000e-01   3.7620185640657527e-02   3.7620203669795349e-02   1.8029137821562458e-08
   6.5234375000000000e-01   3.7956926996103801e-01   3.7956928785945293e-01   1.7898414916839300e-08
   6.6015625000000000e-01   6.6410146575869777e-01   6.6410147840810174e-01   1.2649403968723050e-08
   6.6796875000000000e-01   8.5020629755023103e-01   8.5020630095972360e-01   3.4094925771555040e-09
   6.7578125000000000e-01   9.1028284828746331e-01   9.1028284068860577e-01   7.5988575432006655e-09
   6.8359375000000000e-01   8.3420367183520572e-01   8.3420365437009936e-01   1.7465106361136407e-08
   6.9140625000000000e-01   6.3092308502509364e-01   6.3092306154625888e-01   2.3478834765278123e-08
   6.9921875000000000e-01   3.2731829856146577e-01   3.2731827482417092e-01   2.3737294851944313e-08
   7.0703125000000000e-01  -3.5614378877993971e-02  -3.5614396710048249e-02   1.7832054277633347e-08
   7.1484375000000000e-01  -4.0865078762057822e-01  -4.0865079451433273e-01   6.8937545116831700e-09
   7.2265625000000000e-01  -7.4140607937323855e-01  -7.4140607290184335e-01   6.4713951974937345e-09
   7.3046875000000000e-01  -9.8946509044753517e-01  -9.8946507152610474e-01   1.8921430422480512e-08
   7.3828125000000000e-01  -1.1204587744008498e+00  -1.1204587473115619e+00   2.7089287923942607e-08
   7.4609375000000000e-01  -1.1181664003712348e+00  -1.1181663717088317e+00   2.8662403117607482e-08
   8.7890625000000000e-01  -8.4107620960923934e-01  -8.4107624127871083e-01   3.1669471489692569e-08
   8.8671875000000000e-01  -1.0296561851319548e+00  -1.0296562179030730e+00   3.2771118263497101e-08
   8.9453125000000000e-01  -1.1198445052918957e+00  -1.1198445298227908e+00   2.4530895093022309e-08
   9.0234375000000000e-01  -1.0985476687731490e+00  -1.0985476779437380e+00   9.1705889548876485e-09
   9.1015625000000000e-01  -9.6287139909139541e-01  -9.6287138996550314e-01   9.1258922640946594e-09
   9.1796875000000000e-01  -7.2183912214692403e-01  -7.2183909691477732e-01   2.5232146705356229e-08
   9.2578125000000000e-01  -3.9685905137983818e-01  -3.9685901670848189e-01   3.4671356285986832e-08
   9.3359375000000000e-01  -2.0520359102778694e-02  -2.0520324379156414e-02   3.4723622279603239e-08
   9.4140625000000000e-01   3.6643337100296725e-01   3.6643339633370503e-01   2.5330737785100865e-08
   9.4921875000000000e-01   7.1974934287075487e-01   7.1974935181315558e-01   8.9424007088112489e-09
   9.5703125000000000e-01   9.9735930821277630e-01   9.9735929818175806e-01   1.0031018238265688e-08
   9.6484375000000000e-01   1.1652627953366068e+00   1.1652627687365515e+00   2.6600055269554446e-08
   9.7265625000000000e-01   1.2026039133240385e+00   1.2026038769284926e+00   3.6395545910394844e-08
   9.8046875000000000e-01   1.1050056079940132e+00   1.1050055710215101e+00   3.6972503059118367e-08
   9.8828125000000000e-01   8.8548319288767652e-01   8.8548316464180787e-01   2.8245868644027894e-08
   9.9609375000000000e-01   5.7267188964193139e-01   5.7267187703646971e-01   1.2605461674475293e-08
   7.5390625000000000e-01  -9.8408403838618042e-01  -9.8408401551863967e-01   2.2867540749871296e-08
   7.6171875000000000e-01  -7.3635251160699178e-01  -7.3635250068819580e-01   1.0918795978476226e-08
   7.6953125000000000e-01  -4.0639115028929795e-01  -4.0639115453269187e-01   4.2433939140273935e-09
   7.7734375000000000e-01  -3.3947152120178938e-02  -3.3947170861914101e-02   1.8741735163807505e-08
   7.8515625000000000e-01   3.3852458631950810e-01   3.3852455765933259e-01   2.8660175510619723e-08
   7.9296875000000000e-01   6.7122164406705254e-01   6.7122161286710147e-01   3.1199951067151233e-08
   8.0078125000000000e-01   9.3132928067456211e-01   9.3132925522645216e-01   2.5448109952641573e-08
   8.0859375000000000e-01   1.0958590130880248e+00   1.0958590003364201e+00   1.2751604661076499e-08
   8.1640625000000000e-01   1.1528646326878613e+00   1.1528646362879413e+00   3.6000800118785037e-09
   8.2421875000000000e-01   1.1012249194079609e+00   1.1012249385823991e+00   1.9174438259383919e-08
   8.3203125000000000e-01   9.4939786818164362e-01   9.4939789781868522e-01   2.9637041598640224e-08
   8.3984375000000000e-01   7.1362835852361717e-01   7.1362839047710924e-01   3.1953492074521250e-08
   8.4765625000000000e-01   4.1602962706967589e-01   4.1602965240002798e-01   2.5330352093622110e-08
   8.5546875000000000e-01   8.2795148338253605e-02   8.2795159801798177e-02   1.1463544571932438e-08
   8.6328125000000000e-01  -2.5740649537976801e-01  -2.5740650121437664e-01   5.8346086295735233e-09
   8.7109375000000000e-01  -5.7497590728236714e-01  -5.7497592901358330e-01   2.1731216159892597e-08
