#                  Coord.                Numerical               Analytical                    Error
   3.9062500000000000e-03   1.8780982047336336e+00   1.8780981988473664e+00   5.8862672513981806e-09
   1.1718750000000000e-02   2.0338639219251951e+00   2.0338639136291818e+00   8.2960132097298356e-09
   1.9531250000000000e-02   1.9659661753471458e+00   1.9659661657519818e+00   9.5951639966784796e-09
   2.7343750000000000e-02   1.6776137979377068e+00   1.6776137880062136e+00   9.9314931834015852e-09
   3.5156250000000000e-02   1.2002336365556079e+00   1.2002336270806990e+00   9.4749088574985763e-09
   4.2968750000000000e-02   5.9048072394145323e-01   5.9048071579506778e-01   8.1463854550989367e-09
   5.0781250000000000e-02  -7.6564306769442578e-02  -7.6564312372872520e-02   5.6034299422691447e-09
   5.8593750000000000e-02  -7.1721614080624763e-01  -7.1721614213463769e-01   1.3283900646143820e-09
   6.6406250000000000e-02  -1.2506845725113247e+00  -1.2506845675809017e+00   4.9304229587932014e-09
   7.4218750000000000e-02  -1.6105521113246017e+00  -1.6105520985255641e+00   1.2799037607535979e-08
   8.2031250000000000e-02  -1.7544306128813618e+00  -1.7544305919521028e+00   2.0929258992552491e-08
   8.9843750000000000e-02  -1.6702031474841914e+00  -1.6702031203276742e+00   2.7156517257154178e-08
   9.7656250000000000e-02  -1.3777506514281206e+00  -1.3777506225073419e+00   2.8920778660790347e-08
   1.0546875000000000e-01  -9.2577471246486631e-01  -9.2577468830664267e-01   2.4158223643766519e-08
   1.1328125000000000e-01  -3.8414167604251542e-01  -3.8414166392146371e-01   1.2121051717883802e-08
   1.2109375000000000e-01   1.6705466720764950e-01   1.6705466132909669e-01   5.8785528112004215e-09
   1.2890625000000000e-01   6.4992887637848917e-01   6.4992884995876754e-01   2.6419721632642279e-08
   1.3671875000000000e-01   1.0006725831906484e+00   1.0006725387011683e+00   4.4489480099940693e-08
   1.4453125000000000e-01   1.1788745913457688e+00   1.1788745367849043e+00   5.4560864493069516e-08
   1.5234375000000000e-01   1.1727561414609649e+00   1.1727560889097246e+00   5.2551240248277509e-08
   1.6015625000000000e-01   9.9951542093703194e-01   9.9951538394796335e-01   3.6989068585846496e-08
   1.6796875000000000e-01   7.0085576395388061e-01   7.0085575381180554e-01   1.0142075068664269e-08
   1.7578125000000000e-01   3.3463465679969190e-01   3.3463467915802664e-01   2.2358334739180918e-08
   1.8359375000000000e-01  -3.5751311214639828e-02  -3.5751258740997480e-02   5.2473642347949934e-08
   1.9140625000000000e-01  -3.5226849511656727e-01  -3.5226842308048956e-01   7.2036077713999447e-08
   1.9921875000000000e-01  -5.7148027273680491e-01  -5.7148019787475623e-01   7.4862048671242576e-08
   2.0703125000000000e-01  -6.7055373132311769e-01  -6.7055367236745345e-01   5.8955664239412897e-08
   2.1484375000000000e-01  -6.4916145834310890e-01  -6.4916143113668279e-01   2.7206426111980875e-08
   2.2265625000000000e-01  -5.2722437605436612e-01  -5.2722438889501078e-01   1.2840644658673739e-08
   2.3046875000000000e-01  -3.3923540595214574e-01  -3.3923545702406543e-01   5.1071919693335133e-08
   2.3828125000000000e-01  -1.2650789516747704e-01  -1.2650797244461623e-01   7.7277139187703625e-08
   2.4609375000000000e-01   7.1007468631932094e-02   7.1007384346778404e-02   8.4285153689744874e-08
   2.5390625000000000e-01   2.2174351117318070e-01   2.2174344140099891e-01   6.9772181782168374e-08
   2.6171875000000000e-01   3.0714983512406124e-01   3.0714979775227369e-01   3.7371787553475144e-08
   2.6953125000000000e-01   3.2330172574057336e-01   3.2330173010754415e-01   4.3669707849858241e-09
   2.7734375000000000e-01   2.7951669822463077e-01   2.7951674255029801e-01   4.4325667247768763e-08
   2.8515625000000000e-01   1.9461126238271320e-01   1.9461133427919750e-01   7.1896484293842988e-08
   2.9296875000000000e-01   9.1840096236742580e-02   9.1840176218772510e-02   7.9982029929648313e-08
   3.0078125000000000e-01  -6.2925358924996438e-03  -6.2924689157848020e-03   6.6976714841772422e-08
   3.0859375000000000e-01  -8.2280338802026842e-02  -8.2280301700407329e-02   3.7101619512758255e-08
   3.1640625000000000e-01  -1.2618834015461394e-01  -1.2618834104041610e-01   8.8580215384936878e-10
   3.2421875000000000e-01  -1.3627160716875630e-01  -1.3627164350230861e-01   3.6333552305700678e-08
   3.3203125000000000e-01  -1.1781462114895071e-01  -1.1781468089691581e-01   5.9747965103218448e-08
   3.3984375000000000e-01  -8.0722814561949727e-02  -8.0722880051258980e-02   6.5489309253319306e-08
   3.4765625000000000e-01  -3.6586609789838333e-02  -3.6586662962997445e-02   5.3173159111907786e-08
   3.5546875000000000e-01   4.0610369972674028e-03   4.0610094464329080e-03   2.7550834494870224e-08
   3.6328125000000000e-01   3.3734174765159101e-02   3.3734177947718352e-02   3.1825592508583078e-09
   3.7109375000000000e-01   4.8934111569453445e-02   4.8934141519013624e-02   2.9949560179098889e-08
   3.7890625000000000e-01   5.0031942231462838e-02   5.0031987757287545e-02   4.5525824707293161e-08
   3.8671875000000000e-01   4.0326164806275058e-02   4.0326211334627014e-02   4.6528351956010017e-08
   3.9453125000000000e-01   2.4653176519657507e-02   2.4653210574412814e-02   3.4054755307377782e-08
   4.0234375000000000e-01   7.9586350916860046e-03   7.9586482448529387e-03   1.3153166934093408e-08
   4.1015625000000000e-01  -5.8343037210038216e-03  -5.8343128518070402e-03   9.1308032185502541e-09
   4.1796875000000000e-01  -1.4462265421173853e-02  -1.4462291369865392e-02   2.5948691539240398e-08
   4.2578125000000000e-01  -1.7425551775799061e-02  -1.7425584568235890e-02   3.2792436828465998e-08
   4.3359375000000000e-01  -1.5655750120086034e-02  -1.5655778694638980e-02   2.8574552946025733e-08
   4.4140625000000000e-01  -1.0928065248794968e-02  -1.0928081004273497e-02   1.5755478529472233e-08
   4.4921875000000000e-01  -5.2206472959653036e-03  -5.2206465006312437e-03   7.9533405989568040e-10
   4.5703125000000000e-01  -1.8938328583457110e-04  -1.8936785313194773e-04   1.5432702623371496e-08
   4.6484375000000000e-01   3.1419491027186359e-03   3.1419727531544852e-03   2.3650435849315032e-08
   4.7265625000000000e-01   4.4544133268817690e-03   4.4544366491908469e-03   2.3322309077901393e-08
   4.8046875000000000e-01   4.0131153993670223e-03   4.0131306576079492e-03   1.5258240926817324e-08
   4.8828125000000000e-01   2.4348454301792066e-03   2.4348480664399953e-03   2.6362607886618039e-09
   4.9609375000000000e-01   4.3375261298242630e-04   4.3374249629460874e-04   1.0116687817552164e-08
   5.0390625000000000e-01  -1.3831637328383546e-03  -1.3831826444909159e-03   1.8911652561234144e-08
   5.1171875000000000e-01  -2.6312337818104182e-03  -2.6312549806638795e-03   2.1198853461263517e-08
   5.1953125000000000e-01  -3.1688710346853238e-03  -3.1688876940589306e-03   1.6659373606748434e-08
   5.2734375000000000e-01  -3.0454718033965655e-03  -3.0454789723443946e-03   7.1689478290358488e-09
   5.3515625000000000e-01  -2.4116675432705177e-03  -2.4116635524715985e-03   3.9907989191935445e-09
   5.4296875000000000e-01  -1.4274474184741560e-03  -1.4274341737398547e-03   1.3244734301280300e-08
   5.5078125000000000e-01  -1.9419232632287791e-04  -1.9417442810297256e-04   1.7898219905351873e-08
   5.5859375000000000e-01   1.2772227604314710e-03   1.2772396532079176e-03   1.6892776446555610e-08
   5.6640625000000000e-01   3.0632105815623467e-03   3.0632216068498530e-03   1.1025287506311737e-08
   5.7421875000000000e-01   5.2989046584623316e-03   5.2989071911007457e-03   2.5326384140919589e-09
   5.8203125000000000e-01   8.1372654402363572e-03   8.1372597254836324e-03   5.7147527248585517e-09
   5.8984375000000000e-01   1.1707330429202937e-02   1.1707319218554703e-02   1.1210648234380449e-08
   5.9765625000000000e-01   1.6078712218057709e-02   1.6078699639837227e-02   1.2578220482534208e-08
   6.0546875000000000e-01   2.1234547341595598e-02   2.1234537411113415e-02   9.9304821830903389e-09
   6.1328125000000000e-01   2.7051461400510263e-02   2.7051456723763367e-02   4.6767468959985070e-09
   6.2109375000000000e-01   3.3283646887183702e-02   3.3283647932174899e-02   1.0449911977405968e-09
   6.2890625000000000e-01   3.9548836639673457e-02   3.9548841813865095e-02   5.1741916376468744e-09
   6.3671875000000000e-01   4.5316130714164841e-02   4.5316137143933240e-02   6.4297683982639242e-09
   6.4453125000000000e-01   4.9898352257582400e-02   4.9898356967531955e-02   4.7099495553704074e-09
   6.5234375000000000e-01   5.2453987701279695e-02   5.2453988745782255e-02   1.0445025608318836e-09
   6.6015625000000000e-01   5.2005195893370930e-02   5.2005193045673193e-02   2.8476977373403933e-09
   6.6796875000000000e-01   4.7478556579445851e-02   4.7478551365833122e-02   5.2136127290380863e-09
   6.7578125000000000e-01   3.7774128878727123e-02   3.7774123951885306e-02   4.9268418164660766e-09
   6.8359375000000000e-01   2.1866098007127285e-02   2.1866096095273995e-02   1.9118532902651086e-09
   6.9140625000000000e-01  -1.0650661747870480e-03  -1.0650633555130047e-03   2.8192740433863328e-09
   6.9921875000000000e-01  -3.1473303908356232e-02  -3.1473296378566218e-02   7.5297900137272222e-09
   7.0703125000000000e-01  -6.9269947125084982e-02  -6.9269936759746534e-02   1.0365338448670158e-08
   7.1484375000000000e-01  -1.1364401521672697e-01  -1.1364400519847895e-01   1.0018248022825027e-08
   7.2265625000000000e-01  -1.6290053149830225e-01  -1.6290052527336504e-01   6.2249372045908302e-09
   7.3046875000000000e-01  -2.1434264751914561e-01  -2.1434264760396052e-01   8.4814905099150906e-11
   7.3828125000000000e-01  -2.6422691243678426e-01  -2.6422691950048161e-01   7.0636973492632649e-09
   7.4609375000000000e-01  -3.0782193017522574e-01  -3.0782194270963198e-01   1.2534406235165108e-08
   8.7890625000000000e-01   6.1949438232348142e-01   6.1949438989708572e-01   7.5736042992602393e-09
   8.8671875000000000e-01   3.0362080440303302e-01   3.0362081332626917e-01   8.9232361499824719e-09
   8.9453125000000000e-01  -7.7885574332178228e-02  -7.7885567086052196e-02   7.2461260325340504e-09
   9.0234375000000000e-01  -4.9598978169510788e-01  -4.9598977831618807e-01   3.3789198106148888e-09
   9.1015625000000000e-01  -9.1339616531229917e-01  -9.1339616650785171e-01   1.1955525458517968e-09
   9.1796875000000000e-01  -1.2876757853172893e+00  -1.2876757901536526e+00   4.8363633098347236e-09
   9.2578125000000000e-01  -1.5755682160955677e+00  -1.5755682224352650e+00   6.3396972116436245e-09
   9.3359375000000000e-01  -1.7380732154779692e+00  -1.7380732207550345e+00   5.2770652292366549e-09
   9.4140625000000000e-01  -1.7457629705942346e+00  -1.7457629727350168e+00   2.1407822181629399e-09
   9.4921875000000000e-01  -1.5836140661764768e+00  -1.5836140642481149e+00   1.9283619145937791e-09
   9.5703125000000000e-01  -1.2546117299361168e+00  -1.2546117244077013e+00   5.5284155031642968e-09
   9.6484375000000000e-01  -7.8144087021846853e-01  -7.8144086269581592e-01   7.5226526119465120e-09
   9.7265625000000000e-01  -2.0575836507116099e-01  -2.0575835774690832e-01   7.3242526765771032e-09
   9.8046875000000000e-01   4.1517024466670516e-01   4.1517024974502031e-01   5.0783151572808549e-09
   9.8828125000000000e-01   1.0143188881470095e+00   1.0143188896301853e+00   1.4831758043953869e-09
   9.9609375000000000e-01   1.5226854113732986e+00   1.5226854089192232e+00   2.4540753873480980e-09
   7.5390625000000000e-01  -3.3959774937728449e-01  -3.3959776407222547e-01   1.4694940986270666e-08
   7.6171875000000000e-01  -3.5356562604649627e-01  -3.5356563876226516e-01   1.2715768882287648e-08
   7.6953125000000000e-01  -3.4377467575774595e-01  -3.4377468280916490e-01   7.0514189487447254e-09
   7.7734375000000000e-01  -3.0495342647039975e-01  -3.0495342578932466e-01   6.8107508521819682e-10
   7.8515625000000000e-01  -2.3326130047127808e-01  -2.3326129226240694e-01   8.2088711383931923e-09
   7.9296875000000000e-01  -1.2708952786283953e-01  -1.2708951453818629e-01   1.3324653241886253e-08
   8.0078125000000000e-01   1.2174082422874585e-02   1.2174096979774661e-02   1.4556900075970991e-08
   8.0859375000000000e-01   1.7952279574786001e-01   1.7952280737033585e-01   1.1622475842854030e-08
   8.1640625000000000e-01   3.6596914528090757e-01   3.6596915078490377e-01   5.5039962032488177e-09
   8.2421875000000000e-01   5.5856021011873613e-01   5.5856020824826702e-01   1.8704691129300954e-09
   8.3203125000000000e-01   7.4086773034772768e-01   7.4086772208111495e-01   8.2666127276809220e-09
   8.3984375000000000e-01   8.9401257573524218e-01   8.9401256389279360e-01   1.1842448577326081e-08
   8.4765625000000000e-01   9.9822564306820627e-01   9.9822563136370390e-01   1.1704502367315683e-08
   8.5546875000000000e-01   1.0348740202995312e+00   1.0348740121643520e+00   8.1351791969552778e-09
   8.6328125000000000e-01   9.8879917843223519e-01   9.8879917596274902e-01   2.4694861711083149e-09
   8.7109375000000000e-01   8.5073338185656289e-01   8.5073338524037645e-01   3.3838135626851340e-09
