#                  Coord.                Numerical               Analytical                    Error
   3.9062500000000000e-03  -7.0370536070060863e-01  -7.0370534620839009e-01   1.4492218536332757e-08
   1.1718750000000000e-02  -5.3320737323150769e-01  -5.3320737928774298e-01   6.0562352910409345e-09
   1.9531250000000000e-02  -3.1941703434805063e-01  -3.1941705899777889e-01   2.4649728258552273e-08
   2.7343750000000000e-02  -9.1033988517597642e-02  -9.1034025720171219e-02   3.7202573577310716e-08
   3.5156250000000000e-02   1.2522577582932881e-01   1.2522573469895060e-01   4.1130378214404573e-08
   4.2968750000000000e-02   3.0901103638095817e-01   3.0901100048321634e-01   3.5897741834656216e-08
   5.0781250000000000e-02   4.4891585232357833e-01   4.4891582930402452e-01   2.3019553818670602e-08
   5.8593750000000000e-02   5.4285710197967063e-01   5.4285709635262602e-01   5.6270446080475267e-09
   6.6406250000000000e-02   5.9635604178262358e-01   5.9635605408298953e-01   1.2300365948014758e-08
   7.4218750000000000e-02   6.1929641731089380e-01   6.1929644414596552e-01   2.6835071720299197e-08
   8.2031250000000000e-02   6.2205025173534245e-01   6.2205028666099105e-01   3.4925648595418579e-08
   8.9843750000000000e-02   6.1196604853268188e-01   6.1196608354899340e-01   3.5016311517033216e-08
   9.7656250000000000e-02   5.9108476127614007e-01   5.9108478859192448e-01   2.7315784412174082e-08
   1.0546875000000000e-01   5.5562196943528075e-01   5.5562198313823563e-01   1.3702954881900098e-08
   1.1328125000000000e-01   4.9731032267979403e-01   4.9731031997797603e-01   2.7018179915572205e-09
   1.2109375000000000e-01   4.0624004608088765e-01   4.0624002788306068e-01   1.8197826967547570e-08
   1.2890625000000000e-01   2.7447338595889886e-01   2.7447335667770351e-01   2.9281195357278023e-08
   1.3671875000000000e-01   9.9523563578014437e-02   9.9523530129803098e-02   3.3448211339548450e-08
   1.4453125000000000e-01  -1.1318042260059943e-01  -1.1318045220202468e-01   2.9601425241554402e-08
   1.5234375000000000e-01  -3.4948663496015114e-01  -3.4948665355519837e-01   1.8595047224234662e-08
   1.6015625000000000e-01  -5.8763366501533121e-01  -5.8763366786987914e-01   2.8545479313635269e-09
   1.6796875000000000e-01  -8.0111335176766729e-01  -8.0111333788300942e-01   1.3884657867890837e-08
   1.7578125000000000e-01  -9.6272459993296888e-01  -9.6272457234502606e-01   2.7587942819096156e-08
   1.8359375000000000e-01  -1.0490081329773970e+00  -1.0490080982946057e+00   3.4682791305584715e-08
   1.9140625000000000e-01  -1.0441873552418550e+00  -1.0441873220643887e+00   3.3177466329803451e-08
   1.9921875000000000e-01  -9.4286983728295359e-01  -9.4286981422466187e-01   2.3058291720445823e-08
   2.0703125000000000e-01  -7.5104813621966127e-01  -7.5104812960535039e-01   6.6143108767846570e-09
   2.1484375000000000e-01  -4.8530409495360438e-01  -4.8530410716228267e-01   1.2208678290548391e-08
   2.2265625000000000e-01  -1.7047877643547732e-01  -1.7047880497524018e-01   2.8539762858548201e-08
   2.3046875000000000e-01   1.6366051510492000e-01   1.6366047708384016e-01   3.8021079840078187e-08
   2.3828125000000000e-01   4.8609835560170039e-01   4.8609831780118268e-01   3.7800517715957938e-08
   2.4609375000000000e-01   7.6796863465588439e-01   7.6796860705709225e-01   2.7598792140537398e-08
   2.5390625000000000e-01   9.8521047365515346e-01   9.8521046396552592e-01   9.6896275447733160e-09
   2.6171875000000000e-01   1.1202632725363710e+00   1.1202632839106308e+00   1.1374259756280480e-08
   2.6953125000000000e-01   1.1628282656430713e+00   1.1628282955596274e+00   2.9916556121278859e-08
   2.7734375000000000e-01   1.1099100483379902e+00   1.1099100891941760e+00   4.0856185767879083e-08
   2.8515625000000000e-01   9.6543379960730158e-01   9.6543384057003934e-01   4.0962737757332945e-08
   2.9296875000000000e-01   7.3970247460917626e-01   7.3970250458779097e-01   2.9978614701775541e-08
   3.0078125000000000e-01   4.4883733660050001e-01   4.4883734726894770e-01   1.0668447680828308e-08
   3.0859375000000000e-01   1.1418459619579713e-01   1.1418458444327323e-01   1.1752523898511669e-08
   3.1640625000000000e-01  -2.3846960101897291e-01  -2.3846963215024516e-01   3.1131272254514286e-08
   3.2421875000000000e-01  -5.8010213146648848e-01  -5.8010217347029414e-01   4.2003805655888016e-08
   3.3203125000000000e-01  -8.8026770709918045e-01  -8.8026774838898847e-01   4.1289808017097585e-08
   3.3984375000000000e-01  -1.1095885523085631e+00  -1.1095885814324256e+00   2.9123862432811620e-08
   3.4765625000000000e-01  -1.2427854902060447e+00  -1.2427854991535459e+00   8.9475011844086794e-09
   3.5546875000000000e-01  -1.2619091843111088e+00  -1.2619091707362475e+00   1.3574861235099434e-08
   3.6328125000000000e-01  -1.1592714146682896e+00  -1.1592713825989238e+00   3.2069365829556773e-08
   3.7109375000000000e-01  -9.3951599500759098e-01  -9.3951595360543783e-01   4.1402153150293941e-08
   3.7890625000000000e-01  -6.2033274406813177e-01  -6.2033270503456261e-01   3.9033569154689474e-08
   3.8671875000000000e-01  -2.3150032420241842e-01  -2.3150029831407565e-01   2.5888342775060025e-08
   3.9453125000000000e-01   1.8779014975683703e-01   1.8779015574775687e-01   5.9909198435459388e-09
   4.0234375000000000e-01   5.9308415202924469e-01   5.9308413722098530e-01   1.4808259396481560e-08
   4.1015625000000000e-01   9.3977688099743850e-01   9.3977685043591241e-01   3.0561526087602431e-08
   4.1796875000000000e-01   1.1885052310663384e+00   1.1885051940605915e+00   3.7005746911233928e-08
   4.2578125000000000e-01   1.3100740565848175e+00   1.3100740238347122e+00   3.2750105294354626e-08
   4.3359375000000000e-01   1.2892362498474761e+00   1.2892362302323819e+00   1.9615094215552631e-08
   4.4140625000000000e-01   1.1268145517955197e+00   1.1268145498296405e+00   1.9658792371757272e-09
   4.4921875000000000e-01   8.3988892432595186e-01   8.3988893902633099e-01   1.4700379136201036e-08
   4.5703125000000000e-01   4.6003264022095974e-01   4.6003266572309248e-01   2.5502132738886019e-08
   4.6484375000000000e-01   2.9822192389104114e-02   2.9822220031389440e-02   2.7642285325285565e-08
   4.7265625000000000e-01  -4.0195909118999695e-01  -4.0195907000528658e-01   2.1184710374821947e-08
   4.8046875000000000e-01  -7.8587181472500323e-01  -7.8587180585508576e-01   8.8699174671802439e-09
   4.8828125000000000e-01  -1.0775073798246542e+00  -1.0775073846909398e+00   4.8662855967052110e-09
   4.9609375000000000e-01  -1.2426868263303947e+00  -1.2426868417406172e+00   1.5410222431455622e-08
   5.0390625000000000e-01  -1.2615946810777052e+00  -1.2615947005187609e+00   1.9441055654212391e-08
   5.1171875000000000e-01  -1.1313651675394494e+00  -1.1313651835405079e+00   1.6001058478209984e-08
   5.1953125000000000e-01  -8.6677663497883195e-01  -8.6677664166758617e-01   6.6887542171656378e-09
   5.2734375000000000e-01  -4.9889047801250086e-01  -4.9889047304925305e-01   4.9632478127392687e-09
   5.3515625000000000e-01  -7.1687250413925846e-02  -7.1687235675390204e-02   1.4738535641933836e-08
   5.4296875000000000e-01   3.6300883738110140e-01   3.6300885652124570e-01   1.9140144302820516e-08
   5.5078125000000000e-01   7.5178977844723527e-01   7.5178979499234144e-01   1.6545106173992963e-08
   5.5859375000000000e-01   1.0463808308132432e+00   1.0463808385042943e+00   7.6910511292993533e-09
   5.6640625000000000e-01   1.2099616922792544e+00   1.2099616876981751e+00   4.5810792936862299e-09
   5.7421875000000000e-01   1.2222203121985589e+00   1.2222202958872612e+00   1.6311297645899003e-08
   5.8203125000000000e-01   1.0823772322123433e+00   1.0823772085098282e+00   2.3702515061785334e-08
   5.8984375000000000e-01   8.0965492491443336e-01   8.0965490057311229e-01   2.4341321069876187e-08
   5.9765625000000000e-01   4.4100572302886104e-01   4.4100570513140763e-01   1.7897453408188824e-08
   6.0546875000000000e-01   2.6306837135386108e-02   2.6306830940442234e-02   6.1949438738551077e-09
   6.1328125000000000e-01  -3.7837995747472031e-01  -3.7837995005768960e-01   7.4170307118315293e-09
   6.2109375000000000e-01  -7.1856851899438079e-01  -7.1856849988135785e-01   1.9113022942107705e-08
   6.2890625000000000e-01  -9.4902311989132393e-01  -9.4902309412862718e-01   2.5762696753695025e-08
   6.3671875000000000e-01  -1.0402178310957619e+00  -1.0402178052898383e+00   2.5805923620225713e-08
   6.4453125000000000e-01  -9.8260127718314783e-01  -9.8260125758889016e-01   1.9594257660848768e-08
   6.5234375000000000e-01  -7.8799479548110574e-01  -7.8799478630712538e-01   9.1739803531609709e-09
   6.6015625000000000e-01  -4.8787084632122785e-01  -4.8787084877663944e-01   2.4554115962693857e-09
   6.6796875000000000e-01  -1.2872536817106886e-01  -1.2872538046094631e-01   1.2289877449056519e-08
   6.7578125000000000e-01   2.3479907512914039e-01   2.3479905694907660e-01   1.8180063787731626e-08
   6.8359375000000000e-01   5.4803171628392044e-01   5.4803169695627374e-01   1.9327646705313839e-08
   6.9140625000000000e-01   7.6442271435931974e-01   7.6442269803855811e-01   1.6320761631050118e-08
   6.9921875000000000e-01   8.5249006004347028e-01   8.5249004929329419e-01   1.0750176082652274e-08
   7.0703125000000000e-01   8.0049735125042187e-01   8.0049734668715544e-01   4.5632664313899340e-09
   7.1484375000000000e-01   6.1812857597007009e-01   6.1812857657420617e-01   6.0413607450016116e-10
   7.2265625000000000e-01   3.3487931465282100e-01   3.3487931854253228e-01   3.8897112752955820e-09
   7.3046875000000000e-01  -4.6093082678961414e-03  -4.6093029351092418e-03   5.3327868995700634e-09
   7.3828125000000000e-01  -3.4756447811888214e-01  -3.4756447244326916e-01   5.6756129795942911e-09
   7.4609375000000000e-01  -6.4135171735613872e-01  -6.4135171142707370e-01   5.9290650167298509e-09
   8.7890625000000000e-01  -1.9324275544682196e-01  -1.9324271745451732e-01   3.7992304635636742e-08
   8.8671875000000000e-01  -1.6998556363554435e-01  -1.6998552648483997e-01   3.7150704373933863e-08
   8.9453125000000000e-01  -7.8239673750247471e-02  -7.8239646080336636e-02   2.7669910834804412e-08
   9.0234375000000000e-01   5.6364116325679239e-02   5.6364127594124160e-02   1.1268444920220499e-08
   9.1015625000000000e-01   1.9946753456776634e-01   1.9946752598994866e-01   8.5778176783790627e-09
   9.1796875000000000e-01   3.1487637839116878e-01   3.1487635111354528e-01   2.7277623493304759e-08
   9.2578125000000000e-01   3.7169149584047445e-01   3.7169145548056781e-01   4.0359906638975929e-08
   9.3359375000000000e-01   3.5031571862078759e-01   3.5031567413271913e-01   4.4488068451364882e-08
   9.4140625000000000e-01   2.4620848101053447e-01   2.4620844252125973e-01   3.8489274739594848e-08
   9.4921875000000000e-01   7.0711494016581042e-02   7.0711470458206929e-02   2.3558374112608860e-08
   9.5703125000000000e-01  -1.5115297343540246e-01  -1.5115297656746135e-01   3.1320588900207724e-09
   9.6484375000000000e-01  -3.8542011951401217e-01  -3.8542010143198341e-01   1.8082028763188873e-08
   9.7265625000000000e-01  -5.9548242634389803e-01  -5.9548239123409741e-01   3.5109800622379339e-08
   9.8046875000000000e-01  -7.4869530006766372e-01  -7.4869525599315978e-01   4.4074503935398468e-08
   9.8828125000000000e-01  -8.2200755278645177e-01  -8.2200750982465298e-01   4.2961798785157157e-08
   9.9609375000000000e-01  -8.0556881190282004e-01  -8.0556877966270235e-01   3.2240117686654912e-08
   7.5390625000000000e-01  -8.4169294909692172e-01  -8.4169294223430147e-01   6.8626202498478506e-09
   7.6171875000000000e-01  -9.1951477503769896e-01  -9.1951476640794583e-01   8.6297531343149103e-09
   7.6953125000000000e-01  -8.6531538432313082e-01  -8.6531537372226897e-01   1.0600861855003529e-08
   7.7734375000000000e-01  -6.9033395493327165e-01  -6.9033394326684006e-01   1.1666431598555960e-08
   7.8515625000000000e-01  -4.2433069552916147e-01  -4.2433068496605508e-01   1.0563106389582799e-08
   7.9296875000000000e-01  -1.1035322736216258e-01  -1.1035322090061155e-01   6.4615510303456247e-09
   8.0078125000000000e-01   2.0262120281506121e-01   2.0262120216264509e-01   6.5241612112743042e-10
   8.0859375000000000e-01   4.6790966963196123e-01   4.6790965992682049e-01   9.7051407466075545e-09
   8.1640625000000000e-01   6.4880135554882279e-01   6.4880133681327801e-01   1.8735544782266800e-08
   8.2421875000000000e-01   7.2436927290322628e-01   7.2436924761456511e-01   2.5288661165134840e-08
   8.3203125000000000e-01   6.9242366651567044e-01   6.9242363937831897e-01   2.7137351477080074e-08
   8.3984375000000000e-01   5.6912268994180604e-01   5.6912266702166381e-01   2.2920142228599616e-08
   8.4765625000000000e-01   3.8535432160502203e-01   3.8535430886166511e-01   1.2743356925248861e-08
   8.5546875000000000e-01   1.8058396167437946e-01   1.8058396338911123e-01   1.7147317732391087e-09
   8.6328125000000000e-01  -4.6824066623414873e-03  -4.6823892571758478e-03   1.7405165639479414e-08
   8.7109375000000000e-01  -1.3642469136992269e-01  -1.3642466071043960e-01   3.0659483091222128e-08
