#                  Coord.                Numerical               Analytical                    Error
   3.9062500000000000e-03   1.6917587542203274e+00   1.6917587330764507e+00   2.1143876649531990e-08
   1.1718750000000000e-02   1.7436261285667134e+00   1.7436260991885300e+00   2.9378183441508554e-08
   1.9531250000000000e-02   1.7945999330739830e+00   1.7945999126966570e+00   2.0377326048759414e-08
   2.7343750000000000e-02   1.8442104215621196e+00   1.8442104250086382e+00   3.4465186260490555e-09
   3.5156250000000000e-02   1.8919707083259767e+00   1.8919707340584537e+00   2.5732477038076240e-08
   4.2968750000000000e-02   1.9374034036916781e+00   1.9374034325121845e+00   2.8820506425830672e-08
   5.0781250000000000e-02   1.9800630932065333e+00   1.9800631018487374e+00   8.6422040634914765e-09
   5.8593750000000000e-02   2.0195535306976837e+00   2.0195535098936661e+00   2.0804017619724391e-08
   6.6406250000000000e-02   2.0555391162934367e+00   2.0555390787501810e+00   3.7543255615446469e-08
   7.4218750000000000e-02   2.0877508387699306e+00   2.0877508100360718e+00   2.8733858847829197e-08
   8.2031250000000000e-02   2.1159873325455423e+00   2.1159873314862105e+00   1.0593317334439689e-09
   8.9843750000000000e-02   2.1401120106283731e+00   2.1401120346693290e+00   2.4040955892701277e-08
   9.7656250000000000e-02   2.1600473768541022e+00   2.1600474035163093e+00   2.6662207108785196e-08
   1.0546875000000000e-01   2.1757676011124190e+00   2.1757676047770804e+00   3.6646614631763441e-09
   1.1328125000000000e-01   2.1872902873503648e+00   2.1872902583761489e+00   2.8974215915411605e-08
   1.2109375000000000e-01   2.1946681211931551e+00   2.1946680730350208e+00   4.8158134369202799e-08
   1.2890625000000000e-01   2.1979808111722883e+00   2.1979807705257373e+00   4.0646551013878707e-08
   1.3671875000000000e-01   2.1973274912423744e+00   2.1973274791272446e+00   1.2115129788270451e-08
   1.4453125000000000e-01   2.1928195764895673e+00   2.1928195946327005e+00   1.8143133218018193e-08
   1.5234375000000000e-01   2.1845739821055790e+00   2.1845740142752073e+00   3.2169628294553831e-08
   1.6015625000000000e-01   2.1727066316157608e+00   2.1727066576331442e+00   2.6017383358833968e-08
   1.6796875000000000e-01   2.1573262819177828e+00   2.1573262929565575e+00   1.1038774783145300e-08
   1.7578125000000000e-01   2.1385288598536483e+00   2.1385288636034181e+00   3.7497698279764791e-09
   1.8359375000000000e-01   2.1163927061305476e+00   2.1163927186934526e+00   1.2562904938562269e-08
   1.9140625000000000e-01   2.0909753145094521e+00   2.0909753465011716e+00   3.1991719495749749e-08
   1.9921875000000000e-01   2.0623122902442939e+00   2.0623123380466608e+00   4.7802366953675346e-08
   2.0703125000000000e-01   2.0304192783701551e+00   2.0304193270915296e+00   4.8721374490412472e-08
   2.1484375000000000e-01   1.9952974952145048e+00   1.9952975299658469e+00   3.4751342026240195e-08
   2.2265625000000000e-01   1.9569432163765788e+00   1.9569432326718705e+00   1.6295291782597587e-08
   2.3046875000000000e-01   1.9153611499747485e+00   1.9153611550737897e+00   5.0990411892826160e-09
   2.3828125000000000e-01   1.8705810935937663e+00   1.8705810983277524e+00   4.7339860920203591e-09
   2.4609375000000000e-01   1.8226767010582909e+00   1.8226767090697811e+00   8.0114901379602088e-09
   2.5390625000000000e-01   1.7717846419604626e+00   1.7717846451805317e+00   3.2200691002515214e-09
   2.6171875000000000e-01   1.7181220000106423e+00   1.7181219842402218e+00   1.5770420525029749e-08
   2.6953125000000000e-01   1.6619994999575098e+00   1.6619994564842626e+00   4.3473247224312672e-08
   2.7734375000000000e-01   1.6038281430731369e+00   1.6038280769866988e+00   6.6086438099688394e-08
   2.8515625000000000e-01   1.5441171136356566e+00   1.5441170429131736e+00   7.0722482981011581e-08
   2.9296875000000000e-01   1.4834614213994433e+00   1.4834613667673697e+00   5.4632073531735159e-08
   3.0078125000000000e-01   1.4225186416103461e+00   1.4225186146058726e+00   2.7004473546199392e-08
   3.0859375000000000e-01   1.3619752513199601e+00   1.3619752485973655e+00   2.7225945942177532e-09
   3.1640625000000000e-01   1.3025043295863399e+00   1.3025043372289071e+00   7.6425672457247629e-09
   3.2421875000000000e-01   1.2447176584097597e+00   1.2447176628235028e+00   4.4137431487456524e-09
   3.3203125000000000e-01   1.1891163754480609e+00   1.1891163730606820e+00   2.3873789611883467e-09
   3.3984375000000000e-01   1.1360451343037885e+00   1.1360451338641597e+00   4.3962877782632859e-10
   3.4765625000000000e-01   1.0856550860796539e+00   1.0856551022601646e+00   1.6180510709062901e-08
   3.5546875000000000e-01   1.0378807973405038e+00   1.0378808404695359e+00   4.3129032123445654e-08
   3.6328125000000000e-01   9.9243541199139440e-01   9.9243548027863926e-01   6.8287244858744600e-08
   3.7109375000000000e-01   9.4882695125651217e-01   9.4882703062984297e-01   7.9373330796883579e-08
   3.7890625000000000e-01   9.0639671657615439e-01   9.0639678757943909e-01   7.1003284696224966e-08
   3.8671875000000000e-01   8.6437846686654529e-01   8.6437851448986713e-01   4.7623321841605559e-08
   3.9453125000000000e-01   8.2197461523220905e-01   8.2197463517075053e-01   1.9938541484521011e-08
   4.0234375000000000e-01   7.7844339200886792e-01   7.7844339022448139e-01   1.7843865274258519e-09
   4.1015625000000000e-01   7.3318904225520043e-01   7.3318902871572522e-01   1.3539475207657858e-08
   4.1796875000000000e-01   6.8584592545342982e-01   6.8584590699695624e-01   1.8456473571681897e-08
   4.2578125000000000e-01   6.3634707871584328e-01   6.3634705550860848e-01   2.3207234800537435e-08
   4.3359375000000000e-01   5.8496851274674588e-01   5.8496848067944995e-01   3.2067295929749662e-08
   4.4140625000000000e-01   5.3234225782980016e-01   5.3234221392755521e-01   4.3902244950544400e-08
   4.4921875000000000e-01   4.7943385775503711e-01   4.7943380462311702e-01   5.3131920085824902e-08
   4.5703125000000000e-01   4.2748341559942182e-01   4.2748336133467268e-01   5.4264749138610568e-08
   4.6484375000000000e-01   3.7791310034517145e-01   3.7791305475975623e-01   4.5585415220372738e-08
   4.7265625000000000e-01   3.3220784128404479e-01   3.3220781123286741e-01   3.0051177379863958e-08
   4.8046875000000000e-01   2.9177933169350395e-01   2.9177931883106240e-01   1.2862441556293902e-08
   4.8828125000000000e-01   2.5782602287770834e-01   2.5782602457919102e-01   1.7014826769745639e-09
   4.9609375000000000e-01   2.3120315935601940e-01   2.3120317141962460e-01   1.2063605198120442e-08
   5.0390625000000000e-01   2.1231684929127212e-01   2.1231686834392846e-01   1.9052656341500551e-08
   5.1171875000000000e-01   2.0105458947524146e-01   2.0105461396834995e-01   2.4493108485845738e-08
   5.1953125000000000e-01   1.9676164815718530e-01   1.9676167793665283e-01   2.9779467530799408e-08
   5.2734375000000000e-01   1.9826849518380446e-01   1.9826853051915691e-01   3.5335352449594737e-08
   5.3515625000000000e-01   2.0396945481581166e-01   2.0396949460846300e-01   3.9792651340686547e-08
   5.4296875000000000e-01   2.1194744554577410e-01   2.1194748576477893e-01   4.0219004820984949e-08
   5.5078125000000000e-01   2.2013464188297577e-01   2.2013467523572949e-01   3.3352753725512940e-08
   5.5859375000000000e-01   2.2649470688196879e-01   2.2649472515750235e-01   1.8275533558709256e-08
   5.6640625000000000e-01   2.2920940413372418e-01   2.2920940244758653e-01   1.6861376461729805e-09
   5.7421875000000000e-01   2.2685126582594117e-01   2.2685124603002085e-01   1.9795920319642946e-08
   5.8203125000000000e-01   2.1852476038748295e-01   2.1852473061914163e-01   2.9768341319735825e-08
   5.8984375000000000e-01   2.0396105225261732e-01   2.0396102206718558e-01   3.0185431737494994e-08
   5.9765625000000000e-01   1.8355575046001671e-01   1.8355572507726778e-01   2.5382748930491417e-08
   6.0546875000000000e-01   1.5834458464242679e-01   1.5834456260773758e-01   2.2034689212135916e-08
   6.1328125000000000e-01   1.2991815095621501e-01   1.2991812741014505e-01   2.3546069954916149e-08
   6.2109375000000000e-01   1.0028308040910669e-01   1.0028305267789075e-01   2.7731215934689857e-08
   6.2890625000000000e-01   7.1682519275612352e-02   7.1682490054971418e-02   2.9220640934690678e-08
   6.3671875000000000e-01   4.6393076384338192e-02   4.6393051528454188e-02   2.4855884003804896e-08
   6.4453125000000000e-01   2.6517909010335471e-02   2.6517892549855891e-02   1.6460479580066023e-08
   6.5234375000000000e-01   1.3796110545924577e-02   1.3796101462099870e-02   9.0838247063240729e-09
   6.6015625000000000e-01   9.4469583840485465e-03   9.4469521935856681e-03   6.1904628784192894e-09
   6.6796875000000000e-01   1.4064048446556074e-02   1.4064041534208926e-02   6.9123471477944287e-09
   6.7578125000000000e-01   2.7569257711076038e-02   2.7569249863412793e-02   7.8476632449364647e-09
   6.8359375000000000e-01   4.9230391968984773e-02   4.9230384697140181e-02   7.2718445917607788e-09
   6.9140625000000000e-01   7.7739952933805381e-02   7.7739945734514010e-02   7.1992913713847528e-09
   6.9921875000000000e-01   1.1134638633307750e-01   1.1134637538907423e-01   1.0944003273061220e-08
   7.0703125000000000e-01   1.4802408974898779e-01   1.4802407084497177e-01   1.8904016019227754e-08
   7.1484375000000000e-01   1.8566488267918130e-01   1.8566485537335506e-01   2.7305826238999131e-08
   7.2265625000000000e-01   2.2227191790002662e-01   2.2227188631538564e-01   3.1584640985959922e-08
   7.3046875000000000e-01   2.5613728432844318e-01   2.5613725297526602e-01   3.1353177165627244e-08
   7.3828125000000000e-01   2.8598673823041187e-01   2.8598670710446206e-01   3.1125949817578658e-08
   7.4609375000000000e-01   3.1107881939767801e-01   3.1107878340455902e-01   3.5993118985278016e-08
   8.7890625000000000e-01   8.1432073259904092e-01   8.1432068512715161e-01   4.7471889308425830e-08
   8.8671875000000000e-01   8.7538226305389477e-01   8.7538223345756283e-01   2.9596331940773268e-08
   8.9453125000000000e-01   9.3629216503000035e-01   9.3629214000943128e-01   2.5020569061062758e-08
   9.0234375000000000e-01   9.9634748359838199e-01   9.9634744728141222e-01   3.6316969764804696e-08
   9.1015625000000000e-01   1.0550777084852292e+00   1.0550776560757740e+00   5.2409455220114864e-08
   9.1796875000000000e-01   1.1122474850649382e+00   1.1122474263847126e+00   5.8680225567542266e-08
   9.2578125000000000e-01   1.1678365037609661e+00   1.1678364541234885e+00   4.9637477683717179e-08
   9.3359375000000000e-01   1.2220010474895415e+00   1.2220010142889459e+00   3.3200595606075467e-08
   9.4140625000000000e-01   1.2750229822337100e+00   1.2750229593166731e+00   2.2917036934799739e-08
   9.4921875000000000e-01   1.3272525575998204e+00   1.3272525321741571e+00   2.5425663352507399e-08
   9.5703125000000000e-01   1.3790512528208945e+00   1.3790512179894316e+00   3.4831462825124504e-08
   9.6484375000000000e-01   1.4307401485303011e+00   1.4307401099500530e+00   3.8580248107322745e-08
   9.7265625000000000e-01   1.4825580838071084e+00   1.4825580541019003e+00   2.9705208071106881e-08
   9.8046875000000000e-01   1.5346323593395523e+00   1.5346323457219242e+00   1.3617628136231019e-08
   9.8828125000000000e-01   1.5869631716865329e+00   1.5869631682702456e+00   3.4162872530885124e-09
   9.9609375000000000e-01   1.6394214799529818e+00   1.6394214723973481e+00   7.5556336742721442e-09
   7.5390625000000000e-01   3.3125059728916645e-01   3.3125055163837380e-01   4.5650792646068084e-08
   7.6171875000000000e-01   3.4690788210516904e-01   3.4690782838581180e-01   5.3719357240300525e-08
   7.6953125000000000e-01   3.5896330695443696e-01   3.5896325381733452e-01   5.3137102440370398e-08
   7.7734375000000000e-01   3.6873066515601616e-01   3.6873062137522272e-01   4.3780793435033161e-08
   7.8515625000000000e-01   3.7778777362390820e-01   3.7778773983860992e-01   3.3785298281241438e-08
   7.9296875000000000e-01   3.8782258574594181e-01   3.8782255278648914e-01   3.2959452667125078e-08
   8.0078125000000000e-01   4.0047810202453610e-01   4.0047805849664209e-01   4.3527894011408108e-08
   8.0859375000000000e-01   4.1721082460148040e-01   4.1721076755026981e-01   5.7051210589076362e-08
   8.1640625000000000e-01   4.3917524570175615e-01   4.3917518436544412e-01   6.1336312029425244e-08
   8.2421875000000000e-01   4.6714347769692088e-01   4.6714342629527372e-01   5.1401647160886910e-08
   8.3203125000000000e-01   5.0146505902496452e-01   5.0146502408768379e-01   3.4937280735114484e-08
   8.3984375000000000e-01   5.4206767825595359e-01   5.4206765203424390e-01   2.6221709692464401e-08
   8.4765625000000000e-01   5.8849551233563779e-01   5.8849547860432572e-01   3.3731312076845654e-08
   8.5546875000000000e-01   6.3997846583385376e-01   6.3997841365081565e-01   5.2183038112829649e-08
   8.6328125000000000e-01   6.9552312858528975e-01   6.9552306217052928e-01   6.6414760468980205e-08
   8.7109375000000000e-01   7.5401492199736964e-01   7.5401485760650433e-01   6.4390865306407363e-08
