#                  Coord.                Numerical               Analytical                    Error
   3.9062500000000000e-03   5.2695889420122888e-01   5.2695891384180549e-01   1.9640576609525340e-08
   1.1718750000000000e-02   4.5233732365147256e-01   4.5233734457050617e-01   2.0919033616451088e-08
   1.9531250000000000e-02   3.9091763062320384e-01   3.9091764737916301e-01   1.6755959175718260e-08
   2.7343750000000000e-02   3.4305776762334161e-01   3.4305777618316274e-01   8.5598211296833426e-09
   3.5156250000000000e-02   3.0882309210349523e-01   3.0882309280896536e-01   7.0547012676058785e-10
   4.2968750000000000e-02   2.8806562118110629e-01   2.8806561864452268e-01   2.5365836098245609e-09
   5.0781250000000000e-02   2.8050079358040514e-01   2.8050079446539722e-01   8.8499207961945103e-10
   5.8593750000000000e-02   2.8577461853063069e-01   2.8577462856724639e-01   1.0036615705200091e-08
   6.6406250000000000e-02   3.0351516550329394e-01   3.0351518677405420e-01   2.1270760264258115e-08
   7.4218750000000000e-02   3.3336384743186870e-01   3.3336387665625455e-01   2.9224385855730617e-08
   8.2031250000000000e-02   3.7498380014200100e-01   3.7498382941256037e-01   2.9270559365190962e-08
   8.9843750000000000e-02   4.2804477108963096e-01   4.2804479184367572e-01   2.0754044760540324e-08
   9.7656250000000000e-02   4.9218617670415699e-01   4.9218618560871535e-01   8.9045583684388419e-09
   1.0546875000000000e-01   5.6696221712386541e-01   5.6696221966882543e-01   2.5449600205007528e-09
   1.1328125000000000e-01   6.5177496850566807e-01   6.5177497631771497e-01   7.8120468982589841e-09
   1.2109375000000000e-01   7.4580301605554489e-01   7.4580303811490667e-01   2.2059361781678888e-08
   1.2890625000000000e-01   8.4793425840893288e-01   8.4793429191709568e-01   3.3508162800011121e-08
   1.3671875000000000e-01   9.5671184432541057e-01   9.5671187318521844e-01   2.8859807876813193e-08
   1.4453125000000000e-01   1.0703016834744044e+00   1.0703016872522986e+00   3.7778942196808885e-09
   1.5234375000000000e-01   1.1864885610403444e+00   1.1864885286490248e+00   3.2391319626512427e-08
   1.6015625000000000e-01   1.3027056345918282e+00   1.3027055722948526e+00   6.2296975578135516e-08
   1.6796875000000000e-01   1.4160991616476308e+00   1.4160990884165776e+00   7.3231053221434195e-08
   1.7578125000000000e-01   1.5236269536565799e+00   1.5236268865456704e+00   6.7110909496292948e-08
   1.8359375000000000e-01   1.6221856042113334e+00   1.6221855456807814e+00   5.8530551960700450e-08
   1.9140625000000000e-01   1.7087583632073609e+00   1.7087583002095588e+00   6.2997802086073307e-08
   1.9921875000000000e-01   1.7805729689143026e+00   1.7805728850863782e+00   8.3827924379775709e-08
   2.0703125000000000e-01   1.8352571222386553e+00   1.8352570125231065e+00   1.0971554886829438e-07
   2.1484375000000000e-01   1.8709788040592348e+00   1.8709786801345265e+00   1.2392470827293778e-07
   2.2265625000000000e-01   1.8865594165712221e+00   1.8865592986658424e+00   1.1790537968181525e-07
   2.3046875000000000e-01   1.8815497345994732e+00   1.8815496369725178e+00   9.7626955408713911e-08
   2.3828125000000000e-01   1.8562617099839016e+00   1.8562616324639729e+00   7.7519928698421836e-08
   2.4609375000000000e-01   1.8117529717560450e+00   1.8117529036488205e+00   6.8107224526769983e-08
   2.5390625000000000e-01   1.7497650039309010e+00   1.7497649367342740e+00   6.7196626929444392e-08
   2.6171875000000000e-01   1.6726200319049334e+00   1.6726199684655212e+00   6.3439412167909381e-08
   2.6953125000000000e-01   1.5830851786726181e+00   1.5830851316071750e+00   4.7065443098404103e-08
   2.7734375000000000e-01   1.4842151273692124e+00   1.4842151081680415e+00   1.9201170875504658e-08
   2.8515625000000000e-01   1.3791860828926248e+00   1.3791860915411158e+00   8.6484910344353239e-09
   2.9296875000000000e-01   1.2711341409344514e+00   1.2711341647151717e+00   2.3780720281862955e-08
   3.0078125000000000e-01   1.1630102462225476e+00   1.1630102691533142e+00   2.2930766618856069e-08
   3.0859375000000000e-01   1.0574618959281716e+00   1.0574619104450367e+00   1.4516865043390226e-08
   3.1640625000000000e-01   9.5674886037131102e-01   9.5674887234124251e-01   1.1969931490440899e-08
   3.2421875000000000e-01   8.6269678974125275e-01   8.6269681268790566e-01   2.2946652911137733e-08
   3.3203125000000000e-01   7.7668900378112371e-01   7.7668904747255296e-01   4.3691429252312730e-08
   3.3984375000000000e-01   6.9969337632398909e-01   6.9969343845666043e-01   6.2132671341252887e-08
   3.4765625000000000e-01   6.3231832040553748e-01   6.3231838745037661e-01   6.7044839124896782e-08
   3.5546875000000000e-01   5.7488968131138807e-01   5.7488973775818075e-01   5.6446792684461400e-08
   3.6328125000000000e-01   5.2753899765184542e-01   5.2753903639951705e-01   3.8747671626815361e-08
   3.7109375000000000e-01   4.9029314881581781e-01   4.9029317555853213e-01   2.6742714320793226e-08
   3.7890625000000000e-01   4.6315585235683338e-01   4.6315588063475366e-01   2.8277920283148461e-08
   3.8671875000000000e-01   4.4617270619246224e-01   4.4617274736547113e-01   4.1173008891171037e-08
   3.9453125000000000e-01   4.3947334683025402e-01   4.3947340168238269e-01   5.4852128672511213e-08
   4.0234375000000000e-01   4.4328662179326112e-01   4.4328668022626971e-01   5.8433008598424152e-08
   4.1015625000000000e-01   4.5792726047619986e-01   4.5792730904689793e-01   4.8570698074623664e-08
   4.1796875000000000e-01   4.8375516331945062e-01   4.8375519532163525e-01   3.2002184624513319e-08
   4.2578125000000000e-01   5.2111093522175833e-01   5.2111095533542295e-01   2.0113664622734007e-08
   4.3359375000000000e-01   5.7023349285082348e-01   5.7023351288350177e-01   2.0032678293979700e-08
   4.4140625000000000e-01   6.3116734045477729e-01   6.3116736925360317e-01   2.8798825879583489e-08
   4.4921875000000000e-01   7.0366831202217983e-01   7.0366834746572005e-01   3.5443540213897506e-08
   4.5703125000000000e-01   7.8711712603322737e-01   7.8711715587396469e-01   2.9840737325592670e-08
   4.6484375000000000e-01   8.8044992751320172e-01   8.8044993830014762e-01   1.0786945892071742e-08
   4.7265625000000000e-01   9.8211407012353591e-01   9.8211405723797907e-01   1.2885556843755808e-08
   4.8046875000000000e-01   1.0900557478363000e+00   1.0900557175761560e+00   3.0260143946136964e-08
   4.8828125000000000e-01   1.2017437971193796e+00   1.2017437594165798e+00   3.7702799771111017e-08
   4.9609375000000000e-01   1.3142312099241895e+00   1.3142311677496972e+00   4.2174492342894609e-08
   5.0390625000000000e-01   1.4242528152830998e+00   1.4242527608223365e+00   5.4460763232455633e-08
   5.1171875000000000e-01   1.5283544541471024e+00   1.5283543755689069e+00   7.8578195505940585e-08
   5.1953125000000000e-01   1.6230460549080228e+00   1.6230459487577285e+00   1.0615029433225232e-07
   5.2734375000000000e-01   1.7049686087176832e+00   1.7049684857991720e+00   1.2291851114731855e-07
   5.3515625000000000e-01   1.7710634009185025e+00   1.7710632804285478e+00   1.2048995468028068e-07
   5.4296875000000000e-01   1.8187312085770027e+00   1.8187311040940253e+00   1.0448297738108181e-07
   5.5078125000000000e-01   1.8459696302247370e+00   1.8459695397727980e+00   9.0451939049884800e-08
   5.5859375000000000e-01   1.8514782846141085e+00   1.8514781938337479e+00   9.0780360562092710e-08
   5.6640625000000000e-01   1.8347241645671217e+00   1.8347240609456779e+00   1.0362144386988348e-07
   5.7421875000000000e-01   1.7959627173503321e+00   1.7959626043178973e+00   1.1303243474536373e-07
   5.8203125000000000e-01   1.7362139191277610e+00   1.7362138172404313e+00   1.0188732968430259e-07
   5.8984375000000000e-01   1.6571963340017923e+00   1.6571962680350123e+00   6.5966780038451134e-08
   5.9765625000000000e-01   1.5612255266406283e+00   1.5612255079220931e+00   1.8718535166328820e-08
   6.0546875000000000e-01   1.4510858728603038e+00   1.4510858914365419e+00   1.8576238103307219e-08
   6.1328125000000000e-01   1.3298865284734445e+00   1.3298865606110393e+00   3.2137594807579717e-08
   6.2109375000000000e-01   1.2009129105286607e+00   1.2009129356489654e+00   2.5120304725234632e-08
   6.2890625000000000e-01   1.0674845158701540e+00   1.0674845295757509e+00   1.3705596879631798e-08
   6.3671875000000000e-01   9.3282837274189601e-01   9.3282838645246102e-01   1.3710565016644694e-08
   6.4453125000000000e-01   7.9997513590227920e-01   7.9997516453983364e-01   2.8637554438937229e-08
   6.5234375000000000e-01   6.7168210228564407e-01   6.7168215116620222e-01   4.8880558156660925e-08
   6.6015625000000000e-01   5.5038457527753415e-01   5.5038463568923390e-01   6.0411699753792902e-08
   6.6796875000000000e-01   4.3817433704898623e-01   4.3817439314529127e-01   5.6096305045549855e-08
   6.7578125000000000e-01   3.3680175907642390e-01   3.3680179911157410e-01   4.0035150195016911e-08
   6.8359375000000000e-01   2.4769645459489062e-01   2.4769647744134432e-01   2.2846453701097502e-08
   6.9140625000000000e-01   1.7200044063495529e-01   1.7200045347047896e-01   1.2835523671705928e-08
   6.9921875000000000e-01   1.1060752159332410e-01   1.1060753219705813e-01   1.0603734029723810e-08
   7.0703125000000000e-01   6.4202946265299196e-02   6.4202957328967622e-02   1.1063668425848050e-08
   7.1484375000000000e-01   3.3298190549843169e-02   3.3298200144745674e-02   9.5949025044617109e-09
   7.2265625000000000e-01   1.8256820619704940e-02   1.8256827062487289e-02   6.4427823492918534e-09
   7.3046875000000000e-01   1.9308655758915796e-02   1.9308661217026037e-02   5.4581102415518501e-09
   7.3828125000000000e-01   3.6550764651973031e-02   3.6550773883014753e-02   9.2310417226793007e-09
   7.4609375000000000e-01   6.9935124421909023e-02   6.9935140253707409e-02   1.5831798386156670e-08
   8.7890625000000000e-01   1.8013237129207886e+00   1.8013235762453790e+00   1.3667540965656144e-07
   8.8671875000000000e-01   1.8271742044170356e+00   1.8271740769152900e+00   1.2750174560594019e-07
   8.9453125000000000e-01   1.8298505521336410e+00   1.8298504583519932e+00   9.3781647780843969e-08
   9.0234375000000000e-01   1.8094712331530121e+00   1.8094711771212928e+00   5.6031719264382218e-08
   9.1015625000000000e-01   1.7669528247916790e+00   1.7669527905836326e+00   3.4208046395534097e-08
   9.1796875000000000e-01   1.7039654945404874e+00   1.7039654607917618e+00   3.3748725591919992e-08
   9.2578125000000000e-01   1.6228478328228140e+00   1.6228477897313711e+00   4.3091442858411710e-08
   9.3359375000000000e-01   1.5264872130386005e+00   1.5264871683821430e+00   4.4656457420799711e-08
   9.4140625000000000e-01   1.4181744774587539e+00   1.4181744483887151e+00   2.9070038820577793e-08
   9.4921875000000000e-01   1.3014435151621540e+00   1.3014435136637945e+00   1.4983594365247654e-09
   9.5703125000000000e-01   1.1799070743013123e+00   1.1799070981604500e+00   2.3859137776582884e-08
   9.6484375000000000e-01   1.0570999060817954e+00   1.0570999416151012e+00   3.5533305853263641e-08
   9.7265625000000000e-01   9.3633915295733905e-01   9.3633918539534866e-01   3.2438009611723828e-08
   9.8046875000000000e-01   8.2060994171856694e-01   8.2060996451903023e-01   2.2800463295169493e-08
   9.8828125000000000e-01   7.1248167149725750e-01   7.1248168759886465e-01   1.6101607158702791e-08
   9.9609375000000000e-01   6.1405776023144232e-01   6.1405777634912040e-01   1.6117678081073450e-08
   7.5390625000000000e-01   1.1924400806779584e-01   1.1924402861666754e-01   2.0548871701442373e-08
   7.6171875000000000e-01   1.8405532126812726e-01   1.8405534225159928e-01   2.0983472015512206e-08
   7.6953125000000000e-01   2.6370116504099050e-01   2.6370118487146171e-01   1.9830471209569822e-08
   7.7734375000000000e-01   3.5722382515597018e-01   3.5722384737058482e-01   2.2214614647797504e-08
   7.8515625000000000e-01   4.6333413760685593e-01   4.6333416694426871e-01   2.9337412776886396e-08
   7.9296875000000000e-01   5.8037767811705054e-01   5.8037771328100907e-01   3.5163958522765881e-08
   8.0078125000000000e-01   7.0631438425010817e-01   7.0631441420800845e-01   2.9957900271604387e-08
   8.0859375000000000e-01   8.3871693574052675e-01   8.3871694490342841e-01   9.1629016596428414e-09
   8.1640625000000000e-01   9.7479241083720347e-01   9.7479239017534636e-01   2.0661857114134818e-08
   8.2421875000000000e-01   1.1114303581077254e+00   1.1114303131147305e+00   4.4992994885362236e-08
   8.3203125000000000e-01   1.2452785099060857e+00   1.2452784574358171e+00   5.2470268574467127e-08
   8.3984375000000000e-01   1.3728450317501419e+00   1.3728449865536931e+00   4.5196448805739919e-08
   8.4765625000000000e-01   1.4906236492712603e+00   1.4906236109870845e+00   3.8284175829517153e-08
   8.5546875000000000e-01   1.5952354804926672e+00   1.5952354320905087e+00   4.8402158503435544e-08
   8.6328125000000000e-01   1.6835792037292883e+00   1.6835791247093521e+00   7.9019936150004355e-08
   8.7109375000000000e-01   1.7529795963614707e+00   1.7529794803862560e+00   1.1597521476502948e-07
