#                  Coord.                Numerical               Analytical                    Error
   3.9062500000000000e-03   9.7874845403345379e-01   9.7874843012031920e-01   2.3913134583608553e-08
   1.1718750000000000e-02   1.0736868719732509e+00   1.0736868111597817e+00   6.0813469149323396e-08
   1.9531250000000000e-02   1.1652614362593674e+00   1.1652613463152246e+00   8.9944142800391091e-08
   2.7343750000000000e-02   1.2507706520120054e+00   1.2507705499013202e+00   1.0211068524057509e-07
   3.5156250000000000e-02   1.3278041244287184e+00   1.3278040243317208e+00   1.0009699757951296e-07
   4.2968750000000000e-02   1.3943388856397290e+00   1.3943387896799544e+00   9.5959774570886225e-08
   5.0781250000000000e-02   1.4488208996165262e+00   1.4488207991282791e+00   1.0048824705677362e-07
   5.8593750000000000e-02   1.4902260798849210e+00   1.4902259662740573e+00   1.1361086360572870e-07
   6.6406250000000000e-02   1.5180959013606341e+00   1.5180957768242169e+00   1.2453641717868891e-07
   7.4218750000000000e-02   1.5325441299684253e+00   1.5325440092085525e+00   1.2075987276816136e-07
   8.2031250000000000e-02   1.5342332416499935e+00   1.5342331422627549e+00   9.9387238661208244e-08
   8.9843750000000000e-02   1.5243215419032976e+00   1.5243214722392742e+00   6.9664023438775757e-08
   9.7656250000000000e-02   1.5043845501782747e+00   1.5043845043534054e+00   4.5824869232546916e-08
   1.0546875000000000e-01   1.4763165307145123e+00   1.4763164956288626e+00   3.5085649718880063e-08
   1.1328125000000000e-01   1.4422198191528095e+00   1.4422197872647777e+00   3.1888031770677117e-08
   1.2109375000000000e-01   1.4042905424813015e+00   1.4042905200392359e+00   2.2442065539252098e-08
   1.2890625000000000e-01   1.3647093206759806e+00   1.3647093244883053e+00   3.8123246781651687e-09
   1.3671875000000000e-01   1.3255445559688883e+00   1.3255446007538321e+00   4.4784943753484185e-08
   1.4453125000000000e-01   1.2886740871600000e+00   1.2886741729739564e+00   8.5813956385294432e-08
   1.5234375000000000e-01   1.2557285571421088e+00   1.2557286671612389e+00   1.1001913002850472e-07
   1.6015625000000000e-01   1.2280571474648867e+00   1.2280572572620869e+00   1.0979720022064043e-07
   1.6796875000000000e-01   1.2067137375026795e+00   1.2067138298370814e+00   9.2334401902149921e-08
   1.7578125000000000e-01   1.1924594208689694e+00   1.1924594955662384e+00   7.4697269036860803e-08
   1.8359375000000000e-01   1.1857759441591491e+00   1.1857760160324813e+00   7.1873332174732241e-08
   1.9140625000000000e-01   1.1868842045971080e+00   1.1868842910758948e+00   8.6478786798238616e-08
   1.9921875000000000e-01   1.1957624896709149e+00   1.1957625960428779e+00   1.0637196301566121e-07
   2.0703125000000000e-01   1.2121605382947205e+00   1.2121606514582004e+00   1.1316347992007536e-07
   2.1484375000000000e-01   1.2356075067196002e+00   1.2356076014381010e+00   9.4718500820434315e-08
   2.2265625000000000e-01   1.2654141765677838e+00   1.2654142308771585e+00   5.4309374775129982e-08
   2.3046875000000000e-01   1.3006718767201448e+00   1.3006718853250363e+00   8.6048914660352693e-09
   2.3828125000000000e-01   1.3402522357555413e+00   1.3402522122004825e+00   2.3555058792368300e-08
   2.4609375000000000e-01   1.3828127693149164e+00   1.3828127349321795e+00   3.4382736879834397e-08
   2.5390625000000000e-01   1.4268132737902059e+00   1.4268132415479289e+00   3.2242277070437808e-08
   2.6171875000000000e-01   1.4705470362022488e+00   1.4705470018435691e+00   3.4358679679158399e-08
   2.6953125000000000e-01   1.5121891101819767e+00   1.5121890575097363e+00   5.2672240347106936e-08
   2.7734375000000000e-01   1.5498616056401344e+00   1.5498615208779831e+00   8.4762151297823607e-08
   2.8515625000000000e-01   1.5817134357999334e+00   1.5817133202511675e+00   1.1554876588881768e-07
   2.9296875000000000e-01   1.6060096544839895e+00   1.6060095248868356e+00   1.2959715389726512e-07
   3.0078125000000000e-01   1.6212237471936690e+00   1.6212236240024975e+00   1.2319117148607006e-07
   3.0859375000000000e-01   1.6261252976001641e+00   1.6261251912716719e+00   1.0632849223313201e-07
   3.1640625000000000e-01   1.6198554771880473e+00   1.6198553836858618e+00   9.3502185549709793e-08
   3.2421875000000000e-01   1.6019837898225875e+00   1.6019836991133976e+00   9.0709189937143719e-08
   3.3203125000000000e-01   1.5725412949081450e+00   1.5725412040187630e+00   9.0889382020620246e-08
   3.3984375000000000e-01   1.5320278569381509e+00   1.5320277763062531e+00   8.0631897825256260e-08
   3.4765625000000000e-01   1.4813935013411226e+00   1.4813934479659057e+00   5.3375216912954215e-08
   3.5546875000000000e-01   1.4219963349187401e+00   1.4219963184192612e+00   1.6499478894260733e-08
   3.6328125000000000e-01   1.3555414064535336e+00   1.3555414199534321e+00   1.3499898532387533e-08
   3.7109375000000000e-01   1.2840060921980072e+00   1.2840061165970078e+00   2.4399000597696840e-08
   3.7890625000000000e-01   1.2095579753326320e+00   1.2095579939219627e+00   1.8589330741392018e-08
   3.8671875000000000e-01   1.1344707602267816e+00   1.1344707714617117e+00   1.1234930097359097e-08
   3.9453125000000000e-01   1.0610426721328785e+00   1.0610426897422625e+00   1.7609383951011637e-08
   4.0234375000000000e-01   9.9152029487206750e-01   9.9152033532113570e-01   4.0449068205994365e-08
   4.1015625000000000e-01   9.2802920049691295e-01   9.2802926734032976e-01   6.6843416801631861e-08
   4.1796875000000000e-01   8.7251131828819917e-01   8.7251139683857148e-01   7.8550372317742756e-08
   4.2578125000000000e-01   8.2666802859868738e-01   8.2666809548683484e-01   6.6888147465249403e-08
   4.3359375000000000e-01   7.9190759431881497e-01   7.9190763455860780e-01   4.0239792831187060e-08
   4.4140625000000000e-01   7.6929580706759393e-01   7.6929582496100712e-01   1.7893413195579910e-08
   4.4921875000000000e-01   7.5950955857753655e-01   7.5950957331850544e-01   1.4740968889981332e-08
   4.5703125000000000e-01   7.6279428123121218e-01   7.6279431081139737e-01   2.9580185190170027e-08
   4.6484375000000000e-01   7.7892759407460710e-01   7.7892764012865956e-01   4.6054052460497985e-08
   4.7265625000000000e-01   8.0719275273705382e-01   8.0719279886052808e-01   4.6123474262138586e-08
   4.8046875000000000e-01   8.4636636197232873e-01   8.4636638650321283e-01   2.4530884101814365e-08
   4.8828125000000000e-01   8.9472504314769929e-01   8.9472503593434061e-01   7.2133586881406586e-09
   4.9609375000000000e-01   9.5007523941794325e-01   9.5007520883484164e-01   3.0583101606751484e-08
   5.0390625000000000e-01   1.0098090837595384e+00   1.0098090485820015e+00   3.5177536883423954e-08
   5.1171875000000000e-01   1.0709873634743230e+00   1.0709873369173268e+00   2.6556996157722779e-08
   5.1953125000000000e-01   1.1304482945095626e+00   1.1304482740133945e+00   2.0496168096073575e-08
   5.2734375000000000e-01   1.1849383361714425e+00   1.1849383069459531e+00   2.9225489361905943e-08
   5.3515625000000000e-01   1.2312589228914268e+00   1.2312588719951003e+00   5.0896326486693511e-08
   5.4296875000000000e-01   1.2664210553891668e+00   1.2664209836602358e+00   7.1728931017034370e-08
   5.5078125000000000e-01   1.2877984171352503e+00   1.2877983388474212e+00   7.8287829108347751e-08
   5.5859375000000000e-01   1.2932692353750930e+00   1.2932691666535094e+00   6.8721583534880892e-08
   5.6640625000000000e-01   1.2813375520074093e+00   1.2813374984002426e+00   5.3607166705660347e-08
   5.7421875000000000e-01   1.2512258537819481e+00   1.2512258082000323e+00   4.5581915797399120e-08
   5.8203125000000000e-01   1.2029329820799926e+00   1.2029329340892223e+00   4.7990770246642001e-08
   5.8984375000000000e-01   1.1372536659818091e+00   1.1372536136862306e+00   5.2295578534256038e-08
   5.9765625000000000e-01   1.0557586429604204e+00   1.0557585961247495e+00   4.6835670897138471e-08
   6.0546875000000000e-01   9.6073688738008500e-01   9.6073685913673490e-01   2.8243350103096532e-08
   6.1328125000000000e-01   8.5510373746110924e-01   8.5510373225807301e-01   5.2030362240884642e-09
   6.2109375000000000e-01   7.4228051842065845e-01   7.4228052713257042e-01   8.7119119696055236e-09
   6.2890625000000000e-01   6.2605249420670894e-01   6.2605250101387866e-01   6.8071697167937373e-09
   6.3671875000000000e-01   5.1041261092169166e-01   5.1041260562203861e-01   5.2996530497395611e-09
   6.4453125000000000e-01   3.9939856285331388e-01   3.9939854796646296e-01   1.4886850918660599e-08
   6.5234375000000000e-01   2.9693032773153755e-01   2.9693031441287215e-01   1.3318665392780815e-08
   6.6015625000000000e-01   2.0665462093699286e-01   2.0665461798005519e-01   2.9569376669424940e-09
   6.6796875000000000e-01   1.3180185626576635e-01   1.3180186244334136e-01   6.1775750070935942e-09
   6.7578125000000000e-01   7.5060294833338342e-02   7.5060301168157248e-02   6.3348189055512094e-09
   6.8359375000000000e-01   3.8471198362291320e-02   3.8471197452800796e-02   9.0949052455879809e-10
   6.9140625000000000e-01   2.3348025635544431e-02   2.3348018732789796e-02   6.9027546352462554e-09
   6.9921875000000000e-01   3.0222033104433253e-02   3.0222028163470131e-02   4.9409631212860017e-09
   7.0703125000000000e-01   5.8816042013556682e-02   5.8816044803896218e-02   2.7903395358186422e-09
   7.1484375000000000e-01   1.0804756474164133e-01   1.0804757191478023e-01   7.1731389023055314e-09
   7.2265625000000000e-01   1.7606187205376198e-01   1.7606187320858696e-01   1.1548249856385695e-09
   7.3046875000000000e-01   2.6029485672723696e-01   2.6029484376740658e-01   1.2959830375525172e-08
   7.3828125000000000e-01   3.5756465306024993e-01   3.5756462801998129e-01   2.5040268636367102e-08
   7.4609375000000000e-01   4.6418989025854551e-01   4.6418986373895782e-01   2.6519587692508395e-08
   8.7890625000000000e-01   7.8263977529784168e-01   7.8263977200166146e-01   3.2961802176600941e-09
   8.8671875000000000e-01   7.0165720942036869e-01   7.0165720164060330e-01   7.7797653874611683e-09
   8.9453125000000000e-01   6.2603595199305229e-01   6.2603594638499915e-01   5.6080531329882888e-09
   9.0234375000000000e-01   5.5907180421838798e-01   5.5907181212952495e-01   7.9111369677420385e-09
   9.1015625000000000e-01   5.0361906973537585e-01   5.0361909929148141e-01   2.9556105562988932e-08
   9.1796875000000000e-01   4.6199873730483537e-01   4.6199878860194843e-01   5.1297113057291455e-08
   9.2578125000000000e-01   4.3593487784801310e-01   4.3593494328652754e-01   6.5438514440518958e-08
   9.3359375000000000e-01   4.2651878831874696e-01   4.2651885609202744e-01   6.7773280487681831e-08
   9.4140625000000000e-01   4.3419893944581517e-01   4.3419899806095485e-01   5.8615139686413187e-08
   9.4921875000000000e-01   4.5879382827723586e-01   4.5879387038422931e-01   4.2106993447532659e-08
   9.5703125000000000e-01   4.9952442300605848e-01   4.9952444822059983e-01   2.5214541343743235e-08
   9.6484375000000000e-01   5.5506296479451667e-01   5.5506297971890817e-01   1.4924391500414913e-08
   9.7265625000000000e-01   6.2359532150108521e-01   6.2359533587733618e-01   1.4376250967451654e-08
   9.8046875000000000e-01   7.0289469896203061e-01   7.0289471839981388e-01   1.9437783271847309e-08
   9.8828125000000000e-01   7.9040510494591365e-01   7.9040512490169479e-01   1.9955781138669693e-08
   9.9609375000000000e-01   8.8333335383361078e-01   8.8333335990630801e-01   6.0726972339608665e-09
   7.5390625000000000e-01   5.7613121722006544e-01   5.7613119838645332e-01   1.8833612114299569e-08
   7.6171875000000000e-01   6.8915140594892754e-01   6.8915139303061701e-01   1.2918310532405997e-08
   7.6953125000000000e-01   7.9898801768401928e-01   7.9898799819371813e-01   1.9490301150781875e-08
   7.7734375000000000e-01   9.0153142300714439e-01   9.0153138363964969e-01   3.9367494708564266e-08
   7.8515625000000000e-01   9.9300003634645173e-01   9.9299997423340280e-01   6.2113048926448755e-08
   7.9296875000000000e-01   1.0701041032221141e+00   1.0701040284235037e+00   7.4798610416593192e-08
   8.0078125000000000e-01   1.1301893873915820e+00   1.1301893144588462e+00   7.2932735850628205e-08
   8.0859375000000000e-01   1.1713527340144210e+00   1.1713526703997013e+00   6.3614719714166768e-08
   8.1640625000000000e-01   1.1925227568625525e+00   1.1925226982128256e+00   5.8649726852877393e-08
   8.2421875000000000e-01   1.1935007564505251e+00   1.1935006930931964e+00   6.3357328716762140e-08
   8.3203125000000000e-01   1.1749593030480565e+00   1.1749592310413675e+00   7.2006689055825746e-08
   8.3984375000000000e-01   1.1383985268217878e+00   1.1383984538367455e+00   7.2985042232076580e-08
   8.4765625000000000e-01   1.0860628391584575e+00   1.0860627796473274e+00   5.9511130023892633e-08
   8.5546875000000000e-01   1.0208233238039310e+00   1.0208232881111237e+00   3.5692807376364044e-08
   8.6328125000000000e-01   9.4603316064588139e-01   9.4603314733272958e-01   1.3313151803195922e-08
   8.7109375000000000e-01   8.6536497238809162e-01   8.6536497004066160e-01   2.3474300281378646e-09
