#                  Coord.                Numerical               Analytical                    Error
   3.9062500000000000e-03   4.2414959860682072e-01   4.2414958480105408e-01   1.3805766641006301e-08
   1.1718750000000000e-02   5.1534119853434279e-01   5.1534119450994043e-01   4.0244023669089302e-09
   1.9531250000000000e-02   5.7386933332810808e-01   5.7386934071453144e-01   7.3864233618436970e-09
   2.7343750000000000e-02   6.0967335529026601e-01   6.0967337265545807e-01   1.7365192062079871e-08
   3.5156250000000000e-02   6.3070645351383681e-01   6.3070647652423628e-01   2.3010399474721055e-08
   4.2968750000000000e-02   6.3999492419003001e-01   6.3999494672088308e-01   2.2530853072133539e-08
   5.0781250000000000e-02   6.3437097269599785e-01   6.3437098848133766e-01   1.5785339813056964e-08
   5.8593750000000000e-02   6.0516579218869149e-01   6.0516579665270565e-01   4.4640141583229820e-09
   6.6406250000000000e-02   5.4068313356148667e-01   5.4068312517857520e-01   8.3829114760902712e-09
   7.4218750000000000e-02   4.2985827309223368e-01   4.2985825394328681e-01   1.9148946872604711e-08
   8.2031250000000000e-02   2.6623362117396970e-01   2.6623359643187672e-01   2.4742092985530206e-08
   8.9843750000000000e-02   5.1306214291507647e-02   5.1306190826313811e-02   2.3465193836613718e-08
   9.7656250000000000e-02  -2.0356564831742519e-01  -2.0356566391875985e-01   1.5601334668602362e-08
   1.0546875000000000e-01  -4.7720496686555053e-01  -4.7720497020329861e-01   3.3377480779250845e-09
   1.1328125000000000e-01  -7.4071080269090372e-01  -7.4071079288002362e-01   9.8108801083185426e-09
   1.2109375000000000e-01  -9.6129130198946411e-01  -9.6129128190586266e-01   2.0083601448561694e-08
   1.2890625000000000e-01  -1.1071789140991475e+00  -1.1071788895826897e+00   2.4516457752810084e-08
   1.3671875000000000e-01  -1.1527691410902912e+00  -1.1527691191976048e+00   2.1892686330460265e-08
   1.4453125000000000e-01  -1.0830918528642242e+00  -1.0830918398437337e+00   1.3020490463588885e-08
   1.5234375000000000e-01  -8.9685557824207418e-01  -8.9685557763682389e-01   6.0525029432767496e-10
   1.6015625000000000e-01  -6.0756171282275506e-01  -6.0756172448409695e-01   1.1661341892121868e-08
   1.6796875000000000e-01  -2.4250896688509668e-01  -2.4250898704066262e-01   2.0155565938484443e-08
   1.7578125000000000e-01   1.6016444034322863e-01   1.6016441787227501e-01   2.2470953625619572e-08
   1.8359375000000000e-01   5.5597628919760156e-01   5.5597627114371806e-01   1.8053883499291601e-08
   1.9140625000000000e-01   8.9951761767961846e-01   8.9951760926836388e-01   8.4112545817305318e-09
   1.9921875000000000e-01   1.1500839465111228e+00   1.1500839499573003e+00   3.4461775655358906e-09
   2.0703125000000000e-01   1.2768156087219238e+00   1.2768156226116094e+00   1.3889685623880155e-08
   2.1484375000000000e-01   1.2627231995658432e+00   1.2627232194093254e+00   1.9843482190751160e-08
   2.2265625000000000e-01   1.1071121524587524e+00   1.1071121720927781e+00   1.9634025738568539e-08
   2.3046875000000000e-01   8.2609684396145255e-01   8.2609685747265282e-01   1.3511200269711310e-08
   2.3828125000000000e-01   4.5109554369221905e-01   4.5109554716546135e-01   3.4732423048744465e-09
   2.4609375000000000e-01   2.5412640112202345e-02   2.5412632765787469e-02   7.3464148757362846e-09
   2.5390625000000000e-01  -4.0076677618375550e-01  -4.0076679188551539e-01   1.5701759892294831e-08
   2.6171875000000000e-01  -7.7643818072827575e-01  -7.7643819992325946e-01   1.9194983713610725e-08
   2.6953125000000000e-01  -1.0561909998315124e+00  -1.0561910167252391e+00   1.6893726639821693e-08
   2.7734375000000000e-01  -1.2061622504959679e+00  -1.2061622601740685e+00   9.6781005431978429e-09
   2.8515625000000000e-01  -1.2087043159564754e+00  -1.2087043157381865e+00   2.1828894247732933e-10
   2.9296875000000000e-01  -1.0650431277460743e+00  -1.0650431179276780e+00   9.8183963181952549e-09
   3.0078125000000000e-01  -7.9542863759533378e-01  -7.9542862118670332e-01   1.6408630454378681e-08
   3.0859375000000000e-01  -4.3661189808311768e-01  -4.3661187989266975e-01   1.8190447925725550e-08
   3.1640625000000000e-01  -3.6881003912193483e-02  -3.6880989058095788e-02   1.4854097694916302e-08
   3.2421875000000000e-01   3.5071045174184945e-01   3.5071045922535143e-01   7.4835019847618867e-09
   3.3203125000000000e-01   6.7595634352173661e-01   6.7595634180781339e-01   1.7139232255658499e-09
   3.3984375000000000e-01   8.9879147515685021e-01   8.9879146495765672e-01   1.0199193489768277e-08
   3.4765625000000000e-01   9.9509656620267051e-01   9.9509655049379220e-01   1.5708878309261820e-08
   3.5546875000000000e-01   9.6004195256594305e-01   9.6004193560254569e-01   1.6963397353464416e-08
   3.6328125000000000e-01   8.0837625945783931e-01   8.0837624563733113e-01   1.3820508182327274e-08
   3.7109375000000000e-01   5.7156952235690328e-01   5.7156951502196074e-01   7.3349425422364334e-09
   3.7890625000000000e-01   2.9226066847329329e-01   2.9226066923766292e-01   7.6436962315185042e-10
   3.8671875000000000e-01   1.6937762567620068e-02   1.6937770998899402e-02   8.4312793344198944e-09
   3.9453125000000000e-01  -2.1189609737175591e-01  -2.1189608354716372e-01   1.3824592193234508e-08
   4.0234375000000000e-01  -3.6271399397365300e-01  -3.6271397815510170e-01   1.5818551302171358e-08
   4.1015625000000000e-01  -4.1989792092193490e-01  -4.1989790680709294e-01   1.4114841961898605e-08
   4.1796875000000000e-01  -3.8576408489337205e-01  -3.8576407561167342e-01   9.2816986319022021e-09
   4.2578125000000000e-01  -2.7935828090298365e-01  -2.7935827840559080e-01   2.4973928480775953e-09
   4.3359375000000000e-01  -1.3228744103133974e-01  -1.3228744573700235e-01   4.7056626095720588e-09
   4.4140625000000000e-01   1.7607230265589892e-02   1.7607219465057371e-02   1.0800532520421902e-08
   4.4921875000000000e-01   1.3354335217393640e-01   1.3354333763823381e-01   1.4535702586027099e-08
   4.5703125000000000e-01   1.8670456842384922e-01   1.8670455323756144e-01   1.5186287782853469e-08
   4.6484375000000000e-01   1.6150658243548291e-01   1.6150656980575412e-01   1.2629728790569672e-08
   4.7265625000000000e-01   5.8299594208177888e-02   5.8299586828924110e-02   7.3792537774730604e-09
   4.8046875000000000e-01  -1.0691417144351520e-01  -1.0691417190739880e-01   4.6388359820070946e-10
   4.8828125000000000e-01  -3.0560058490716668e-01  -3.0560057819513176e-01   6.7120349278582125e-09
   4.9609375000000000e-01  -5.0198124241077446e-01  -5.0198122974623127e-01   1.2664543191931443e-08
   5.0390625000000000e-01  -6.5944316485614607e-01  -6.5944314879508326e-01   1.6061062813044202e-08
   5.1171875000000000e-01  -7.4686680208097656e-01  -7.4686678600757195e-01   1.6073404607297448e-08
   5.1953125000000000e-01  -7.4375002812822477e-01  -7.4375001569097188e-01   1.2437252894237361e-08
   5.2734375000000000e-01  -6.4329929603672387e-01  -6.4329929021834131e-01   5.8183825535351730e-09
   5.3515625000000000e-01  -4.5309365125770845e-01  -4.5309365372597321e-01   2.4682647592477736e-09
   5.4296875000000000e-01  -1.9340545431547324e-01  -1.9340546483836416e-01   1.0522890919739680e-08
   5.5078125000000000e-01   1.0631803959015966e-01   1.0631802313722657e-01   1.6452933085386867e-08
   5.5859375000000000e-01   4.1202837646641555e-01   4.1202835780554753e-01   1.8660868017494892e-08
   5.6640625000000000e-01   6.8982808184459299e-01   6.8982806539676444e-01   1.6447828543597609e-08
   5.7421875000000000e-01   9.1011944239244924e-01   9.1011943231250081e-01   1.0079948431496177e-08
   5.8203125000000000e-01   1.0506090462492512e+00   1.0506090452728942e+00   9.7635699525255859e-10
   5.8984375000000000e-01   1.0979424496052206e+00   1.0979424583474946e+00   8.7422740158160650e-09
   5.9765625000000000e-01   1.0480499529153651e+00   1.0480499695017278e+00   1.6586362727721848e-08
   6.0546875000000000e-01   9.0551000938165904e-01   9.0551002991142526e-01   2.0529766220356294e-08
   6.1328125000000000e-01   6.8233662437053366e-01   6.8233664376706271e-01   1.9396529049586775e-08
   6.2109375000000000e-01   3.9656401627388937e-01   3.9656402965667870e-01   1.3382789321170208e-08
   6.2890625000000000e-01   7.0865422010877699e-02   7.0865425848462310e-02   3.8375846111993184e-09
   6.3671875000000000e-01  -2.6874055432057725e-01  -2.6874056118442136e-01   6.8638441041990461e-09
   6.4453125000000000e-01  -5.9420732334959903e-01  -5.9420733928689906e-01   1.5937300035240298e-08
   6.5234375000000000e-01  -8.7700182268654014e-01  -8.7700184378228585e-01   2.1095745705856928e-08
   6.6015625000000000e-01  -1.0900523167766789e+00  -1.0900523377924747e+00   2.1015795770296108e-08
   6.6796875000000000e-01  -1.2101606688235427e+00  -1.2101606846025441e+00   1.5779001438787077e-08
   6.7578125000000000e-01  -1.2207419180640253e+00  -1.2207419248103255e+00   6.7463001851564286e-09
   6.8359375000000000e-01  -1.1145447153493442e+00  -1.1145447116197853e+00   3.7295588839469929e-09
   6.9140625000000000e-01  -8.9584782762873705e-01  -8.9584781461790897e-01   1.3010828081583270e-08
   6.9921875000000000e-01  -5.8157526616759248e-01  -5.8157524734559629e-01   1.8821996183859824e-08
   7.0703125000000000e-01  -2.0085550428498405e-01  -2.0085548437493722e-01   1.9910046833437889e-08
   7.1484375000000000e-01   2.0723457620373600e-01   2.0723459246307302e-01   1.6259337015656072e-08
   7.2265625000000000e-01   5.9768936714975185e-01   5.9768937623220375e-01   9.0824519016763361e-09
   7.3046875000000000e-01   9.2496083095280790e-01   9.2496083130935347e-01   3.5654557084541239e-10
   7.3828125000000000e-01   1.1490072366751634e+00   1.1490072289849391e+00   7.6902242351906125e-09
   7.4609375000000000e-01   1.2410987275199648e+00   1.2410987142746823e+00   1.3245282426410654e-08
   8.7890625000000000e-01   8.5078310201427110e-01   8.5078309522395545e-01   6.7903156431015077e-09
   8.8671875000000000e-01   7.5818488638803261e-01   7.5818487771616572e-01   8.6718668912411090e-09
   8.9453125000000000e-01   5.5099328997540153e-01   5.5099328075669551e-01   9.2187060207749028e-09
   9.0234375000000000e-01   2.6247748501989221e-01   2.6247747721902298e-01   7.8008692283582093e-09
   9.1015625000000000e-01  -6.3420337919372405e-02  -6.3420342068509744e-02   4.1491373392599229e-09
   9.1796875000000000e-01  -3.7936873072360910e-01  -3.7936872944721445e-01   1.2763946566352047e-09
   9.2578125000000000e-01  -6.4215870290317034e-01  -6.4215869549428306e-01   7.4088872814570550e-09
   9.3359375000000000e-01  -8.1914967643161196e-01  -8.1914966378151377e-01   1.2650098191180348e-08
   9.4140625000000000e-01  -8.9257824888258708e-01  -8.9257823344040121e-01   1.5442185863356883e-08
   9.4921875000000000e-01  -8.6107868630502382e-01  -8.6107867169995700e-01   1.4605066822603874e-08
   9.5703125000000000e-01  -7.3830149212480933e-01  -7.3830148222578063e-01   9.8990287078493111e-09
   9.6484375000000000e-01  -5.4906503044316990e-01  -5.4906502836706594e-01   2.0761039554173522e-09
   9.7265625000000000e-01  -3.2392569301285862e-01  -3.2392570005395571e-01   7.0410970942624829e-09
   9.8046875000000000e-01  -9.3314597553766684e-02  -9.3314612669750885e-02   1.5115984200453347e-08
   9.8828125000000000e-01   1.1758774669451853e-01   1.1758772692796071e-01   1.9766557821099262e-08
   9.9609375000000000e-01   2.9228379003077953e-01   2.9228377057715377e-01   1.9453625765830651e-08
   7.5390625000000000e-01   1.1884262168727553e+00   1.1884262016116118e+00   1.5261143460065796e-08
   7.6171875000000000e-01   9.9668390294691367e-01   9.9668388922399265e-01   1.3722921021752654e-08
   7.6953125000000000e-01   6.9007620566090833e-01   6.9007619617099714e-01   9.4899111902080335e-09
   7.7734375000000000e-01   3.0859236713583316e-01   3.0859236317221150e-01   3.9636216531135915e-09
   7.8515625000000000e-01  -9.7169513633061769e-02  -9.7169512242316250e-02   1.3907455187478490e-09
   7.9296875000000000e-01  -4.7293730003106599e-01  -4.7293729459075712e-01   5.4403088700638591e-09
   8.0078125000000000e-01  -7.6845587350122335e-01  -7.6845586586818215e-01   7.6330411991065716e-09
   8.0859375000000000e-01  -9.4477442825238989e-01  -9.4477442024216884e-01   8.0102210420207598e-09
   8.1640625000000000e-01  -9.7999601090428079e-01  -9.7999600382767904e-01   7.0766017490342392e-09
   8.2421875000000000e-01  -8.7256527723328603e-01  -8.7256527173080123e-01   5.5024848011342442e-09
   8.3203125000000000e-01  -6.4153541072861853e-01  -6.4153540687299293e-01   3.8556255965715991e-09
   8.3984375000000000e-01  -3.2372060809558045e-01  -3.2372060569872096e-01   2.3968594886625283e-09
   8.4765625000000000e-01   3.1865889232540912e-02   3.1865890314532561e-02   1.0819916490545367e-09
   8.5546875000000000e-01   3.7144618972193622e-01   3.7144618936694540e-01   3.5499081452172732e-10
   8.6328125000000000e-01   6.4462661857896086e-01   6.4462661641095798e-01   2.1680028883253044e-09
   8.7109375000000000e-01   8.1197041460324404e-01   8.1197041018359639e-01   4.4196476478575164e-09
