#                  Coord.                Numerical               Analytical                    Error
   3.9062500000000000e-03   8.6611895729378652e-01   8.6611898010499244e-01   2.2811205924178068e-08
   1.1718750000000000e-02   6.3964208333056771e-01   6.3964210736176108e-01   2.4031193368578840e-08
   1.9531250000000000e-02   3.8478287374417713e-01   3.8478289221524209e-01   1.8471064955338790e-08
   2.7343750000000000e-02   1.3374149178921590e-01   1.3374150019971387e-01   8.4104979647392497e-09
   3.5156250000000000e-02  -8.8148530312328041e-02  -8.8148533045999650e-02   2.7336716085235579e-09
   4.2968750000000000e-02  -2.6516434423185120e-01  -2.6516435576360214e-01   1.1531750943039043e-08
   5.0781250000000000e-02  -3.9179195696709063e-01  -3.9179197263597965e-01   1.5668889019604393e-08
   5.8593750000000000e-02  -4.7128785671221213e-01  -4.7128787127461141e-01   1.4562399286432992e-08
   6.6406250000000000e-02  -5.1269494569714313e-01  -5.1269495511408003e-01   9.4169368969332368e-09
   7.4218750000000000e-02  -5.2707306474259108e-01  -5.2707306737606163e-01   2.6334705527375490e-09
   8.2031250000000000e-02  -5.2381738172897618e-01  -5.2381737861213429e-01   3.1168418956895039e-09
   8.9843750000000000e-02  -5.0787913680558594e-01  -5.0787913090565640e-01   5.8999295449169153e-09
   9.7656250000000000e-02  -4.7848775874895155e-01  -4.7848775358165646e-01   5.1672950918124627e-09
   1.0546875000000000e-01  -4.2964337735310959e-01  -4.2964337546972187e-01   1.8833877235557850e-09
   1.1328125000000000e-01  -3.5226634184126288e-01  -3.5226634379021221e-01   1.9489493352509157e-09
   1.2109375000000000e-01  -2.3752732676030003e-01  -2.3752733088723213e-01   4.1269321016113025e-09
   1.2890625000000000e-01  -8.0607625195961416e-02  -8.0607628363470740e-02   3.1675093242755636e-09
   1.3671875000000000e-01   1.1599025191802510e-01   1.1599025297229680e-01   1.0542716977202105e-09
   1.4453125000000000e-01   3.4041576845516797e-01   3.4041577556374225e-01   7.1085742847643019e-09
   1.5234375000000000e-01   5.7134137097679338e-01   5.7134138355831998e-01   1.2581526598332005e-08
   1.6015625000000000e-01   7.7998563221731865e-01   7.7998564706102513e-01   1.4843706486189490e-08
   1.6796875000000000e-01   9.3410767091527169e-01   9.3410768307222858e-01   1.2156956885611692e-08
   1.7578125000000000e-01   1.0033646196389614e+00   1.0033646240089662e+00   4.3700048024675198e-09
   1.8359375000000000e-01   9.6509153654337354e-01   9.6509152978847101e-01   6.7549025262181317e-09
   1.9140625000000000e-01   8.0939937279973606e-01   8.0939935475505831e-01   1.8044677752016014e-08
   1.9921875000000000e-01   5.4253517893215297e-01   5.4253515313362666e-01   2.5798526315234938e-08
   2.0703125000000000e-01   1.8771234137475998e-01   1.8771231430160523e-01   2.7073154745815842e-08
   2.1484375000000000e-01  -2.1694439666360910e-01  -2.1694441730750275e-01   2.0643893650085232e-08
   2.2265625000000000e-01  -6.2316391473437638e-01  -6.2316392235536788e-01   7.6209915045311050e-09
   2.3046875000000000e-01  -9.7930759324994610e-01  -9.7930758442143240e-01   8.8285136978782930e-09
   2.3828125000000000e-01  -1.2380600104740733e+00  -1.2380599862393058e+00   2.4234767526110090e-08
   2.4609375000000000e-01  -1.3637234441117645e+00  -1.3637234099002256e+00   3.4211538935124963e-08
   2.5390625000000000e-01  -1.3378482874996918e+00  -1.3378482518662453e+00   3.5633446415772596e-08
   2.6171875000000000e-01  -1.1622137370526002e+00  -1.1622137092929277e+00   2.7759672560634385e-08
   2.6953125000000000e-01  -8.5864354281985467e-01  -8.5864353044383723e-01   1.2376017433091135e-08
   2.7734375000000000e-01  -4.6570736820226588e-01  -4.6570737477009688e-01   6.5678310012806662e-09
   2.8515625000000000e-01  -3.2907308519831424e-02  -3.2907332669473870e-02   2.4149642445514541e-08
   2.9296875000000000e-01   3.8662588109369311e-01   3.8662584535617966e-01   3.5737513448541591e-08
   3.0078125000000000e-01   7.4368099239037777e-01   7.4368095402512713e-01   3.8365250643046522e-08
   3.0859375000000000e-01   9.9953131036011800e-01   9.9953127893461380e-01   3.1425504198878684e-08
   3.1640625000000000e-01   1.1305317764821003e+00   1.1305317595865982e+00   1.6895502108482674e-08
   3.2421875000000000e-01   1.1301722397395195e+00   1.1301722411366359e+00   1.3971164225523580e-09
   3.3203125000000000e-01   1.0084938679958650e+00   1.0084938867495179e+00   1.8753652852865343e-08
   3.3984375000000000e-01   7.8923357188061571e-01   7.8923360285433453e-01   3.0973718811999618e-08
   3.4765625000000000e-01   5.0540562321429294e-01   5.0540565850403441e-01   3.5289741462385393e-08
   3.5546875000000000e-01   1.9420286607948811e-01   1.9420289718412462e-01   3.1104636505352445e-08
   3.6328125000000000e-01  -1.0791482283775174e-01  -1.0791480295716199e-01   1.9880589743892507e-08
   3.7109375000000000e-01  -3.6925515309934731e-01  -3.6925514836351969e-01   4.7358276189513049e-09
   3.7890625000000000e-01  -5.6564497354162813e-01  -5.6564498413170328e-01   1.0590075150140876e-08
   3.8671875000000000e-01  -6.8180648583821557e-01  -6.8180650840404133e-01   2.2565825763543046e-08
   3.9453125000000000e-01  -7.1153584168319628e-01  -7.1153587033695220e-01   2.8653755923535584e-08
   4.0234375000000000e-01  -6.5703187772184413e-01  -6.5703190568034531e-01   2.7958501180869177e-08
   4.1015625000000000e-01  -5.2776676488379326e-01  -5.2776678600904392e-01   2.1125250659892458e-08
   4.1796875000000000e-01  -3.3921659228915257e-01  -3.3921660243183555e-01   1.0142682971281403e-08
   4.2578125000000000e-01  -1.1161671999691743e-01  -1.1161671766473412e-01   2.3321833075851117e-09
   4.3359375000000000e-01   1.3126871492613429e-01   1.3126872844470283e-01   1.3518568542369991e-08
   4.4140625000000000e-01   3.6351105088429453e-01   3.6351107206048772e-01   2.1176193187866232e-08
   4.4921875000000000e-01   5.5871461296447511e-01   5.5871463686877154e-01   2.3904296431176419e-08
   4.5703125000000000e-01   6.9219091235920305e-01   6.9219093378163410e-01   2.1422431051298929e-08
   4.6484375000000000e-01   7.4359921611088875e-01   7.4359923057545263e-01   1.4464563879990067e-08
   4.7265625000000000e-01   6.9983190587103539e-01   6.9983191054236282e-01   4.6713274359788670e-09
   4.8046875000000000e-01   5.5771506133726234e-01   5.5771505547256295e-01   5.8646993927879976e-09
   4.8828125000000000e-01   3.2595616989744425e-01   3.2595615498582120e-01   1.4911623047453304e-08
   4.9609375000000000e-01   2.5755940322133550e-02   2.5755919705224287e-02   2.0616909263138083e-08
   5.0390625000000000e-01  -3.1036327896677257e-01  -3.1036330069175827e-01   2.1724985699300703e-08
   5.1171875000000000e-01  -6.4168378927807712e-01  -6.4168380728160990e-01   1.8003532775701103e-08
   5.1953125000000000e-01  -9.2417507658476561e-01  -9.2417508676959903e-01   1.0184833421078565e-08
   5.2734375000000000e-01  -1.1165464926439794e+00  -1.1165464926266793e+00   1.7300161303523964e-11
   5.3515625000000000e-01  -1.1865665511883199e+00  -1.1865665408248238e+00   1.0363496061316368e-08
   5.4296875000000000e-01  -1.1165780642540570e+00  -1.1165780458139640e+00   1.8440093008109670e-08
   5.5078125000000000e-01  -9.0717349778842649e-01  -9.0717347546787852e-01   2.2320547965470894e-08
   5.5859375000000000e-01  -5.7824275876613673e-01  -5.7824273783654845e-01   2.0929588284701595e-08
   5.6640625000000000e-01  -1.6702963716554370e-01  -1.6702962268312824e-01   1.4482415461314346e-08
   5.7421875000000000e-01   2.7664401843332032e-01   2.7664402280169548e-01   4.3683751616008237e-09
   5.8203125000000000e-01   6.9730801040688384e-01   6.9730800340158938e-01   7.0052944556309171e-09
   5.8984375000000000e-01   1.0418386760168103e+00   1.0418386591294397e+00   1.6887370613005714e-08
   5.9765625000000000e-01   1.2672140517537542e+00   1.2672140290234724e+00   2.2730281878935443e-08
   6.0546875000000000e-01   1.3467483693795659e+00   1.3467483463964876e+00   2.2983078329374962e-08
   6.1328125000000000e-01   1.2737856017260327e+00   1.2737855843214092e+00   1.7404623520178575e-08
   6.2109375000000000e-01   1.0622773568051533e+00   1.0622773494894273e+00   7.3157260249701039e-09
   6.2890625000000000e-01   7.4421246768380545e-01   7.4421247251859146e-01   4.8347860159836387e-09
   6.3671875000000000e-01   3.6439872799201306e-01   3.6439874393449118e-01   1.5942478115427150e-08
   6.4453125000000000e-01  -2.6478269441610709e-02  -2.6478246449320890e-02   2.2992289818585254e-08
   6.5234375000000000e-01  -3.7935168706400829e-01  -3.7935166297668843e-01   2.4087319860921497e-08
   6.6015625000000000e-01  -6.5363075814907767e-01  -6.5363073936505189e-01   1.8784025779261526e-08
   6.6796875000000000e-01  -8.2240201931146439e-01  -8.2240201088411613e-01   8.4273482636731956e-09
   6.7578125000000000e-01  -8.7529166367699107e-01  -8.7529166797244440e-01   4.2954533263639405e-09
   6.8359375000000000e-01  -8.1872329825718293e-01  -8.1872331417192834e-01   1.5914745410405828e-08
   6.9140625000000000e-01  -6.7372515946362599e-01  -6.7372518270798454e-01   2.3244358549057154e-08
   6.9921875000000000e-01  -4.7179281994114131e-01  -4.7179284408823519e-01   2.4147093879989256e-08
   7.0703125000000000e-01  -2.4954949714809618e-01  -2.4954951544201959e-01   1.8293923403911450e-08
   7.1484375000000000e-01  -4.3046254826982974e-02  -4.3046262032414094e-02   7.2054311198166410e-09
   7.2265625000000000e-01   1.1748468889918372e-01   1.1748469489395259e-01   5.9947688757500117e-09
   7.3046875000000000e-01   2.1174252389356926e-01   2.1174254145145316e-01   1.7557883896790472e-08
   7.3828125000000000e-01   2.3185493082648639e-01   2.3185495489302613e-01   2.4066539733302861e-08
   7.4609375000000000e-01   1.8301001011126458e-01   1.8301003367222771e-01   2.3560963124946710e-08
   8.7890625000000000e-01  -5.6457213591532690e-02  -5.6457242808736721e-02   2.9217204031151134e-08
   8.8671875000000000e-01  -4.6457900390703644e-01  -4.6457902375568094e-01   1.9848644505771063e-08
   8.9453125000000000e-01  -8.4334967446602493e-01  -8.4334967897195778e-01   4.5059328490637540e-09
   9.0234375000000000e-01  -1.1418042508348176e+00  -1.1418042385212510e+00   1.2313566610799853e-08
   9.1015625000000000e-01  -1.3186861641897882e+00  -1.3186861385274029e+00   2.5662385327862580e-08
   9.1796875000000000e-01  -1.3488396704882106e+00  -1.3488396388744333e+00   3.1613777373706853e-08
   9.2578125000000000e-01  -1.2271168891070254e+00  -1.2271168606350169e+00   2.8472008528623860e-08
   9.3359375000000000e-01  -9.6912874801334647e-01  -9.6912873078708894e-01   1.7226257531532951e-08
   9.4140625000000000e-01  -6.0872195989504008e-01  -6.0872195862511302e-01   1.2699270524052508e-09
   9.4921875000000000e-01  -1.9263927447611492e-01  -1.9263928917707232e-01   1.4700957395863412e-08
   9.5703125000000000e-01   2.2669283329506157e-01   2.2669280723027815e-01   2.6064783414936343e-08
   9.6484375000000000e-01   5.9899836520238048e-01   5.9899833550111647e-01   2.9701264003811900e-08
   9.7265625000000000e-01   8.8328613919230148e-01   8.8328611435280313e-01   2.4839498347084543e-08
   9.8046875000000000e-01   1.0531342490299820e+00   1.0531342357578410e+00   1.3272140941822386e-08
   9.8828125000000000e-01   1.0993488053990903e+00   1.0993488067333705e+00   1.3342802418492283e-09
   9.9609375000000000e-01   1.0297195556946050e+00   1.0297195702860136e+00   1.4591408525888028e-08
   7.5390625000000000e-01   8.2208417680533816e-02   8.2208433696688399e-02   1.6016154583131659e-08
   7.6171875000000000e-01  -4.4660032633252890e-02  -4.4660029105021065e-02   3.5282318247564781e-09
   7.6953125000000000e-01  -1.6702038626740889e-01  -1.6702039649667846e-01   1.0229269570283250e-08
   7.7734375000000000e-01  -2.5454887170416512e-01  -2.5454889285621080e-01   2.1152045670547182e-08
   7.8515625000000000e-01  -2.8218736414553475e-01  -2.8218738996908316e-01   2.5823548410741637e-08
   7.9296875000000000e-01  -2.3453730666771763e-01  -2.3453732934953311e-01   2.2681815481373491e-08
   8.0078125000000000e-01  -1.0896715754267658e-01  -1.0896717000689932e-01   1.2464222737262887e-08
   8.0859375000000000e-01   8.3109464440994124e-02   8.3109466314764471e-02   1.8737703472160305e-09
   8.1640625000000000e-01   3.1711116802223760e-01   3.1711118410366956e-01   1.6081431963854698e-08
   8.2421875000000000e-01   5.5835140793439331e-01   5.5835143371713680e-01   2.5782743495739169e-08
   8.3203125000000000e-01   7.6697337583415570e-01   7.6697340372457712e-01   2.7890421416820743e-08
   8.3984375000000000e-01   9.0410777417851718e-01   9.0410779569196087e-01   2.1513443693166323e-08
   8.4765625000000000e-01   9.3833694374873333e-01   9.3833695213676294e-01   8.3880296042337932e-09
   8.5546875000000000e-01   8.5141203256102993e-01   8.5141202487164047e-01   7.6893894584983968e-09
   8.6328125000000000e-01   6.4220762684734756e-01   6.4220760495581630e-01   2.1891531254425445e-08
   8.7109375000000000e-01   3.2812456668006129e-01   3.2812453675219172e-01   2.9927869571455545e-08
