#                  Coord.                Numerical               Analytical                    Error
   3.9062500000000000e-03   3.2354343888700310e-01   3.2354341433611039e-01   2.4550892707697614e-08
   1.1718750000000000e-02   2.3242268152758469e-01   2.3242266176563084e-01   1.9761953851116232e-08
   1.9531250000000000e-02   1.5503539798665986e-01   1.5503538101248604e-01   1.6974173816519667e-08
   2.7343750000000000e-02   9.3672635556279416e-02   9.3672618469686220e-02   1.7086593195880795e-08
   3.5156250000000000e-02   5.0246132384955816e-02   5.0246116408597774e-02   1.5976358042069094e-08
   4.2968750000000000e-02   2.6195770228344600e-02   2.6195759578502502e-02   1.0649842098475748e-08
   5.0781250000000000e-02   2.2414114716646609e-02   2.2414111088458526e-02   3.6281880833044511e-09
   5.8593750000000000e-02   3.9194375638365163e-02   3.9194374766999135e-02   8.7136602794357643e-10
   6.6406250000000000e-02   7.6206214484458759e-02   7.6206209097899075e-02   5.3865596844060448e-09
   7.4218750000000000e-02   1.3250142377076207e-01   1.3250141041305066e-01   1.3357711409200945e-08
   8.2031250000000000e-02   2.0654890505529389e-01   2.0654888755190084e-01   1.7503393040518844e-08
   8.9843750000000000e-02   2.9629590852025212e-01   2.9629589346675050e-01   1.5053501611905773e-08
   9.7656250000000000e-02   3.9925047109646133e-01   3.9925045888577215e-01   1.2210689182001744e-08
   1.0546875000000000e-01   5.1257863456902808e-01   5.1257861470093025e-01   1.9868097833608545e-08
   1.1328125000000000e-01   6.3320945974335885e-01   6.3320941687069576e-01   4.2872663086335194e-08
   1.2109375000000000e-01   7.5794108246520631e-01   7.5794100935533149e-01   7.3109874820787013e-08
   1.2890625000000000e-01   8.8354197075759933e-01   8.8354187735615963e-01   9.3401439693607813e-08
   1.3671875000000000e-01   1.0068429598892190e+00   1.0068428690186706e+00   9.0870548419275110e-08
   1.4453125000000000e-01   1.1248173284496974e+00   1.1248172604022253e+00   6.8047472101540052e-08
   1.5234375000000000e-01   1.2346478965139960e+00   1.2346478539750187e+00   4.2538977229611419e-08
   1.6015625000000000e-01   1.3337816401415661e+00   1.3337816065943633e+00   3.3547202793471342e-08
   1.6796875000000000e-01   1.4199734499223320e+00   1.4199734033705904e+00   4.6551741572642413e-08
   1.7578125000000000e-01   1.4913212929392377e+00   1.4913212244572613e+00   6.8481976311929316e-08
   1.8359375000000000e-01   1.5462951429679834e+00   1.5462950649251244e+00   7.8042859064098025e-08
   1.9140625000000000e-01   1.5837616690908456e+00   1.5837616063188480e+00   6.2771997599853080e-08
   1.9921875000000000e-01   1.6030059303811666e+00   1.6030059015472162e+00   2.8833950338480463e-08
   2.0703125000000000e-01   1.6037503549163221e+00   1.6037503588040516e+00   3.8877294716854749e-09
   2.1484375000000000e-01   1.5861702316122830e+00   1.5861702490236278e+00   1.7411344810369656e-08
   2.2265625000000000e-01   1.5509039595981633e+00   1.5509039682334356e+00   8.6352722750149269e-09
   2.3046875000000000e-01   1.4990555099000260e+00   1.4990554999313084e+00   9.9687176291496371e-09
   2.3828125000000000e-01   1.4321860795047683e+00   1.4321860576286536e+00   2.1876114697505500e-08
   2.4609375000000000e-01   1.3522918465058789e+00   1.3522918269441258e+00   1.9561753106245305e-08
   2.5390625000000000e-01   1.2617651251880031e+00   1.2617651165506372e+00   8.6373659335947650e-09
   2.6171875000000000e-01   1.1633370747903047e+00   1.1633370736898723e+00   1.1004324118601971e-09
   2.6953125000000000e-01   1.0600013883754891e+00   1.0600013841053018e+00   4.2701873148587310e-09
   2.7734375000000000e-01   9.5491998772028530e-01   9.5491997248514782e-01   1.5235137484914674e-08
   2.8515625000000000e-01   8.5131353951136113e-01   8.5131351542007649e-01   2.4091284633875887e-08
   2.9296875000000000e-01   7.5234142327732478e-01   7.5234140069075850e-01   2.2586566283955278e-08
   3.0078125000000000e-01   6.6097742078132415e-01   6.6097741071097527e-01   1.0070348888113756e-08
   3.0859375000000000e-01   5.7988865275757739e-01   5.7988865976124071e-01   7.0036633159631378e-09
   3.1640625000000000e-01   5.1132595352620613e-01   5.1132597416476910e-01   2.0638562969743646e-08
   3.2421875000000000e-01   4.5703378862143695e-01   4.5703381516313002e-01   2.6541693065595950e-08
   3.3203125000000000e-01   4.1818689514467133e-01   4.1818692082993958e-01   2.5685268245645432e-08
   3.3984375000000000e-01   3.9535907251668767e-01   3.9535909499561650e-01   2.2478928829450240e-08
   3.4765625000000000e-01   3.8852709093635024e-01   3.8852711276801372e-01   2.1831663477023255e-08
   3.5546875000000000e-01   3.9710973481788525e-01   3.9710976183446101e-01   2.7016575754323924e-08
   3.6328125000000000e-01   4.2003886043708843e-01   4.2003889842170639e-01   3.7984617951014599e-08
   3.7109375000000000e-01   4.5585636840823812e-01   4.5585641888966172e-01   5.0481423596870911e-08
   3.7890625000000000e-01   5.0282853364213631e-01   5.0282859021073023e-01   5.6568593920225396e-08
   3.8671875000000000e-01   5.5906751020970791e-01   5.5906755887319282e-01   4.8663484908395560e-08
   3.9453125000000000e-01   6.2264926683303579e-01   6.2264929193982699e-01   2.5106791201601197e-08
   4.0234375000000000e-01   6.9171780098691982e-01   6.9171779455064686e-01   6.4362729590428103e-09
   4.1015625000000000e-01   7.6456718204054830e-01   7.6456714981873253e-01   3.2221815771116269e-08
   4.1796875000000000e-01   8.3969559396674409e-01   8.3969555259916551e-01   4.1367578584861064e-08
   4.2578125000000000e-01   9.1582878632334919e-01   9.1582875158156019e-01   3.4741789001202505e-08
   4.3359375000000000e-01   9.9191381372019882e-01   9.9191378849910028e-01   2.5221098542971276e-08
   4.4140625000000000e-01   1.0670872431775147e+00   1.0670872146125308e+00   2.8564983933776489e-08
   4.4921875000000000e-01   1.1406247354618519e+00   1.1406246848016142e+00   5.0660237782551576e-08
   4.5703125000000000e-01   1.2118807488853964e+00   1.2118806665539195e+00   8.2331476969343953e-08
   4.6484375000000000e-01   1.2802278632847941e+00   1.2802277571605569e+00   1.0612423717581976e-07
   4.7265625000000000e-01   1.3450048257027720e+00   1.3450047156446145e+00   1.1005815747644476e-07
   4.8046875000000000e-01   1.4054809602542788e+00   1.4054808630958577e+00   9.7158421086263047e-08
   4.8828125000000000e-01   1.4608422684278759e+00   1.4608421862834728e+00   8.2144403057426985e-08
   4.9609375000000000e-01   1.5102016675236527e+00   1.5102015885186992e+00   7.9004953468242434e-08
   5.0390625000000000e-01   1.5526327062691678e+00   1.5526326172770575e+00   8.8992110347518860e-08
   5.1171875000000000e-01   1.5872231211627243e+00   1.5872230204394895e+00   1.0072323486376433e-07
   5.1953125000000000e-01   1.6131420742602967e+00   1.6131419739953303e+00   1.0026496632953297e-07
   5.2734375000000000e-01   1.6297131362067452e+00   1.6297130523528673e+00   8.3853877841377766e-08
   5.3515625000000000e-01   1.6364842199182199e+00   1.6364841591098349e+00   6.0808384994004427e-08
   5.4296875000000000e-01   1.6332858259118526e+00   1.6332857805015553e+00   4.5410297300207958e-08
   5.5078125000000000e-01   1.6202700840659805e+00   1.6202700402241172e+00   4.3841863250904112e-08
   5.5859375000000000e-01   1.5979250473733058e+00   1.5979249987233588e+00   4.8649946959855583e-08
   5.6640625000000000e-01   1.5670612891032618e+00   1.5670612444175798e+00   4.4685682043521524e-08
   5.7421875000000000e-01   1.5287708192632592e+00   1.5287707973926683e+00   2.1870590893868780e-08
   5.8203125000000000e-01   1.4843613629074985e+00   1.4843613787504757e+00   1.5842977152402682e-08
   5.8984375000000000e-01   1.4352718193117255e+00   1.4352718721358155e+00   5.2824089991077017e-08
   5.9765625000000000e-01   1.3829769458123693e+00   1.3829770186384329e+00   7.2826063624020776e-08
   6.0546875000000000e-01   1.3288907205401317e+00   1.3288907916370556e+00   7.1096923903724019e-08
   6.1328125000000000e-01   1.2742782609985093e+00   1.2742783182834083e+00   5.7284899046550208e-08
   6.2109375000000000e-01   1.2201855212397512e+00   1.2201855697638204e+00   4.8524069207189768e-08
   6.2890625000000000e-01   1.1673943069820232e+00   1.1673943637415811e+00   5.6759557942598349e-08
   6.3671875000000000e-01   1.1164075731763530e+00   1.1164076537760312e+00   8.0599678264903218e-08
   6.4453125000000000e-01   1.0674667660198962e+00   1.0674668717625559e+00   1.0574265973950503e-07
   6.5234375000000000e-01   1.0205994592327150e+00   1.0205995744718035e+00   1.1523908849397912e-07
   6.6015625000000000e-01   9.7569210852191957e-01   9.7569220928191625e-01   1.0075999667957802e-07
   6.6796875000000000e-01   9.3257978271297692e-01   9.3257985130672816e-01   6.8593751234580225e-08
   6.7578125000000000e-01   8.9114259554470121e-01   8.9114263060227539e-01   3.5057574176988737e-08
   6.8359375000000000e-01   8.5139752127797119e-01   8.5139753671745466e-01   1.5439483469492643e-08
   6.9140625000000000e-01   8.1357449619469902e-01   8.1357450987691871e-01   1.3682219690558384e-08
   6.9921875000000000e-01   7.7816718897357606e-01   7.7816720939749162e-01   2.0423915558787087e-08
   7.0703125000000000e-01   7.4595142365338996e-01   7.4595144464452101e-01   2.0991131055581036e-08
   7.1484375000000000e-01   7.1796767184594046e-01   7.1796767865656308e-01   6.8106226214226240e-09
   7.2265625000000000e-01   6.9546789967083877e-01   6.9546788169632956e-01   1.7974509214369050e-08
   7.3046875000000000e-01   6.7983091810266649e-01   6.7983087732956238e-01   4.0773104115210401e-08
   7.3828125000000000e-01   6.7245379433083019e-01   6.7245374320565188e-01   5.1125178313071729e-08
   7.4609375000000000e-01   6.7462946483647013e-01   6.7462941527975562e-01   4.9556714509790822e-08
   8.7890625000000000e-01   1.6199982624624025e+00   1.6199982281463672e+00   3.4316035346648732e-08
   8.8671875000000000e-01   1.6225198526352682e+00   1.6225198294300025e+00   2.3205265708980960e-08
   8.9453125000000000e-01   1.6093002429857186e+00   1.6093002565945800e+00   1.3608861371139369e-08
   9.0234375000000000e-01   1.5803773019499561e+00   1.5803773638206478e+00   6.1870691681065182e-08
   9.1015625000000000e-01   1.5361392138294492e+00   1.5361393112540820e+00   9.7424632805598321e-08
   9.1796875000000000e-01   1.4772933712646485e+00   1.4772934750497049e+00   1.0378505632679946e-07
   9.2578125000000000e-01   1.4048376797264344e+00   1.4048377631337396e+00   8.3407305284666222e-08
   9.3359375000000000e-01   1.3200370025919428e+00   1.3200370570055282e+00   5.4413585415247212e-08
   9.4140625000000000e-01   1.2244057681594418e+00   1.2244058044834381e+00   3.6323996255305246e-08
   9.4921875000000000e-01   1.1196959536105766e+00   1.1196959894950289e+00   3.5884452298517999e-08
   9.5703125000000000e-01   1.0078879924738227e+00   1.0078880368672358e+00   4.4393413167753693e-08
   9.6484375000000000e-01   8.9118085562484595e-01   8.9118090221517210e-01   4.6590326152617934e-08
   9.7265625000000000e-01   7.7197681226058090e-01   7.7197684603582772e-01   3.3775246821576843e-08
   9.8046875000000000e-01   6.5285632210686662e-01   6.5285633199875392e-01   9.8918873092657122e-09
   9.8828125000000000e-01   5.3653918511682974e-01   5.3653917224834713e-01   1.2868482612837795e-08
   9.9609375000000000e-01   4.2582944272885170e-01   4.2582941816048658e-01   2.4568365120103408e-08
   7.5390625000000000e-01   6.8742216247286247e-01   6.8742211606626591e-01   4.6406596565518043e-08
   7.6171875000000000e-01   7.1155249429943213e-01   7.1155244202201218e-01   5.2277419948509873e-08
   7.6953125000000000e-01   7.4730298098398096e-01   7.4730291297627582e-01   6.8007705134043306e-08
   7.7734375000000000e-01   7.9445274885244677e-01   7.9445266441149576e-01   8.4440951009234766e-08
   7.8515625000000000e-01   8.5224711915459750e-01   8.5224702810301978e-01   9.1051577721934507e-08
   7.9296875000000000e-01   9.1940444071990768e-01   9.1940435424569378e-01   8.6474213900622487e-08
   8.0078125000000000e-01   9.9415904613379336e-01   9.9415896571874907e-01   8.0415044290127469e-08
   8.0859375000000000e-01   1.0743360564633242e+00   1.0743359717619216e+00   8.4701402558451377e-08
   8.1640625000000000e-01   1.1574512146051401e+00   1.1574511131805465e+00   1.0142459361262013e-07
   8.2421875000000000e-01   1.2408272012993042e+00   1.2408270826388099e+00   1.1866049431930037e-07
   8.3203125000000000e-01   1.3217170925381307e+00   1.3217169730675915e+00   1.1947053923933026e-07
   8.3984375000000000e-01   1.3974257537943040e+00   1.3974256576297837e+00   9.6164520346775362e-08
   8.4765625000000000e-01   1.4654209602738426e+00   1.4654209018841091e+00   5.8389733492703044e-08
   8.5546875000000000e-01   1.5234277085135390e+00   1.5234276818806909e+00   2.6632848149077404e-08
   8.6328125000000000e-01   1.5695013256271320e+00   1.5695013092995280e+00   1.6327603935550883e-08
   8.7109375000000000e-01   1.6020773259139971e+00   1.6020773007218876e+00   2.5192109509575289e-08
