#                  Coord.                Numerical               Analytical                    Error
   3.9062500000000000e-03   4.3776729517754763e-02   4.3776764670493705e-02   3.5152738941945927e-08
   1.1718750000000000e-02   4.9985480559390873e-02   4.9985493131075490e-02   1.2571684616935475e-08
   1.9531250000000000e-02   3.7328263533670247e-02   3.7328248146614076e-02   1.5387056170879099e-08
   2.7343750000000000e-02   5.5695127163942221e-03   5.5694721129420088e-03   4.0603452213308633e-08
   3.5156250000000000e-02  -4.0256532267134250e-02  -4.0256587684578765e-02   5.5417444515259984e-08
   4.2968750000000000e-02  -9.0306301545991424e-02  -9.0306356549674879e-02   5.5003683455123742e-08
   5.0781250000000000e-02  -1.3174416884845894e-01  -1.3174420772083503e-01   3.8872376095788752e-08
   5.8593750000000000e-02  -1.5163239507350754e-01  -1.5163240618924897e-01   1.1115741438416649e-08
   6.6406250000000000e-02  -1.4028686059320442e-01  -1.4028683988127044e-01   2.0711933973460717e-08
   7.4218750000000000e-02  -9.4291544174427644e-02  -9.4291496435451802e-02   4.7738975841871145e-08
   8.2031250000000000e-02  -1.8353016187113703e-02  -1.8352953863509009e-02   6.2323604693714785e-08
   8.9843750000000000e-02   7.4625012389605103e-02   7.4625072641506265e-02   6.0251901162766686e-08
   9.7656250000000000e-02   1.6548895587233300e-01   1.6548899782762155e-01   4.1955288548889413e-08
   1.0546875000000000e-01   2.3256897359939352e-01   2.3256898596824424e-01   1.2368850721422575e-08
   1.1328125000000000e-01   2.5649859221848914e-01   2.5649857174281399e-01   2.0475675155395834e-08
   1.2109375000000000e-01   2.2508435030413038e-01   2.2508430253765430e-01   4.7766476080068898e-08
   1.2890625000000000e-01   1.3707587026671050e-01   1.3707580795223573e-01   6.2314474774671780e-08
   1.3671875000000000e-01   3.8393209368006703e-03   3.8392603601141236e-03   6.0576686546683772e-08
   1.4453125000000000e-01  -1.5166193436933556e-01  -1.5166197770282608e-01   4.3333490518104867e-08
   1.5234375000000000e-01  -2.9860520909105714e-01  -2.9860522469121742e-01   1.5600160274686914e-08
   1.6015625000000000e-01  -4.0417349419030152e-01  -4.0417347905407808e-01   1.5136223441292174e-08
   1.6796875000000000e-01  -4.4043251559385838e-01  -4.4043247476411862e-01   4.0829739755832151e-08
   1.7578125000000000e-01  -3.9079912304796249e-01  -3.9079906780366797e-01   5.5244294527856397e-08
   1.8359375000000000e-01  -2.5467238064749226e-01  -2.5467232536329842e-01   5.5284193833937678e-08
   1.9140625000000000e-01  -4.9103829863114262e-02  -4.9103788029078693e-02   4.1834035569010553e-08
   1.9921875000000000e-01   1.9305274524520549e-01   1.9305276431194848e-01   1.9066742990014873e-08
   2.0703125000000000e-01   4.2836203292139408e-01   4.2836202624327679e-01   6.6781172813890066e-09
   2.1484375000000000e-01   6.1054036715652926e-01   6.1054033823025544e-01   2.8926273820673032e-08
   2.2265625000000000e-01   6.9928714523104596e-01   6.9928710269509475e-01   4.2535951205735500e-08
   2.3046875000000000e-01   6.6851613603216531e-01   6.6851609094075470e-01   4.5091410605380133e-08
   2.3828125000000000e-01   5.1234068669547339e-01   5.1234064967371018e-01   3.7021763210631775e-08
   2.4609375000000000e-01   2.4755071716141985e-01   2.4755069574845134e-01   2.1412968509437746e-08
   2.5390625000000000e-01  -8.8038333441103567e-02  -8.8038336092298081e-02   2.6511945139251480e-09
   2.6171875000000000e-01  -4.4120937883421807e-01  -4.4120936423809354e-01   1.4596124531252030e-08
   2.6953125000000000e-01  -7.5202910843919524e-01  -7.5202908182298700e-01   2.6616208237406624e-08
   2.7734375000000000e-01  -9.6409360730856974e-01  -9.6409357579112909e-01   3.1517440657324869e-08
   2.8515625000000000e-01  -1.0345214864321415e+00  -1.0345214571480934e+00   2.9284048075339797e-08
   2.9296875000000000e-01  -9.4190643330648016e-01  -9.4190641179499479e-01   2.1511485370773187e-08
   3.0078125000000000e-01  -6.9079350373742110e-01  -6.9079349305593096e-01   1.0681490136832394e-08
   3.0859375000000000e-01  -3.1185385919712849e-01  -3.1185385976580554e-01   5.6867704989471690e-10
   3.1640625000000000e-01   1.4231513751859484e-01   1.4231512742798430e-01   1.0090610541579892e-08
   3.2421875000000000e-01   6.0508231664064538e-01   6.0508230009534258e-01   1.6545302794490624e-08
   3.3203125000000000e-01   1.0060618089817093e+00   1.0060617895270014e+00   1.9454707844701602e-08
   3.3984375000000000e-01   1.2820869587055899e+00   1.2820869396996690e+00   1.9005920837145140e-08
   3.4765625000000000e-01   1.3870977462064313e+00   1.3870977304217949e+00   1.5784636486770864e-08
   3.5546875000000000e-01   1.2993721906790505e+00   1.2993721801392002e+00   1.0539850325841371e-08
   3.6328125000000000e-01   1.0249969850633764e+00   1.0249969809953723e+00   4.0680041557550339e-09
   3.7109375000000000e-01   5.9710135286237231e-01   5.9710135567177458e-01   2.8094022663793794e-09
   3.7890625000000000e-01   7.1058896431584861e-02   7.1058905669216368e-02   9.2376315069531145e-09
   3.8671875000000000e-01  -4.8351895446718957e-01  -4.8351894014821156e-01   1.4318978003302618e-08
   3.9453125000000000e-01  -9.9271392033022021e-01  -9.9271390321091812e-01   1.7119302087031940e-08
   4.0234375000000000e-01  -1.3886345594131868e+00  -1.3886345424525464e+00   1.6960640447649666e-08
   4.1015625000000000e-01  -1.6186394343469781e+00  -1.6186394207888937e+00   1.3558084432929718e-08
   4.1796875000000000e-01  -1.6521737127736111e+00  -1.6521737054624352e+00   7.3111758869259802e-09
   4.2578125000000000e-01  -1.4843566881058985e+00  -1.4843566887996169e+00   6.9371841604493056e-10
   4.3359375000000000e-01  -1.1359718814711695e+00  -1.1359718902436571e+00   8.7724876252082140e-09
   4.4140625000000000e-01  -6.5004130098859203e-01  -6.5004131605713178e-01   1.5068539749307774e-08
   4.4921875000000000e-01  -8.5631202823007485e-02  -8.5631220810844774e-02   1.7987837289124009e-08
   4.5703125000000000e-01   4.9012463570737552e-01   4.9012461899059873e-01   1.6716776796155131e-08
   4.6484375000000000e-01   1.0106246120595912e+00   1.0106246005911359e+00   1.1468455296537172e-08
   4.7265625000000000e-01   1.4178640686411548e+00   1.4178640650897434e+00   3.5514113871926156e-09
   4.8046875000000000e-01   1.6689674112926336e+00   1.6689674162753456e+00   4.9827120207623921e-09
   4.8828125000000000e-01   1.7404708290747546e+00   1.7404708409261107e+00   1.1851356118697254e-08
   4.9609375000000000e-01   1.6299897331542446e+00   1.6299897483970689e+00   1.5242824336070271e-08
   5.0390625000000000e-01   1.3552706344702310e+00   1.3552706487731307e+00   1.4302899753459997e-08
   5.1171875000000000e-01   9.5095659242423813e-01   9.5095660186290332e-01   9.4386651827704782e-09
   5.1953125000000000e-01   4.6364862852654881e-01   4.6364863070316809e-01   2.1766192737082690e-09
   5.2734375000000000e-01  -5.4002147913711523e-02  -5.4002153161237652e-02   5.2475261289042230e-09
   5.3515625000000000e-01  -5.4939358475441757e-01  -5.4939359534004617e-01   1.0585628595904950e-08
   5.4296875000000000e-01  -9.7554271062114595e-01  -9.7554272287631771e-01   1.2255171766284434e-08
   5.5078125000000000e-01  -1.2955468713058802e+00  -1.2955468811548285e+00   9.8489483235653097e-09
   5.5859375000000000e-01  -1.4855489756756171e+00  -1.4855489799140471e+00   4.2384300513731432e-09
   5.6640625000000000e-01  -1.5360362779495125e+00  -1.5360362752539571e+00   2.6955553344976124e-09
   5.7421875000000000e-01  -1.4515115887742596e+00  -1.4515115800910825e+00   8.6831770662598728e-09
   5.8203125000000000e-01  -1.2487540322624791e+00  -1.2487540204862768e+00   1.1776202235580513e-08
   5.8984375000000000e-01  -9.5401639052314335e-01  -9.5401637953662488e-01   1.0986518472755336e-08
   5.9765625000000000e-01  -5.9957905469229777e-01  -5.9957904809668550e-01   6.5956122785593152e-09
   6.0546875000000000e-01  -2.2009615547964753e-01  -2.2009615539777266e-01   8.1874867996489797e-11
   6.1328125000000000e-01   1.5086595544260789e-01   1.5086594905281139e-01   6.3897964974746202e-09
   6.2109375000000000e-01   4.8377251044068748e-01   4.8377249974125586e-01   1.0699431618466093e-08
   6.2890625000000000e-01   7.5532080806490665e-01   7.5532079655835105e-01   1.1506555597229351e-08
   6.3671875000000000e-01   9.4978125384960732e-01   9.4978124516748696e-01   8.6821203559850346e-09
   6.4453125000000000e-01   1.0594680544393353e+00   1.0594680510922978e+00   3.3470375360167282e-09
   6.5234375000000000e-01   1.0844183037104658e+00   1.0844183062553288e+00   2.5448629870084005e-09
   6.6015625000000000e-01   1.0314247139601003e+00   1.0314247208427743e+00   6.8826739862970499e-09
   6.6796875000000000e-01   9.1260720630892078e-01   9.1260721448900095e-01   8.1800801687847979e-09
   6.7578125000000000e-01   7.4372248947671027e-01   7.4372249558986148e-01   6.1131512074652505e-09
   6.8359375000000000e-01   5.4240229708990828e-01   5.4240229875821644e-01   1.6683081582868908e-09
   6.9140625000000000e-01   3.2648579017045454e-01   3.2648578693962010e-01   3.2308344333209504e-09
   6.9921875000000000e-01   1.1257609193750605e-01   1.1257608550201995e-01   6.4354861023518950e-09
   7.0703125000000000e-01  -8.5089214906515956e-02  -8.5089221332437098e-02   6.4259211424166907e-09
   7.1484375000000000e-01  -2.5540411782957712e-01  -2.5540412075373542e-01   2.9241583043848607e-09
   7.2265625000000000e-01  -3.9078491014951644e-01  -3.9078490723849701e-01   2.9110194255110855e-09
   7.3046875000000000e-01  -4.8720733467785315e-01  -4.8720732582561754e-01   8.8522356112008538e-09
   7.3828125000000000e-01  -5.4394022781795115e-01  -5.4394021545026072e-01   1.2367690427339539e-08
   7.4609375000000000e-01  -5.6304788919987248e-01  -5.6304787759238517e-01   1.1607487304665653e-08
   8.7890625000000000e-01   1.4990949267150691e-01   1.4990947656532652e-01   1.6106180389385827e-08
   8.8671875000000000e-01   1.3597462147824105e-01   1.3597461982238135e-01   1.6558596993565544e-09
   8.9453125000000000e-01   1.2169896214440352e-01   1.2169897613055244e-01   1.3986148919564734e-08
   9.0234375000000000e-01   1.0665364711109775e-01   1.0665367256707273e-01   2.5455974980714835e-08
   9.1015625000000000e-01   8.9722254831787127e-02   8.9722283318313931e-02   2.8486526804094581e-08
   9.1796875000000000e-01   6.9720759980766087e-02   6.9720781529987980e-02   2.1549221893013559e-08
   9.2578125000000000e-01   4.6120481916543464e-02   4.6120488326564735e-02   6.4100212707196569e-09
   9.3359375000000000e-01   1.9655466392110590e-02   1.9655454209408677e-02   1.2182701913249216e-08
   9.4140625000000000e-01  -7.4065890974119968e-03  -7.4066171779023204e-03   2.8080490323614815e-08
   9.4921875000000000e-01  -3.1483348843217580e-02  -3.1483384468501616e-02   3.5625284035278870e-08
   9.5703125000000000e-01  -4.8412443145934715e-02  -4.8412474812713609e-02   3.1666778893546521e-08
   9.6484375000000000e-01  -5.4569174954010098e-02  -5.4569191570048574e-02   1.6616038475691930e-08
   9.7265625000000000e-01  -4.8090813930812451e-02  -4.8090808565252399e-02   5.3655600518176527e-09
   9.8046875000000000e-01  -2.9847870018608415e-02  -2.9847842376281738e-02   2.7642326677623785e-08
   9.8828125000000000e-01  -3.8155300071213245e-03  -3.8154869977195570e-03   4.3009401767477029e-08
   9.9609375000000000e-01   2.3382159851817051e-02   2.3382205986126257e-02   4.6134309206191659e-08
   7.5390625000000000e-01  -5.4874759477219193e-01  -5.4874758859823203e-01   6.1739598988808098e-09
   7.6171875000000000e-01  -5.0671288912931578e-01  -5.0671289169232014e-01   2.5630043642976830e-09
   7.6953125000000000e-01  -4.4340594956041646e-01  -4.4340596136632554e-01   1.1805909083673072e-08
   7.7734375000000000e-01  -3.6550340752119803e-01  -3.6550342581416384e-01   1.8292965808797135e-08
   7.8515625000000000e-01  -2.7945208554269968e-01  -2.7945210493189793e-01   1.9389198246955175e-08
   7.9296875000000000e-01  -1.9115949539888741e-01  -1.9115950955252237e-01   1.4153634958491423e-08
   8.0078125000000000e-01  -1.0579595865451288e-01  -1.0579596243316253e-01   3.7786496431824190e-09
   8.0859375000000000e-01  -2.7668260707735794e-02  -2.7668252093466874e-02   8.6142689197099553e-09
   8.1640625000000000e-01   3.9876109087287809e-02   3.9876128077539139e-02   1.8990251329786823e-08
   8.2421875000000000e-01   9.4539349084977742e-02   9.4539372787956003e-02   2.3702978260708996e-08
   8.3203125000000000e-01   1.3515635774492402e-01   1.3515637858833121e-01   2.0843407194659491e-08
   8.3984375000000000e-01   1.6173950914492724e-01   1.6173952010933107e-01   1.0964403829305525e-08
   8.4765625000000000e-01   1.7543581999990351e-01   1.7543581708843184e-01   2.9114716748601666e-09
   8.5546875000000000e-01   1.7834897634062361e-01   1.7834896008140941e-01   1.6259214197233973e-08
   8.6328125000000000e-01   1.7320491674978031e-01   1.7320489226543259e-01   2.4484347715958421e-08
   8.7109375000000000e-01   1.6288573622216362e-01   1.6288571165616339e-01   2.4566000234038654e-08
