#                  Coord.                Numerical               Analytical                    Error
   3.9062500000000000e-03  -5.8330787049387378e-01  -5.8330786672877843e-01   3.7650953466084047e-09
   1.1718750000000000e-02  -8.3672848286959378e-01  -8.3672846675357548e-01   1.6116018297651635e-08
   1.9531250000000000e-02  -9.8603661457287373e-01  -9.8603658716191600e-01   2.7410957725848561e-08
   2.7343750000000000e-02  -1.0171674498866943e+00  -1.0171674164005147e+00   3.3486179606967426e-08
   3.5156250000000000e-02  -9.3346205126645443e-01  -9.3346202010113943e-01   3.1165314995362792e-08
   4.2968750000000000e-02  -7.5381053883626892e-01  -7.5381051922801712e-01   1.9608251800029564e-08
   5.0781250000000000e-02  -5.0836593878259273e-01  -5.0836593801915264e-01   7.6344008892448301e-10
   5.8593750000000000e-02  -2.3271807443403822e-01  -2.3271809530414481e-01   2.0870106587356219e-08
   6.6406250000000000e-02   3.8330049376541678e-02   3.8330009886683274e-02   3.9489858404129219e-08
   7.4218750000000000e-02   2.7621193136852190e-01   2.7621188182332984e-01   4.9545192060129750e-08
   8.2031250000000000e-02   4.6230289194107160e-01   4.6230284441475328e-01   4.7526318325274985e-08
   8.9843750000000000e-02   5.8930049471343249e-01   5.8930046164973182e-01   3.3063700666247087e-08
   9.7656250000000000e-02   6.6019762132435134e-01   6.6019761200440119e-01   9.3199501449703348e-09
   1.0546875000000000e-01   6.8526786191239708e-01   6.8526787975814607e-01   1.7845748989664401e-08
   1.1328125000000000e-01   6.7788343991138544e-01   6.7788348122385145e-01   4.1312466003695647e-08
   1.2109375000000000e-01   6.5020071660859868e-01   6.5020077138409360e-01   5.4775494917613798e-08
   1.2890625000000000e-01   6.0973330896342526e-01   6.0973336336208961e-01   5.4398664350863157e-08
   1.3671875000000000e-01   5.5759395836465320e-01   5.5759399848023516e-01   4.0115581967370417e-08
   1.4453125000000000e-01   4.8877845972676021e-01   4.8877847530346968e-01   1.5576709477826967e-08
   1.5234375000000000e-01   3.9438001183861665e-01   3.9437999911589716e-01   1.2722719489044465e-08
   1.6015625000000000e-01   2.6516848021653999e-01   2.6516844292151537e-01   3.7295024624128814e-08
   1.6796875000000000e-01   9.5646633410692627e-02   9.5646581766521938e-02   5.1644170689923996e-08
   1.7578125000000000e-01  -1.1242538723089278e-01  -1.1242543938441779e-01   5.2153525012532675e-08
   1.8359375000000000e-01  -3.4794060596203968e-01  -3.4794064493632160e-01   3.8974281912906861e-08
   1.9140625000000000e-01  -5.9038787192525555e-01  -5.9038788796034924e-01   1.6035093697297498e-08
   1.9921875000000000e-01  -8.1198634448135387e-01  -8.1198633427611344e-01   1.0205240430494200e-08
   2.0703125000000000e-01  -9.8169941525282034e-01  -9.8169938274998292e-01   3.2502837421510833e-08
   2.1484375000000000e-01  -1.0704105677215758e+00  -1.0704105227498966e+00   4.4971679269423248e-08
   2.2265625000000000e-01  -1.0562896731465785e+00  -1.0562896285403585e+00   4.4606220050980028e-08
   2.3046875000000000e-01  -9.2932412626158489e-01  -9.2932409410964545e-01   3.2151939444169386e-08
   2.3828125000000000e-01  -6.9413948069563436e-01  -6.9413946901460311e-01   1.1681031253374385e-08
   2.4609375000000000e-01  -3.7055040854904436e-01  -3.7055041913918169e-01   1.0590137322630255e-08
   2.5390625000000000e-01   8.3054497931206346e-03   8.3054214932480400e-03   2.8299872594644837e-08
   2.6171875000000000e-01   3.9997565986919825e-01   3.9997562315277857e-01   3.6716419682392143e-08
   2.6953125000000000e-01   7.5821484332198075e-01   7.5821480934474439e-01   3.3977236357785046e-08
   2.7734375000000000e-01   1.0391667208176512e+00   1.0391666991324748e+00   2.1685176321284416e-08
   2.8515625000000000e-01   1.2072836734600241e+00   1.2072836693654254e+00   4.0945986601315099e-09
   2.9296875000000000e-01   1.2401429660571197e+00   1.2401429791915068e+00   1.3134387133462155e-08
   3.0078125000000000e-01   1.1315198448799979e+00   1.1315198697184039e+00   2.4838405998650614e-08
   3.0859375000000000e-01   8.9235059660401994e-01   8.9235062438851198e-01   2.7784492040439090e-08
   3.1640625000000000e-01   5.4951288659130115e-01   5.4951290826854104e-01   2.1677239891992883e-08
   3.2421875000000000e-01   1.4262359724905363e-01   1.4262360623105003e-01   8.9819963966508709e-09
   3.3203125000000000e-01  -2.8072275767517874e-01  -2.8072276353459508e-01   5.8594163410141675e-09
   3.3984375000000000e-01  -6.7069305458475548e-01  -6.7069307258162536e-01   1.7996869883241118e-08
   3.4765625000000000e-01  -9.8125778225719995e-01  -9.8125780584792366e-01   2.3590723707833661e-08
   3.5546875000000000e-01  -1.1758340426987626e+00  -1.1758340637779268e+00   2.1079164191917243e-08
   3.6328125000000000e-01  -1.2318602102778473e+00  -1.2318602217451793e+00   1.1467331972880856e-08
   3.7109375000000000e-01  -1.1437279393513564e+00  -1.1437279373520559e+00   1.9993005029306232e-09
   3.7890625000000000e-01  -9.2365492592859755e-01  -9.2365491087482066e-01   1.5053776891704729e-08
   3.8671875000000000e-01  -6.0030072279868218e-01  -6.0030069911545259e-01   2.3683229599669176e-08
   3.9453125000000000e-01  -2.1519733208027164e-01  -2.1519730678874177e-01   2.5291529870408169e-08
   4.0234375000000000e-01   1.8263784546478243e-01   1.8263786499847778e-01   1.9533695355677949e-08
   4.1015625000000000e-01   5.4325518121268046e-01   5.4325518936759942e-01   8.1549189623331131e-09
   4.1796875000000000e-01   8.2261687605657896e-01   8.2261687052922294e-01   5.5273560173318970e-09
   4.2578125000000000e-01   9.8874244642830278e-01   9.8874242864468298e-01   1.7783619798983352e-08
   4.3359375000000000e-01   1.0261996910996478e+00   1.0261996656366708e+00   2.5462977060186631e-08
   4.4140625000000000e-01   9.3818202159000086e-01   9.3818199468236019e-01   2.6907640671147703e-08
   4.4921875000000000e-01   7.4575809056640874e-01   7.4575806843543391e-01   2.2130974830503192e-08
   4.5703125000000000e-01   4.8432556103568408e-01   4.8432554834766578e-01   1.2688018302675630e-08
   4.6484375000000000e-01   1.9777403750042680e-01   1.9777403652593498e-01   9.7449182057118833e-10
   4.7265625000000000e-01  -6.8724169144996697e-02  -6.8724158769912835e-02   1.0375083861480228e-08
   4.8046875000000000e-01  -2.7610528992779121e-01  -2.7610527070682012e-01   1.9220971092526185e-08
   4.8828125000000000e-01  -3.9772842404572906e-01  -3.9772839988528180e-01   2.4160447253951389e-08
   4.9609375000000000e-01  -4.2351201615473183e-01  -4.2351199142923579e-01   2.4725496039490480e-08
   5.0390625000000000e-01  -3.6115673994452691e-01  -3.6115671886713657e-01   2.1077390333079649e-08
   5.1171875000000000e-01  -2.3422987762260669e-01  -2.3422986366311754e-01   1.3959489147952198e-08
   5.1953125000000000e-01  -7.7450113135293361e-02  -7.7450108712346435e-02   4.4229469253753706e-09
   5.2734375000000000e-01   6.9977573896811071e-02   6.9977567683507297e-02   6.2133037742606589e-09
   5.3515625000000000e-01   1.7176793211457778e-01   1.7176791568993985e-01   1.6424637927503483e-08
   5.4296875000000000e-01   2.0135634913035980e-01   2.0135632467110576e-01   2.4459254038822209e-08
   5.5078125000000000e-01   1.4686221891683074e-01   1.4686219033584605e-01   2.8580984690051991e-08
   5.5859375000000000e-01   1.3326296456639165e-02   1.3326269099228951e-02   2.7357410213937894e-08
   5.6640625000000000e-01  -1.7815758808942056e-01  -1.7815760831915989e-01   2.0229739328136986e-08
   5.7421875000000000e-01  -3.9422030690351334e-01  -3.9422031475597558e-01   7.8524622360021112e-09
   5.8203125000000000e-01  -5.9517680258765349e-01  -5.9517679495124098e-01   7.6364125023431484e-09
   5.8984375000000000e-01  -7.4205316390337361e-01  -7.4205314097145614e-01   2.2931917476043395e-08
   5.9765625000000000e-01  -8.0339937038798004e-01  -8.0339933624020932e-01   3.4147770722192661e-08
   6.0546875000000000e-01  -7.6068327758393850e-01  -7.6068323964272733e-01   3.7941211172842770e-08
   6.1328125000000000e-01  -6.1136327677773883e-01  -6.1136324429270650e-01   3.2485032330775709e-08
   6.2109375000000000e-01  -3.6919720046585552e-01  -3.6919718213859976e-01   1.8327255768557649e-08
   6.2890625000000000e-01  -6.1867319573556977e-02  -6.1867321156743420e-02   1.5831864430548848e-09
   6.3671875000000000e-01   2.7351996939973400e-01   2.7351994703293925e-01   2.2366794749650865e-08
   6.4453125000000000e-01   5.9615865710743166e-01   5.9615861874739728e-01   3.8360034371187623e-08
   6.5234375000000000e-01   8.6744483209629208e-01   8.6744478716288820e-01   4.4933403886560086e-08
   6.6015625000000000e-01   1.0560754070075036e+00   1.0560753672998640e+00   3.9707639620800705e-08
   6.6796875000000000e-01   1.1416131573303139e+00   1.1416131337360258e+00   2.3594288078854220e-08
   6.7578125000000000e-01   1.1161519214611897e+00   1.1161519208768564e+00   5.8433324845452717e-10
   6.8359375000000000e-01   9.8410732669437373e-01   9.8410734978298164e-01   2.3088607914445447e-08
   6.9140625000000000e-01   7.6048950169650831e-01   7.6048954251121215e-01   4.0814703838876198e-08
   6.9921875000000000e-01   4.6821866939748930e-01   4.6821871679419030e-01   4.7396701008395326e-08
   7.0703125000000000e-01   1.3509175130763731e-01   1.3509179208842736e-01   4.0780790050432003e-08
   7.1484375000000000e-01  -2.0909134556700537e-01  -2.0909132294168289e-01   2.2625322476654830e-08
   7.2265625000000000e-01  -5.3493285019650005e-01  -5.3493285214145037e-01   1.9449503119162159e-09
   7.3046875000000000e-01  -8.1529653267783353e-01  -8.1529655860428318e-01   2.5926449653823624e-08
   7.3828125000000000e-01  -1.0267370916546550e+00  -1.0267371339816940e+00   4.2327038984879550e-08
   7.4609375000000000e-01  -1.1507146098947294e+00  -1.1507146562972792e+00   4.6402549802593285e-08
   8.7890625000000000e-01  -6.3112529797505279e-01  -6.3112526367320532e-01   3.4301847473550140e-08
   8.8671875000000000e-01  -8.5225416144852573e-01  -8.5225412998551453e-01   3.1463011196386503e-08
   8.9453125000000000e-01  -9.4444752324153081e-01  -9.4444750211525141e-01   2.1126279392547076e-08
   9.0234375000000000e-01  -8.9594420188606261e-01  -8.9594419457260066e-01   7.3134619471559859e-09
   9.1015625000000000e-01  -7.1520024930840098e-01  -7.1520025479667515e-01   5.4882741684636471e-09
   9.1796875000000000e-01  -4.2985909444186354e-01  -4.2985910824440915e-01   1.3802545606456107e-08
   9.2578125000000000e-01  -8.2797620184401344e-02  -8.2797636381687953e-02   1.6197286609176409e-08
   9.3359375000000000e-01   2.7417702065646665e-01   2.7417700715259474e-01   1.3503871909570364e-08
   9.4140625000000000e-01   5.8802280493745007e-01   5.8802279669333624e-01   8.2441138360422883e-09
   9.4921875000000000e-01   8.1236204097557374e-01   8.1236203750299685e-01   3.4725768927046374e-09
   9.5703125000000000e-01   9.1435403820238947e-01   9.1435403669792781e-01   1.5044616663573152e-09
   9.6484375000000000e-01   8.7946697881388602e-01   8.7946697581558475e-01   2.9983012739265291e-09
   9.7265625000000000e-01   7.1340588231274082e-01   7.1340587557522861e-01   6.7375122148050082e-09
   9.8046875000000000e-01   4.4090849424110262e-01   4.4090848407464578e-01   1.0166456843041516e-08
   9.8828125000000000e-01   1.0162716784731390e-01   1.0162715737496986e-01   1.0472344047496307e-08
   9.9609375000000000e-01  -2.5621061126966654e-01  -2.5621061708664733e-01   5.8169807859442813e-09
   7.5390625000000000e-01  -1.1747914367662700e+00  -1.1747914736640392e+00   3.6897769284394144e-08
   7.6171875000000000e-01  -1.0938867429845589e+00  -1.0938867596282789e+00   1.6643719957798453e-08
   7.6953125000000000e-01  -9.1148228688433941e-01  -9.1148227851167207e-01   8.3726673372197524e-09
   7.7734375000000000e-01  -6.4049541128298415e-01  -6.4049538048953392e-01   3.0793450234156694e-08
   7.8515625000000000e-01  -3.0342658137333894e-01  -3.0342653727699398e-01   4.4096344964383860e-08
   7.9296875000000000e-01   6.8604031601021034e-02   6.8604076104108611e-02   4.4503087576197586e-08
   8.0078125000000000e-01   4.3817742757186928e-01   4.3817745965540456e-01   3.2083535272953156e-08
   8.0859375000000000e-01   7.6525055332268399e-01   7.6525056396484126e-01   1.0642157266538277e-08
   8.1640625000000000e-01   1.0118733412300571e+00   1.0118733277930754e+00   1.3436981749492816e-08
   8.2421875000000000e-01   1.1473430353694716e+00   1.1473430021716402e+00   3.3197831372788755e-08
   8.3203125000000000e-01   1.1529867725828615e+00   1.1529867294146041e+00   4.3168257413128686e-08
   8.3984375000000000e-01   1.0257065697657006e+00   1.0257065287896265e+00   4.0976074089371650e-08
   8.4765625000000000e-01   7.7953823590715154e-01   7.7953820804525686e-01   2.7861894680292210e-08
   8.5546875000000000e-01   4.4475621919438013e-01   4.4475621103625562e-01   8.1581245092721133e-09
   8.6328125000000000e-01   6.4452832816873223e-02   6.4452845040899709e-02   1.2224026485485595e-08
   8.7109375000000000e-01  -3.1104060550518131e-01  -3.1104057789168976e-01   2.7613491548894586e-08
