#                  Coord.                Numerical               Analytical                    Error
   3.9062500000000000e-03   1.0943426325987069e+00   1.0943426462171788e+00   1.3618471905729734e-08
   1.1718750000000000e-02   1.1282190782344024e+00   1.1282190734751694e+00   4.7592330076895450e-09
   1.9531250000000000e-02   1.0440848680392065e+00   1.0440848465473804e+00   2.1491826096564637e-08
   2.7343750000000000e-02   8.4166029753092697e-01   8.4166026465340971e-01   3.2877517264218170e-08
   3.5156250000000000e-02   5.3513739588526776e-01   5.3513735925445083e-01   3.6630816935279142e-08
   4.2968750000000000e-02   1.5298901748132826e-01   1.5298898528660584e-01   3.2194722415779253e-08
   5.0781250000000000e-02  -2.6442713569380405e-01  -2.6442715643693382e-01   2.0743129769407176e-08
   5.8593750000000000e-02  -6.6937989357662764e-01  -6.6937989835917011e-01   4.7825424731584576e-09
   6.6406250000000000e-02  -1.0128827313279603e+00  -1.0128827189956653e+00   1.2332294963002255e-08
   7.4218750000000000e-02  -1.2515453345675600e+00  -1.2515453074616332e+00   2.7105926836412664e-08
   8.2031250000000000e-02  -1.3540592099693938e+00  -1.3540591734725531e+00   3.6496840660760199e-08
   8.9843750000000000e-02  -1.3061904126538886e+00  -1.3061903741108372e+00   3.8543051417150309e-08
   9.7656250000000000e-02  -1.1133446280944028e+00  -1.1133445954291428e+00   3.2665260052411327e-08
   1.0546875000000000e-01  -8.0015675939873188e-01  -8.0015673952810340e-01   1.9870628475970875e-08
   1.1328125000000000e-01  -4.0707086756067368e-01  -4.0707086499427297e-01   2.5664007030634650e-09
   1.2109375000000000e-01   1.5581371667822072e-02   1.5581355881733223e-02   1.5786088849306656e-08
   1.2890625000000000e-01   4.1503285367533915e-01   4.1503282226447569e-01   3.1410863465808347e-08
   1.3671875000000000e-01   7.4380521995010962e-01   7.4380517898221410e-01   4.0967895520438447e-08
   1.4453125000000000e-01   9.6639465890910192e-01   9.6639461671534266e-01   4.2193759264286257e-08
   1.5234375000000000e-01   1.0638066507089725e+00   1.0638066160347062e+00   3.4674266347067828e-08
   1.6015625000000000e-01   1.0352357651020050e+00   1.0352357452864749e+00   1.9815530105660173e-08
   1.6796875000000000e-01   8.9672440985343693e-01   8.9672440908318940e-01   7.7024753242227462e-10
   1.7578125000000000e-01   6.7719270176171420e-01   6.7719272014635723e-01   1.8384643030167069e-08
   1.8359375000000000e-01   4.1269875583193577e-01   4.1269878927936948e-01   3.3447433711586427e-08
   1.9140625000000000e-01   1.4007365133978281e-01   1.4007369256371521e-01   4.1223932406575514e-08
   1.9921875000000000e-01  -1.0887328928932934e-01  -1.0887324914006531e-01   4.0149264024513798e-08
   2.0703125000000000e-01  -3.1156742562970174e-01  -3.1156739486636925e-01   3.0763332492522721e-08
   2.1484375000000000e-01  -4.5666166260924368e-01  -4.5666164720575042e-01   1.5403493258681067e-08
   2.2265625000000000e-01  -5.4364990921766665e-01  -5.4364991149136688e-01   2.2737002280948104e-09
   2.3046875000000000e-01  -5.8042508429950002e-01  -5.8042510263998270e-01   1.8340482688117277e-08
   2.3828125000000000e-01  -5.7949585229743072e-01  -5.7949588170963462e-01   2.9412203894629840e-08
   2.4609375000000000e-01  -5.5379973902380664e-01  -5.5379977258157054e-01   3.3557763901015392e-08
   2.5390625000000000e-01  -5.1307073809558068e-01  -5.1307076858040745e-01   3.0484826774035412e-08
   2.6171875000000000e-01  -4.6154325758919956e-01  -4.6154327919333971e-01   2.1604140143516304e-08
   2.6953125000000000e-01  -3.9744620494371868e-01  -3.9744621439312255e-01   9.4494038704873162e-09
   2.7734375000000000e-01  -3.1433342615470800e-01  -3.1433342310006396e-01   3.0546440377143824e-09
   2.8515625000000000e-01  -2.0389349019669009e-01  -2.0389347687324921e-01   1.3323440878343362e-08
   2.9296875000000000e-01  -5.9561825694045445e-02  -5.9561806027607717e-02   1.9666437728327324e-08
   3.0078125000000000e-01   1.1991891454269331e-01   1.1991893607206416e-01   2.1529370855533081e-08
   3.0859375000000000e-01   3.2784793988265321e-01   3.2784795925314120e-01   1.9370487991388075e-08
   3.1640625000000000e-01   5.4851450246582245e-01   5.4851451681362673e-01   1.4347804278003196e-08
   3.2421875000000000e-01   7.5812797740949600e-01   7.5812798526403846e-01   7.8545424608833514e-09
   3.3203125000000000e-01   9.2772387788349886e-01   9.2772387903757125e-01   1.1540723932057517e-09
   3.3984375000000000e-01   1.0276400256934575e+00   1.0276400208055327e+00   4.8879247316335750e-09
   3.4765625000000000e-01   1.0328193497609877e+00   1.0328193399748942e+00   9.7860934911153663e-09
   3.5546875000000000e-01   9.2798353132842237e-01   9.2798351800403434e-01   1.3324388037361246e-08
   3.6328125000000000e-01   7.1167816540640738e-01   7.1167815010346069e-01   1.5302946687612007e-08
   3.7109375000000000e-01   3.9833047636632352e-01   3.9833046090345681e-01   1.5462866709281542e-08
   3.7890625000000000e-01   1.7768302757765142e-02   1.7768289323785439e-02   1.3433979702964782e-08
   3.8671875000000000e-01  -3.8792331283385961e-01  -3.8792332184371714e-01   9.0098575267205661e-09
   3.9453125000000000e-01  -7.6985581868261865e-01  -7.6985582098716410e-01   2.3045454433656687e-09
   4.0234375000000000e-01  -1.0793100779740961e+00  -1.0793100720413349e+00   5.9327611712234329e-09
   4.1015625000000000e-01  -1.2751188077947564e+00  -1.2751187934469084e+00   1.4347848020790366e-08
   4.1796875000000000e-01  -1.3302164874366642e+00  -1.3302164663785860e+00   2.1058078170099748e-08
   4.2578125000000000e-01  -1.2362033167802455e+00  -1.2362032926027244e+00   2.4177521096291343e-08
   4.3359375000000000e-01  -1.0050735943476417e+00  -1.0050735720584139e+00   2.2289227796790101e-08
   4.4140625000000000e-01  -6.6773009942708350e-01  -6.6773008434401415e-01   1.5083069349053346e-08
   4.4921875000000000e-01  -2.6946205904715775e-01  -2.6946205550240659e-01   3.5447511592678893e-09
   4.5703125000000000e-01   1.3689761844418236e-01   1.3689760845118057e-01   9.9930017871674437e-09
   4.6484375000000000e-01   4.9900266222249923e-01   4.9900263981048815e-01   2.2412011080330529e-08
   4.7265625000000000e-01   7.7286289507337236e-01   7.7286286460236087e-01   3.0471011491783884e-08
   4.8046875000000000e-01   9.2923464495865715e-01   9.2923461314380729e-01   3.1814849865696715e-08
   4.8828125000000000e-01   9.5748465599060517e-01   9.5748463039267129e-01   2.5597933883680923e-08
   4.9609375000000000e-01   8.6633861769710052e-01   8.6633860473551028e-01   1.2961590245552657e-08
   5.0390625000000000e-01   6.8148236235855797e-01   6.8148236562358389e-01   3.2650259162991802e-09
   5.1171875000000000e-01   4.4053158337300208e-01   4.4053160247771944e-01   1.9104717363660484e-08
   5.1953125000000000e-01   1.8632169974354440e-01   1.8632173015084758e-01   3.0407303175383760e-08
   5.2734375000000000e-01  -4.0283930154877717e-02  -4.0283895958895026e-02   3.4195982691331839e-08
   5.3515625000000000e-01  -2.0684838724169605e-01  -2.0684835792338443e-01   2.9318311611792325e-08
   5.4296875000000000e-01  -2.9405442224067457e-01  -2.9405440526212734e-01   1.6978547234813846e-08
   5.5078125000000000e-01  -2.9797351014180395e-01  -2.9797350979303011e-01   3.4877384313958260e-10
   5.5859375000000000e-01  -2.2969532469737630e-01  -2.2969534081025991e-01   1.6112883610697182e-08
   5.6640625000000000e-01  -1.1254901102894280e-01  -1.1254903901947565e-01   2.7990532849853089e-08
   5.7421875000000000e-01   2.2484671400899957e-02   2.2484639386100087e-02   3.2014799870166977e-08
   5.8203125000000000e-01   1.4233675649641236e-01   1.4233672939156852e-01   2.7104843841607718e-08
   5.8984375000000000e-01   2.1747651945664057e-01   2.1747650486410133e-01   1.4592539232527457e-08
   5.9765625000000000e-01   2.2675629440064946e-01   2.2675629638093719e-01   1.9802877393448881e-09
   6.0546875000000000e-01   1.6081193751095266e-01   1.6081195543445126e-01   1.7923498601968291e-08
   6.1328125000000000e-01   2.3607098012026460e-02   2.3607126598714029e-02   2.8586687569193137e-08
   6.2109375000000000e-01  -1.6801660291386153e-01  -1.6801657209581505e-01   3.0818046475866723e-08
   6.2890625000000000e-01  -3.8666193272572491e-01  -3.8666190893558289e-01   2.3790142023027983e-08
   6.3671875000000000e-01  -5.9822925066723309e-01  -5.9822924124161325e-01   9.4256198401865277e-09
   6.4453125000000000e-01  -7.6679067260395606e-01  -7.6679068070912437e-01   8.1051683142874253e-09
   6.5234375000000000e-01  -8.5986374413442423e-01  -8.5986376776316209e-01   2.3628737855219129e-08
   6.6015625000000000e-01  -8.5341021626135094e-01  -8.5341024862440784e-01   3.2363056901019149e-08
   6.6796875000000000e-01  -7.3589460753888980e-01  -7.3589463896296425e-01   3.1424074453667572e-08
   6.7578125000000000e-01  -5.1081408896518143e-01  -5.1081410966183427e-01   2.0696652835994200e-08
   6.8359375000000000e-01  -1.9726105732567020e-01  -1.9726106039453800e-01   3.0688677987722457e-09
   6.9140625000000000e-01   1.7169821058858475e-01   1.7169822696325954e-01   1.6374674782770882e-08
   6.9921875000000000e-01   5.5276402146499615e-01   5.5276405319953237e-01   3.1734536221073029e-08
   7.0703125000000000e-01   8.9788600949282926e-01   8.9788604759989998e-01   3.8107070721160596e-08
   7.1484375000000000e-01   1.1608129266565099e+00   1.1608129596902981e+00   3.3033788149339216e-08
   7.2265625000000000e-01   1.3038034216448793e+00   1.3038034390879620e+00   1.7443082755974615e-08
   7.3046875000000000e-01   1.3034815251097929e+00   1.3034815205837855e+00   4.5260073466835138e-09
   7.3828125000000000e-01   1.1548699673345810e+00   1.1548699408001202e+00   2.6534460850768937e-08
   7.4609375000000000e-01   8.7285638409317357e-01   8.7285634212430263e-01   4.1968870934105951e-08
   8.7890625000000000e-01   5.8741042248750119e-01   5.8741045878060638e-01   3.6293105187823471e-08
   8.8671875000000000e-01   3.7149192796837766e-01   3.7149197805568546e-01   5.0087307801316427e-08
   8.9453125000000000e-01   1.1496701672411587e-01   1.1496706674826668e-01   5.0024150807792545e-08
   9.0234375000000000e-01  -1.4933987426142187e-01  -1.4933983756497432e-01   3.6696447547335254e-08
   9.1015625000000000e-01  -3.9053043119927583e-01  -3.9053041700346658e-01   1.4195809250328040e-08
   9.1796875000000000e-01  -5.8250788921668495e-01  -5.8250790022524013e-01   1.1008555178548818e-08
   9.2578125000000000e-01  -7.0576837234594825e-01  -7.0576840446433176e-01   3.2118383508361603e-08
   9.3359375000000000e-01  -7.4822753277247933e-01  -7.4822757649051852e-01   4.3718039188789248e-08
   9.4140625000000000e-01  -7.0535802413279314e-01  -7.0535806743359786e-01   4.3300804719592634e-08
   9.4921875000000000e-01  -5.7994830903944283e-01  -5.7994834064768142e-01   3.1608238582059300e-08
   9.5703125000000000e-01  -3.8171475488661072e-01  -3.8171476724174525e-01   1.2355134526575995e-08
   9.6484375000000000e-01  -1.2684578689967418e-01  -1.2684577778677625e-01   9.1128979362586904e-09
   9.7265625000000000e-01   1.6261270361820099e-01   1.6261273080218369e-01   2.7183982703737897e-08
   9.8046875000000000e-01   4.5974615065734864e-01   4.5974618822680469e-01   3.7569456046160354e-08
   9.8828125000000000e-01   7.3438189416321287e-01   7.3438193226844084e-01   3.8105227972984324e-08
   9.9609375000000000e-01   9.5548783640991852e-01   9.5548786567166488e-01   2.9261746359310337e-08
   7.5390625000000000e-01   4.9072099207664599e-01   4.9072094626909540e-01   4.5807550586030032e-08
   7.6171875000000000e-01   5.5824335097686972e-02   5.5824298774138331e-02   3.6323548641137293e-08
   7.6953125000000000e-01  -3.7696108317389138e-01  -3.7696109881650897e-01   1.5642617590128083e-08
   7.7734375000000000e-01  -7.5308325782699481e-01  -7.5308324713667452e-01   1.0690320295658751e-08
   7.8515625000000000e-01  -1.0261676839828209e+00  -1.0261676487134301e+00   3.5269390741277107e-08
   7.9296875000000000e-01  -1.1646284929635864e+00  -1.1646284420413420e+00   5.0922244421158780e-08
   8.0078125000000000e-01  -1.1559633486039469e+00  -1.1559632957152655e+00   5.2888681434382079e-08
   8.0859375000000000e-01  -1.0080598365055842e+00  -1.0080597962904816e+00   4.0215102581342421e-08
   8.1640625000000000e-01  -7.4736271214413841e-01  -7.4736269596676452e-01   1.6177373884929125e-08
   8.2421875000000000e-01  -4.1429532036738498e-01  -4.1429533303979144e-01   1.2672406457525653e-08
   8.3203125000000000e-01  -5.6788470686214794e-02  -5.6788508998911587e-02   3.8312696792885959e-08
   8.3984375000000000e-01   2.7694221526935503e-01   2.7694216163395635e-01   5.3635398677975843e-08
   8.4765625000000000e-01   5.4516503697344365e-01   5.4516498255241308e-01   5.4421030570850348e-08
   8.5546875000000000e-01   7.1790366033134989e-01   7.1790361974000627e-01   4.0591343619666986e-08
   8.6328125000000000e-01   7.8001221994299175e-01   7.8001220381998959e-01   1.6123002155588040e-08
   8.7109375000000000e-01   7.3180106430326519e-01   7.3180107638832703e-01   1.2085061840139133e-08
