#                  Coord.                Numerical               Analytical                    Error
   3.9062500000000000e-03   5.0019287437265891e-03   5.0019289994671879e-03   2.5574059883681777e-10
   1.1718750000000000e-02   6.9432509796040695e-03   6.9432513428968872e-03   3.6329281770386412e-10
   1.9531250000000000e-02   9.5604539459961356e-03   9.5604546572751383e-03   7.1127900271028555e-10
   2.7343750000000000e-02   1.3058256038583044e-02   1.3058257248867959e-02   1.2102849156897522e-09
   3.5156250000000000e-02   1.7692260171870519e-02   1.7692261746398985e-02   1.5745284659418601e-09
   4.2968750000000000e-02   2.3777881928761214e-02   2.3777883526323325e-02   1.5975621103780924e-09
   5.0781250000000000e-02   3.1699676414464285e-02   3.1699677811748914e-02   1.3972846282794826e-09
   5.8593750000000000e-02   4.1920681657432672e-02   4.1920683043076556e-02   1.3856438843551366e-09
   6.6406250000000000e-02   5.4991262119378409e-02   5.4991264072218035e-02   1.9528396261181413e-09
   7.4218750000000000e-02   7.1556794252326375e-02   7.1556797255844046e-02   3.0035176706855182e-09
   8.2031250000000000e-02   9.2363395923292124e-02   9.2363399903170218e-02   3.9798780937516653e-09
   8.9843750000000000e-02   1.1826077674711791e-01   1.1826078094517012e-01   4.1980522114126728e-09
   9.7656250000000000e-02   1.5020118934273860e-01   1.5020119291283723e-01   3.5700986333875306e-09
   1.0546875000000000e-01   1.8923341133942403e-01   1.8923341405812499e-01   2.7187009588036659e-09
   1.1328125000000000e-01   2.3649069883056337e-01   2.3649070129235372e-01   2.4617903549017939e-09
   1.2109375000000000e-01   2.9317174340183205e-01   2.9317174647702021e-01   3.0751881596735586e-09
   1.2890625000000000e-01   3.6051385108072675e-01   3.6051385489424065e-01   3.8135138935579960e-09
   1.3671875000000000e-01   4.3975785160025310e-01   4.3975785523711874e-01   3.6368656419760725e-09
   1.4453125000000000e-01   5.3210464604808028e-01   5.3210464817853198e-01   2.1304517039411053e-09
   1.5234375000000000e-01   6.3866379981688204e-01   6.3866379966848141e-01   1.4840062512178065e-10
   1.6015625000000000e-01   7.6039517154249425e-01   7.6039516935020712e-01   2.1922871296098378e-09
   1.6796875000000000e-01   8.9804520978617219e-01   8.9804520642712382e-01   3.3590483727863329e-09
   1.7578125000000000e-01   1.0520802107558336e+00   1.0520802064311436e+00   4.3246899394944194e-09
   1.8359375000000000e-01   1.2226194605595493e+00   1.2226194544076261e+00   6.1519231930873275e-09
   1.9140625000000000e-01   1.4093717372639376e+00   1.4093717277564488e+00   9.5074887962454113e-09
   1.9921875000000000e-01   1.6115790504332537e+00   1.6115790369428500e+00   1.3490403683036334e-08
   2.0703125000000000e-01   1.8279717043784953e+00   1.8279716879684416e+00   1.6410053760296250e-08
   2.1484375000000000e-01   2.0567387252332847e+00   2.0567387078977708e+00   1.7335513913252498e-08
   2.2265625000000000e-01   2.2955173652935001e+00   2.2955173483197213e+00   1.6973778826923080e-08
   2.3046875000000000e-01   2.5414047723970068e+00   2.5414047547511771e+00   1.7645829686330217e-08
   2.3828125000000000e-01   2.7909939898394645e+00   2.7909939692329706e+00   2.0606493844610441e-08
   2.4609375000000000e-01   3.0404352764296489e+00   3.0404352511240273e+00   2.5305621598192829e-08
   2.5390625000000000e-01   3.2855223444939217e+00   3.2855223158805713e+00   2.8613350355755074e-08
   2.6171875000000000e-01   3.5218016138936514e+00   3.5218015857556533e+00   2.8137998153709987e-08
   2.6953125000000000e-01   3.7447010444660878e+00   3.7447010210774434e+00   2.3388644354582766e-08
   2.7734375000000000e-01   3.9496736859978787e+00   3.9496736687693601e+00   1.7228518611744903e-08
   2.8515625000000000e-01   4.1323498541883392e+00   4.1323498410018384e+00   1.3186500780193455e-08
   2.9296875000000000e-01   4.2886909415318231e+00   4.2886909282311958e+00   1.3300627266232823e-08
   3.0078125000000000e-01   4.4151373618667629e+00   4.4151373459396543e+00   1.5927108520941147e-08
   3.0859375000000000e-01   4.5087430913522901e+00   4.5087430741107006e+00   1.7241589489458420e-08
   3.1640625000000000e-01   4.5672897133112436e+00   4.5672896991371790e+00   1.4174064588701185e-08
   3.2421875000000000e-01   4.5893738037128236e+00   4.5893737969487116e+00   6.7641119372296998e-09
   3.3203125000000000e-01   4.5744628502477802e+00   4.5744628518659667e+00   1.6181864737063734e-09
   3.3984375000000000e-01   4.5229165930874533e+00   4.5229166002458241e+00   7.1583707850209066e-09
   3.4765625000000000e-01   4.4359725965709513e+00   4.4359726044633554e+00   7.8924040636252357e-09
   3.5546875000000000e-01   4.3156968594894733e+00   4.3156968649733978e+00   5.4839244256754682e-09
   3.6328125000000000e-01   4.1649022193051763e+00   4.1649022223952832e+00   3.0901068370781104e-09
   3.7109375000000000e-01   3.9870390457766334e+00   3.9870390491416208e+00   3.3649873998342628e-09
   3.7890625000000000e-01   3.7860641532358836e+00   3.7860641595537712e+00   6.3178875464586781e-09
   3.8671875000000000e-01   3.5662948748473675e+00   3.5662948847238600e+00   9.8764925127170500e-09
   3.9453125000000000e-01   3.3322557926170902e+00   3.3322558040114774e+00   1.1394387211538515e-08
   4.0234375000000000e-01   3.0885256693862759e+00   3.0885256794744875e+00   1.0088211599423857e-08
   4.1015625000000000e-01   2.8395917139007154e+00   2.8395917209887811e+00   7.0880656899419137e-09
   4.1796875000000000e-01   2.5897174689392983e+00   2.5897174734330388e+00   4.4937404908296230e-09
   4.2578125000000000e-01   2.3428294432208245e+00   2.3428294468263244e+00   3.6054998986401188e-09
   4.3359375000000000e-01   2.1024262057812462e+00   2.1024262098693094e+00   4.0880632212747514e-09
   4.4140625000000000e-01   1.8715121465679956e+00   1.8715121511554738e+00   4.5874781751109595e-09
   4.4921875000000000e-01   1.6525565904150379e+00   1.6525565942961404e+00   3.8811025504514873e-09
   4.5703125000000000e-01   1.4474775355086322e+00   1.4474775374314341e+00   1.9228019176864564e-09
   4.6484375000000000e-01   1.2576480608671006e+00   1.2576480605503118e+00   3.1678881740049292e-10
   4.7265625000000000e-01   1.0839224706954684e+00   1.0839224691261100e+00   1.5693584209941491e-09
   4.8046875000000000e-01   9.2667855862628590e-01   9.2667855731150706e-01   1.3147788413547801e-09
   4.8828125000000000e-01   7.8587198979392014e-01   7.8587198978132145e-01   1.2598699861143814e-11
   4.9609375000000000e-01   6.6109870461008080e-01   6.6109870584143682e-01   1.2313560171506310e-09
   5.0390625000000000e-01   5.5166140887817783e-01   5.5166141036342076e-01   1.4852429286449365e-09
   5.1171875000000000e-01   4.5663658604277524e-01   4.5663658663442980e-01   5.9165455867926653e-10
   5.1953125000000000e-01   3.7493899160271110e-01   3.7493899079550219e-01   8.0720891082464163e-10
   5.2734375000000000e-01   3.0538120952712883e-01   3.0538120771165062e-01   1.8154782122081770e-09
   5.3515625000000000e-01   2.4672650951616898e-01   2.4672650763703349e-01   1.8791354861047438e-09
   5.4296875000000000e-01   1.9773389314240444e-01   1.9773389205499906e-01   1.0874053879561529e-09
   5.5078125000000000e-01   1.5719481503646643e-01   1.5719481502887361e-01   7.5928152654114456e-12
   5.5859375000000000e-01   1.2396158289667336e-01   1.2396158364356147e-01   7.4688810691725394e-10
   5.6640625000000000e-01   9.6967858413083988e-02   9.6967859284570079e-02   8.7148609162479573e-10
   5.7421875000000000e-01   7.5241992366127414e-02   7.5241992838802632e-02   4.7267521841032334e-10
   5.8203125000000000e-01   5.7914132927125821e-02   5.7914132832765038e-02   9.4360783076119503e-11
   5.8984375000000000e-01   4.4218155166593415e-02   4.4218154688793358e-02   4.7780005646425039e-10
   5.9765625000000000e-01   3.3489485891889825e-02   3.3489485370556668e-02   5.2133315719959938e-10
   6.0546875000000000e-01   2.5159857602499829e-02   2.5159857308113674e-02   2.9438615434251858e-10
   6.1328125000000000e-01   1.8749936218464110e-02   1.8749936223667957e-02   5.2038477693638896e-12
   6.2109375000000000e-01   1.3860646109669854e-02   1.3860646308425383e-02   1.9875552939585539e-10
   6.2890625000000000e-01   1.0163878124187892e-02   1.0163878345496709e-02   2.2130881675852532e-10
   6.3671875000000000e-01   7.3931244126762795e-03   7.3931245355110106e-03   1.2283473110191734e-10
   6.4453125000000000e-01   5.3344477893556719e-03   5.3344477909163610e-03   1.5606890779729099e-12
   6.5234375000000000e-01   3.8180701206293939e-03   3.8180700526875026e-03   6.7941891262329746e-11
   6.6015625000000000e-01   2.7107580702726243e-03   2.7107580024460782e-03   6.7826546028965096e-11
   6.6796875000000000e-01   1.9090973814154240e-03   1.9090973554790446e-03   2.5936379346308547e-11
   6.7578125000000000e-01   1.3336788524457601e-03   1.3336788690709804e-03   1.6625220297661336e-11
   6.8359375000000000e-01   9.2416907019570631e-04   9.2416910344723913e-04   3.3251532820591234e-11
   6.9140625000000000e-01   6.3520476023586926e-04   6.3520478202880434e-04   2.1792935078063236e-11
   6.9921875000000000e-01   4.3302879882596730e-04   4.3302879656173553e-04   2.2642317708265747e-12
   7.0703125000000000e-01   2.9277583947906883e-04   2.9277581921237350e-04   2.0266695331498663e-11
   7.1484375000000000e-01   1.9631354352842020e-04   1.9631352108163706e-04   2.2446783147500593e-11
   7.2265625000000000e-01   1.3054919784111048e-04   1.3054918675855536e-04   1.1082555121007254e-11
   7.3046875000000000e-01   8.6119006697763756e-05   8.6119010958394219e-05   4.2606304633463141e-12
   7.3828125000000000e-01   5.6386871214089476e-05   5.6386885510985147e-05   1.4296895671462792e-11
   7.4609375000000000e-01   3.6689716336310894e-05   3.6689731443856954e-05   1.5107546059967523e-11
   8.7890625000000000e-01   8.7119685055551210e-06   8.7119606197894264e-06   7.8857656946122170e-12
   8.8671875000000000e-01   1.3970489127010125e-05   1.3970486694564943e-05   2.4324451822340873e-12
   8.9453125000000000e-01   2.1966909957283961e-05   2.1966914346137174e-05   4.3888532131469704e-12
   9.0234375000000000e-01   3.4092953976857835e-05   3.4092958263974131e-05   4.2871162959164273e-12
   9.1015625000000000e-01   5.2412352462341945e-05   5.2412347973683626e-05   4.4886583192753696e-12
   9.1796875000000000e-01   7.9942217922013864e-05   7.9942206127693623e-05   1.1794320240506723e-11
   9.2578125000000000e-01   1.2103888951530617e-04   1.2103888555784636e-04   3.9574598074488057e-12
   9.3359375000000000e-01   1.8192296909198553e-04   1.8192298661283353e-04   1.7520847999438066e-11
   9.4140625000000000e-01   2.7138674582778043e-04   2.7138677981495087e-04   3.3987170445625575e-11
   9.4921875000000000e-01   4.0173651869046333e-04   4.0173654799179103e-04   2.9301327694481599e-11
   9.5703125000000000e-01   5.9003215419317309e-04   5.9003217078431799e-04   1.6591144907582289e-11
   9.6484375000000000e-01   8.5969610963263236e-04   8.5969614751752756e-04   3.7884895199256918e-11
   9.7265625000000000e-01   1.2425733416882635e-03   1.2425734643711137e-03   1.2268285020690384e-10
   9.8046875000000000e-01   1.7815309390217856e-03   1.7815311816663103e-03   2.4264452469849318e-10
   9.8828125000000000e-01   2.5336905493379244e-03   2.5336908643247801e-03   3.1498685560890638e-10
   9.9609375000000000e-01   3.5743857993211408e-03   3.5743860956603266e-03   2.9633918582905316e-10
   7.5390625000000000e-01   2.3776458496549010e-05   2.3776467173658208e-05   8.6771091986701920e-12
   7.6171875000000000e-01   1.5396933122399356e-05   1.5396933109546109e-05   1.2853247248001756e-14
   7.6953125000000000e-01   1.0005216678774991e-05   1.0005210210397442e-05   6.4683775490118360e-12
   7.7734375000000000e-01   6.5487107666742585e-06   6.5487021206194984e-06   8.6460547600678570e-12
   7.8515625000000000e-01   4.3201923592450387e-06   4.3201855387812875e-06   6.8204637511376899e-12
   7.9296875000000000e-01   2.8549489425114841e-06   2.8549461791716265e-06   2.7633398575347746e-12
   8.0078125000000000e-01   1.8592985787842664e-06   1.8592998053112198e-06   1.2265269533846731e-12
   8.0859375000000000e-01   1.1604016178727520e-06   1.1604047803913687e-06   3.1625186167094540e-12
   8.1640625000000000e-01   6.7039176645428024e-07   6.7039412991411156e-07   2.3634598313127339e-12
   8.2421875000000000e-01   3.6051444336329297e-07   3.6051445065004743e-07   7.2867544534768085e-15
   8.3203125000000000e-01   2.4313849904623445e-07   2.4313696829324376e-07   1.5307529906821806e-12
   8.3984375000000000e-01   3.6118203362905524e-07   3.6118134105463225e-07   6.9257442298560385e-13
   8.4765625000000000e-01   7.8568335255842004e-07   7.8568477947206576e-07   1.4269136457205380e-12
   8.5546875000000000e-01   1.6230476790987268e-06   1.6230493112461978e-06   1.6321474709680549e-12
   8.6328125000000000e-01   3.0340851862820837e-06   3.0340831919552329e-06   1.9943268507777883e-12
   8.7109375000000000e-01   5.2675698216908535e-06   5.2675628559842309e-06   6.9657066225853131e-12
