#                  Coord.                Numerical               Analytical                    Error
   3.9062500000000000e-03   1.4685480690039427e+00   1.4685480691810937e+00   1.7715096056747370e-10
   1.1718750000000000e-02   1.4440340447047022e+00   1.4440340461970802e+00   1.4923779989572949e-09
   1.9531250000000000e-02   1.4165925612069414e+00   1.4165925632063801e+00   1.9994386146748866e-09
   2.7343750000000000e-02   1.3871434845779709e+00   1.3871434863721812e+00   1.7942103358592476e-09
   3.5156250000000000e-02   1.3565843538972502e+00   1.3565843553034671e+00   1.4062169206852104e-09
   4.2968750000000000e-02   1.3257132815714709e+00   1.3257132829475762e+00   1.3761052297667220e-09
   5.0781250000000000e-02   1.2951582014419767e+00   1.2951582034166464e+00   1.9746697610401043e-09
   5.8593750000000000e-02   1.2653215871448451e+00   1.2653215899946531e+00   2.8498079451821923e-09
   6.6406250000000000e-02   1.2363484189502674e+00   1.2363484225370414e+00   3.5867739889283712e-09
   7.4218750000000000e-02   1.2081228395549342e+00   1.2081228432130875e+00   3.6581533358059914e-09
   8.2031250000000000e-02   1.1802958398793866e+00   1.1802958430189543e+00   3.1395677169143710e-09
   8.9843750000000000e-02   1.1523428041434323e+00   1.1523428064870664e+00   2.3436341756166712e-09
   9.7656250000000000e-02   1.1236462049990708e+00   1.1236462067191118e+00   1.7200409985207443e-09
   1.0546875000000000e-01   1.0935955994400017e+00   1.0935956008493808e+00   1.4093790579039478e-09
   1.1328125000000000e-01   1.0616947063841708e+00   1.0616947076370893e+00   1.2529184356679934e-09
   1.2109375000000000e-01   1.0276640537223047e+00   1.0276640546938500e+00   9.7154528866383316e-10
   1.2890625000000000e-01   9.9152764492848544e-01   9.9152764522203596e-01   2.9355051722745884e-10
   1.3671875000000000e-01   9.5367335242579687e-01   9.5367335178834178e-01   6.3745508871448919e-10
   1.4453125000000000e-01   9.1487918553279624e-01   9.1487918421509207e-01   1.3177041680023649e-09
   1.5234375000000000e-01   8.7630094643663203e-01   8.7630094492168309e-01   1.5149489440702268e-09
   1.6015625000000000e-01   8.3942071054199441e-01   8.3942070920934242e-01   1.3326519887613131e-09
   1.6796875000000000e-01   8.0595961212639478e-01   8.0595961097179658e-01   1.1545981948302142e-09
   1.7578125000000000e-01   7.7776212114127852e-01   7.7776211971008402e-01   1.4311944962486223e-09
   1.8359375000000000e-01   7.5666194679002841e-01   7.5666194466844727e-01   2.1215811329966527e-09
   1.9140625000000000e-01   7.4434157141198065e-01   7.4434156852254940e-01   2.8894312498195518e-09
   1.9921875000000000e-01   7.4219800166556849e-01   7.4219799851624102e-01   3.1493274654792458e-09
   2.0703125000000000e-01   7.5122658545948529e-01   7.5122658268373943e-01   2.7757458553878678e-09
   2.1484375000000000e-01   7.7193278682503474e-01   7.7193278473925275e-01   2.0857819915676146e-09
   2.2265625000000000e-01   8.0427889647591766e-01   8.0427889480984505e-01   1.6660726132045056e-09
   2.3046875000000000e-01   8.4766913272258282e-01   8.4766913075266048e-01   1.9699223363645046e-09
   2.3828125000000000e-01   9.0097287308215546e-01   9.0097287033480844e-01   2.7473470165517710e-09
   2.4609375000000000e-01   9.6258227020988030e-01   9.6258226673373271e-01   3.4761475919964369e-09
   2.5390625000000000e-01   1.0304976140377498e+00   1.0304976105644730e+00   3.4732767772993611e-09
   2.6171875000000000e-01   1.1024317959063183e+00   1.1024317931858345e+00   2.7204838382033358e-09
   2.6953125000000000e-01   1.1759242633652278e+00   1.1759242617518018e+00   1.6134260594213856e-09
   2.7734375000000000e-01   1.2484549693642271e+00   1.2484549685578974e+00   8.0632966970028974e-10
   2.8515625000000000e-01   1.3175499122547425e+00   1.3175499116882767e+00   5.6646576318541975e-10
   2.9296875000000000e-01   1.3808717416047336e+00   1.3808717408241638e+00   7.8056983099372701e-10
   3.0078125000000000e-01   1.4362912876851717e+00   1.4362912868447588e+00   8.4041285042246727e-10
   3.0859375000000000e-01   1.4819384555046891e+00   1.4819384551157055e+00   3.8898351206739790e-10
   3.1640625000000000e-01   1.5162333894952793e+00   1.5162333900689966e+00   5.7371729589306142e-10
   3.2421875000000000e-01   1.5379008968878438e+00   1.5379008984862503e+00   1.5984065182550466e-09
   3.3203125000000000e-01   1.5459725968075406e+00   1.5459725990382445e+00   2.2307038438640348e-09
   3.3984375000000000e-01   1.5397820121218844e+00   1.5397820144396863e+00   2.3178019503689029e-09
   3.4765625000000000e-01   1.5189577941636008e+00   1.5189577962351699e+00   2.0715691384509682e-09
   3.5546875000000000e-01   1.4834195116143059e+00   1.4834195135481862e+00   1.9338803891599810e-09
   3.6328125000000000e-01   1.4333790648031048e+00   1.4333790667755282e+00   1.9724233357720777e-09
   3.7109375000000000e-01   1.3693489870161342e+00   1.3693489891295583e+00   2.1134241023901268e-09
   3.7890625000000000e-01   1.2921568994313657e+00   1.2921569013734755e+00   1.9421098063077125e-09
   3.8671875000000000e-01   1.2029634373168525e+00   1.2029634386016135e+00   1.2847609642818725e-09
   3.9453125000000000e-01   1.1032793209271476e+00   1.1032793212676213e+00   3.4047364927403123e-10
   4.0234375000000000e-01   9.9497611841880229e-01   9.9497611796348351e-01   4.5531878267723869e-10
   4.1015625000000000e-01   8.8028481670643566e-01   8.8028481588878205e-01   8.1765361148455895e-10
   4.1796875000000000e-01   7.6177667603012278e-01   7.6177667532337467e-01   7.0674810448423386e-10
   4.2578125000000000e-01   6.4232200757417945e-01   6.4232200707117915e-01   5.0300030807193252e-10
   4.3359375000000000e-01   5.2502439132682732e-01   5.2502439081288699e-01   5.1394033473428635e-10
   4.4140625000000000e-01   4.1313026900682265e-01   4.1313026814669068e-01   8.6013196565204453e-10
   4.4921875000000000e-01   3.0991654006277147e-01   3.0991653880512438e-01   1.2576470975744769e-09
   4.5703125000000000e-01   2.1856145370314389e-01   2.1856145231845006e-01   1.3846938318184954e-09
   4.6484375000000000e-01   1.4200639610977561e-01   1.4200639500490550e-01   1.1048701120675020e-09
   4.7265625000000000e-01   8.2817825171807136e-02   8.2817824549780261e-02   6.2202687445278571e-10
   4.8046875000000000e-01   4.3059370188789581e-02   4.3059369907856450e-02   2.8093313092503180e-10
   4.8828125000000000e-01   2.4183863102958010e-02   2.4183862863663700e-02   2.3929431006153301e-10
   4.9609375000000000e-01   2.6953793134573960e-02   2.6953792742935044e-02   3.9163891574212073e-10
   5.0390625000000000e-01   5.1396499627087255e-02   5.1396499159362292e-02   4.6772496292701859e-10
   5.1171875000000000e-01   9.6797576079299744e-02   9.6797575689612655e-02   3.8968708815367847e-10
   5.1953125000000000e-01   1.6173277094196337e-01   1.6173277066491465e-01   2.7704871730094283e-10
   5.2734375000000000e-01   2.4413550225747427e-01   2.4413550186140626e-01   3.9606801172098471e-10
   5.3515625000000000e-01   3.4139430511799673e-01   3.4139430425189649e-01   8.6610024707667321e-10
   5.4296875000000000e-01   4.5047240542064670e-01   4.5047240392922411e-01   1.4914225965334538e-09
   5.5078125000000000e-01   5.6804036557486381e-01   5.6804036366829025e-01   1.9065735656909055e-09
   5.5859375000000000e-01   6.9061246845769841e-01   6.9061246661276243e-01   1.8449359817651612e-09
   5.6640625000000000e-01   8.1467816333113841e-01   8.1467816184425357e-01   1.4868848374760546e-09
   5.7421875000000000e-01   9.3682134669382011e-01   9.3682134552112828e-01   1.1726918325294378e-09
   5.8203125000000000e-01   1.0538222663784591e+00   1.0538222651678377e+00   1.2106213809204291e-09
   5.8984375000000000e-01   1.1627391358931933e+00   1.1627391344003535e+00   1.4928398517355390e-09
   5.9765625000000000e-01   1.2609688439552049e+00   1.2609688422928067e+00   1.6623982190822062e-09
   6.0546875000000000e-01   1.3462881745251329e+00   1.3462881730911263e+00   1.4340066911699978e-09
   6.1328125000000000e-01   1.4168785111852173e+00   1.4168785103572799e+00   8.2793749633935931e-10
   6.2109375000000000e-01   1.4713379510402775e+00   1.4713379507412694e+00   2.9900815157191118e-10
   6.2890625000000000e-01   1.5086850435206101e+00   1.5086850433555814e+00   1.6502865740619654e-10
   6.3671875000000000e-01   1.5283580271237662e+00   1.5283580266233843e+00   5.0038195809065655e-10
   6.4453125000000000e-01   1.5302125501733705e+00   1.5302125492113918e+00   9.6197871890524311e-10
   6.5234375000000000e-01   1.5145195831504095e+00   1.5145195820365929e+00   1.1138165945112632e-09
   6.6015625000000000e-01   1.4819637373774117e+00   1.4819637366449661e+00   7.3244565967911512e-10
   6.6796875000000000e-01   1.4336407012229999e+00   1.4336407011180814e+00   1.0491851831773147e-10
   6.7578125000000000e-01   1.3710511870374840e+00   1.3710511872049569e+00   1.6747292441721129e-10
   6.8359375000000000e-01   1.2960878332641559e+00   1.2960878330626924e+00   2.0146351253913508e-10
   6.9140625000000000e-01   1.2110110731148038e+00   1.2110110720877234e+00   1.0270804207124229e-09
   6.9921875000000000e-01   1.1184101591190143e+00   1.1184101573741223e+00   1.7448920086593489e-09
   7.0703125000000000e-01   1.0211463595062704e+00   1.0211463575982365e+00   1.9080339530574975e-09
   7.1484375000000000e-01   9.2227677606903025e-01   9.2227677469406810e-01   1.3749621441405679e-09
   7.2265625000000000e-01   8.2495916107170741e-01   8.2495916058090391e-01   4.9080350894570302e-10
   7.3046875000000000e-01   7.3234034042577978e-01   7.3234034071998122e-01   2.9420144098679657e-10
   7.3828125000000000e-01   6.4743313842861694e-01   6.4743313907732192e-01   6.4870497862301590e-10
   7.4609375000000000e-01   5.7298875970360330e-01   5.7298876029946078e-01   5.9585747447243875e-10
   8.7890625000000000e-01   1.1488593837952470e+00   1.1488593813669628e+00   2.4282842403522409e-09
   8.8671875000000000e-01   1.2097314530892309e+00   1.2097314505062757e+00   2.5829551830724995e-09
   8.9453125000000000e-01   1.2653294723941586e+00   1.2653294700853623e+00   2.3087962652823535e-09
   9.0234375000000000e-01   1.3155241060591465e+00   1.3155241039722045e+00   2.0869419525837429e-09
   9.1015625000000000e-01   1.3603043890152351e+00   1.3603043867540570e+00   2.2611781336223657e-09
   9.1796875000000000e-01   1.3997077156894402e+00   1.3997077128149544e+00   2.8744857605289553e-09
   9.2578125000000000e-01   1.4337636147897364e+00   1.4337636112537608e+00   3.5359755123920422e-09
   9.3359375000000000e-01   1.4624572699229879e+00   1.4624572662464601e+00   3.6765277489081427e-09
   9.4140625000000000e-01   1.4857158662171523e+00   1.4857158630563130e+00   3.1608393680215841e-09
   9.4921875000000000e-01   1.5034177089276455e+00   1.5034177067472545e+00   2.1803909788786768e-09
   9.5703125000000000e-01   1.5154210455981254e+00   1.5154210441324927e+00   1.4656327262940749e-09
   9.6484375000000000e-01   1.5216069700925428e+00   1.5216069686623341e+00   1.4302086182027551e-09
   9.7265625000000000e-01   1.5219289949277468e+00   1.5219289929175113e+00   2.0102355335893662e-09
   9.8046875000000000e-01   1.5164610372223699e+00   1.5164610347120231e+00   2.5103468193066192e-09
   9.8828125000000000e-01   1.5054357732662098e+00   1.5054357709412425e+00   2.3249673297698337e-09
   9.9609375000000000e-01   1.4892665408101813e+00   1.4892665394867293e+00   1.3234520146454543e-09
   7.5390625000000000e-01   5.1137313623430791e-01   5.1137313664894612e-01   4.1463821265352863e-10
   7.6171875000000000e-01   4.6445654036270001e-01   4.6445654076943621e-01   4.0673620027575907e-10
   7.6953125000000000e-01   4.3352562349917201e-01   4.3352562410133688e-01   6.0216487351993919e-10
   7.7734375000000000e-01   4.1922589020434714e-01   4.1922589122189258e-01   1.0175454367988834e-09
   7.8515625000000000e-01   4.2154050974011747e-01   4.2154051121914116e-01   1.4790236813055913e-09
   7.9296875000000000e-01   4.3980847080621899e-01   4.3980847260258826e-01   1.7963692755529337e-09
   8.0078125000000000e-01   4.7278169158574057e-01   4.7278169341141985e-01   1.8256792744253403e-09
   8.0859375000000000e-01   5.1871716649671151e-01   5.1871716800317325e-01   1.5064617331361774e-09
   8.1640625000000000e-01   5.7549696572424502e-01   5.7549696667308670e-01   9.4884167189945856e-10
   8.2421875000000000e-01   6.4076628746695308e-01   6.4076628778732370e-01   3.2037061892253860e-10
   8.3203125000000000e-01   7.1207811144092303e-01   7.1207811135119248e-01   8.9730556318556864e-11
   8.3984375000000000e-01   7.8703252474366081e-01   7.8703252447580407e-01   2.6785673679086131e-10
   8.4765625000000000e-01   8.6339955105859589e-01   8.6339955074166175e-01   3.1693414559441635e-10
   8.5546875000000000e-01   9.3921623629101936e-01   9.3921623569020340e-01   6.0081595254501963e-10
   8.6328125000000000e-01   1.0128516004092283e+00   1.0128515992342080e+00   1.1750203032789841e-09
   8.7109375000000000e-01   1.0830365333729683e+00   1.0830365314601651e+00   1.9128032491266822e-09
