#                  Coord.                Numerical               Analytical                    Error
   3.9062500000000000e-03  -5.9850924259701344e-01  -5.9850925022911738e-01   7.6321039488291831e-09
   1.1718750000000000e-02  -8.6602050597823865e-01  -8.6602051652196399e-01   1.0543725337264220e-08
   1.9531250000000000e-02  -1.0589179564692379e+00  -1.0589179670842250e+00   1.0614987111523533e-08
   2.7343750000000000e-02  -1.1591145775555087e+00  -1.1591145855976812e+00   8.0421724835133546e-09
   3.5156250000000000e-02  -1.1554731031044920e+00  -1.1554731067120376e+00   3.6075455955852931e-09
   4.2968750000000000e-02  -1.0456015302094979e+00  -1.0456015288145284e+00   1.3949694732673379e-09
   5.0781250000000000e-02  -8.3723177940620919e-01  -8.3723177369814583e-01   5.7080633553141524e-09
   5.8593750000000000e-02  -5.4871595652345717e-01  -5.4871594823745340e-01   8.2860037720067226e-09
   6.6406250000000000e-02  -2.0821559323562658e-01  -2.0821558453842501e-01   8.6972015700403915e-09
   7.4218750000000000e-02   1.4865840910713399e-01   1.4865841612081845e-01   7.0136844665391607e-09
   8.2031250000000000e-02   4.8270270216723621e-01   4.8270270604854437e-01   3.8813081637556479e-09
   8.9843750000000000e-02   7.5607865104611960e-01   7.5607865118273165e-01   1.3661205500170581e-10
   9.7656250000000000e-02   9.3766160471635696e-01   9.3766160143372790e-01   3.2826290574661243e-09
   1.0546875000000000e-01   1.0078769475853737e+00   1.0078769418608957e+00   5.7244780027332354e-09
   1.1328125000000000e-01   9.6209517223552876e-01   9.6209516548092444e-01   6.7546043203137174e-09
   1.2109375000000000e-01   8.1183392258735698e-01   8.1183391622036338e-01   6.3669935990162685e-09
   1.2890625000000000e-01   5.8336753440098543e-01   5.8336752968425998e-01   4.7167254546565118e-09
   1.3671875000000000e-01   3.1381102418619938e-01   3.1381102194734412e-01   2.2388552678442863e-09
   1.4453125000000000e-01   4.5233630729504266e-02   4.5233631307109452e-02   5.7760518590299625e-10
   1.5234375000000000e-01  -1.8223467304198604e-01  -1.8223466978029204e-01   3.2616939982244020e-09
   1.6015625000000000e-01  -3.3710072972643396e-01  -3.3710072434755822e-01   5.3788757337080995e-09
   1.6796875000000000e-01  -4.0179264971965162e-01  -4.0179264318238062e-01   6.5372710023048342e-09
   1.7578125000000000e-01  -3.7553658865523526e-01  -3.7553658217486313e-01   6.4803721278039461e-09
   1.8359375000000000e-01  -2.7425356547276925e-01  -2.7425356037862636e-01   5.0941428852979698e-09
   1.9140625000000000e-01  -1.2744747794761405e-01  -1.2744747543680177e-01   2.5108122803096933e-09
   1.9921875000000000e-01   2.7384308005307931e-02   2.7384307100248542e-02   9.0505938854512635e-10
   2.0703125000000000e-01   1.5181850384960296e-01   1.5181849936106703e-01   4.4885359318236340e-09
   2.1484375000000000e-01   2.1376840762518270e-01   2.1376840019728571e-01   7.4278969919294724e-09
   2.2265625000000000e-01   1.9361423919089607e-01   1.9361423030249447e-01   8.8884015980728037e-09
   2.3046875000000000e-01   8.8078991862073283e-02   8.8078983543314254e-02   8.3187590288469337e-09
   2.3828125000000000e-01  -8.8858591010905888e-02  -8.8858596602015394e-02   5.5911095059313354e-09
   2.4609375000000000e-01  -3.0817933706799350e-01  -3.0817933825722632e-01   1.1892328233287230e-09
   2.5390625000000000e-01  -5.3076474898317660e-01  -5.3076474505862514e-01   3.9245514615871002e-09
   2.6171875000000000e-01  -7.1417564155902025e-01  -7.1417563310480547e-01   8.4542147726907046e-09
   2.6953125000000000e-01  -8.2006556185451240e-01  -8.2006555080884314e-01   1.1045669268128222e-08
   2.7734375000000000e-01  -8.2093673894078989e-01  -8.2093672805419693e-01   1.0886592960446251e-08
   2.8515625000000000e-01  -7.0509076830709738e-01  -7.0509076050982067e-01   7.7972767131839760e-09
   2.9296875000000000e-01  -4.7896873283538682e-01  -4.7896873034558413e-01   2.4898026973474430e-09
   3.0078125000000000e-01  -1.6654427644895453e-01  -1.6654428015570533e-01   3.7067507951960010e-09
   3.0859375000000000e-01   1.9406316134685611e-01   1.9406315228444693e-01   9.0624091841906562e-09
   3.1640625000000000e-01   5.5614107201953755e-01   5.5614105995812479e-01   1.2061412757446988e-08
   3.2421875000000000e-01   8.7117322969403510e-01   8.7117321794213920e-01   1.1751895900857789e-08
   3.3203125000000000e-01   1.0957954814663180e+00   1.0957954732861797e+00   8.1801383444712883e-09
   3.3984375000000000e-01   1.1978886462269800e+00   1.1978886439377461e+00   2.2892339135438533e-09
   3.4765625000000000e-01   1.1609753322222911e+00   1.1609753364505486e+00   4.2282575218877128e-09
   3.5546875000000000e-01   9.8638854821110478e-01   9.8638855774391521e-01   9.5328104299241545e-09
   3.6328125000000000e-01   6.9302516955842031e-01   6.9302518160985949e-01   1.2051439179927570e-08
   3.7109375000000000e-01   3.1482903767237841e-01   3.1482904874596834e-01   1.1073589933907613e-08
   3.7890625000000000e-01  -1.0357715500400763e-01  -1.0357714815180577e-01   6.8522018614736169e-09
   3.8671875000000000e-01  -5.1250003303010616e-01  -5.1250003236457020e-01   6.6553595967633328e-10
   3.9453125000000000e-01  -8.6330971876007034e-01  -8.6330972434823339e-01   5.5881630434129193e-09
   4.0234375000000000e-01  -1.1143658467674198e+00  -1.1143658568282893e+00   1.0060869470862599e-08
   4.1015625000000000e-01  -1.2360513346332711e+00  -1.2360513460385754e+00   1.1405304256584259e-08
   4.1796875000000000e-01  -1.2143377925668331e+00  -1.2143378018293987e+00   9.2625656034073245e-09
   4.2578125000000000e-01  -1.0524631822020529e+00  -1.0524631865057241e+00   4.3036711971922159e-09
   4.3359375000000000e-01  -7.7050128255327877e-01  -7.7050128065458201e-01   1.8986967553757950e-09
   4.4140625000000000e-01  -4.0283574776960912e-01  -4.0283574033274860e-01   7.4368605162966617e-09
   4.4921875000000000e-01   6.1954146985176602e-03   6.1954252948361556e-03   1.0596318495391388e-08
   4.5703125000000000e-01   4.0797089846947898e-01   4.0797090891452076e-01   1.0445041775941633e-08
   4.6484375000000000e-01   7.5585003433788611e-01   7.5585004136569467e-01   7.0278085573249882e-09
   4.7265625000000000e-01   1.0111780645333062e+00   1.0111780659561580e+00   1.4228518363523790e-09
   4.8046875000000000e-01   1.1481684436584234e+00   1.1481684389955902e+00   4.6628332306397624e-09
   4.8828125000000000e-01   1.1569230041767151e+00   1.1569229948468258e+00   9.3298893055759891e-09
   4.9609375000000000e-01   1.0441114822294135e+00   1.0441114710621813e+00   1.1167232250031134e-08
   5.0390625000000000e-01   8.3119652345009287e-01   8.3119651389471094e-01   9.5553819301485987e-09
   5.1171875000000000e-01   5.5050029328386585e-01   5.5050028831032805e-01   4.9735378038207045e-09
   5.1953125000000000e-01   2.3978816374974563e-01   2.3978816496419744e-01   1.2144518168888396e-09
   5.2734375000000000e-01  -6.3684328724799524e-02  -6.3684321570743094e-02   7.1540564305916376e-09
   5.3515625000000000e-01  -3.2861491671127224e-01  -3.2861490564261020e-01   1.1068662042479360e-08
   5.4296875000000000e-01  -5.3364252276853696e-01  -5.3364251099889082e-01   1.1769646146575496e-08
   5.5078125000000000e-01  -6.6922321171667642e-01  -6.6922320268679436e-01   9.0298820643042177e-09
   5.5859375000000000e-01  -7.3716271062912619e-01  -7.3716270703208131e-01   3.5970448841737834e-09
   5.6640625000000000e-01  -7.4804886960842609e-01  -7.4804887258593111e-01   2.9775050203184605e-09
   5.7421875000000000e-01  -7.1725206724329282e-01  -7.1725207607803121e-01   8.8347383853104589e-09
   5.8203125000000000e-01  -6.6044375825189983e-01  -6.6044377055091574e-01   1.2299015916816813e-08
   5.8984375000000000e-01  -5.8965995275423466e-01  -5.8965996516132801e-01   1.2407093352706511e-08
   5.9765625000000000e-01  -5.1078852520235718e-01  -5.1078853432660909e-01   9.1242519095757757e-09
   6.0546875000000000e-01  -4.2301762662342879e-01  -4.2301763001455794e-01   3.3911291552612965e-09
   6.1328125000000000e-01  -3.2032150197074405e-01  -3.2032149876157551e-01   3.2091685420176930e-09
   6.2109375000000000e-01  -1.9458154843994388e-01  -1.9458153955820365e-01   8.8817402321694772e-09
   6.2890625000000000e-01  -3.9551150198377925e-02  -3.9551138028863050e-02   1.2169514874982301e-08
   6.3671875000000000e-01   1.4533980272574976e-01   1.4533981503413401e-01   1.2308384256254357e-08
   6.4453125000000000e-01   3.5233208992762111e-01   3.5233209923293274e-01   9.3053116323460472e-09
   6.5234375000000000e-01   5.6459042600931808e-01   5.6459043012889865e-01   4.1195805655647177e-09
   6.6015625000000000e-01   7.5770642998138904e-01   7.5770642816546951e-01   1.8159195258604655e-09
   6.6796875000000000e-01   9.0329880875824953e-01   9.0329880186067590e-01   6.8975736233767293e-09
   6.7578125000000000e-01   9.7408365328918145e-01   9.7408364335169739e-01   9.9374840578647650e-09
   6.8359375000000000e-01   9.4943637960936822e-01   9.4943636928914610e-01   1.0320222121329437e-08
   6.9140625000000000e-01   8.2031367220867157e-01   8.2031366396741823e-01   8.2412533464193416e-09
   6.9921875000000000e-01   5.9248153883247756e-01   5.9248153435271922e-01   4.4797583420574938e-09
   7.0703125000000000e-01   2.8728893623800961e-01   2.8728893600000394e-01   2.3800567072740364e-10
   7.1484375000000000e-01  -6.0323537047113761e-02  -6.0323533671802702e-02   3.3753110584289203e-09
   7.2265625000000000e-01  -4.0637277076900563e-01  -4.0637276521991256e-01   5.5490930739310329e-09
   7.3046875000000000e-01  -7.0424820869405658e-01  -7.0424820262581123e-01   6.0682453506544221e-09
   7.3828125000000000e-01  -9.1194058216742602e-01  -9.1194057699746145e-01   5.1699645675640227e-09
   7.4609375000000000e-01  -9.9886159559916965e-01  -9.9886159208934400e-01   3.5098256523369287e-09
   8.7890625000000000e-01  -1.0652796719348048e+00  -1.0652796627066363e+00   9.2281684516137830e-09
   8.8671875000000000e-01  -9.4819254632820416e-01  -9.4819254024599375e-01   6.0822104019919720e-09
   8.9453125000000000e-01  -7.1190852219021628e-01  -7.1190852112112490e-01   1.0690913709865413e-09
   9.0234375000000000e-01  -3.8711282817827419e-01  -3.8711283275377639e-01   4.5755021993443279e-09
   9.1015625000000000e-01  -1.4292513652327482e-02  -1.4292523027547788e-02   9.3752203066815865e-09
   9.1796875000000000e-01   3.6217640062630180e-01   3.6217638867305318e-01   1.1953248613139067e-08
   9.2578125000000000e-01   6.9991900841723320e-01   6.9991899688691761e-01   1.1530315591201656e-08
   9.3359375000000000e-01   9.6354914827656424e-01   9.6354914017341398e-01   8.1031502618955642e-09
   9.4140625000000000e-01   1.1281335379348034e+00   1.1281335353867468e+00   2.5480566545610372e-09
   9.4921875000000000e-01   1.1808572513187292e+00   1.1808572550263641e+00   3.7076348657905100e-09
   9.5703125000000000e-01   1.1209687183318204e+00   1.1209687273246778e+00   8.9928573476782958e-09
   9.6484375000000000e-01   9.5836671145202257e-01   9.5836672338882090e-01   1.1936798327560894e-08
   9.7265625000000000e-01   7.1135166226070334e-01   7.1135167402615396e-01   1.1765450613765438e-08
   9.8046875000000000e-01   4.0407753740148594e-01   4.0407754600162904e-01   8.6001430976700988e-09
   9.8828125000000000e-01   6.4124616843083654e-02   6.4124620167820418e-02   3.3247367636768388e-09
   9.9609375000000000e-01  -2.7958374744887343e-01  -2.7958375004598929e-01   2.5971158557069884e-09
   7.5390625000000000e-01  -9.5107979926781305e-01  -9.5107979752098393e-01   1.7468291257927149e-09
   7.6171875000000000e-01  -7.7405236139771871e-01  -7.7405236096314023e-01   4.3457848430961121e-10
   7.6953125000000000e-01  -4.9234553983446894e-01  -4.9234554005381631e-01   2.1934737359785572e-10
   7.7734375000000000e-01  -1.4633475092217632e-01  -1.4633475130445947e-01   3.8228314958033138e-10
   7.8515625000000000e-01   2.1362720330133914e-01   2.1362720282725522e-01   4.7408391101733116e-10
   7.9296875000000000e-01   5.3467055055310719e-01   5.3467054963138727e-01   9.2171992260858815e-10
   8.0078125000000000e-01   7.6932945594911550e-01   7.6932945400398955e-01   1.9451259491987116e-09
   8.0859375000000000e-01   8.8268098729770950e-01   8.8268098390028271e-01   3.3974267843461803e-09
   8.1640625000000000e-01   8.5758598166529909e-01   8.5758597685543481e-01   4.8098642846383655e-09
   8.2421875000000000e-01   6.9722056519859477e-01   6.9722055969370833e-01   5.5048864355811133e-09
   8.3203125000000000e-01   4.2452061396237101e-01   4.2452060907214495e-01   4.8902260574301692e-09
   8.3984375000000000e-01   7.8653222380911492e-02   7.8653219678103917e-02   2.7028075749724323e-09
   8.4765625000000000e-01  -2.9090074928376847e-01  -2.9090074851315639e-01   7.7061207415241029e-10
   8.5546875000000000e-01  -6.3169785682323221e-01  -6.3169785206290341e-01   4.7603287978148501e-09
   8.6328125000000000e-01  -8.9595105848674050e-01  -8.9595105032933020e-01   8.1574103028003719e-09
   8.7109375000000000e-01  -1.0472352504963851e+00  -1.0472352405983854e+00   9.8979997531500885e-09
