#                  Coord.                Numerical               Analytical                    Error
   3.9062500000000000e-03  -8.0973573116436870e-01  -8.0973571255853971e-01   1.8605828988604856e-08
   1.1718750000000000e-02  -1.0205402481116765e+00  -1.0205402276183697e+00   2.0493306829294511e-08
   1.9531250000000000e-02  -1.1201784855455641e+00  -1.1201784681009477e+00   1.7444616418060832e-08
   2.7343750000000000e-02  -1.0890832396829686e+00  -1.0890832297291968e+00   9.9537718067921332e-09
   3.5156250000000000e-02  -9.2598346315314761e-01  -9.2598346350353722e-01   3.5038960621847082e-10
   4.2968750000000000e-02  -6.4821614970026253e-01  -6.4821616062631615e-01   1.0926053617410503e-08
   5.0781250000000000e-02  -2.8925325125070361e-01  -2.8925327034036297e-01   1.9089659353266342e-08
   5.8593750000000000e-02   1.0608880373103276e-01   1.0608878111523010e-01   2.2615802661163364e-08
   6.6406250000000000e-02   4.8796334136648084e-01   4.8796332087565086e-01   2.0490829977237723e-08
   7.4218750000000000e-02   8.0836204403874379e-01   8.0836203092492465e-01   1.3113819141707950e-08
   8.2031250000000000e-02   1.0275547157394922e+00   1.0275547133843870e+00   2.3551052219517032e-09
   8.9843750000000000e-02   1.1192466439945283e+00   1.1192466530097873e+00   9.0152589837799724e-09
   9.7656250000000000e-02   1.0738333073681456e+00   1.0738333253038304e+00   1.7935684715197908e-08
   1.0546875000000000e-01   8.9941995338447178e-01   8.9941997539470075e-01   2.2010228972746404e-08
   1.1328125000000000e-01   6.2056891530941183e-01   6.2056893540321523e-01   2.0093803398957277e-08
   1.2109375000000000e-01   2.7500430640727680e-01   2.7500431915559581e-01   1.2748319011546272e-08
   1.2890625000000000e-01  -9.1280036377063833e-02  -9.1280034401945362e-02   1.9751184715532943e-09
   1.3671875000000000e-01  -4.2990719335451599e-01  -4.2990720258638399e-01   9.2318679922875901e-09
   1.4453125000000000e-01  -6.9630167987625258e-01  -6.9630169753255489e-01   1.7656302309099203e-08
   1.5234375000000000e-01  -8.5544235923898126e-01  -8.5544238015815410e-01   2.0919172838418376e-08
   1.6015625000000000e-01  -8.8648541742581244e-01  -8.8648543544467606e-01   1.8018863623403547e-08
   1.6796875000000000e-01  -7.8565880245811415e-01  -7.8565881224670941e-01   9.7885952676790566e-09
   1.7578125000000000e-01  -5.6700158430336900e-01  -5.6700158285559987e-01   1.4477691268055537e-09
   1.8359375000000000e-01  -2.6076289048096829e-01  -2.6076287808727211e-01   1.2393696180446057e-08
   1.9140625000000000e-01   9.0430595512991055e-02   9.0430615341571915e-02   1.9828580860581368e-08
   1.9921875000000000e-01   4.3721418531736755e-01   4.3721420673337874e-01   2.1416011186659034e-08
   2.0703125000000000e-01   7.3021733880069961e-01   7.3021735532981402e-01   1.6529114410523960e-08
   2.1484375000000000e-01   9.2696282398117025e-01   9.2696283033860849e-01   6.3574382425102272e-09
   2.2265625000000000e-01   9.9792425550159747e-01   9.9792424924687639e-01   6.2547210744057224e-09
   2.3046875000000000e-01   9.3081028977857583e-01   9.3081027208638523e-01   1.7692190601437119e-08
   2.3828125000000000e-01   7.3238416916429572e-01   7.3238414471409818e-01   2.4450197533276707e-08
   2.4609375000000000e-01   4.2750133089125641e-01   4.2750130658903179e-01   2.4302224621575164e-08
   2.5390625000000000e-01   5.5494660645518674e-02   5.5494643801555527e-02   1.6843963147883390e-08
   2.6171875000000000e-01  -3.3552430221508267e-01  -3.3552430605695349e-01   3.8418708214749131e-09
   2.6953125000000000e-01  -6.9553387572236403e-01  -6.9553386454612431e-01   1.1176239711474523e-08
   2.7734375000000000e-01  -9.7954212508671645e-01  -9.7954210110419826e-01   2.3982518193577107e-08
   2.8515625000000000e-01  -1.1535155503074941e+00  -1.1535155196171922e+00   3.0690301855429425e-08
   2.9296875000000000e-01  -1.1984260595059597e+00  -1.1984260305021379e+00   2.9003821788720074e-08
   3.0078125000000000e-01  -1.1119092662542087e+00  -1.1119092473763070e+00   1.8877901686309428e-08
   3.0859375000000000e-01  -9.0746559315129349e-01  -9.0746559041823316e-01   2.7330603336039871e-09
   3.1640625000000000e-01  -6.1155792036966750e-01  -6.1155793554933879e-01   1.5179671297715913e-08
   3.2421875000000000e-01  -2.5928084772493604e-01  -2.5928087755735907e-01   2.9832423031894706e-08
   3.3203125000000000e-01   1.1056209273105082e-01   1.1056205583217019e-01   3.6898880631519582e-08
   3.3984375000000000e-01   4.6015627691375405e-01   4.6015624295413782e-01   3.3959616230205825e-08
   3.4765625000000000e-01   7.5651032804148066e-01   7.5651030668362196e-01   2.1357858703829891e-08
   3.5546875000000000e-01   9.7406920227199678e-01   9.7406920010494680e-01   2.1670499839032686e-09
   3.6328125000000000e-01   1.0960547759044670e+00   1.0960547943709389e+00   1.8466471907174764e-08
   3.7109375000000000e-01   1.1147382096958709e+00   1.1147382445021647e+00   3.4806293847111647e-08
   3.7890625000000000e-01   1.0309954966441914e+00   1.0309955386942402e+00   4.2050048776332005e-08
   3.8671875000000000e-01   8.5351208326014893e-01   8.5351212113212815e-01   3.7871979219339380e-08
   3.9453125000000000e-01   5.9789809491523049e-01   5.9789811793131609e-01   2.3016085592963975e-08
   4.0234375000000000e-01   2.8579913365154747e-01   2.8579913498123383e-01   1.3296863610179344e-09
   4.1015625000000000e-01  -5.6095516065713426e-02  -5.6095537425311960e-02   2.1359598534331781e-08
   4.1796875000000000e-01  -3.9736933158964793e-01  -3.9736937032041753e-01   3.8730769591488468e-08
   4.2578125000000000e-01  -7.0575908500119822e-01  -7.0575913088864251e-01   4.5887444288794654e-08
   4.3359375000000000e-01  -9.4973474414433390e-01  -9.4973478478567530e-01   4.0641341403357956e-08
   4.4140625000000000e-01  -1.1017105022507507e+00  -1.1017105265383715e+00   2.4287620803420396e-08
   4.4921875000000000e-01  -1.1415700946181853e+00  -1.1415700957511750e+00   1.1329897020573299e-09
   4.5703125000000000e-01  -1.0599682439348146e+00  -1.0599682213671393e+00   2.2567675284079769e-08
   4.6484375000000000e-01  -8.6074724965309679e-01  -8.6074720916402736e-01   4.0489069430549307e-08
   4.7265625000000000e-01  -5.6183385500441985e-01  -5.6183380716225573e-01   4.7842164119238362e-08
   4.8046875000000000e-01  -1.9417154310853077e-01  -1.9417150032449007e-01   4.2784040699128667e-08
   4.8828125000000000e-01   2.0142927249209230e-01   2.0142929922589206e-01   2.6733799757261423e-08
   4.9609375000000000e-01   5.7923983166180415e-01   5.7923983572335713e-01   4.0615529828258445e-09
   5.0390625000000000e-01   8.9468960776022943e-01   8.9468958844237445e-01   1.9317854982325855e-08
   5.1171875000000000e-01   1.1106161014165621e+00   1.1106160639479468e+00   3.7468615321500920e-08
   5.1953125000000000e-01   1.2026240822775973e+00   1.2026240363151597e+00   4.5962437633662034e-08
   5.2734375000000000e-01   1.1625920012899089e+00   1.1625919581637059e+00   4.3126203053134304e-08
   5.3515625000000000e-01   9.9966504631735609e-01   9.9966501618146808e-01   3.0135888007265521e-08
   5.4296875000000000e-01   7.3852135824283771e-01   7.3852134757356869e-01   1.0669269023821926e-08
   5.5078125000000000e-01   4.1520172308362863e-01   4.1520173338498079e-01   1.0301352160180244e-08
   5.5859375000000000e-01   7.1250456275020191e-02   7.1250484025149732e-02   2.7750129541481705e-08
   5.6640625000000000e-01  -2.5276918899084300e-01  -2.5276915105358189e-01   3.7937261110343456e-08
   5.7421875000000000e-01  -5.2321470370495293e-01  -5.2321466461774180e-01   3.9087211134436473e-08
   5.8203125000000000e-01  -7.1771374301947810e-01  -7.1771371132439699e-01   3.1695081115223900e-08
   5.8984375000000000e-01  -8.2720999773662207e-01  -8.2720997966108201e-01   1.8075540064721451e-08
   5.9765625000000000e-01  -8.5546283348844032e-01  -8.5546283176263438e-01   1.7258059425984129e-09
   6.0546875000000000e-01  -8.1626960574816732e-01  -8.1626961943463583e-01   1.3686468514073624e-08
   6.1328125000000000e-01  -7.2912611268328809e-01  -7.2912613771818224e-01   2.5034894157727194e-08
   6.2109375000000000e-01  -6.1432998198791189e-01  -6.1433001241739016e-01   3.0429478270477262e-08
   6.2890625000000000e-01  -4.8860498965919713e-01  -4.8860501896997366e-01   2.9310776528124194e-08
   6.3671875000000000e-01  -3.6216813118746904e-01  -3.6216815371140376e-01   2.2523934717355587e-08
   6.4453125000000000e-01  -2.3781095214128037e-01  -2.3781096397557583e-01   1.1834295460255717e-08
   6.5234375000000000e-01  -1.1209850791364180e-01  -1.1209850754317131e-01   3.7047048762062218e-10
   6.6015625000000000e-01   2.1695345823342885e-02   2.1695357505524867e-02   1.1682181982192175e-08
   6.6796875000000000e-01   1.6969404499505400e-01   1.6969406496959061e-01   1.9974536608069471e-08
   6.7578125000000000e-01   3.3356569906477074e-01   3.3356572293322023e-01   2.3868449494646171e-08
   6.8359375000000000e-01   5.0771096380547276e-01   5.0771098660871639e-01   2.2803243626690062e-08
   6.9140625000000000e-01   6.7826616913289495e-01   6.7826618636137703e-01   1.7228482085407393e-08
   6.9921875000000000e-01   8.2429571899569209e-01   8.2429572737548473e-01   8.3797926375694942e-09
   7.0703125000000000e-01   9.2105636805756175e-01   9.2105636624034570e-01   1.8172160443086227e-09
   7.1484375000000000e-01   9.4473950521370809e-01   9.4473949395513890e-01   1.1258569188044021e-08
   7.2265625000000000e-01   8.7773894780259731e-01   8.7773892983670965e-01   1.7965887666449021e-08
   7.3046875000000000e-01   7.1332916402010538e-01   7.1332914338072451e-01   2.0639380871045887e-08
   7.3828125000000000e-01   4.5870910529415959e-01   4.5870908650682007e-01   1.8787339517434276e-08
   7.4609375000000000e-01   1.3565776010613781e-01   1.3565774712454415e-01   1.2981593661143265e-08
   8.7890625000000000e-01   2.8832154551304118e-01   2.8832155063711490e-01   5.1240737208857468e-09
   8.8671875000000000e-01   9.6017522070358116e-02   9.6017530429285985e-02   8.3589278693230185e-09
   8.9453125000000000e-01  -5.8773788436469042e-02  -5.8773777911787957e-02   1.0524681084977949e-08
   9.0234375000000000e-01  -1.4642399062995509e-01  -1.4642397929250620e-01   1.1337448896364677e-08
   9.1015625000000000e-01  -1.5140982219152960e-01  -1.5140981166319448e-01   1.0528335120385535e-08
   9.1796875000000000e-01  -7.5007446074621065e-02  -7.5007438147376079e-02   7.9272449854395077e-09
   9.2578125000000000e-01   6.4984416525278824e-02   6.4984420150700356e-02   3.6254215324271755e-09
   9.3359375000000000e-01   2.3745718420429848e-01   2.3745718229141904e-01   1.9128794381817471e-09
   9.4140625000000000e-01   4.0359694619457409e-01   4.0359693841200561e-01   7.7825684785537419e-09
   9.4921875000000000e-01   5.2391659438976301e-01   5.2391658162098231e-01   1.2768780699445870e-08
   9.5703125000000000e-01   5.6549513195572532e-01   5.6549511637281635e-01   1.5582908963196473e-08
   9.6484375000000000e-01   5.0815983059766534e-01   5.0815981536189125e-01   1.5235774086796994e-08
   9.7265625000000000e-01   3.4852604145425570e-01   3.4852603010643868e-01   1.1347817019391471e-08
   9.8046875000000000e-01   1.0118145333877593e-01   1.0118144893634823e-01   4.4024277001675216e-09
   9.8828125000000000e-01  -2.0320011358080967e-01  -2.0320010932837554e-01   4.2524341270500088e-09
   9.9609375000000000e-01  -5.2249647808097965e-01  -5.2249646545092210e-01   1.2630057555362839e-08
   7.5390625000000000e-01  -2.2149911675467557e-01  -2.2149912131563382e-01   4.5609582499661627e-09
   7.6171875000000000e-01  -5.7038747604553430e-01  -5.7038747153011282e-01   4.5154214811660154e-09
   7.6953125000000000e-01  -8.6683545516648230e-01  -8.6683544299408988e-01   1.2172392427345358e-08
   7.7734375000000000e-01  -1.0718050507857551e+00  -1.0718050339585006e+00   1.6827254478712916e-08
   7.8515625000000000e-01  -1.1577782144711868e+00  -1.1577781968294951e+00   1.7641691663072834e-08
   7.9296875000000000e-01  -1.1134453000133491e+00  -1.1134452852871026e+00   1.4726246444496383e-08
   8.0078125000000000e-01  -9.4583301994031077e-01  -9.4583301093932970e-01   9.0009810715940830e-09
   8.0859375000000000e-01  -6.7945647359624362e-01  -6.7945647166044387e-01   1.9357997427249529e-09
   8.1640625000000000e-01  -3.5260119074684659e-01  -3.5260119562459891e-01   4.8777523131704470e-09
   8.2421875000000000e-01  -1.1341382467264212e-02  -1.1341392568069019e-02   1.0100804807150476e-08
   8.3203125000000000e-01   2.9770852911233359e-01   2.9770851618020566e-01   1.2932127924081271e-08
   8.3984375000000000e-01   5.3469661847554562e-01   5.3469660529247820e-01   1.3183067415489802e-08
   8.4765625000000000e-01   6.7267171318879326e-01   6.7267170198986992e-01   1.1198923344224454e-08
   8.5546875000000000e-01   7.0153890192907731e-01   7.0153889427656824e-01   7.6525090708656762e-09
   8.6328125000000000e-01   6.2918422624064085e-01   6.2918422292308651e-01   3.3175543423524800e-09
   8.7109375000000000e-01   4.7959700112753045e-01   4.7959700223864288e-01   1.1111124242901838e-09
