#                  Coord.                Numerical               Analytical                    Error
   3.9062500000000000e-03  -1.1446898711511286e+00  -1.1446898513031465e+00   1.9847982146714571e-08
   1.1718750000000000e-02  -1.1239400140672058e+00  -1.1239399930004552e+00   2.1066750566234305e-08
   1.9531250000000000e-02  -9.6549284100669175e-01  -9.6549282409703607e-01   1.6909655675689805e-08
   2.7343750000000000e-02  -6.8349961365062051e-01  -6.8349960497163520e-01   8.6789853082080981e-09
   3.5156250000000000e-02  -3.0959291496568730e-01  -3.0959291637126318e-01   1.4055758779107919e-09
   4.2968750000000000e-02   1.1143919788662207e-01   1.1143918719060858e-01   1.0696013491573453e-08
   5.0781250000000000e-02   5.2805410120389584e-01   5.2805408421963984e-01   1.6984256001606468e-08
   5.8593750000000000e-02   8.8933729066577216e-01   8.8933727177603927e-01   1.8889732888993649e-08
   6.6406250000000000e-02   1.1521306156984625e+00   1.1521305994296918e+00   1.6268770774985342e-08
   7.4218750000000000e-02   1.2867603350741814e+00   1.2867603250828039e+00   9.9913775031268415e-09
   8.2031250000000000e-02   1.2805160836907010e+00   1.2805160819127070e+00   1.7779939742723627e-09
   8.9843750000000000e-02   1.1384676651535781e+00   1.1384676715769801e+00   6.4234020324960284e-09
   9.7656250000000000e-02   8.8168947818741406e-01   8.8168949094726745e-01   1.2759853396104859e-08
   1.0546875000000000e-01   5.4339585362271581e-01   5.4339586964119946e-01   1.6018483650626081e-08
   1.1328125000000000e-01   1.6379385631122378e-01   1.6379387197240489e-01   1.5661181101966903e-08
   1.2109375000000000e-01  -2.1541575008643885e-01  -2.1541573807304595e-01   1.2013392891585539e-08
   1.2890625000000000e-01  -5.5602210051944023e-01  -5.5602209460303142e-01   5.9164088073160315e-09
   1.3671875000000000e-01  -8.2712446966891129e-01  -8.2712447095822295e-01   1.2893116574375085e-09
   1.4453125000000000e-01  -1.0074539705564951e+00  -1.0074539786843062e+00   8.1278110908300505e-09
   1.5234375000000000e-01  -1.0861898411259299e+00  -1.0861898543768540e+00   1.3250924135732589e-08
   1.6015625000000000e-01  -1.0625328293265122e+00  -1.0625328449882585e+00   1.5661746344264316e-08
   1.6796875000000000e-01  -9.4445452284133424e-01  -9.4445453770634857e-01   1.4865014330567305e-08
   1.7578125000000000e-01  -7.4706284832160397e-01  -7.4706285928683780e-01   1.0965233832038734e-08
   1.8359375000000000e-01  -4.9092441473140580e-01  -4.9092441936733899e-01   4.6359331928869096e-09
   1.9140625000000000e-01  -2.0050870973385618e-01  -2.0050870681615912e-01   2.9176970561817228e-09
   1.9921875000000000e-01   9.7269794175473434e-02   9.7269804353141240e-02   1.0177667805755242e-08
   2.0703125000000000e-01   3.7457420827176857e-01   3.7457422383222666e-01   1.5560458088703655e-08
   2.1484375000000000e-01   6.0443641578837171e-01   6.0443643358119625e-01   1.7792824547058217e-08
   2.2265625000000000e-01   7.6294767597197799e-01   7.6294769214697278e-01   1.6174994788009656e-08
   2.3046875000000000e-01   8.3180963784614359e-01   8.3180964867609120e-01   1.0829947605373036e-08
   2.3828125000000000e-01   8.0098925256165665e-01   8.0098925529391063e-01   2.7322539786212019e-09
   2.4609375000000000e-01   6.7102337175435456e-01   6.7102336534599605e-01   6.4083585105123575e-09
   2.5390625000000000e-01   4.5440894854486763e-01   4.5440893401612947e-01   1.4528738156993626e-08
   2.6171875000000000e-01   1.7554229992923193e-01   1.7554228024199017e-01   1.9687241753496565e-08
   2.6953125000000000e-01  -1.3114792923630753e-01  -1.3114794964419046e-01   2.0407882939110777e-08
   2.7734375000000000e-01  -4.2491856488641633e-01  -4.2491858121746146e-01   1.6331045127326860e-08
   2.8515625000000000e-01  -6.6394499072711821e-01  -6.6394499889928682e-01   8.1721686084890166e-09
   2.9296875000000000e-01  -8.1136937130688902e-01  -8.1136936910881130e-01   2.1980777198393753e-09
   3.0078125000000000e-01  -8.4120263548799301e-01  -8.4120262312993710e-01   1.2358055911931842e-08
   3.0859375000000000e-01  -7.4303153399545041e-01  -7.4303151424259128e-01   1.9752859126143107e-08
   3.1640625000000000e-01  -5.2460339308212633e-01  -5.2460337057676254e-01   2.2505363794778077e-08
   3.2421875000000000e-01  -2.1168014287662301e-01  -2.1168012311787449e-01   1.9758748526221837e-08
   3.3203125000000000e-01   1.5498597937634168e-01   1.5498599150480988e-01   1.2128468201977327e-08
   3.3984375000000000e-01   5.2518906834042112e-01   5.2518906977284863e-01   1.4324275099397710e-09
   3.4765625000000000e-01   8.4648913074710286e-01   8.4648912116309560e-01   9.5840072544817190e-09
   3.5546875000000000e-01   1.0719659445309266e+00   1.0719659264030363e+00   1.8127890299979299e-08
   3.6328125000000000e-01   1.1672478193449840e+00   1.1672477974190241e+00   2.1925959936552886e-08
   3.7109375000000000e-01   1.1156748272232782e+00   1.1156748071845783e+00   2.0038699810598359e-08
   3.7890625000000000e-01   9.2077881803145945e-01   9.2077880509638310e-01   1.2935076343367768e-08
   3.8671875000000000e-01   6.0572314824664375e-01   6.0572314566557628e-01   2.5810674708637293e-09
   3.9453125000000000e-01   2.0985297346421256e-01   2.0985298157125215e-01   8.1070395951954310e-09
   4.0234375000000000e-01  -2.1703288732196899e-01  -2.1703287111437808e-01   1.6207590908257075e-08
   4.1015625000000000e-01  -6.2174486519903771e-01  -6.2174484572027899e-01   1.9478758717106359e-08
   4.1796875000000000e-01  -9.5500089478760863e-01  -9.5500087766651853e-01   1.7121090101213099e-08
   4.2578125000000000e-01  -1.1778933580673250e+00  -1.1778933481459608e+00   9.9213641746587200e-09
   4.3359375000000000e-01  -1.2666551960076766e+00  -1.2666551958909884e+00   1.1668821464638768e-10
   4.4140625000000000e-01  -1.2151661824496123e+00  -1.2151661917737839e+00   9.3241716569991695e-09
   4.4921875000000000e-01  -1.0350004825846202e+00  -1.0350004980900269e+00   1.5505406736338045e-08
   4.5703125000000000e-01  -7.5316435343567234e-01  -7.5316437001387881e-01   1.6578206474271440e-08
   4.6484375000000000e-01  -4.0795970431967105e-01  -4.0795971657797364e-01   1.2258302595213877e-08
   4.7265625000000000e-01  -4.3606640824336761e-02  -4.3606644811209377e-02   3.9868726167680002e-09
   4.8046875000000000e-01   2.9564227949516381e-01   2.9564228508889900e-01   5.5937351972623617e-09
   4.8828125000000000e-01   5.7115434731931691e-01   5.7115436068662340e-01   1.3367306483935693e-08
   4.9609375000000000e-01   7.5465996046464046e-01   7.5465997725094147e-01   1.6786301015869753e-08
   5.0390625000000000e-01   8.3153585020202536e-01   8.3153586480007879e-01   1.4598053432735014e-08
   5.1171875000000000e-01   8.0224684465049911e-01   8.0224685201834389e-01   7.3678447787273171e-09
   5.1953125000000000e-01   6.8176939306559259e-01   6.8176939036783291e-01   2.6977596823130057e-09
   5.2734375000000000e-01   4.9705056116367441e-01   4.9705054872508675e-01   1.2438587659868716e-08
   5.3515625000000000e-01   2.8279904710045478e-01   2.8279902841540805e-01   1.8685046732080934e-08
   5.4296875000000000e-01   7.6138156191735765e-02   7.6138136906230974e-02   1.9285504790356178e-08
   5.5078125000000000e-01  -8.9156496186586803e-02  -8.9156509979676266e-02   1.3793089462255104e-08
   5.5859375000000000e-01  -1.8799638213620729e-01  -1.8799638579919062e-01   3.6629833333190476e-09
   5.6640625000000000e-01  -2.0805519322090882e-01  -2.0805518505040063e-01   8.1705081866889628e-09
   5.7421875000000000e-01  -1.5186968481312202e-01  -1.5186966666242155e-01   1.8150700470398462e-08
   5.8203125000000000e-01  -3.6522181347433333e-02  -3.6522158147810624e-02   2.3199622709024759e-08
   5.8984375000000000e-01   1.0916677177671071e-01   1.0916679343796258e-01   2.1661251875526588e-08
   5.9765625000000000e-01   2.4958363196847805e-01   2.4958364580914982e-01   1.3840671775344759e-08
   6.0546875000000000e-01   3.4865364149065187e-01   3.4865364338672411e-01   1.8960722436567323e-09
   6.1328125000000000e-01   3.7651286267163087e-01   3.7651285190507022e-01   1.0766560643027390e-08
   6.2109375000000000e-01   3.1535114445577667e-01   3.1535112391632225e-01   2.0539454415047231e-08
   6.2890625000000000e-01   1.6334401273306706e-01   1.6334398809880288e-01   2.4634264184086874e-08
   6.3671875000000000e-01  -6.4113077540057892e-02  -6.4113099539254981e-02   2.1999197089006550e-08
   6.4453125000000000e-01  -3.3619655491346800e-01  -3.3619656841126078e-01   1.3497792772376727e-08
   6.5234375000000000e-01  -6.1126172131801582e-01  -6.1126172301502957e-01   1.6970137517446915e-09
   6.6015625000000000e-01  -8.4353536015064590e-01  -8.4353535012337000e-01   1.0027275898494281e-08
   6.6796875000000000e-01  -9.9076753930420725e-01  -9.9076752088605335e-01   1.8418153890920053e-08
   6.7578125000000000e-01  -1.0215202918825002e+00  -1.0215202705055633e+00   2.1376936887307352e-08
   6.8359375000000000e-01  -9.2081623026999881e-01  -9.2081621182049400e-01   1.8449504812778628e-08
   6.9140625000000000e-01  -6.9314972598211533e-01  -6.9314971502752420e-01   1.0954591123102375e-08
   6.9921875000000000e-01  -3.6232429088555945e-01  -3.6232428950422774e-01   1.3813317156774474e-09
   7.0703125000000000e-01   3.1865012473622029e-02   3.1865005126164102e-02   7.3474579267984730e-09
   7.1484375000000000e-01   4.3953955489127761e-01   4.3953954201565976e-01   1.2875617849683607e-08
   7.2265625000000000e-01   8.0823389539471824e-01   8.0823388139300345e-01   1.4001714787603703e-08
   7.3046875000000000e-01   1.0907273046413593e+00   1.0907272935886958e+00   1.1052663451138756e-08
   7.3828125000000000e-01   1.2519276835422226e+00   1.2519276779926189e+00   5.5496036655000580e-09
   7.4609375000000000e-01   1.2737184294073947e+00   1.2737184297160176e+00   3.0862290500976997e-10
   8.7890625000000000e-01   4.8505321150617592e-02   4.8505309094406278e-02   1.2056211314004361e-08
   8.8671875000000000e-01   1.6899956517861614e-01   1.6899955909479075e-01   6.0838253879147430e-09
   8.9453125000000000e-01   2.9091321123972652e-01   2.9091321370349099e-01   2.4637644702174555e-09
   9.0234375000000000e-01   4.1634103115618754e-01   4.1634104229798474e-01   1.1141797207070425e-08
   9.1015625000000000e-01   5.4102108985679853e-01   5.4102110713399953e-01   1.7277201003196296e-08
   9.1796875000000000e-01   6.5345702215708901e-01   6.5345704099229518e-01   1.8835206172518326e-08
   9.2578125000000000e-01   7.3610190030596978e-01   7.3610191537387482e-01   1.5067905034804596e-08
   9.3359375000000000e-01   7.6848044522032100e-01   7.6848045202088877e-01   6.8005677755778038e-09
   9.4140625000000000e-01   7.3167149495215911e-01   7.3167149119232000e-01   3.7598391067206194e-09
   9.4921875000000000e-01   6.1322574165436949e-01   6.1322572798937691e-01   1.3664992581929880e-08
   9.5703125000000000e-01   4.1143446486604929e-01   4.1143444477230617e-01   2.0093743113847040e-08
   9.6484375000000000e-01   1.3793480771650654e-01   1.3793478652669283e-01   2.1189813709243666e-08
   9.7265625000000000e-01  -1.8207100790753664e-01  -1.8207102450214296e-01   1.6594606327968719e-08
   9.8046875000000000e-01  -5.1224664830894195e-01  -5.1224665586177609e-01   7.5528341358932494e-09
   9.8828125000000000e-01  -8.0993449475775070e-01  -8.0993449129919315e-01   3.4585575514611833e-09
   9.9609375000000000e-01  -1.0325859854686137e+00  -1.0325859720019575e+00   1.3466656234584207e-08
   7.5390625000000000e-01   1.1570511036999409e+00   1.1570511082605732e+00   4.5606323162417084e-09
   7.6171875000000000e-01   9.2104714791271991e-01   9.2104715395209935e-01   6.0393794409918655e-09
   7.6953125000000000e-01   5.9937398579016132e-01   5.9937399053971741e-01   4.7495560817623073e-09
   7.7734375000000000e-01   2.3459884545021822e-01   2.3459884721338228e-01   1.7631640591986297e-09
   7.8515625000000000e-01  -1.2847341248911265e-01  -1.2847341377665042e-01   1.2875377708443381e-09
   7.9296875000000000e-01  -4.4934964899205565e-01  -4.4934965188118525e-01   2.8891296022237611e-09
   8.0078125000000000e-01  -6.9722797774405654e-01  -6.9722797996274177e-01   2.2186852355332576e-09
   8.0859375000000000e-01  -8.5439822939373289e-01  -8.5439822889123351e-01   5.0249937544322165e-10
   8.1640625000000000e-01  -9.1723111879021413e-01  -9.1723111467123930e-01   4.1189748278824823e-09
   8.2421875000000000e-01  -8.9476302792062701e-01  -8.9476302097175309e-01   6.9488739207201888e-09
   8.3203125000000000e-01  -8.0530779526687335e-01  -8.0530778777803347e-01   7.4888398815531332e-09
   8.3984375000000000e-01  -6.7186251870142388e-01  -6.7186251370797634e-01   4.9934475443436099e-09
   8.4765625000000000e-01  -5.1726179786761073e-01  -5.1726179798286187e-01   1.1525114196331288e-10
   8.5546875000000000e-01  -3.6004009895195910e-01  -3.6004010531705977e-01   6.3651006687592826e-09
   8.6328125000000000e-01  -2.1178340747080807e-01  -2.1178341910735096e-01   1.1636542895931967e-08
   8.7109375000000000e-01  -7.6421617345678511e-02  -7.6421631290476744e-02   1.3944798232801148e-08
