#                  Coord.                Numerical               Analytical                    Error
   3.9062500000000000e-03   3.2380658325707810e+00   3.2380656988971239e+00   1.3367365703231826e-07
   1.1718750000000000e-02   2.9959827684335387e+00   2.9959826383360060e+00   1.3009753274673130e-07
   1.9531250000000000e-02   2.7500218384559418e+00   2.7500216996663571e+00   1.3878958471380543e-07
   2.7343750000000000e-02   2.5042412656000317e+00   2.5042411142775007e+00   1.5132253095018200e-07
   3.5156250000000000e-02   2.2623478634950795e+00   2.2623477106701926e+00   1.5282488696755081e-07
   4.2968750000000000e-02   2.0276163708914630e+00   2.0276162339604755e+00   1.3693098743772225e-07
   5.0781250000000000e-02   1.8028325228231565e+00   1.8028324115042733e+00   1.1131888322246652e-07
   5.8593750000000000e-02   1.5902601340893106e+00   1.5902600434519072e+00   9.0637403360460667e-08
   6.6406250000000000e-02   1.3916311943608379e+00   1.3916311110888646e+00   8.3271973316811909e-08
   7.4218750000000000e-02   1.2081568867124994e+00   1.2081568027305265e+00   8.3981972931468363e-08
   8.2031250000000000e-02   1.0405565889692721e+00   1.0405565092162170e+00   7.9753055048925603e-08
   8.9843750000000000e-02   8.8910132897206573e-01   8.8910126728861860e-01   6.1683447127869329e-08
   9.7656250000000000e-02   7.5366786785873596e-01   7.5366783436178197e-01   3.3496953988354505e-08
   1.0546875000000000e-01   6.3379955404342281e-01   6.3379954624598189e-01   7.7974409151693180e-09
   1.1328125000000000e-01   5.2877030244812750e-01   5.2877030703663497e-01   4.5885074628770894e-09
   1.2109375000000000e-01   4.3764843877335668e-01   4.3764844219682258e-01   3.4234658996545875e-09
   1.2890625000000000e-01   3.5935766140962722e-01   3.5935765959437482e-01   1.8152523928449682e-09
   1.3671875000000000e-01   2.9273295594522586e-01   2.9273295504346819e-01   9.0175766853661798e-10
   1.4453125000000000e-01   2.3656990904634989e-01   2.3656991773887401e-01   8.6925241171709189e-09
   1.5234375000000000e-01   1.8966647111336077e-01   1.8966649234080266e-01   2.1227441887594622e-08
   1.6015625000000000e-01   1.5085677411104823e-01   1.5085680269933854e-01   2.8588290318376508e-08
   1.6796875000000000e-01   1.1903708446306019e-01   1.1903711178342739e-01   2.7320367204652918e-08
   1.7578125000000000e-01   9.3184347377165272e-02   9.3184368066782625e-02   2.0689617352687151e-08
   1.8359375000000000e-01   7.2368049988219524e-02   7.2368064731640758e-02   1.4743421233864851e-08
   1.9140625000000000e-01   5.5756303926382637e-02   5.5756317034802071e-02   1.3108419433249807e-08
   1.9921875000000000e-01   4.2617139069549510e-02   4.2617153814768126e-02   1.4745218615552780e-08
   2.0703125000000000e-01   3.2316018340718608e-02   3.2316034505889123e-02   1.6165170514670368e-08
   2.1484375000000000e-01   2.4310543710225885e-02   2.4310558688016435e-02   1.4977790549486336e-08
   2.2265625000000000e-01   1.8143235755052070e-02   1.8143247349426527e-02   1.1594374457052359e-08
   2.3046875000000000e-01   1.3433151058545012e-02   1.3433159199350718e-02   8.1408057066301165e-09
   2.3828125000000000e-01   9.8669691769321458e-03   9.8669753477380225e-03   6.1708058766984930e-09
   2.4609375000000000e-01   7.1900473578777853e-03   7.1900529474943457e-03   5.5896165604071846e-09
   2.5390625000000000e-01   5.1978165494135789e-03   5.1978218118564293e-03   5.2624428504080556e-09
   2.6171875000000000e-01   3.7277793823209467e-03   3.7277837784026229e-03   4.3960816762007859e-09
   2.6953125000000000e-01   2.6522733588558657e-03   2.6522764737046105e-03   3.1148487448194595e-09
   2.7734375000000000e-01   1.8720807752595351e-03   1.8720828290501388e-03   2.0537906037301767e-09
   2.8515625000000000e-01   1.3109036751166787e-03   1.3109052470614221e-03   1.5719447434264094e-09
   2.9296875000000000e-01   9.1067606489617656e-04   9.1067753420333818e-04   1.4693071616160569e-09
   3.0078125000000000e-01   6.2765529036621747e-04   6.2765660532141158e-04   1.3149551941022894e-09
   3.0859375000000000e-01   4.2921618543163609e-04   4.2921710743871875e-04   9.2200708266126918e-10
   3.1640625000000000e-01   2.9126248791119271e-04   2.9126294740473944e-04   4.5949354672732146e-10
   3.2421875000000000e-01   1.9616760310202415e-04   1.9616779172016110e-04   1.8861813695127128e-10
   3.3203125000000000e-01   1.3115957861903045e-04   1.3115975849973546e-04   1.7988070500360789e-10
   3.3984375000000000e-01   8.7071651505229289e-05   8.7071930475442552e-05   2.7897021326296016e-10
   3.4765625000000000e-01   5.7388277988113763e-05   5.7388575004070400e-05   2.9701595663614603e-10
   3.5546875000000000e-01   3.7525854149815951e-05   3.7526039217467171e-05   1.8506765121984381e-10
   3.6328125000000000e-01   2.4296463626442646e-05   2.4296500259905240e-05   3.6633462593711058e-11
   3.7109375000000000e-01   1.5511686018200452e-05   1.5511646988583416e-05   3.9029617035567059e-11
   3.7890625000000000e-01   9.6916901266381799e-06   9.6916692263830070e-06   2.0900255172915695e-11
   3.8671875000000000e-01   5.8524146827934350e-06   5.8524459129859961e-06   3.1230192561078069e-11
   3.9453125000000000e-01   3.3503581838437280e-06   3.3504112634586959e-06   5.3079614967892186e-11
   4.0234375000000000e-01   1.7700916128530698e-06   1.7701238400971164e-06   3.2227244046616061e-11
   4.1015625000000000e-01   8.4399033329000224e-07   8.4399082033545092e-07   4.8704544868409966e-13
   4.1796875000000000e-01   3.9690645399461491e-07   3.9689627773133397e-07   1.0176263280936158e-11
   4.2578125000000000e-01   3.1072327742200790e-07   3.1072633755694585e-07   3.0601349379429143e-12
   4.3359375000000000e-01   5.0513680648576825e-07   5.0515696124527172e-07   2.0154759503473138e-11
   4.4140625000000000e-01   9.3182244327918609e-07   9.3184462956969914e-07   2.2186290513042354e-11
   4.4921875000000000e-01   1.5796572967468912e-06   1.5796640006355076e-06   6.7038886164045062e-12
   4.5703125000000000e-01   2.4892134157768993e-06   2.4891989339787983e-06   1.4481798101032256e-11
   4.6484375000000000e-01   3.7756159406055380e-06   3.7755893217530513e-06   2.6618852486775515e-11
   4.7265625000000000e-01   5.6602673779343074e-06   5.6602461429587197e-06   2.1234975587719137e-11
   4.8046875000000000e-01   8.5139417069834495e-06   8.5139418159903997e-06   1.0900695019484992e-13
   4.8828125000000000e-01   1.2916315088023128e-05   1.2916341008519926e-05   2.5920496797533039e-11
   4.9609375000000000e-01   1.9740049948358347e-05   1.9740088142174360e-05   3.8193816012855762e-11
   5.0390625000000000e-01   3.0271026661451359e-05   3.0271047945295034e-05   2.1283843675538481e-11
   5.1171875000000000e-01   4.6380221432021583e-05   4.6380196601836346e-05   2.4830185237285137e-11
   5.1953125000000000e-01   7.0767134677214268e-05   7.0767059507162878e-05   7.5170051390058279e-11
   5.2734375000000000e-01   1.0729972886821839e-04   1.0729964256933413e-04   8.6298884257782725e-11
   5.3515625000000000e-01   1.6148172673216215e-04   1.6148170325651701e-04   2.3475645147437441e-11
   5.4296875000000000e-01   2.4108502172900012e-04   2.4108512457173903e-04   1.0284273890934399e-10
   5.5078125000000000e-01   3.5699293447157606e-04   3.5699315247740527e-04   2.1800582920925710e-10
   5.5859375000000000e-01   5.2430899777172529e-04   5.2430920630552739e-04   2.0853380209694822e-10
   5.6640625000000000e-01   7.6379548623745346e-04   7.6379548301148796e-04   3.2259655016741995e-12
   5.7421875000000000e-01   1.1037153144274553e-03   1.1037149441552360e-03   3.7027221935249932e-10
   5.8203125000000000e-01   1.5821591315280329e-03   1.5821584462021080e-03   6.8532592491579725e-10
   5.8984375000000000e-01   2.2499449971190855e-03   2.2499443378913089e-03   6.5922777653382170e-10
   5.9765625000000000e-01   3.1741791521282445e-03   3.1741790425878617e-03   1.0954038284077816e-10
   6.0546875000000000e-01   4.4425610562068797e-03   4.4425618938942740e-03   8.3768739427697581e-10
   6.1328125000000000e-01   6.1685017893709617e-03   6.1685034781276222e-03   1.6887566605533477e-09
   6.2109375000000000e-01   8.4970997230498432e-03   8.4971015033424406e-03   1.7802925973697814e-09
   6.2890625000000000e-01   1.1611978642328952e-02   1.1611979342659257e-02   7.0033030416527531e-10
   6.3671875000000000e-01   1.5742939040579110e-02   1.5742937748073484e-02   1.2925056268320301e-09
   6.4453125000000000e-01   2.1174301431321124e-02   2.1174298254361176e-02   3.1769599485864664e-09
   6.5234375000000000e-01   2.8253730536383942e-02   2.8253726923760773e-02   3.6126231693633937e-09
   6.6015625000000000e-01   3.7401221964769166e-02   3.7401220166801752e-02   1.7979674138413060e-09
   6.6796875000000000e-01   4.9117811358327886e-02   4.9117813122643891e-02   1.7643160057922991e-09
   6.7578125000000000e-01   6.3993435255691483e-02   6.3993440464429174e-02   5.2087376911646999e-09
   6.8359375000000000e-01   8.2713240797818929e-02   8.2713247043495960e-02   6.2456770311136722e-09
   6.9140625000000000e-01   1.0606151803480465e-01   1.0606152171656330e-01   3.6817586479553910e-09
   6.9921875000000000e-01   1.3492232620790104e-01   1.3492232474736826e-01   1.4605327780525812e-09
   7.0703125000000000e-01   1.7027581835816166e-01   1.7027581216353005e-01   6.1946316132210910e-09
   7.1484375000000000e-01   2.1318925274446601e-01   2.1318924540986767e-01   7.3345983453432240e-09
   7.2265625000000000e-01   2.6480173143559288e-01   2.6480172764720622e-01   3.7883866599308647e-09
   7.3046875000000000e-01   3.2630184130444390e-01   3.2630184357910896e-01   2.2746650674143609e-09
   7.3828125000000000e-01   3.9889760232301852e-01   3.9889760885924713e-01   6.5362286139070136e-09
   7.4609375000000000e-01   4.8377845809382397e-01   4.8377846362131505e-01   5.5274910759628426e-09
   8.7890625000000000e-01   3.8027837390865447e+00   3.8027837304240091e+00   8.6625355777414370e-09
   8.8671875000000000e-01   3.9963561526394518e+00   3.9963561673967831e+00   1.4757331356918257e-08
   8.9453125000000000e-01   4.1664860623889224e+00   4.1664861157322308e+00   5.3343308437092674e-08
   9.0234375000000000e-01   4.3094205183421810e+00   4.3094205987136860e+00   8.0371505006837651e-08
   9.1015625000000000e-01   4.4219213368333561e+00   4.4219214111728524e+00   7.4339496336506272e-08
   9.1796875000000000e-01   4.5013869258018637e+00   4.5013869613587021e+00   3.5556838362538201e-08
   9.2578125000000000e-01   4.5459522650075401e+00   4.5459522510741222e+00   1.3933417974953954e-08
   9.3359375000000000e-01   4.5545616766224164e+00   4.5545616304721790e+00   4.6150237409392503e-08
   9.4140625000000000e-01   4.5270104128431967e+00   4.5270103646441751e+00   4.8199021662753694e-08
   9.4921875000000000e-01   4.4639527578084470e+00   4.4639527266565437e+00   3.1151903279180715e-08
   9.5703125000000000e-01   4.3668761906650833e+00   4.3668761703493972e+00   2.0315686022343016e-08
   9.6484375000000000e-01   4.2380430414483294e+00   4.2380430064482759e+00   3.5000053522082908e-08
   9.7265625000000000e-01   4.0804028486479149e+00   4.0804027752145720e+00   7.3433342961948256e-08
   9.8046875000000000e-01   3.8974801702207449e+00   3.8974800542942085e+00   1.1592653637038097e-07
   9.8828125000000000e-01   3.6932437984441120e+00   3.6932436573405800e+00   1.4110353196983283e-07
   9.9609375000000000e-01   3.4719641338436320e+00   3.4719639906897397e+00   1.4315389229579978e-07
   7.5390625000000000e-01   5.8206947138638665e-01   5.8206947089804240e-01   4.8834425392385583e-10
   7.6171875000000000e-01   6.9477840121761691e-01   6.9477839407209330e-01   7.1455236172468517e-09
   7.6953125000000000e-01   8.2273691637054869e-01   8.2273690745542283e-01   8.9151258597652827e-09
   7.7734375000000000e-01   9.6653781333210309e-01   9.6653780969076564e-01   3.6413374537858090e-09
   7.8515625000000000e-01   1.1264707153362108e+00   1.1264707203450322e+00   5.0088213576771068e-09
   7.9296875000000000e-01   1.3024592879821169e+00   1.3024592975659317e+00   9.5838148528315514e-09
   8.0078125000000000e-01   1.4940034611066098e+00   1.4940034659256585e+00   4.8190487156318795e-09
   8.0859375000000000e-01   1.7001304420686294e+00   1.7001304349913466e+00   7.0772827598375443e-09
   8.1640625000000000e-01   1.9193583876938964e+00   1.9193583713926738e+00   1.6301222593995135e-08
   8.2421875000000000e-01   2.1496764325797959e+00   2.1496764204974070e+00   1.2082388867185045e-08
   8.3203125000000000e-01   2.3885443250697551e+00   2.3885443334272169e+00   8.3574618336967887e-09
   8.3984375000000000e-01   2.6329142001309638e+00   2.6329142355868864e+00   3.5455922642313453e-08
   8.4765625000000000e-01   2.8792760390289454e+00   2.8792760913449396e+00   5.2315994203411265e-08
   8.5546875000000000e-01   3.1237271703808713e+00   3.1237272172108965e+00   4.6830025191013647e-08
   8.6328125000000000e-01   3.3620648152550840e+00   3.3620648373345166e+00   2.2079432504540364e-08
   8.7109375000000000e-01   3.5898992484565224e+00   3.5898992449378109e+00   3.5187115443591210e-09
