#                  Coord.                Numerical               Analytical                    Error
   3.9062500000000000e-03  -3.3394535268231211e-02  -3.3394539854272445e-02   4.5860412342668688e-09
   1.1718750000000000e-02   2.6864871751486680e-01   2.6864869847535933e-01   1.9039507470619554e-08
   1.9531250000000000e-02   5.7833018069931008e-01   5.7833015412475908e-01   2.6574551004188152e-08
   2.7343750000000000e-02   8.6168251486165837e-01   8.6168248876201192e-01   2.6099646444066593e-08
   3.5156250000000000e-02   1.0841351177742038e+00   1.0841350989186724e+00   1.8855531358497046e-08
   4.2968750000000000e-02   1.2152050946575725e+00   1.2152050867610504e+00   7.8965221028681754e-09
   5.0781250000000000e-02   1.2328698924591543e+00   1.2328698955870394e+00   3.1278850620708454e-09
   5.8593750000000000e-02   1.1270170688126646e+00   1.1270170798395693e+00   1.1026904722655217e-08
   6.6406250000000000e-02   9.0150294255142904e-01   9.0150295659675106e-01   1.4045322016542627e-08
   7.4218750000000000e-02   5.7453126803023169e-01   5.7453128016066379e-01   1.2130432103241162e-08
   8.2031250000000000e-02   1.7726066832610474e-01   1.7726067514081018e-01   6.8147054388401074e-09
   8.9843750000000000e-02  -2.4925289061547701e-01  -2.4925289018286087e-01   4.3261613735801063e-10
   9.7656250000000000e-02  -6.5848684914779987e-01  -6.5848685381023231e-01   4.6624324401278727e-09
   1.0546875000000000e-01  -1.0038001025729457e+00  -1.0038001095059046e+00   6.9329588736621872e-09
   1.1328125000000000e-01  -1.2441099639599977e+00  -1.2441099699017297e+00   5.9417319953070091e-09
   1.2109375000000000e-01  -1.3492233874414867e+00  -1.3492233898547634e+00   2.4132766895945679e-09
   1.2890625000000000e-01  -1.3041258851943340e+00  -1.3041258829342819e+00   2.2600521454307909e-09
   1.3671875000000000e-01  -1.1115920448103616e+00  -1.1115920383347369e+00   6.4756247031283465e-09
   1.4453125000000000e-01  -7.9263594154329786e-01  -7.9263593259674403e-01   8.9465538311017667e-09
   1.5234375000000000e-01  -3.8456610408041886e-01  -3.8456609501545019e-01   9.0649686645960514e-09
   1.6015625000000000e-01   6.3272404033937218e-02   6.3272410914980912e-02   6.8810436931743268e-09
   1.6796875000000000e-01   4.9563670374589180e-01   4.9563670670811627e-01   2.9622244657190322e-09
   1.7578125000000000e-01   8.5864756964827960e-01   8.5864756773822370e-01   1.9100558912299448e-09
   1.8359375000000000e-01   1.1071744220056925e+00   1.1071744150741873e+00   6.9315051476337430e-09
   1.9140625000000000e-01   1.2112431057068014e+00   1.2112430943247789e+00   1.1382022435668659e-08
   1.9921875000000000e-01   1.1604394501945783e+00   1.1604394356072514e+00   1.4587326901960296e-08
   2.0703125000000000e-01   9.6553653665442285e-01   9.6553652075655583e-01   1.5897867022829359e-08
   2.1484375000000000e-01   6.5698114709701350e-01   6.5698113241944733e-01   1.4677566162468736e-08
   2.2265625000000000e-01   2.8037400256025063e-01   2.8037399211367697e-01   1.0446573661671010e-08
   2.3046875000000000e-01  -1.1041507928334808e-01  -1.1041508240417255e-01   3.1208244738456514e-09
   2.3828125000000000e-01  -4.6143441219251141e-01  -4.6143440555227244e-01   6.6402389697906017e-09
   2.4609375000000000e-01  -7.2682336257646074e-01  -7.2682334528968651e-01   1.7286774234293034e-08
   2.5390625000000000e-01  -8.7562353081107613e-01  -8.7562350435645964e-01   2.6454616497417760e-08
   2.6171875000000000e-01  -8.9608926539988309e-01  -8.9608923389851369e-01   3.1501369401887303e-08
   2.6953125000000000e-01  -7.9677716449773139e-01  -7.9677713439686504e-01   3.0100866355020628e-08
   2.7734375000000000e-01  -6.0425199266698593e-01  -6.0425197140867282e-01   2.1258313109839833e-08
   2.8515625000000000e-01  -3.5784291560868497e-01  -3.5784290984043565e-01   5.7682493226351994e-09
   2.9296875000000000e-01  -1.0240779734343279e-01  -1.0240781079779875e-01   1.3454365954679304e-08
   3.0078125000000000e-01   1.1958586651269588e-01   1.1958583450998517e-01   3.2002710717571325e-08
   3.0859375000000000e-01   2.7524590717278380e-01   2.7524586231119025e-01   4.4861593551104306e-08
   3.1640625000000000e-01   3.4644458299944647e-01   3.4644453504191153e-01   4.7957534943243729e-08
   3.2421875000000000e-01   3.3214114005874396e-01   3.3214110073929548e-01   3.9319448474905982e-08
   3.3203125000000000e-01   2.4751728855934688e-01   2.4751726847263597e-01   2.0086710905697913e-08
   3.3984375000000000e-01   1.2020589914313076e-01   1.2020590478509509e-01   5.6419643262861641e-09
   3.4765625000000000e-01  -1.5573590867704792e-02  -1.5573559345352884e-02   3.1522351907550816e-08
   3.5546875000000000e-01  -1.2579790197098259e-01  -1.2579785121373721e-01   5.0757245378951765e-08
   3.6328125000000000e-01  -1.8304303764713115e-01  -1.8304297982266277e-01   5.7824468380207605e-08
   3.7109375000000000e-01  -1.7134389740496819e-01  -1.7134384707276368e-01   5.0332204515335377e-08
   3.7890625000000000e-01  -8.8700548639287058e-02  -8.8700518984096866e-02   2.9655190192379166e-08
   3.8671875000000000e-01   5.3085178390856781e-02   5.3085179330750923e-02   9.3989414168271779e-10
   3.9453125000000000e-01   2.3103333139101709e-01   2.3103330314175774e-01   2.8249259348411826e-08
   4.0234375000000000e-01   4.1541149520832071e-01   4.1541144508733846e-01   5.0120982253432089e-08
   4.1015625000000000e-01   5.7501985516727239e-01   5.7501979642443479e-01   5.8742837594216724e-08
   4.1796875000000000e-01   6.8232002729000707e-01   6.8231997543957756e-01   5.1850429505506668e-08
   4.2578125000000000e-01   7.1752837268884961e-01   7.1752834123111198e-01   3.1457737637019534e-08
   4.3359375000000000e-01   6.7109235506957954e-01   6.7109235171907311e-01   3.3505064278571695e-09
   4.4140625000000000e-01   5.4434775846252126e-01   5.4434778308774467e-01   2.4625223415952746e-08
   4.4921875000000000e-01   3.4852373251565111e-01   3.4852377730765449e-01   4.4792003384142021e-08
   4.5703125000000000e-01   1.0254108342754442e-01   1.0254113533037125e-01   5.1902826828098547e-08
   4.6484375000000000e-01  -1.6981418375952714e-01  -1.6981413919683810e-01   4.4562689038851744e-08
   4.7265625000000000e-01  -4.4277694123168432e-01  -4.4277691567101479e-01   2.5560669525415136e-08
   4.8046875000000000e-01  -6.9112623925566874e-01  -6.9112623837965526e-01   8.7601348397470247e-10
   4.8828125000000000e-01  -8.9213551127608504e-01  -8.9213553340085006e-01   2.2124765020059556e-08
   4.9609375000000000e-01  -1.0269523574346755e+00  -1.0269523944062378e+00   3.6971562256127299e-08
   5.0390625000000000e-01  -1.0815632430722240e+00  -1.0815632829927018e+00   3.9920477812316335e-08
   5.1171875000000000e-01  -1.0475526539437194e+00  -1.0475526849810854e+00   3.1037366010622236e-08
   5.1953125000000000e-01  -9.2281588470475939e-01  -9.2281589856270041e-01   1.3857941016937048e-08
   5.2734375000000000e-01  -7.1225539518581138e-01  -7.1225538939677657e-01   5.7890348070799291e-09
   5.3515625000000000e-01  -4.2833131334203539e-01  -4.2833129155948391e-01   2.1782551484772483e-08
   5.4296875000000000e-01  -9.1204459080799813e-02  -9.1204429561212871e-02   2.9519586941528786e-08
   5.5078125000000000e-01   2.7184525276246113e-01   2.7184528008177050e-01   2.7319309370277267e-08
   5.5859375000000000e-01   6.2799279700670740e-01   6.2799281368993909e-01   1.6683231685021838e-08
   5.6640625000000000e-01   9.4154859163698568e-01   9.4154859332480378e-01   1.6878181074986287e-09
   5.7421875000000000e-01   1.1776314766039930e+00   1.1776314640301895e+00   1.2573803553905805e-08
   5.8203125000000000e-01   1.3064678127282470e+00   1.3064677911094109e+00   2.1618836054670965e-08
   5.8984375000000000e-01   1.3077343565356194e+00   1.3077343334811513e+00   2.3054468112349014e-08
   5.9765625000000000e-01   1.1742374848043926e+00   1.1742374676916558e+00   1.7112736783175819e-08
   6.0546875000000000e-01   9.1422439702403069e-01   9.1422439058100524e-01   6.4430254465008829e-09
   6.1328125000000000e-01   5.5176442310391716e-01   5.5176442814601490e-01   5.0420977393272892e-09
   6.2109375000000000e-01   1.2490354238370374e-01   1.2490355587416856e-01   1.3490464814691627e-08
   6.2890625000000000e-01  -3.1835916005752374e-01  -3.1835914355325123e-01   1.6504272504214157e-08
   6.3671875000000000e-01  -7.2585674700180525e-01  -7.2585673324167654e-01   1.3760128703133034e-08
   6.4453125000000000e-01  -1.0480600509997000e+00  -1.0480600439868444e+00   7.0128556295401268e-09
   6.5234375000000000e-01  -1.2449392186547725e+00  -1.2449392193575273e+00   7.0275474328695964e-10
   6.6015625000000000e-01  -1.2918392803569778e+00  -1.2918392866100137e+00   6.2530358668766439e-09
   6.6796875000000000e-01  -1.1834169574628683e+00  -1.1834169650702919e+00   7.6074235799694634e-09
   6.7578125000000000e-01  -9.3493582767588279e-01  -9.3493583220485088e-01   4.5289680894455842e-09
   6.8359375000000000e-01  -5.8059535310525845e-01  -5.8059535177930166e-01   1.3259567888113111e-09
   6.9140625000000000e-01  -1.6902122888993723e-01  -1.6902122178519838e-01   7.1047388527922806e-09
   6.9921875000000000e-01   2.4349998112984114e-01   2.4349999095165598e-01   9.8218148336659539e-09
   7.0703125000000000e-01   6.0107477107812035e-01   6.0107477867106296e-01   7.5929426079923701e-09
   7.1484375000000000e-01   8.5633306879037707e-01   8.5633306917970098e-01   3.8932390644674797e-10
   7.2265625000000000e-01   9.7736623359224206e-01   9.7736622384618044e-01   9.7460616244049447e-09
   7.3046875000000000e-01   9.5235558217921079e-01   9.5235556283300049e-01   1.9346210300419386e-08
   7.3828125000000000e-01   7.9111986682468605e-01   7.9111984223263432e-01   2.4592051728333786e-08
   7.4609375000000000e-01   5.2329954380273513e-01   5.2329952107429112e-01   2.2728444015740479e-08
   8.7890625000000000e-01   3.9045173384065862e-01   3.9045178936947178e-01   5.5528813158733925e-08
   8.8671875000000000e-01   2.3076421597408306e-01   2.3076426962805763e-01   5.3653974568801388e-08
   8.9453125000000000e-01   7.6914243146086067e-02   7.6914281454271774e-02   3.8308185706936726e-08
   9.0234375000000000e-01  -6.0830574399928145e-02  -6.0830560758405018e-02   1.3641523126384225e-08
   9.1015625000000000e-01  -1.7965953580288579e-01  -1.7965954966122918e-01   1.3858343389516747e-08
   9.1796875000000000e-01  -2.8265245500654346e-01  -2.8265249198760917e-01   3.6981065709706940e-08
   9.2578125000000000e-01  -3.7584208685813653e-01  -3.7584213679197537e-01   4.9933838841553779e-08
   9.3359375000000000e-01  -4.6473353868465161e-01  -4.6473358840731804e-01   4.9722666428664297e-08
   9.4140625000000000e-01  -5.5118963514090147e-01  -5.5118967218040005e-01   3.7039498579360952e-08
   9.4921875000000000e-01  -6.3146445690465947e-01  -6.3146447268494799e-01   1.5780288520339525e-08
   9.5703125000000000e-01  -6.9587188579676151e-01  -6.9587187780060411e-01   7.9961574028786231e-09
   9.6484375000000000e-01  -7.3018610646707405e-01  -7.3018607848748907e-01   2.7979584982240624e-08
   9.7265625000000000e-01  -7.1847712585816548e-01  -7.1847708666373011e-01   3.9194435363931746e-08
   9.8046875000000000e-01  -6.4677184586026681e-01  -6.4677180641385479e-01   3.9446412025689881e-08
   9.8828125000000000e-01  -5.0676151037733608e-01  -5.0676148077827454e-01   2.9599061535101612e-08
   9.9609375000000000e-01  -2.9877523982319965e-01  -2.9877522655380478e-01   1.3269394860682127e-08
   7.5390625000000000e-01   1.9345001920304686e-01   1.9345000617906757e-01   1.3023979283932619e-08
   7.6171875000000000e-01  -1.4616029124449498e-01  -1.4616028856883806e-01   2.6756569182495582e-09
   7.6953125000000000e-01  -4.4385374120222310e-01  -4.4385372088624714e-01   2.0315975957085897e-08
   7.7734375000000000e-01  -6.5656117490233401e-01  -6.5656114012379019e-01   3.4778543822611141e-08
   7.8515625000000000e-01  -7.5621609791454814e-01  -7.5621605657700253e-01   4.1337545608755022e-08
   7.9296875000000000e-01  -7.3347996030252294e-01  -7.3347992311550247e-01   3.7187020462958742e-08
   8.0078125000000000e-01  -5.9823697836562839e-01  -5.9823695594437776e-01   2.2421250633897216e-08
   8.0859375000000000e-01  -3.7688315226636721e-01  -3.7688315203974088e-01   2.2662632881420564e-10
   8.1640625000000000e-01  -1.0701128088582289e-01  -1.0701130472976307e-01   2.3843940183398971e-08
   8.2421875000000000e-01   1.6944998536560124e-01   1.6944994203306946e-01   4.3332531785011952e-08
   8.3203125000000000e-01   4.1333862288325962e-01   4.1333857019488157e-01   5.2688378049392526e-08
   8.3984375000000000e-01   5.9430928893502333e-01   5.9430924004712971e-01   4.8887893622229228e-08
   8.4765625000000000e-01   6.9479886565588944e-01   6.9479883327483172e-01   3.2381057724073514e-08
   8.5546875000000000e-01   7.1133130665601263e-01   7.1133129957309038e-01   7.0829222487134302e-09
   8.6328125000000000e-01   6.5313821410916950e-01   6.5313823470381482e-01   2.0594645322447036e-08
   8.7109375000000000e-01   5.3860452252025925e-01   5.3860456598796003e-01   4.3467700772126250e-08
