#                  Coord.                Numerical               Analytical                    Error
   3.9062500000000000e-03  -1.7434203673444084e+00  -1.7434203362691845e+00   3.1075223949628139e-08
   1.1718750000000000e-02  -1.5540120549699052e+00  -1.5540120263718464e+00   2.8598058809947702e-08
   1.9531250000000000e-02  -1.1802786247315800e+00  -1.1802786052193173e+00   1.9512262694476590e-08
   2.7343750000000000e-02  -6.8535361601079370e-01  -6.8535361035027131e-01   5.6605223841543761e-09
   3.5156250000000000e-02  -1.4644393481990700e-01  -1.4644394481757195e-01   9.9976649459154743e-09
   4.2968750000000000e-02   3.5763365614519854e-01   3.5763363233613787e-01   2.3809060667456805e-08
   5.0781250000000000e-02   7.5872344726892893e-01   7.5872341475692862e-01   3.2512000314177669e-08
   5.8593750000000000e-02   1.0093254824233688e+00   1.0093254486060252e+00   3.3817343592090765e-08
   6.6406250000000000e-02   1.0886818944971020e+00   1.0886818672368719e+00   2.7260230073267167e-08
   7.4218750000000000e-02   1.0040729413764107e+00   1.0040729272074793e+00   1.4168931361524528e-08
   8.2031250000000000e-02   7.8734036160922150e-01   7.8734036396537088e-01   2.3561493867063632e-09
   8.9843750000000000e-02   4.8752519219786666e-01   4.8752521060987081e-01   1.8412004143542049e-08
   9.7656250000000000e-02   1.6117544630408187e-01   1.6117547631956530e-01   3.0015483432066503e-08
   1.0546875000000000e-01  -1.3778063974174204e-01  -1.3778060538349671e-01   3.4358245332155590e-08
   1.1328125000000000e-01  -3.6674324160133409e-01  -3.6674321129180826e-01   3.0309525833605022e-08
   1.2109375000000000e-01  -5.0027945113477246e-01  -5.0027943213045145e-01   1.9004321005766656e-08
   1.2890625000000000e-01  -5.3229767761907576e-01  -5.3229767436791464e-01   3.2511611181007538e-09
   1.3671875000000000e-01  -4.7453017472665282e-01  -4.7453018767050908e-01   1.2943856264602260e-08
   1.4453125000000000e-01  -3.5200611797010517e-01  -3.5200614336504943e-01   2.5394944258572139e-08
   1.5234375000000000e-01  -1.9670966582182606e-01  -1.9670969694045859e-01   3.1118632531912382e-08
   1.6015625000000000e-01  -4.0841183384287084e-02  -4.0841212207586755e-02   2.8823299670632796e-08
   1.6796875000000000e-01   8.8985969878021112e-02   8.8985950442796904e-02   1.9435224207775548e-08
   1.7578125000000000e-01   1.7562849865359448e-01   1.7562849304147315e-01   5.6121213232174227e-09
   1.8359375000000000e-01   2.1290106259977959e-01   2.1290107146351628e-01   8.8637366890687019e-09
   1.9140625000000000e-01   2.0473928217058679e-01   2.0473930244399807e-01   2.0273411283078246e-08
   1.9921875000000000e-01   1.6256828260005188e-01   1.6256830839407785e-01   2.5794025970693468e-08
   2.0703125000000000e-01   1.0169349425600881e-01   1.0169351861027501e-01   2.4354266200954378e-08
   2.1484375000000000e-01   3.7603350600439338e-02   3.7603367303157699e-02   1.6702718361183422e-08
   2.2265625000000000e-01  -1.7053684551856560e-02  -1.7053679303382328e-02   5.2484742316116773e-09
   2.3046875000000000e-01  -5.4325968477101881e-02  -5.4325975286441702e-02   6.8093398211677147e-09
   2.3828125000000000e-01  -7.1490206663200662e-02  -7.1490222900853662e-02   1.6237652999961938e-08
   2.4609375000000000e-01  -7.0409098208071161e-02  -7.0409118985623825e-02   2.0777552664497101e-08
   2.5390625000000000e-01  -5.6089085540935557e-02  -5.6089105057430755e-02   1.9516495197713368e-08
   2.6171875000000000e-01  -3.4911315925379174e-02  -3.4911329114556022e-02   1.3189176847894224e-08
   2.6953125000000000e-01  -1.2983898362895933e-02  -1.2983902155644338e-02   3.7927484052707738e-09
   2.7734375000000000e-01   5.0570971228963146e-03   5.0571031221163165e-03   5.9992200018496589e-09
   2.8515625000000000e-01   1.6640636135437262e-02   1.6640649723473146e-02   1.3588035883971283e-08
   2.9296875000000000e-01   2.1260824437564892e-02   2.1260841563826034e-02   1.7126261141892085e-08
   3.0078125000000000e-01   2.0027802763909624e-02   2.0027818716570302e-02   1.5952660678553165e-08
   3.0859375000000000e-01   1.4981379688000391e-02   1.4981390332760492e-02   1.0644760101152784e-08
   3.1640625000000000e-01   8.3825235254212684e-03   8.3825263448730238e-03   2.8194517553981058e-09
   3.2421875000000000e-01   2.1496332970754313e-03   2.1496279434921155e-03   5.3535833158084578e-09
   3.3203125000000000e-01  -2.4696676727223878e-03  -2.4696793956193335e-03   1.1722896945710881e-08
   3.3984375000000000e-01  -4.9795003609321925e-03  -4.9795151093242644e-03   1.4748392071842198e-08
   3.4765625000000000e-01  -5.5195494547721474e-03  -5.5195632797728211e-03   1.3825000673775567e-08
   3.5546875000000000e-01  -4.6353840865173751e-03  -4.6353934781005563e-03   9.3915831812785289e-09
   3.6328125000000000e-01  -3.0230543672461608e-03  -3.0230571142270159e-03   2.7469808550235897e-09
   3.7109375000000000e-01  -1.3170369200674133e-03  -1.3170326382547918e-03   4.2818126214788643e-09
   3.7890625000000000e-01   4.0121448777306052e-05   4.0131314578417744e-05   9.8658011116919183e-09
   3.8671875000000000e-01   8.3975557817615168e-04   8.3976822237477741e-04   1.2644198625730470e-08
   3.9453125000000000e-01   1.0780960107036434e-03   1.0781080662639140e-03   1.2055560270549104e-08
   4.0234375000000000e-01   8.8637598571432387e-04   8.8638443765080073e-04   8.4519364768661370e-09
   4.1015625000000000e-01   4.5110285941595847e-04   4.5110580348460007e-04   2.9440686415984317e-09
   4.1796875000000000e-01  -5.1782012585986371e-05  -5.1784921221775855e-05   2.9086357894843535e-09
   4.2578125000000000e-01  -4.9638782352528501e-04  -4.9639537585900663e-04   7.5523337216215972e-09
   4.3359375000000000e-01  -8.1849434659021422e-04  -8.1850419823237990e-04   9.8516421656764941e-09
   4.4140625000000000e-01  -1.0056042285997572e-03  -1.0056136196109533e-03   9.3910111961109655e-09
   4.4921875000000000e-01  -1.0752737568769113e-03  -1.0752802916439315e-03   6.5347670202570846e-09
   4.5703125000000000e-01  -1.0512868855615677e-03  -1.0512891750428205e-03   2.2894812528023029e-09
   4.6484375000000000e-01  -9.4448967895363080e-04  -9.4448764807456410e-04   2.0308790666962589e-09
   4.7265625000000000e-01  -7.4150737721226183e-04  -7.4150218862661986e-04   5.1885856419730050e-09
   4.8046875000000000e-01  -4.0145174335218958e-04  -4.0144535069222879e-04   6.3926599607930755e-09
   4.8828125000000000e-01   1.4116388706981211e-04   1.4116939142946926e-04   5.5043596571447036e-09
   4.9609375000000000e-01   9.6961670996191854e-04   9.6961977292943911e-04   3.0629675205678594e-09
   5.0390625000000000e-01   2.1760810255041841e-03   2.1760810876597699e-03   6.2155585799777979e-11
   5.1171875000000000e-01   3.8514382579308832e-03   3.8514358585091169e-03   2.3994217663095285e-09
   5.1953125000000000e-01   6.0735713369260624e-03   6.0735678407024193e-03   3.4962236430610694e-09
   5.2734375000000000e-01   8.8932966277196022e-03   8.8932936888505339e-03   2.9388690682419227e-09
   5.3515625000000000e-01   1.2317012168540942e-02   1.2317011118714515e-02   1.0498264271796565e-09
   5.4296875000000000e-01   1.6285621628004017e-02   1.6285622989718248e-02   1.3617142309574337e-09
   5.5078125000000000e-01   2.0650223570419388e-02   2.0650226866903296e-02   3.2964839087601394e-09
   5.5859375000000000e-01   2.5146285871114164e-02   2.5146289797165045e-02   3.9260508802319016e-09
   5.6640625000000000e-01   2.9369401605892093e-02   2.9369404497342221e-02   2.8914501279397875e-09
   5.7421875000000000e-01   3.2757096425678166e-02   3.2757096863518999e-02   4.3784083303410881e-10
   5.8203125000000000e-01   3.4582369046871106e-02   3.4582366397747762e-02   2.6491233443004525e-09
   5.8984375000000000e-01   3.3965503013642512e-02   3.3965497717500355e-02   5.2961421567743194e-09
   5.9765625000000000e-01   2.9910946159807932e-02   2.9910939651639941e-02   6.5081679906375811e-09
   6.0546875000000000e-01   2.1375425294195553e-02   2.1375419570543248e-02   5.7236523055836930e-09
   6.1328125000000000e-01   7.3716437111298588e-03   7.3716406881230469e-03   3.0230068118891618e-09
   6.2109375000000000e-01  -1.2891362263079461e-02  -1.2891361390323725e-02   8.7275573573686316e-10
   6.2890625000000000e-01  -3.9834991677197000e-02  -3.9834986858808777e-02   4.8183882231378483e-09
   6.3671875000000000e-01  -7.3315128075619060e-02  -7.3315120477404683e-02   7.5982143771247124e-09
   6.4453125000000000e-01  -1.1242112909262743e-01  -1.1242112077587250e-01   8.3167549236318195e-09
   6.5234375000000000e-01  -1.5529530508127620e-01  -1.5529529839484427e-01   6.6864319359094537e-09
   6.6015625000000000e-01  -1.9900557141067490e-01  -1.9900556826984628e-01   3.1408286249590134e-09
   6.6796875000000000e-01  -2.3950885724321438e-01  -2.3950885853837134e-01   1.2951569539065844e-09
   6.7578125000000000e-01  -2.7174380885839755e-01  -2.7174381417317695e-01   5.3147793943608690e-09
   6.8359375000000000e-01  -2.8988663385102614e-01  -2.8988664160048483e-01   7.7494586858684045e-09
   6.9140625000000000e-01  -2.8779220352139867e-01  -2.8779221144892747e-01   7.9275288000779653e-09
   6.9921875000000000e-01  -2.5962306481823239e-01  -2.5962307070447316e-01   5.8862407725790433e-09
   7.0703125000000000e-01  -2.0064219730540386e-01  -2.0064219964580721e-01   2.3404033433482851e-09
   7.1484375000000000e-01  -1.0811299786278787e-01  -1.0811299631114410e-01   1.5516437718021692e-09
   7.2265625000000000e-01   1.7784477684023924e-02   1.7784482265961878e-02   4.5819379540512628e-09
   7.3046875000000000e-01   1.7314352608331110e-01   1.7314353196454191e-01   5.8812308079136955e-09
   7.3828125000000000e-01   3.4977196494580415e-01   3.4977197014360828e-01   5.1978041315514645e-09
   7.4609375000000000e-01   5.3503589057763923e-01   5.3503589352029679e-01   2.9426575620661310e-09
   8.7890625000000000e-01  -1.1481059723917293e+00  -1.1481059671145832e+00   5.2771460534728476e-09
   8.8671875000000000e-01  -6.0377306354989013e-01  -6.0377305076097654e-01   1.2788913594796725e-08
   8.9453125000000000e-01   3.0710973194659617e-02   3.0710991308937688e-02   1.8114278070580081e-08
   9.0234375000000000e-01   6.8806805143983274e-01   6.8806807114463064e-01   1.9704797904473992e-08
   9.1015625000000000e-01   1.2933217093804859e+00   1.2933217261631871e+00   1.6782701228734709e-08
   9.1796875000000000e-01   1.7732786813660664e+00   1.7732786910175524e+00   9.6514860548069237e-09
   9.2578125000000000e-01   2.0665885802732196e+00   2.0665885799080161e+00   3.6520342305834674e-10
   9.3359375000000000e-01   2.1328893280940240e+00   2.1328893169556613e+00   1.1138362676632596e-08
   9.4140625000000000e-01   1.9595445590263654e+00   1.9595445387791508e+00   2.0247214571611494e-08
   9.4921875000000000e-01   1.5647349147325644e+00   1.5647348892571593e+00   2.5475405118768890e-08
   9.5703125000000000e-01   9.9616024438850381e-01   9.9616021900912421e-01   2.5379379597900709e-08
   9.6484375000000000e-01   3.2527892675229475e-01   3.2527890714105834e-01   1.9611236412586663e-08
   9.7265625000000000e-01  -3.6225173905466712e-01  -3.6225174817984390e-01   9.1251767808664397e-09
   9.8046875000000000e-01  -9.7859322899832391e-01  -9.7859322498490831e-01   4.0134155998572396e-09
   9.8828125000000000e-01  -1.4463743626270349e+00  -1.4463743456669580e+00   1.6960076898442367e-08
   9.9609375000000000e-01  -1.7099516950303038e+00  -1.7099516682375870e+00   2.6792716711909748e-08
   7.5390625000000000e-01   7.1224199289571366e-01   7.1224199293364610e-01   3.7932434970855411e-11
   7.6171875000000000e-01   8.6165272545630978e-01   8.6165272304048413e-01   2.4158256506368048e-09
   7.6953125000000000e-01   9.6215986475667958e-01   9.6215986126486819e-01   3.4918113955839658e-09
   7.7734375000000000e-01   9.9354977698164437e-01   9.9354977419297907e-01   2.7886652986808258e-09
   7.8515625000000000e-01   9.3918692733197662e-01   9.3918692677159044e-01   5.6038618190257239e-10
   7.9296875000000000e-01   7.8883485647874174e-01   7.8883485879551973e-01   2.3167779916732911e-09
   8.0078125000000000e-01   5.4124407476480974e-01   5.4124407943792163e-01   4.6731118974463470e-09
   8.0859375000000000e-01   2.0608393369590788e-01   2.0608393911808240e-01   5.4221745149352074e-09
   8.1640625000000000e-01  -1.9520108873118827e-01  -1.9520108474503986e-01   3.9861484113501433e-09
   8.2421875000000000e-01  -6.2995803033525744e-01  -6.2995802985144544e-01   4.8381199047042855e-10
   8.3203125000000000e-01  -1.0565173709621163e+00  -1.0565173751865555e+00   4.2244392428614219e-09
   8.3984375000000000e-01  -1.4280031306600058e+00  -1.4280031394467489e+00   8.7867431108890059e-09
   8.4765625000000000e-01  -1.6975019630508743e+00  -1.6975019747471511e+00   1.1696276835948538e-08
   8.5546875000000000e-01  -1.8240719405199206e+00  -1.8240719523011060e+00   1.1781185360604240e-08
   8.6328125000000000e-01  -1.7788470294401282e+00  -1.7788470379917003e+00   8.5515721170992265e-09
   8.7109375000000000e-01  -1.5503500831159223e+00  -1.5503500855614838e+00   2.4455615310614576e-09
