#                  Coord.                Numerical               Analytical                    Error
   3.9062500000000000e-03   7.9426221943010211e-01   7.9426220811176917e-01   1.1318332937548803e-08
   1.1718750000000000e-02   7.1289277134427798e-01   7.1289277808670459e-01   6.7424266170235114e-09
   1.9531250000000000e-02   6.3728868590590859e-01   6.3728870717612929e-01   2.1270220695868147e-08
   2.7343750000000000e-02   5.7035011530683055e-01   5.7035014368610526e-01   2.8379274708001390e-08
   3.5156250000000000e-02   5.1475271426876590e-01   5.1475274327313969e-01   2.9004373791607918e-08
   4.2968750000000000e-02   4.7280059769365679e-01   4.7280062490892044e-01   2.7215263653790345e-08
   5.0781250000000000e-02   4.4630000235875855e-01   4.4630002952988546e-01   2.7171126903979825e-08
   5.8593750000000000e-02   4.3646214394809013e-01   4.3646217468278570e-01   3.0734695566358994e-08
   6.6406250000000000e-02   4.4384106867808032e-01   4.4384110574660496e-01   3.7068524638694811e-08
   7.4218750000000000e-02   4.6830919354970313e-01   4.6830923635947486e-01   4.2809771727547741e-08
   8.2031250000000000e-02   5.0907005228885627e-01   5.0907009549896332e-01   4.3210107047997326e-08
   8.9843750000000000e-02   5.6470486416806209e-01   5.6470489806943458e-01   3.3901372487044057e-08
   9.7656250000000000e-02   6.3324720885572094e-01   6.3324722295407054e-01   1.4098349598867799e-08
   1.0546875000000000e-01   7.1227853804016805e-01   7.1227852666330693e-01   1.1376861119849480e-08
   1.1328125000000000e-01   7.9903657764119651e-01   7.9903654445880368e-01   3.3182392833452923e-08
   1.2109375000000000e-01   8.9052886523165653e-01   8.9052882232926445e-01   4.2902392083377094e-08
   1.2890625000000000e-01   9.8364460405151100e-01   9.8364456489741658e-01   3.9154094411131268e-08
   1.3671875000000000e-01   1.0752595053470879e+00   1.0752594758126814e+00   2.9534406476017239e-08
   1.4453125000000000e-01   1.1623300837789241e+00   1.1623300583068490e+00   2.5472075115828829e-08
   1.5234375000000000e-01   1.2419757059129810e+00   1.2419756720723543e+00   3.3840626745273994e-08
   1.6015625000000000e-01   1.3115483210522692e+00   1.3115482701018675e+00   5.0950401675464718e-08
   1.6796875000000000e-01   1.3686910454907681e+00   1.3686909804757748e+00   6.5014993388956555e-08
   1.7578125000000000e-01   1.4113875050518070e+00   1.4113874398583832e+00   6.5193423770537606e-08
   1.8359375000000000e-01   1.4380040425328948e+00   1.4380039923964991e+00   5.0136395701727565e-08
   1.9140625000000000e-01   1.4473266068345498e+00   1.4473265777080733e+00   2.9126476563945403e-08
   1.9921875000000000e-01   1.4385934563451386e+00   1.4385934418103974e+00   1.4534741188398925e-08
   2.0703125000000000e-01   1.4115238646926371e+00   1.4115238524083302e+00   1.2284306905030462e-08
   2.1484375000000000e-01   1.3663419596123529e+00   1.3663419417607594e+00   1.7851593536732935e-08
   2.2265625000000000e-01   1.3037938153872377e+00   1.3037937939668705e+00   2.1420367257718453e-08
   2.3046875000000000e-01   1.2251550991101876e+00   1.2251550821880106e+00   1.6922176993006133e-08
   2.3828125000000000e-01   1.1322260701637508e+00   1.1322260630244485e+00   7.1393022604837597e-09
   2.4609375000000000e-01   1.0273106359886661e+00   1.0273106354361119e+00   5.5255422459765668e-10
   2.5390625000000000e-01   9.1317652165335328e-01   9.1317651854600279e-01   3.1073504880296809e-09
   2.6171875000000000e-01   7.9299441703840623e-01   7.9299440423398848e-01   1.2804417748313313e-08
   2.6953125000000000e-01   6.7025518335898826e-01   6.7025516191936330e-01   2.1439624964258996e-08
   2.7734375000000000e-01   5.4866575811551554e-01   5.4866573599784596e-01   2.2117669584709176e-08
   2.8515625000000000e-01   4.3202617599718945e-01   4.3202616089120432e-01   1.5105985129437727e-08
   2.9296875000000000e-01   3.2409197496936182e-01   3.2409196785275934e-01   7.1166024739888201e-09
   3.0078125000000000e-01   2.2842799395297952e-01   2.2842798921850344e-01   4.7344760889522775e-09
   3.0859375000000000e-01   1.4826099623114561e-01   1.4826098779011565e-01   8.4410299583392856e-09
   3.1640625000000000e-01   8.6339483711869891e-02   8.6339470920789266e-02   1.2791080625240703e-08
   3.2421875000000000e-01   4.4809356736630813e-02   4.4809344476274632e-02   1.2260356181681420e-08
   3.3203125000000000e-01   2.5113638316869479e-02   2.5113631268613941e-02   7.0482555382389567e-09
   3.3984375000000000e-01   2.7923308143244091e-02   2.7923305141274692e-02   3.0019693987581864e-09
   3.4765625000000000e-01   5.3104446382845893e-02   5.3104440554349534e-02   5.8284963591614947e-09
   3.5546875000000000e-01   9.9724507744610211e-02   9.9724492543996401e-02   1.5200613809329688e-08
   3.6328125000000000e-01   1.6609783801829023e-01   1.6609781338365806e-01   2.4634632167508386e-08
   3.7109375000000000e-01   2.4986776048536374e-01   2.4986773283499686e-01   2.7650366885012545e-08
   3.7890625000000000e-01   3.4811996855921662e-01   3.4811994427667997e-01   2.4282536648101427e-08
   3.8671875000000000e-01   4.5751981819174226e-01   4.5751979637198614e-01   2.1819756113039546e-08
   3.9453125000000000e-01   5.7446461719233766e-01   5.7446458902109820e-01   2.8171239452312591e-08
   4.0234375000000000e-01   6.9524128754776360e-01   6.9524124324026915e-01   4.4307494451167884e-08
   4.1015625000000000e-01   8.1617986722078006e-01   8.1617980532670975e-01   6.1894070313428529e-08
   4.1796875000000000e-01   9.3379418938563197e-01   9.3379411990064365e-01   6.9484988318713192e-08
   4.2578125000000000e-01   1.0449026130495376e+00   1.0449025514718522e+00   6.1577685395164394e-08
   4.3359375000000000e-01   1.1467237196026105e+00   1.1467236764682824e+00   4.3134328109317721e-08
   4.4140625000000000e-01   1.2369442188043740e+00   1.2369441934447345e+00   2.5359639499455966e-08
   4.4921875000000000e-01   1.3137586935331331e+00   1.3137586771787242e+00   1.6354408938212828e-08
   4.5703125000000000e-01   1.3758830211544466e+00   1.3758830062252181e+00   1.4929228520088600e-08
   4.6484375000000000e-01   1.4225451343332323e+00   1.4225451220634744e+00   1.2269757876381959e-08
   4.7265625000000000e-01   1.4534580728464772e+00   1.4534580722518342e+00   5.9464300150580129e-10
   4.8046875000000000e-01   1.4687809269901431e+00   1.4687809466730666e+00   1.9682923513286710e-08
   4.8828125000000000e-01   1.4690732569183196e+00   1.4690732966051576e+00   3.9686838038122119e-08
   4.9609375000000000e-01   1.4552479125780227e+00   1.4552479622682331e+00   4.9690210390807010e-08
   5.0390625000000000e-01   1.4285259789072318e+00   1.4285260261456607e+00   4.7238428946272393e-08
   5.1171875000000000e-01   1.3903959803003836e+00   1.3903960196549561e+00   3.9354572489713746e-08
   5.1953125000000000e-01   1.3425777151337310e+00   1.3425777512488934e+00   3.6115162416194835e-08
   5.2734375000000000e-01   1.2869893925062186e+00   1.2869894344901367e+00   4.1983918119825603e-08
   5.3515625000000000e-01   1.2257153648988384e+00   1.2257154160667683e+00   5.1167929893125574e-08
   5.4296875000000000e-01   1.1609708958825626e+00   1.1609709483884119e+00   5.2505849224004919e-08
   5.5078125000000000e-01   1.0950602332549433e+00   1.0950602723117422e+00   3.9056798906145218e-08
   5.5859375000000000e-01   1.0303248261258533e+00   1.0303248411406130e+00   1.5014759657816512e-08
   5.6640625000000000e-01   9.6907980118857739e-01   9.6907979437038005e-01   6.8181973400527340e-09
   5.7421875000000000e-01   9.1353865606535667e-01   9.1353864110460559e-01   1.4960751082426782e-08
   5.8203125000000000e-01   8.6572831620451696e-01   8.6572830764033781e-01   8.5641791436330550e-09
   5.8984375000000000e-01   8.2739894181193852e-01   8.2739894332883546e-01   1.5168969413892341e-09
   5.9765625000000000e-01   7.9993483472301041e-01   7.9993483629265039e-01   1.5696399735531941e-09
   6.0546875000000000e-01   7.8427416864765376e-01   7.8427415471372341e-01   1.3933930342879819e-08
   6.1328125000000000e-01   7.8084578770889224e-01   7.8084575013676283e-01   3.7572129407692501e-08
   6.2109375000000000e-01   7.8953084152649433e-01   7.8953078633375728e-01   5.5192737047349283e-08
   6.2890625000000000e-01   8.0965552366135285e-01   8.0965546630368679e-01   5.7357666061186308e-08
   6.3671875000000000e-01   8.4001877825272431e-01   8.4001873112188008e-01   4.7130844227361024e-08
   6.4453125000000000e-01   8.7895576978449530e-01   8.7895573274237748e-01   3.7042117817520648e-08
   6.5234375000000000e-01   9.2443451030338208e-01   9.2443447132938839e-01   3.8973993699009668e-08
   6.6015625000000000e-01   9.7417967993246857e-01   9.7417962578994277e-01   5.4142525796052610e-08
   6.6796875000000000e-01   1.0258147638324842e+00   1.0258146912386430e+00   7.2593841160539796e-08
   6.7578125000000000e-01   1.0770115054248457e+00   1.0770114240066331e+00   8.1418212616313212e-08
   6.8359375000000000e-01   1.1256346259112293e+00   1.1256345510208923e+00   7.4890337042887722e-08
   6.9140625000000000e-01   1.1698699305655507e+00   1.1698698723258469e+00   5.8239703726314929e-08
   6.9921875000000000e-01   1.2083253220244961e+00   1.2083252798326634e+00   4.2191832694271625e-08
   7.0703125000000000e-01   1.2400967314295219e+00   1.2400966973844949e+00   3.4045027019757867e-08
   7.1484375000000000e-01   1.2647942881322323e+00   1.2647942562614494e+00   3.1870782901677330e-08
   7.2265625000000000e-01   1.2825278272669873e+00   1.2825277998551250e+00   2.7411862335569026e-08
   7.3046875000000000e-01   1.2938546637295398e+00   1.2938546501927659e+00   1.3536773924016643e-08
   7.3828125000000000e-01   1.2996960396540007e+00   1.2996960488604126e+00   9.2064118550894136e-09
   7.4609375000000000e-01   1.3012313950586221e+00   1.3012314280748141e+00   3.3016192002577327e-08
   8.7890625000000000e-01   1.4149848480717673e+00   1.4149848069154478e+00   4.1156319463553359e-08
   8.8671875000000000e-01   1.4244232755049968e+00   1.4244232084788293e+00   6.7026167505090939e-08
   8.9453125000000000e-01   1.4306378937109505e+00   1.4306378187110318e+00   7.4999918719953484e-08
   9.0234375000000000e-01   1.4327055170179883e+00   1.4327054516555433e+00   6.5362445011984960e-08
   9.1015625000000000e-01   1.4296276642368964e+00   1.4296276141425557e+00   5.0094340675599369e-08
   9.1796875000000000e-01   1.4203672674822010e+00   1.4203672240624703e+00   4.3419730699767456e-08
   9.2578125000000000e-01   1.4039064936645964e+00   1.4039064426461385e+00   5.1018457902785030e-08
   9.3359375000000000e-01   1.3793229076489824e+00   1.3793228413786138e+00   6.6270368526133439e-08
   9.4140625000000000e-01   1.3458783611125953e+00   1.3458782844006008e+00   7.6711994534406358e-08
   9.4921875000000000e-01   1.3031126797905028e+00   1.3031126057191862e+00   7.4071316635837547e-08
   9.5703125000000000e-01   1.2509327500681711e+00   1.2509326896216573e+00   6.0446513794332191e-08
   9.6484375000000000e-01   1.1896871612382933e+00   1.1896871162035769e+00   4.5034716400493835e-08
   9.7265625000000000e-01   1.1202172227065006e+00   1.1202171866670794e+00   3.6039421225098067e-08
   9.8046875000000000e-01   1.0438768781324617e+00   1.0438768439886397e+00   3.4143821991960976e-08
   9.8828125000000000e-01   9.6251661724468007e-01   9.6251658410636243e-01   3.3138317645509119e-08
   9.9609375000000000e-01   8.7842966897403374e-01   8.7842964284824798e-01   2.6125785757002973e-08
   7.5390625000000000e-01   1.2997813324087384e+00   1.2997813813564587e+00   4.8947720321379506e-08
   7.6171875000000000e-01   1.2966906595204541e+00   1.2966907134722150e+00   5.3951760836667972e-08
   7.6953125000000000e-01   1.2932221690355385e+00   1.2932222217687792e+00   5.2733240663016545e-08
   7.7734375000000000e-01   1.2904699515483748e+00   1.2904700057631651e+00   5.4214790212725461e-08
   7.8515625000000000e-01   1.2892982970272417e+00   1.2892983607693915e+00   6.3742149780665613e-08
   7.9296875000000000e-01   1.2903089512118935e+00   1.2903090297186035e+00   7.8506710021741810e-08
   8.0078125000000000e-01   1.2938360831903164e+00   1.2938361719730489e+00   8.8782732499126382e-08
   8.0859375000000000e-01   1.2999651925702511e+00   1.2999652772654995e+00   8.4695248370181275e-08
   8.1640625000000000e-01   1.3085697203310414e+00   1.3085697843381372e+00   6.4007095845752815e-08
   8.2421875000000000e-01   1.3193576114027024e+00   1.3193576460978642e+00   3.4695161854614298e-08
   8.3203125000000000e-01   1.3319196682042920e+00   1.3319196788713910e+00   1.0667098981897993e-08
   8.3984375000000000e-01   1.3457722568126875e+00   1.3457722587472369e+00   1.9345494095546201e-09
   8.4765625000000000e-01   1.3603886433766836e+00   1.3603886509036034e+00   7.5269197541416588e-09
   8.5546875000000000e-01   1.3752157008269039e+00   1.3752157162934127e+00   1.5466508740402674e-08
   8.6328125000000000e-01   1.3896755665869165e+00   1.3896755782106724e+00   1.1623755957756998e-08
   8.7109375000000000e-01   1.4031546572943601e+00   1.4031546475361394e+00   9.7582206759483370e-09
