#                  Coord.                Numerical               Analytical                    Error
   3.9062500000000000e-03   3.9682151949242428e-01   3.9682155755906506e-01   3.8066640783984695e-08
   1.1718750000000000e-02   4.6866526800288952e-02   4.6866561646879593e-02   3.4846590640791320e-08
   1.9531250000000000e-02  -2.6899861395862612e-01  -2.6899859044293517e-01   2.3515690950048906e-08
   2.7343750000000000e-02  -5.1950545290220607e-01  -5.1950544484540684e-01   8.0567992277735812e-09
   3.5156250000000000e-02  -6.8634251984930661e-01  -6.8634252673233476e-01   6.8830281474419053e-09
   4.2968750000000000e-02  -7.6505021394482142e-01  -7.6505023133703542e-01   1.7392214002320827e-08
   5.0781250000000000e-02  -7.6349408758708748e-01  -7.6349410906433235e-01   2.1477244871448420e-08
   5.8593750000000000e-02  -6.9842947920388554e-01  -6.9842949857625602e-01   1.9372370485548629e-08
   6.6406250000000000e-02  -5.9098230650050620e-01  -5.9098231971034443e-01   1.3209838223282588e-08
   7.4218750000000000e-02  -4.6200969253680318e-01  -4.6200969852944551e-01   5.9926423268130691e-09
   8.2031250000000000e-02  -3.2825438523277023e-01  -3.2825438571852955e-01   4.8575932165562108e-10
   8.9843750000000000e-02  -1.9998805170694345e-01  -1.9998804987985030e-01   1.8270931434472004e-09
   9.7656250000000000e-02  -8.0499059494377842e-02  -8.0499058366708190e-02   1.1276696521012042e-09
   1.0546875000000000e-01   3.2612129814466047e-02   3.2612128883902240e-02   9.3056380656708626e-10
   1.1328125000000000e-01   1.4473821314171020e-01   1.4473821103790385e-01   2.1038063513501015e-09
   1.2109375000000000e-01   2.6086141547287184e-01   2.6086141492918341e-01   5.4368842761221003e-10
   1.2890625000000000e-01   3.8227347455358335e-01   3.8227347882435131e-01   4.2707679615006100e-09
   1.3671875000000000e-01   5.0422768225706083e-01   5.0422769347964103e-01   1.1222580198477772e-08
   1.4453125000000000e-01   6.1514472562932088e-01   6.1514474338991898e-01   1.7760598103322423e-08
   1.5234375000000000e-01   6.9767734998786146e-01   6.9767737086935255e-01   2.0881491091806481e-08
   1.6015625000000000e-01   7.3154924914548802e-01   7.3154926736340031e-01   1.8217912289841820e-08
   1.6796875000000000e-01   6.9769381370714489e-01   6.9769382286603188e-01   9.1588869821634944e-09
   1.7578125000000000e-01   5.8290465056222074e-01   5.8290464582609425e-01   4.7361264909895340e-09
   1.8359375000000000e-01   3.8403800341544725e-01   3.8403798350612750e-01   1.9909319748379062e-08
   1.9140625000000000e-01   1.1081972375922042e-01   1.1081969189641665e-01   3.1862803770432713e-08
   1.9921875000000000e-01  -2.1348486857460214e-01  -2.1348490505620368e-01   3.6481601545235165e-08
   2.0703125000000000e-01  -5.5391000577686433e-01  -5.5391003728349575e-01   3.1506631414934816e-08
   2.1484375000000000e-01  -8.6803895274734055e-01  -8.6803897009014352e-01   1.7342802971498372e-08
   2.2265625000000000e-01  -1.1120834131595152e+00  -1.1120834104066246e+00   2.7528905821583294e-09
   2.3046875000000000e-01  -1.2478146193660546e+00  -1.2478145958064513e+00   2.3559603379297300e-08
   2.3828125000000000e-01  -1.2491392532126280e+00  -1.2491392139543589e+00   3.9258269080022501e-08
   2.4609375000000000e-01  -1.1071083632411889e+00  -1.1071083179707850e+00   4.5270403870034670e-08
   2.5390625000000000e-01  -8.3237728748551021e-01  -8.3237724795986645e-01   3.9525643757976070e-08
   2.6171875000000000e-01  -4.5456268953990570e-01  -4.5456266624209990e-01   2.3297805795685633e-08
   2.6953125000000000e-01  -1.8490661981755536e-02  -1.8490661182867098e-02   7.9888843804165610e-10
   2.7734375000000000e-01   4.2210766429150715e-01   4.2210764234189868e-01   2.1949608464133519e-08
   2.8515625000000000e-01   8.1242951605717928e-01   8.1242947719752767e-01   3.8859651607658918e-08
   2.9296875000000000e-01   1.1046595738757357e+00   1.1046595284072369e+00   4.5468498743872487e-08
   3.0078125000000000e-01   1.2649129340408698e+00   1.2649128938059817e+00   4.0234888087908871e-08
   3.0859375000000000e-01   1.2779279207965224e+00   1.2779278959236762e+00   2.4872846227097511e-08
   3.1640625000000000e-01   1.1487845571869439e+00   1.1487845533279335e+00   3.8590104445290763e-09
   3.2421875000000000e-01   9.0145298082945435e-01   9.0145299780265009e-01   1.6973195737790547e-08
   3.3203125000000000e-01   5.7451949815622982e-01   5.7451953021990798e-01   3.2063678157001618e-08
   3.3984375000000000e-01   2.1489456086640146e-01   2.1489459859791524e-01   3.7731513774508230e-08
   3.4765625000000000e-01  -1.2940219585906884e-01  -1.2940216280766303e-01   3.3051405806672207e-08
   3.5546875000000000e-01  -4.1620103839680356e-01  -4.1620101834862966e-01   2.0048173898778998e-08
   3.6328125000000000e-01  -6.1482850043684567e-01  -6.1482849751539181e-01   2.9214538566080250e-09
   3.7109375000000000e-01  -7.0967154965915025e-01  -7.0967156287103517e-01   1.3211884919428485e-08
   3.7890625000000000e-01  -7.0127603123406457e-01  -7.0127605515414992e-01   2.3920085356898824e-08
   3.8671875000000000e-01  -6.0500365516849119e-01  -6.0500368181228636e-01   2.6643795170144813e-08
   3.9453125000000000e-01  -4.4763132377743070e-01  -4.4763134500434337e-01   2.1226912672034359e-08
   4.0234375000000000e-01  -2.6253721932991636e-01  -2.6253722930498602e-01   9.9750696591627275e-09
   4.1015625000000000e-01  -8.4255030045701396e-02  -8.4255026738157629e-02   3.3075437666507668e-09
   4.1796875000000000e-01   5.6808403213269104e-02   5.6808417594724082e-02   1.4381454978285024e-08
   4.2578125000000000e-01   1.3878603706805204e-01   1.3878605702706506e-01   1.9959013025649952e-08
   4.3359375000000000e-01   1.5135076448638302e-01   1.5135078300671417e-01   1.8520331157567682e-08
   4.4140625000000000e-01   9.6964188735665188e-02   9.6964199534730983e-02   1.0799065794375728e-08
   4.4921875000000000e-01  -9.7431159420727758e-03  -9.7431165685572946e-03   6.2648451877589384e-10
   4.5703125000000000e-01  -1.4435732563091902e-01  -1.4435733768196024e-01   1.2051041220484393e-08
   4.6484375000000000e-01  -2.7652513347285557e-01  -2.7652515335067174e-01   1.9877816170854601e-08
   4.7265625000000000e-01  -3.7476747035324798e-01  -3.7476749192927256e-01   2.1576024578084940e-08
   4.8046875000000000e-01  -4.1163377275698765e-01  -4.1163378926418653e-01   1.6507198885573615e-08
   4.8828125000000000e-01  -3.6848310005090201e-01  -3.6848310604276718e-01   5.9918651706958315e-09
   4.9609375000000000e-01  -2.3917218945222202e-01  -2.3917218246565300e-01   6.9865690177639550e-09
   5.0390625000000000e-01  -3.2020889120992317e-02  -3.2020870370351659e-02   1.8750640658204976e-08
   5.1171875000000000e-01   2.3037949755829276e-01   2.3037952346197391e-01   2.5903681144523460e-08
   5.1953125000000000e-01   5.1365919526552684e-01   5.1365922148231713e-01   2.6216790294242287e-08
   5.2734375000000000e-01   7.7625486166282109e-01   7.7625488109530316e-01   1.9432482067927026e-08
   5.3515625000000000e-01   9.7551263431880930e-01   9.7551264146946803e-01   7.1506587318026504e-09
   5.4296875000000000e-01   1.0744265898909071e+00   1.0744265824332420e+00   7.4576651520885662e-09
   5.5078125000000000e-01   1.0479430814854309e+00   1.0479430608262370e+00   2.0659193911143348e-08
   5.5859375000000000e-01   8.8774845131209279e-01   8.8774842230150131e-01   2.9010591484635029e-08
   5.6640625000000000e-01   6.0464079131268567e-01   6.0464076091177332e-01   3.0400912343075959e-08
   5.7421875000000000e-01   2.2794952105298183e-01   2.2794949661411781e-01   2.4438864015818851e-08
   5.8203125000000000e-01  -1.9804602002472843e-01  -1.9804603267450194e-01   1.2649773506456796e-08
   5.8984375000000000e-01  -6.2022246163373174e-01  -6.2022245951194221e-01   2.1217895218583749e-09
   5.9765625000000000e-01  -9.8430375304855999e-01  -9.8430373672319837e-01   1.6325361618108047e-08
   6.0546875000000000e-01  -1.2428929057128157e+00  -1.2428928789803209e+00   2.6732494884385005e-08
   6.1328125000000000e-01  -1.3625151821515393e+00  -1.3625151511190166e+00   3.1032522773699611e-08
   6.2109375000000000e-01  -1.3285042602442725e+00  -1.3285042317493538e+00   2.8494918646870815e-08
   6.2890625000000000e-01  -1.1469401226142160e+00  -1.1469401027663102e+00   1.9847905763370477e-08
   6.3671875000000000e-01  -8.4336890755387950e-01  -8.4336890035804024e-01   7.1958392577897712e-09
   6.4453125000000000e-01  -4.5859844714218412e-01  -4.5859845374823643e-01   6.6060523162825291e-09
   6.5234375000000000e-01  -4.2358611793847756e-02  -4.2358630452738688e-02   1.8658890932332639e-08
   6.6015625000000000e-01   3.5405142092331088e-01   3.5405139436127431e-01   2.6562036570254577e-08
   6.6796875000000000e-01   6.8489484648549415e-01   6.8489481760756832e-01   2.8877925828396656e-08
   6.7578125000000000e-01   9.1579402673280375e-01   9.1579400141015821e-01   2.5322645536007826e-08
   6.8359375000000000e-01   1.0273943953828442e+00   1.0273943786473756e+00   1.6735468566508871e-08
   6.9140625000000000e-01   1.0165339376734752e+00   1.0165339327811431e+00   4.8923320949967319e-09
   6.9921875000000000e-01   8.9501870286331542e-01   8.9501871069671635e-01   7.8334009279146244e-09
   7.0703125000000000e-01   6.8649870389295942e-01   6.8649872277466173e-01   1.8881702312789628e-08
   7.1484375000000000e-01   4.2219238344793902e-01   4.2219240943553027e-01   2.5987591245613118e-08
   7.2265625000000000e-01   1.3628552447630057e-01   1.3628555206522155e-01   2.7588920981092002e-08
   7.3046875000000000e-01  -1.3826273943511289e-01  -1.3826271625525957e-01   2.3179853314569954e-08
   7.3828125000000000e-01  -3.7299613309474827e-01  -3.7299611960540824e-01   1.3489340033867592e-08
   7.4609375000000000e-01  -5.4609302212439081e-01  -5.4609302165552043e-01   4.6887038696041827e-10
   8.7890625000000000e-01  -7.3298911229238639e-01  -7.3298913401814425e-01   2.1725757859414330e-08
   8.8671875000000000e-01  -1.0259376616419098e+00  -1.0259376628582553e+00   1.2163454687907915e-09
   8.9453125000000000e-01  -1.2171057783016135e+00  -1.2171057576877873e+00   2.0613826201554275e-08
   9.0234375000000000e-01  -1.2756815810718207e+00  -1.2756815434027811e+00   3.7669039665289006e-08
   9.1015625000000000e-01  -1.1872993393165336e+00  -1.1872992943108023e+00   4.5005731363900736e-08
   9.1796875000000000e-01  -9.5703755369440413e-01  -9.5703751337352916e-01   4.0320874972188392e-08
   9.2578125000000000e-01  -6.0949817573397214e-01  -6.0949815105804628e-01   2.4675925858197445e-08
   9.3359375000000000e-01  -1.8580841737705328e-01  -1.8580841515900023e-01   2.2180530467874604e-09
   9.4140625000000000e-01   2.6206239357496458e-01   2.6206237260504134e-01   2.0969923242297739e-08
   9.4921875000000000e-01   6.7878202215478767e-01   6.7878198353171837e-01   3.8623069298360235e-08
   9.5703125000000000e-01   1.0137011608322146e+00   1.0137011147731776e+00   4.6059037028811645e-08
   9.6484375000000000e-01   1.2281225642145828e+00   1.2281225226972377e+00   4.1517345117370041e-08
   9.7265625000000000e-01   1.3005875864635372e+00   1.3005875598890237e+00   2.6574513478649919e-08
   9.8046875000000000e-01   1.2293361476921141e+00   1.2293361420744080e+00   5.6177060780981947e-09
   9.8828125000000000e-01   1.0316102795382700e+00   1.0316102950692505e+00   1.5530980501665681e-08
   9.9609375000000000e-01   7.4003578902858436e-01   7.4003582035227644e-01   3.1323692084583854e-08
   7.5390625000000000e-01  -6.4339929761837711e-01  -6.4339931064638933e-01   1.3028012224580721e-08
   7.6171875000000000e-01  -6.5860498763471786e-01  -6.5860501145276806e-01   2.3818050198798346e-08
   7.6953125000000000e-01  -5.9289110501977982e-01  -5.9289113403695326e-01   2.9017173441836519e-08
   7.7734375000000000e-01  -4.5433854514602090e-01  -4.5433857216034623e-01   2.7014325332253009e-08
   7.8515625000000000e-01  -2.5726439832748998e-01  -2.5726441617404583e-01   1.7846555844247547e-08
   7.9296875000000000e-01  -2.1483451424343873e-02  -2.1483454955829959e-02   3.5314860862001307e-09
   8.0078125000000000e-01   2.2865572758647923e-01   2.2865574002378486e-01   1.2437305629831030e-08
   8.0859375000000000e-01   4.6568610725237680e-01   4.6568613300747463e-01   2.5755097832202978e-08
   8.1640625000000000e-01   6.6108459042395440e-01   6.6108462301892146e-01   3.2594967058763302e-08
   8.2421875000000000e-01   7.8803895849738836e-01   7.8803898908986547e-01   3.0592477107127536e-08
   8.3203125000000000e-01   8.2476069646786188e-01   8.2476071626742775e-01   1.9799565875722180e-08
   8.3984375000000000e-01   7.5794675509548215e-01   7.5794675779529619e-01   2.6998140389977721e-09
   8.4765625000000000e-01   5.8580111818000757e-01   5.8580110200944457e-01   1.6170562999739957e-08
   8.5546875000000000e-01   3.1994447655835723e-01   3.1994444500835573e-01   3.1550001500235680e-08
   8.6328125000000000e-01  -1.4390831335344786e-02  -1.4390870113271802e-02   3.8777927015287705e-08
   8.7109375000000000e-01  -3.8025569567553952e-01  -3.8025573106037958e-01   3.5384840058050315e-08
