#                  Coord.                Numerical               Analytical                    Error
   3.9062500000000000e-03   1.4438786347174639e+00   1.4438786410383253e+00   6.3208613898524391e-09
   1.1718750000000000e-02   1.6097363926273609e+00   1.6097363970585423e+00   4.4311814217934398e-09
   1.9531250000000000e-02   1.6187220612891124e+00   1.6187220618729810e+00   5.8386850909641907e-10
   2.7343750000000000e-02   1.4780391280249765e+00   1.4780391247431093e+00   3.2818672224266265e-09
   3.5156250000000000e-02   1.2092038516296517e+00   1.2092038463553496e+00   5.2743021061729678e-09
   4.2968750000000000e-02   8.4467653871109460e-01   8.4467653449045332e-01   4.2206412809164817e-09
   5.0781250000000000e-02   4.2366938788935238e-01   4.2366938775594820e-01   1.3340417659435388e-10
   5.8593750000000000e-02  -1.2327555276533919e-02  -1.2327549526246498e-02   5.7502874215714650e-09
   6.6406250000000000e-02  -4.2379420097352860e-01  -4.2379418961277737e-01   1.1360751228650656e-08
   7.4218750000000000e-02  -7.7678098716989785e-01  -7.7678097265264023e-01   1.4517257618251733e-08
   8.2031250000000000e-02  -1.0455644902390167e+00  -1.0455644765348728e+00   1.3704143819737169e-08
   8.9843750000000000e-02  -1.2142003239622035e+00  -1.2142003153044396e+00   8.6577638391815981e-09
   9.7656250000000000e-02  -1.2769537083550866e+00  -1.2769537078158970e+00   5.3918958187182398e-10
   1.0546875000000000e-01  -1.2377087243348335e+00  -1.2377087327008216e+00   8.3659881244813050e-09
   1.1328125000000000e-01  -1.1085491467914901e+00  -1.1085491621476933e+00   1.5356203197924856e-08
   1.2109375000000000e-01  -9.0776074977575760e-01  -9.0776076797042293e-01   1.8194665329929194e-08
   1.2890625000000000e-01  -6.5752616956539800e-01  -6.5752618545288277e-01   1.5887484772214577e-08
   1.3671875000000000e-01  -3.8157242014954640e-01  -3.8157242923234508e-01   9.0827986798380778e-09
   1.4453125000000000e-01  -1.0299499034849360e-01  -1.0299499027312758e-01   7.5366018981171123e-11
   1.5234375000000000e-01   1.5757003279168891e-01   1.5757004144526812e-01   8.6535792143127566e-09
   1.6015625000000000e-01   3.8331411150187555e-01   3.8331412538557491e-01   1.3883699356842527e-08
   1.6796875000000000e-01   5.6211213748116717e-01   5.6211215161117889e-01   1.4130011716240176e-08
   1.7578125000000000e-01   6.8686644122146345e-01   6.8686645068104180e-01   9.4595783428630398e-09
   1.8359375000000000e-01   7.5538284897681518e-01   7.5538285065999566e-01   1.6831804838801645e-09
   1.9140625000000000e-01   7.6985573129010498e-01   7.6985572502253141e-01   6.2675735712502956e-09
   1.9921875000000000e-01   7.3606168319065945e-01   7.3606167183564619e-01   1.1355013262992486e-08
   2.0703125000000000e-01   6.6237430332932190e-01   6.6237429176647311e-01   1.1562848789559155e-08
   2.1484375000000000e-01   5.5871556868359895e-01   5.5871556202191242e-01   6.6616865357360666e-09
   2.2265625000000000e-01   4.3555212268907323e-01   4.3555212428990409e-01   1.6008308567627694e-09
   2.3046875000000000e-01   3.0302706980191374e-01   3.0302707987382971e-01   1.0071915967913014e-08
   2.3828125000000000e-01   1.7029032175428541e-01   1.7029033703781385e-01   1.5283528442822103e-08
   2.4609375000000000e-01   4.5055903564622996e-02   4.5055918338287794e-02   1.4773664798461983e-08
   2.5390625000000000e-01  -6.6621976712622585e-02  -6.6621968659778402e-02   8.0528441831484443e-09
   2.6171875000000000e-01  -1.6039395153679784e-01  -1.6039395456453159e-01   3.0277337581541275e-09
   2.6953125000000000e-01  -2.3354111043926856e-01  -2.3354112517991313e-01   1.4740644566080263e-08
   2.7734375000000000e-01  -2.8484335868103838e-01  -2.8484338144050075e-01   2.2759462370292027e-08
   2.8515625000000000e-01  -3.1443758639679970e-01  -3.1443761002279963e-01   2.3625999934218100e-08
   2.9296875000000000e-01  -3.2368453262651342e-01  -3.2368454878109926e-01   1.6154585835703728e-08
   3.0078125000000000e-01  -3.1503136457308745e-01  -3.1503136656334835e-01   1.9902609005306715e-09
   3.0859375000000000e-01  -2.9183322795573280e-01  -2.9183321329008260e-01   1.4665650194256585e-08
   3.1640625000000000e-01  -2.5809173703892746e-01  -2.5809170866644554e-01   2.8372481919447523e-08
   3.2421875000000000e-01  -2.1808656759887676e-01  -2.1808653341980902e-01   3.4179067742723390e-08
   3.3203125000000000e-01  -1.7591490511191513e-01  -1.7591487568152406e-01   2.9430391068618889e-08
   3.3984375000000000e-01  -1.3500102595932920e-01  -1.3500101118721367e-01   1.4772115530803376e-08
   3.4765625000000000e-01  -9.7677651710420685e-02  -9.7677657484232475e-02   5.7738117897887520e-09
   3.5546875000000000e-01  -6.4954400038692808e-02  -6.4954426032978616e-02   2.5994285807184880e-08
   3.6328125000000000e-01  -3.6565023668910665e-02  -3.6565063009957051e-02   3.9341046385865663e-08
   3.7109375000000000e-01  -1.1323677454207445e-02  -1.1323718619148455e-02   4.1164941009738665e-08
   3.7890625000000000e-01   1.2265963785057508e-02   1.2265933536724482e-02   3.0248333025839624e-08
   3.8671875000000000e-01   3.5292189283798923e-02   3.5292179840072609e-02   9.4437263148394734e-09
   3.9453125000000000e-01   5.7809879995428311e-02   5.7809895064212927e-02   1.5068784615934749e-08
   4.0234375000000000e-01   7.8516785538185321e-02   7.8516821268705961e-02   3.5730520639432051e-08
   4.1015625000000000e-01   9.4881004189719440e-02   9.4881050052083318e-02   4.5862363878823587e-08
   4.1796875000000000e-01   1.0375274765800510e-01   1.0375278960224046e-01   4.1944235362745275e-08
   4.2578125000000000e-01   1.0234666135324615e-01   1.0234668611972098e-01   2.4766474829296392e-08
   4.3359375000000000e-01   8.9345011043041628e-02   8.9345010420479196e-02   6.2256243216207707e-10
   4.4140625000000000e-01   6.5791074615705783e-02   6.5791048132862337e-02   2.6482843445974069e-08
   4.4921875000000000e-01   3.5449675661082244e-02   3.5449630983259574e-02   4.4677822670646794e-08
   4.5703125000000000e-01   4.4190980613466914e-03   4.4190487577358871e-03   4.9303610804261877e-08
   4.6484375000000000e-01  -2.0032096377514016e-02  -2.0032134897214757e-02   3.8519700741590501e-08
   4.7265625000000000e-01  -3.1203424877564188e-02  -3.1203440178477395e-02   1.5300913206589550e-08
   4.8046875000000000e-01  -2.4874426553959713e-02  -2.4874413067477185e-02   1.3486482527969024e-08
   4.8828125000000000e-01  -8.7410479600266071e-04  -8.7406575106461582e-04   3.9044938044893729e-08
   4.9609375000000000e-01   3.6190833753951310e-02   3.6190887200362419e-02   5.3446411109325798e-08
   5.0390625000000000e-01   7.7386379309673764e-02   7.7386431245431653e-02   5.1935757888754708e-08
   5.1171875000000000e-01   1.1114017013692658e-01   1.1114020472452645e-01   3.4587599867519359e-08
   5.1953125000000000e-01   1.2589858552059646e-01   1.2589859171246867e-01   6.1918722094045364e-09
   5.2734375000000000e-01   1.1318338382912785e-01   1.1318335880284637e-01   2.5026281477713574e-08
   5.3515625000000000e-01   7.0298053776465544e-02   7.0298003857765551e-02   4.9918699993045657e-08
   5.4296875000000000e-01   1.9311228340203317e-03   1.9310618008530995e-03   6.1033167232183230e-08
   5.5078125000000000e-01  -7.9901709306766780e-02  -7.9901764236204376e-02   5.4929437595663266e-08
   5.5859375000000000e-01  -1.5777406627330554e-01  -1.5777409933915307e-01   3.3065847532265380e-08
   5.6640625000000000e-01  -2.1237250914283776e-01  -2.1237251061187079e-01   1.4690330341071700e-09
   5.7421875000000000e-01  -2.2694553697260197e-01  -2.2694550583490430e-01   3.1137697670269304e-08
   5.8203125000000000e-01  -1.9169529359175472e-01  -1.9169523788657478e-01   5.5705179941023530e-08
   5.8984375000000000e-01  -1.0704356130555513e-01  -1.0704349576857097e-01   6.5536984159009215e-08
   5.9765625000000000e-01   1.5128861032383156e-02   1.5128919042531075e-02   5.8010147919659860e-08
   6.0546875000000000e-01   1.5277159972232576e-01   1.5277163504949665e-01   3.5327170883059367e-08
   6.1328125000000000e-01   2.7743520896447765e-01   2.7743521261546694e-01   3.6509892886726902e-09
   6.2109375000000000e-01   3.5989475062094439e-01   3.5989472203831380e-01   2.8582630595685998e-08
   6.2890625000000000e-01   3.7652264650307760e-01   3.7652259337751470e-01   5.3125562893274747e-08
   6.3671875000000000e-01   3.1505225477540855e-01   3.1505219075506785e-01   6.4020340695414291e-08
   6.4453125000000000e-01   1.7841040893488297e-01   1.7841034999542207e-01   5.8939460895190976e-08
   6.5234375000000000e-01  -1.4368276297974167e-02  -1.4368316184771789e-02   3.9886797621735415e-08
   6.6015625000000000e-01  -2.3056143216557015e-01  -2.3056144429964784e-01   1.2134077687075973e-08
   6.6796875000000000e-01  -4.2923821630868869e-01  -4.2923819916992362e-01   1.7138765073809736e-08
   6.7578125000000000e-01  -5.6885805730634387e-01  -5.6885801632473332e-01   4.0981610549550851e-08
   6.8359375000000000e-01  -6.1555530597181030e-01  -6.1555525179394510e-01   5.4177865194127151e-08
   6.9140625000000000e-01  -5.5046395420458649e-01  -5.5046389965775366e-01   5.4546832828350489e-08
   6.9921875000000000e-01  -3.7455796925247548e-01  -3.7455792625674411e-01   4.2995731364126044e-08
   7.0703125000000000e-01  -1.0992012341597361e-01  -1.0992010026463236e-01   2.3151341246863133e-08
   7.1484375000000000e-01   2.0297853893424536e-01   2.0297853894721229e-01   1.2966933082836363e-11
   7.2265625000000000e-01   5.1163774249645744e-01   5.1163772130742569e-01   2.1189031751411846e-08
   7.3046875000000000e-01   7.6045965029230955e-01   7.6045961392252770e-01   3.6369781852840788e-08
   7.3828125000000000e-01   9.0066803604990942e-01   9.0066799292832644e-01   4.3121582971039629e-08
   7.4609375000000000e-01   8.9940870991657429e-01   8.9940866876345360e-01   4.1153120688974809e-08
   8.7890625000000000e-01   1.4425025950488226e+00   1.4425025842321877e+00   1.0816634921084756e-08
   8.8671875000000000e-01   1.1321151979262187e+00   1.1321152014870060e+00   3.5607872206355751e-09
   8.9453125000000000e-01   6.7326794688592417e-01   6.7326796376158382e-01   1.6875659647475061e-08
   9.0234375000000000e-01   1.2320275701422842e-01   1.2320278329047619e-01   2.6276247774847938e-08
   9.1015625000000000e-01  -4.4989452944091085e-01  -4.4989449966199041e-01   2.9778920440648449e-08
   9.1796875000000000e-01  -9.7601677663026576e-01  -9.7601674980998954e-01   2.6820276222139228e-08
   9.2578125000000000e-01  -1.3923133087819943e+00  -1.3923132903935063e+00   1.8388488065568254e-08
   9.3359375000000000e-01  -1.6507312510866874e+00  -1.6507312443094375e+00   6.7772498724139041e-09
   9.4140625000000000e-01  -1.7233922313894099e+00  -1.7233922364491527e+00   5.0597428469245642e-09
   9.4921875000000000e-01  -1.6051469481120437e+00  -1.6051469624038617e+00   1.4291817951317398e-08
   9.5703125000000000e-01  -1.3131660889533820e+00  -1.3131661079222225e+00   1.8968840498345685e-08
   9.6484375000000000e-01  -8.8382498395168196e-01  -8.8382500244785744e-01   1.8496175480109400e-08
   9.7265625000000000e-01  -3.6746787081091603e-01  -3.6746788454842361e-01   1.3737507575939389e-08
   9.8046875000000000e-01   1.7814188262780775e-01   1.7814187595864486e-01   6.6691628886061949e-09
   9.8828125000000000e-01   6.9478519613961065e-01   6.9478519641253422e-01   2.7292357263064559e-10
   9.9609375000000000e-01   1.1302951552500353e+00   1.1302951602311515e+00   4.9811161861867959e-09
   7.5390625000000000e-01   7.4634461239620409e-01   7.4634458063297371e-01   3.1763230379233676e-08
   7.6171875000000000e-01   4.5649521963777462e-01   4.5649520212707284e-01   1.7510701777467830e-08
   7.6953125000000000e-01   6.8737919172923642e-02   6.8737917796102568e-02   1.3768210738174247e-09
   7.7734375000000000e-01  -3.5983834310331547e-01  -3.5983832931521420e-01   1.3788101271838826e-08
   7.8515625000000000e-01  -7.6280342280570523e-01  -7.6280339713170897e-01   2.5673996262298715e-08
   7.9296875000000000e-01  -1.0749950654544080e+00  -1.0749950327766153e+00   3.2677792694002505e-08
   8.0078125000000000e-01  -1.2430887722188355e+00  -1.2430887381876727e+00   3.4031162776670953e-08
   8.0859375000000000e-01  -1.2343716091980717e+00  -1.2343715794622083e+00   2.9735863327218226e-08
   8.1640625000000000e-01  -1.0422849885328633e+00  -1.0422849679416024e+00   2.0591260918578769e-08
   8.2421875000000000e-01  -6.8785827266380140e-01  -6.8785826461239807e-01   8.0514033218292980e-09
   8.3203125000000000e-01  -2.1684288769919580e-01  -2.1684289353827271e-01   5.8390769164251566e-09
   8.3984375000000000e-01   3.0694608822580077e-01   3.0694606947226383e-01   1.8753536945581573e-08
   8.4765625000000000e-01   8.1098400903550349e-01   8.1098398068636490e-01   2.8349138592176359e-08
   8.5546875000000000e-01   1.2245992629618063e+00   1.2245992301961595e+00   3.2765646862387143e-08
   8.6328125000000000e-01   1.4891199205862058e+00   1.4891198896170954e+00   3.0969110387246701e-08
   8.7109375000000000e-01   1.5661039163850052e+00   1.5661038932122588e+00   2.3172746388411269e-08
