#                  Coord.                Numerical               Analytical                    Error
   3.9062500000000000e-03  -1.1382394460858243e+00  -1.1382394324641436e+00   1.3621680672315506e-08
   1.1718750000000000e-02  -6.8299887739077136e-01  -6.8299887502189960e-01   2.3688717654124503e-09
   1.9531250000000000e-02  -1.8664056136247745e-01  -1.8664057141670284e-01   1.0054225396682881e-08
   2.7343750000000000e-02   2.7665193553013817e-01   2.7665191527044408e-01   2.0259694089030944e-08
   3.5156250000000000e-02   6.4410553472617615e-01   6.4410550944873823e-01   2.5277437920578905e-08
   4.2968750000000000e-02   8.7338430986722149e-01   8.7338428631858489e-01   2.3548636596260053e-08
   5.0781250000000000e-02   9.4758923765889502e-01   9.4758922231273179e-01   1.5346163229068566e-08
   5.8593750000000000e-02   8.7560675374397279e-01   8.7560675092592122e-01   2.8180515698750241e-09
   6.6406250000000000e-02   6.8806866797978594e-01   6.8806867860189869e-01   1.0622112744940182e-08
   7.4218750000000000e-02   4.2997883715780549e-01   4.2997885837614858e-01   2.1218343082551883e-08
   8.2031250000000000e-02   1.5160636944608563e-01   1.5160639545954802e-01   2.6013462384177899e-08
   8.9843750000000000e-02  -1.0055568976618078e-01  -1.0055566609826662e-01   2.3667914156311198e-08
   9.7656250000000000e-02  -2.9113327552022183e-01  -2.9113326063510409e-01   1.4885117749496857e-08
   1.0546875000000000e-01  -4.0035625804987451e-01  -4.0035625588110196e-01   2.1687725504371258e-09
   1.1328125000000000e-01  -4.2518719190267001e-01  -4.2518720275541128e-01   1.0852741261224708e-08
   1.2109375000000000e-01  -3.7729377963373284e-01  -3.7729380019764230e-01   2.0563909464144103e-08
   1.2890625000000000e-01  -2.7865240221772297e-01  -2.7865242656030803e-01   2.4342585058789723e-08
   1.3671875000000000e-01  -1.5593521027657814e-01  -1.5593523166074597e-01   2.1384167825377887e-08
   1.4453125000000000e-01  -3.4922614481917233e-02  -3.4922627180327140e-02   1.2698409906919395e-08
   1.5234375000000000e-01   6.3991884151520961e-02   6.3991883163440275e-02   9.8808068671463190e-10
   1.6015625000000000e-01   1.2850870901090602e-01   1.2850871939109951e-01   1.0380193482539823e-08
   1.6796875000000000e-01   1.5510915343948795e-01   1.5510917167199464e-01   1.8232506698856454e-08
   1.7578125000000000e-01   1.4793539493827382e-01   1.4793541558289433e-01   2.0644620513099454e-08
   1.8359375000000000e-01   1.1640956847749313e-01   1.1640958574555632e-01   1.7268063187692029e-08
   1.9140625000000000e-01   7.2302661080398137e-02   7.2302670567301150e-02   9.4869030131672361e-09
   1.9921875000000000e-01   2.6950383909755932e-02   2.6950383674471251e-02   2.3528468062750107e-10
   2.0703125000000000e-01  -1.0847308753761704e-02  -1.0847317759499460e-02   9.0057377562235974e-09
   2.1484375000000000e-01  -3.5953733075253035e-02  -3.5953747596720410e-02   1.4521467375794295e-08
   2.2265625000000000e-01  -4.7024723289567603e-02  -4.7024738829519554e-02   1.5539951950249709e-08
   2.3046875000000000e-01  -4.5832780211676048e-02  -4.5832792494857014e-02   1.2283180965411145e-08
   2.3828125000000000e-01  -3.6111410551571459e-02  -3.6111416653162608e-02   6.1015911489992192e-09
   2.4609375000000000e-01  -2.2277460102857694e-02  -2.2277459204716358e-02   8.9814133560905951e-10
   2.5390625000000000e-01  -8.3347374929653335e-03  -8.3347307827962847e-03   6.7101690488791110e-09
   2.6171875000000000e-01   2.8486533807311888e-03   2.8486632633371043e-03   9.8826059154698276e-09
   2.6953125000000000e-01   9.8262625444544300e-03   9.8262724214497679e-03   9.8769953379290731e-09
   2.7734375000000000e-01   1.2473096170753286e-02   1.2473103379637855e-02   7.2088845691486991e-09
   2.8515625000000000e-01   1.1624449094658413e-02   1.1624452170390704e-02   3.0757322903862683e-09
   2.9296875000000000e-01   8.6060107747325826e-03   8.6060097287344612e-03   1.0459981214516745e-09
   3.0078125000000000e-01   4.7920019168839999e-03   4.7919979574869605e-03   3.9593970393991818e-09
   3.0859375000000000e-01   1.2843167108041284e-03   1.2843116872521818e-03   5.0235519466045736e-09
   3.1640625000000000e-01  -1.2486275734778045e-03  -1.2486318865187378e-03   4.3130409332989977e-09
   3.2421875000000000e-01  -2.5834048671936143e-03  -2.5834073204508870e-03   2.4532572726748691e-09
   3.3203125000000000e-01  -2.8462603716872246e-03  -2.8462607525465695e-03   3.8085934492976259e-10
   3.3984375000000000e-01  -2.3667088755642282e-03  -2.3667077977038917e-03   1.0778603365749206e-09
   3.4765625000000000e-01  -1.5312606808747633e-03  -1.5312592195781114e-03   1.4612966518258441e-09
   3.5546875000000000e-01  -6.7258832319378934e-04  -6.7258749165579972e-04   8.3153798961527886e-10
   3.6328125000000000e-01  -9.5426166487704080e-06  -9.5429752066484664e-06   3.5855787805843186e-10
   3.7109375000000000e-01   3.6420208764155693e-04   3.6420065261787724e-04   1.4350236796924730e-09
   3.7890625000000000e-01   4.5659801718967059e-04   4.5659619866792475e-04   1.8185217458407607e-09
   3.8671875000000000e-01   3.3678689687177617e-04   3.3678567454161834e-04   1.2223301578263672e-09
   3.9453125000000000e-01   9.4034587486913000e-05   9.4034801254247130e-05   2.1376733412917237e-10
   4.0234375000000000e-01  -1.9309832709361313e-04  -1.9309634997940385e-04   1.9771142092755122e-09
   4.1015625000000000e-01  -4.7288689923281874e-04  -4.7288349984798863e-04   3.3993848301051323e-09
   4.1796875000000000e-01  -7.2276653173138279e-04  -7.2276262624814487e-04   3.9054832379160562e-09
   4.2578125000000000e-01  -9.4196937370697852e-04  -9.4196615263828279e-04   3.2210686957316950e-09
   4.3359375000000000e-01  -1.1395490636784309e-03  -1.1395475977617683e-03   1.4659166625800163e-09
   4.4140625000000000e-01  -1.3221133395117399e-03  -1.3221142074283071e-03   8.6791656717447041e-10
   4.4921875000000000e-01  -1.4839563553210491e-03  -1.4839594248704242e-03   3.0695493750954039e-09
   4.5703125000000000e-01  -1.6005869471838895e-03  -1.6005913942000541e-03   4.4470161645986106e-09
   4.6484375000000000e-01  -1.6254291243137096e-03  -1.6254336967568785e-03   4.5724431688848322e-09
   4.7265625000000000e-01  -1.4889441617292865e-03  -1.4889475808843318e-03   3.4191550452467717e-09
   4.8046875000000000e-01  -1.0995303962572614e-03  -1.0995317544626791e-03   1.3582054177087993e-09
   4.8828125000000000e-01  -3.4607224936052935e-04  -3.4607127957067785e-04   9.6978985150535102e-10
   4.9609375000000000e-01   8.9733993797521988e-04   8.9734279134010518e-04   2.8533648852979016e-09
   5.0390625000000000e-01   2.7634507296867830e-03   2.7634544737459871e-03   3.7440592041623755e-09
   5.1171875000000000e-01   5.3792909153529906e-03   5.3792943559800291e-03   3.4406270384840232e-09
   5.1953125000000000e-01   8.8477589790443671e-03   8.8477611284026210e-03   2.1493582538778533e-09
   5.2734375000000000e-01   1.3222505928271400e-02   1.3222506316485649e-02   3.8821424894197598e-10
   5.3515625000000000e-01   1.8476136735258601e-02   1.8476135527661627e-02   1.2075969738067904e-09
   5.4296875000000000e-01   2.4462954325097964e-02   2.4462952220590913e-02   2.1045070512648589e-09
   5.5078125000000000e-01   3.0879022012962762e-02   3.0879019966816405e-02   2.0461463565157878e-09
   5.5859375000000000e-01   3.7224130749358493e-02   3.7224129611425787e-02   1.1379327063965050e-09
   5.6640625000000000e-01   4.2772182241695642e-02   4.2772182442477727e-02   2.0078208540219578e-10
   5.7421875000000000e-01   4.6558296985118743e-02   4.6558298384547482e-02   1.3994287395568961e-09
   5.8203125000000000e-01   4.7392279275376849e-02   4.7392281228952442e-02   1.9535755929611653e-09
   5.8984375000000000e-01   4.3908474417581916e-02   4.3908476023176504e-02   1.6055945878390432e-09
   5.9765625000000000e-01   3.4661034177189159e-02   3.4661034613538796e-02   4.3634963697858353e-10
   6.0546875000000000e-01   1.8270677411126292e-02   1.8270676253404634e-02   1.1577216581237781e-09
   6.1328125000000000e-01  -6.3761760868301610e-03  -6.3761786795003316e-03   2.5926701705675237e-09
   6.2109375000000000e-01  -3.9882634224012309e-02  -3.9882637525428651e-02   3.3014163416944520e-09
   6.2890625000000000e-01  -8.2067423057098424e-02  -8.2067425999599569e-02   2.9425011455197492e-09
   6.3671875000000000e-01  -1.3168949670284683e-01  -1.3168949823540438e-01   1.5325575530855673e-09
   6.4453125000000000e-01  -1.8621004818844175e-01  -1.8621004763450877e-01   5.5393298281636305e-10
   6.5234375000000000e-01  -2.4164019631776262e-01  -2.4164019362802899e-01   2.6897336302678099e-09
   6.6015625000000000e-01  -2.9252784776665874e-01  -2.9252784356989076e-01   4.1967679886845133e-09
   6.6796875000000000e-01  -3.3213576678066348e-01  -3.3213576222218644e-01   4.5584770402840036e-09
   6.7578125000000000e-01  -3.5285242904257968e-01  -3.5285242542973505e-01   3.6128446345706777e-09
   6.8359375000000000e-01  -3.4685623922945702e-01  -3.4685623762028384e-01   1.6091731835921053e-09
   6.9140625000000000e-01  -3.0702192851523313e-01  -3.0702192938233663e-01   8.6710350011287574e-10
   6.9921875000000000e-01  -2.2801705956693552e-01  -2.2801706266965610e-01   3.1027205804612379e-09
   7.0703125000000000e-01  -1.0749043148502299e-01  -1.0749043595554883e-01   4.4705258384070135e-09
   7.1484375000000000e-01   5.2791026279041413e-02   5.2791021661936631e-02   4.6171047818344135e-09
   7.2265625000000000e-01   2.4603644968910934e-01   2.4603644614686715e-01   3.5422421940101145e-09
   7.3046875000000000e-01   4.5995389750283000e-01   4.5995389590254887e-01   1.6002811298321262e-09
   7.3828125000000000e-01   6.7689048763353354e-01   6.7689048825319487e-01   6.1966132225421688e-10
   7.4609375000000000e-01   8.7473591655011251e-01   8.7473591902930381e-01   2.4791912967003782e-09
   8.7890625000000000e-01  -1.8224995742940284e-01  -1.8224995185560242e-01   5.5738004212102510e-09
   8.8671875000000000e-01   5.0753637801385465e-01   5.0753638675089019e-01   8.7370355394966737e-09
   8.9453125000000000e-01   1.1571153966536580e+00   1.1571154068855560e+00   1.0231897995538475e-08
   9.0234375000000000e-01   1.6876126033458472e+00   1.6876126125467255e+00   9.2008782814900769e-09
   9.1015625000000000e-01   2.0321536339234139e+00   2.0321536392460615e+00   5.3226476559586899e-09
   9.1796875000000000e-01   2.1457964254348667e+00   2.1457964246504106e+00   7.8445605566912491e-10
   9.2578125000000000e-01   2.0127775050480472e+00   2.0127774972606813e+00   7.7873658632654497e-09
   9.3359375000000000e-01   1.6497501959791607e+00   1.6497501822407739e+00   1.3738386872574893e-08
   9.4140625000000000e-01   1.1042720572505647e+00   1.1042720404598509e+00   1.6790713708303429e-08
   9.4921875000000000e-01   4.4855352456108905e-01   4.4855350896350421e-01   1.5597584834825540e-08
   9.5703125000000000e-01  -2.3071690024874478e-01  -2.3071691025031338e-01   1.0001568601092359e-08
   9.6484375000000000e-01  -8.4495000520651720e-01  -8.4495000623064864e-01   1.0241314463144136e-09
   9.7265625000000000e-01  -1.3166456983156658e+00  -1.3166456892230056e+00   9.0926601803431595e-09
   9.8046875000000000e-01  -1.5906741040820909e+00  -1.5906740864381377e+00   1.7643953187373995e-08
   9.8828125000000000e-01  -1.6419747574471211e+00  -1.6419747354330623e+00   2.2014058798092151e-08
   9.9609375000000000e-01  -1.4783962417317078e+00  -1.4783962210151147e+00   2.0716593107650283e-08
   7.5390625000000000e-01   1.0286568910273572e+00   1.0286568945432830e+00   3.5159257727457316e-09
   7.6171875000000000e-01   1.1136187127820305e+00   1.1136187163621902e+00   3.5801597242368643e-09
   7.6953125000000000e-01   1.1075165533593869e+00   1.1075165561951319e+00   2.8357449721738703e-09
   7.7734375000000000e-01   9.9460012892556249e-01   9.9460013058543240e-01   1.6598699081882273e-09
   7.8515625000000000e-01   7.6875445215044935e-01   7.6875445261550690e-01   4.6505754802694810e-10
   7.9296875000000000e-01   4.3612176974799138e-01   4.3612176930175006e-01   4.4624132167214725e-10
   8.0078125000000000e-01   1.6539877768056481e-02   1.6539876779801822e-02   9.8825465866259066e-10
   8.0859375000000000e-01  -4.5665261219100955e-01  -4.5665261347729691e-01   1.2862873544072784e-09
   8.1640625000000000e-01  -9.3872674773771603e-01  -9.3872674932471312e-01   1.5869970892978813e-09
   8.2421875000000000e-01  -1.3776235509434809e+00  -1.3776235530362979e+00   2.0928170307854543e-09
   8.3203125000000000e-01  -1.7196946345170840e+00  -1.7196946373402870e+00   2.8232030047092849e-09
   8.3984375000000000e-01  -1.9165376691926808e+00  -1.9165376727252834e+00   3.5326026548432310e-09
   8.4765625000000000e-01  -1.9320668976691424e+00  -1.9320669014453382e+00   3.7761958004978169e-09
   8.5546875000000000e-01  -1.7487827225297099e+00  -1.7487827255951236e+00   3.0654137006536075e-09
   8.6328125000000000e-01  -1.3721752960909528e+00  -1.3721752972110506e+00   1.1200977922953825e-09
   8.7109375000000000e-01  -8.3234504285212385e-01  -8.3234504088931138e-01   1.9628124681148051e-09
