#                  Coord.                Numerical               Analytical                    Error
   3.9062500000000000e-03   5.2755545327931541e-01   5.2755544050960079e-01   1.2769714619054184e-08
   1.1718750000000000e-02   5.7900800607313607e-01   5.7900799087070576e-01   1.5202430314609217e-08
   1.9531250000000000e-02   6.3251042280744540e-01   6.3251040667100256e-01   1.6136442848591059e-08
   2.7343750000000000e-02   6.8780263531492214e-01   6.8780262078335952e-01   1.4531562619879423e-08
   3.5156250000000000e-02   7.4473165659881346e-01   7.4473164482634380e-01   1.1772469665771723e-08
   4.2968750000000000e-02   8.0324560889609453e-01   8.0324559820318309e-01   1.0692911445175923e-08
   5.0781250000000000e-02   8.6337442725593516e-01   8.6337441438213536e-01   1.2873799803969632e-08
   5.8593750000000000e-02   9.2520114204559234e-01   9.2520112517199282e-01   1.6873599517630566e-08
   6.6406250000000000e-02   9.8882830091304563e-01   9.8882828171412651e-01   1.9198919121166114e-08
   7.4218750000000000e-02   1.0543440947657763e+00   1.0543440776185493e+00   1.7147226971658824e-08
   8.2031250000000000e-02   1.1217921911104050e+00   1.1217921794753640e+00   1.1635040930713103e-08
   8.9843750000000000e-02   1.1911482976362755e+00   1.1911482909886073e+00   6.6476681936933346e-09
   9.7656250000000000e-02   1.2623052686139660e+00   1.2623052624624087e+00   6.1515572635784110e-09
   1.0546875000000000e-01   1.3350673066625744e+00   1.3350672960949179e+00   1.0567656527626923e-08
   1.1328125000000000e-01   1.4091526735220121e+00   1.4091526573800874e+00   1.6141924685797449e-08
   1.2109375000000000e-01   1.4842034290321600e+00   1.4842034110856410e+00   1.7946518937606015e-08
   1.2890625000000000e-01   1.5598001457986423e+00   1.5598001320420192e+00   1.3756623173932780e-08
   1.3671875000000000e-01   1.6354793235692096e+00   1.6354793173039672e+00   6.2652423249431877e-09
   1.4453125000000000e-01   1.7107513200697320e+00   1.7107513193486796e+00   7.2105232895580684e-10
   1.5234375000000000e-01   1.7851169655954351e+00   1.7851169647974323e+00   7.9800277497099614e-10
   1.6015625000000000e-01   1.8580815378924813e+00   1.8580815322440709e+00   5.6484104060672280e-09
   1.6796875000000000e-01   1.9291653526544004e+00   1.9291653418840740e+00   1.0770326408504616e-08
   1.7578125000000000e-01   1.9979107832462639e+00   1.9979107716612694e+00   1.1584994519253655e-08
   1.8359375000000000e-01   2.0638859975136583e+00   2.0638859903117694e+00   7.2018888630509537e-09
   1.9140625000000000e-01   2.1266860426751628e+00   2.1266860418062836e+00   8.6887919081846121e-10
   1.9921875000000000e-01   2.1859321062129320e+00   2.1859321091457238e+00   2.9327917872024045e-09
   2.0703125000000000e-01   2.2412698307439092e+00   2.2412698329137459e+00   2.1698367547173802e-09
   2.1484375000000000e-01   2.2923674861450491e+00   2.2923674849042248e+00   1.2408243321715418e-09
   2.2265625000000000e-01   2.3389146382583084e+00   2.3389146348060161e+00   3.4522922298663161e-09
   2.3046875000000000e-01   2.3806217402043233e+00   2.3806217382032631e+00   2.0010602064246541e-09
   2.3828125000000000e-01   2.4172208527891419e+00   2.4172208547969767e+00   2.0078347873209168e-09
   2.4609375000000000e-01   2.4484675022594775e+00   2.4484675073832873e+00   5.1238098208727934e-09
   2.5390625000000000e-01   2.4741435304418093e+00   2.4741435350852843e+00   4.6434749378931883e-09
   2.6171875000000000e-01   2.4940606868327801e+00   2.4940606879053631e+00   1.0725829113766849e-09
   2.6953125000000000e-01   2.5080646552801267e+00   2.5080646529844297e+00   2.2956969658594062e-09
   2.7734375000000000e-01   2.5160391897247401e+00   2.5160391876028152e+00   2.1219248580450767e-09
   2.8515625000000000e-01   2.5179100453004053e+00   2.5179100472432183e+00   1.9428130215715100e-09
   2.9296875000000000e-01   2.5136484188138035e+00   2.5136484255384830e+00   6.7246794799302734e-09
   3.0078125000000000e-01   2.5032736476004023e+00   2.5032736555977859e+00   7.9973836442093216e-09
   3.0859375000000000e-01   2.4868549486289386e+00   2.4868549525494141e+00   3.9204754997967939e-09
   3.1640625000000000e-01   2.4645120074884637e+00   2.4645120042416759e+00   3.2467877275621504e-09
   3.2421875000000000e-01   2.4364142539313169e+00   2.4364142452868891e+00   8.6444278402098007e-09
   3.3203125000000000e-01   2.4027786955363526e+00   2.4027786871908492e+00   8.3455033994539463e-09
   3.3984375000000000e-01   2.3638662360910345e+00   2.3638662337822431e+00   2.3087913803010451e-09
   3.4765625000000000e-01   2.3199764890833676e+00   2.3199764946032229e+00   5.5198552395552269e-09
   3.5546875000000000e-01   2.2714412129048549e+00   2.2714412229392758e+00   1.0034420849791559e-08
   3.6328125000000000e-01   2.2186166378554368e+00   2.2186166464074226e+00   8.5519857861982018e-09
   3.7109375000000000e-01   2.1618751121617583e+00   2.1618751148045021e+00   2.6427438015730331e-09
   3.7890625000000000e-01   2.1015966453939701e+00   2.1015966422365140e+00   3.1574560743763413e-09
   3.8671875000000000e-01   2.0381610463588289e+00   2.0381610417749489e+00   4.5838799422881493e-09
   3.9453125000000000e-01   1.9719414119178982e+00   1.9719414112603515e+00   6.5754668376882819e-10
   4.0234375000000000e-01   1.9032996943318561e+00   1.9032997002951118e+00   5.9632556670408121e-09
   4.1015625000000000e-01   1.8325849394360114e+00   1.8325849502977658e+00   1.0861754384805522e-08
   4.1796875000000000e-01   1.7601345332303613e+00   1.7601345442152696e+00   1.0984908316302722e-08
   4.2578125000000000e-01   1.6862784339925077e+00   1.6862784404211717e+00   6.4286640455435418e-09
   4.3359375000000000e-01   1.6113459271119366e+00   1.6113459272015260e+00   8.9589446972127007e-11
   4.4140625000000000e-01   1.5356739753378246e+00   1.5356739707378995e+00   4.5999251074846370e-09
   4.4921875000000000e-01   1.4596158132152859e+00   1.4596158072893293e+00   5.9259566143055054e-09
   4.5703125000000000e-01   1.3835481290267539e+00   1.3835481243258290e+00   4.7009249826146515e-09
   4.6484375000000000e-01   1.3078750614439882e+00   1.3078750582024059e+00   3.2415823358888929e-09
   4.7265625000000000e-01   1.2330273686860005e+00   1.2330273652779411e+00   3.4080593902530154e-09
   4.8046875000000000e-01   1.1594555346714943e+00   1.1594555293608999e+00   5.3105944086695445e-09
   4.8828125000000000e-01   1.0876162507154878e+00   1.0876162433790830e+00   7.3364048169821672e-09
   4.9609375000000000e-01   1.0179526031518462e+00   1.0179525956041693e+00   7.5476769278992606e-09
   5.0390625000000000e-01   9.5086931008620101e-01   9.5086930501393507e-01   5.0722659405977311e-09
   5.1171875000000000e-01   8.8670535496138247e-01   8.8670535416439744e-01   7.9698503352432226e-10
   5.1953125000000000e-01   8.2570720352304861e-01   8.2570720682799159e-01   3.3049429859488555e-09
   5.2734375000000000e-01   7.6800631023826771e-01   7.6800631583646306e-01   5.5981953517303396e-09
   5.3515625000000000e-01   7.1360468564967006e-01   7.1360469135176607e-01   5.7020960175790947e-09
   5.4296875000000000e-01   6.6237182177507803e-01   6.6237182639952297e-01   4.6244449380949959e-09
   5.5078125000000000e-01   6.1405524514415066e-01   6.1405524909755160e-01   3.9534009399488923e-09
   5.5859375000000000e-01   5.6830545128019527e-01   5.6830545591734882e-01   4.6371535500355776e-09
   5.6640625000000000e-01   5.2471412162927322e-01   5.2471412799694894e-01   6.3676757200425982e-09
   5.7421875000000000e-01   4.8286255875982892e-01   4.8286256645024483e-01   7.6904159151958140e-09
   5.8203125000000000e-01   4.4237546776858555e-01   4.4237547485710033e-01   7.0885147751553745e-09
   5.8984375000000000e-01   4.0297384894185062e-01   4.0297385286371668e-01   3.9218660541351369e-09
   5.9765625000000000e-01   3.6452010113469174e-01   3.6452010015963104e-01   9.7506069884900626e-10
   6.0546875000000000e-01   3.2704865478389639e-01   3.2704864893967234e-01   5.8442240491451969e-09
   6.1328125000000000e-01   2.9077662897872619e-01   2.9077662007431915e-01   8.9044070450405854e-09
   6.2109375000000000e-01   2.5609108439755246e-01   2.5609107499878020e-01   9.3987722604715884e-09
   6.2890625000000000e-01   2.2351222142084559e-01   2.2351221366248988e-01   7.7583557078764187e-09
   6.3671875000000000e-01   1.9363503133085852e-01   1.9363502610617067e-01   5.2246878490258553e-09
   6.4453125000000000e-01   1.6705503290731222e-01   1.6705503002359831e-01   2.8837139065540640e-09
   6.5234375000000000e-01   1.4428637354302340e-01   1.4428637226070698e-01   1.2823164197151016e-09
   6.6015625000000000e-01   1.2568232045420669e-01   1.2568232019290501e-01   2.6130167474214261e-10
   6.6796875000000000e-01   1.1136869385333249e-01   1.1136869443782223e-01   5.8448973438984808e-10
   6.7578125000000000e-01   1.0119992097764757e-01   1.0119992263183769e-01   1.6541901182165475e-09
   6.8359375000000000e-01   9.4745135440296738e-02   9.4745138445687022e-02   3.0053902838611535e-09
   6.9140625000000000e-01   9.1308320201479540e-02   9.1308324669278143e-02   4.4677986033025974e-09
   6.9921875000000000e-01   8.9982295775938498e-02   8.9982301388886146e-02   5.6129476483368634e-09
   7.0703125000000000e-01   8.9731918351748458e-02   8.9731924342293684e-02   5.9905452265418546e-09
   7.1484375000000000e-01   8.9497780458080295e-02   8.9497785718991182e-02   5.2609108874834831e-09
   7.2265625000000000e-01   8.8308580224754421e-02   8.8308583753672024e-02   3.5289176025798952e-09
   7.3046875000000000e-01   8.5388626905419929e-02   8.5388628254144061e-02   1.3487241323772992e-09
   7.3828125000000000e-01   8.0246977758668014e-02   8.0246977243185039e-02   5.1548297574921520e-10
   7.4609375000000000e-01   7.2736526055039469e-02   7.2736524444554210e-02   1.6104852590403951e-09
   8.7890625000000000e-01   1.2442823612665709e-01   1.2442823012610528e-01   6.0005518054406792e-09
   8.8671875000000000e-01   1.3867973683447704e-01   1.3867973135272310e-01   5.4817539396623260e-09
   8.9453125000000000e-01   1.5159759570099510e-01   1.5159759152221911e-01   4.1787759919031942e-09
   9.0234375000000000e-01   1.6355681227036592e-01   1.6355680833786615e-01   3.9324997702649966e-09
   9.1015625000000000e-01   1.7518456018123957e-01   1.7518455456823592e-01   5.6130036452106680e-09
   9.1796875000000000e-01   1.8728550331657043e-01   1.8728549506603709e-01   8.2505333398597003e-09
   9.2578125000000000e-01   2.0075186114417040e-01   2.0075185116423475e-01   9.9799356556573571e-09
   9.3359375000000000e-01   2.1646974214578818e-01   2.1646973243212028e-01   9.7136678978149149e-09
   9.4140625000000000e-01   2.3523292711299026e-01   2.3523291883795938e-01   8.2750308827428398e-09
   9.4921875000000000e-01   2.5767355778976836e-01   2.5767355029262184e-01   7.4971465147122274e-09
   9.5703125000000000e-01   2.8421639643694085e-01   2.8421638787765530e-01   8.5592855580962635e-09
   9.6484375000000000e-01   3.1505990520452071e-01   3.1505989440045429e-01   1.0804066419289882e-08
   9.7265625000000000e-01   3.5018384661336721e-01   3.5018383420254851e-01   1.2410818706065641e-08
   9.8046875000000000e-01   3.8937989724963246e-01   3.8937988489674147e-01   1.2352890987887832e-08
   9.8828125000000000e-01   4.3229928517688637e-01   4.3229927386777517e-01   1.1309111203061661e-08
   9.9609375000000000e-01   4.7850996739344903e-01   4.7850995623950610e-01   1.1153942935937522e-08
   7.5390625000000000e-01   6.3074798837088136e-02   6.3074796759617927e-02   2.0774702097492437e-09
   7.6171875000000000e-01   5.1822862105077687e-02   5.1822859688584202e-02   2.4164934844805863e-09
   7.6953125000000000e-01   3.9823972852792155e-02   3.9823969978083976e-02   2.8747081798341512e-09
   7.7734375000000000e-01   2.8108764663757103e-02   2.8108761382995569e-02   3.2807615339691676e-09
   7.8515625000000000e-01   1.7778104810631426e-02   1.7778101673638878e-02   3.1369925476698590e-09
   7.9296875000000000e-01   9.8777175986745815e-03   9.8777153534701234e-03   2.2452044581150465e-09
   8.0078125000000000e-01   5.2798123879343722e-03   5.2798113401722477e-03   1.0477621244578406e-09
   8.0859375000000000e-01   4.5861202532903982e-03   4.5861199847673454e-03   2.6852305275160138e-10
   8.1640625000000000e-01   8.0640347532603476e-03   8.0640345368823193e-03   2.1637802834206799e-10
   8.2421875000000000e-01   1.5623333528966844e-02   1.5623333080576139e-02   4.4839070477420417e-10
   8.3203125000000000e-01   2.6835800171134877e-02   2.6835799915120997e-02   2.5601388023432925e-10
   8.3984375000000000e-01   4.0994666872648008e-02   4.0994667323452021e-02   4.5080401217534316e-10
   8.4765625000000000e-01   5.7205881081686068e-02   5.7205881975089037e-02   8.9340296965945143e-10
   8.5546875000000000e-01   7.4499410074962247e-02   7.4499410108966282e-02   3.4004035698309565e-11
   8.6328125000000000e-01   9.1946612881662254e-02   9.1946610656021929e-02   2.2256403248155365e-09
   8.7109375000000000e-01   1.0876937830730225e-01   1.0876937355936628e-01   4.7479359749358352e-09
