#                  Coord.                Numerical               Analytical                    Error
   3.9062500000000000e-03  -8.3025759931942178e-01  -8.3025761850506052e-01   1.9185638744367850e-08
   1.1718750000000000e-02  -7.6144506689653535e-01  -7.6144509362398693e-01   2.6727451585273343e-08
   1.9531250000000000e-02  -6.0835426574955775e-01  -6.0835429246540440e-01   2.6715846646041541e-08
   2.7343750000000000e-02  -3.8458718634854694e-01  -3.8458720575169858e-01   1.9403151640950966e-08
   3.5156250000000000e-02  -1.0944043929516380e-01  -1.0944044622543993e-01   6.9302761307454830e-09
   4.2968750000000000e-02   1.9327234870693624e-01   1.9327235586588601e-01   7.1589497663282486e-09
   5.0781250000000000e-02   4.9646455700110531e-01   4.9646457607663513e-01   1.9075529822387693e-08
   5.8593750000000000e-02   7.7128875922232787e-01   7.7128878487806241e-01   2.5655734536833563e-08
   6.6406250000000000e-02   9.8911660656640965e-01   9.8911663189626209e-01   2.5329852437749878e-08
   7.4218750000000000e-02   1.1240724599133323e+00   1.1240724782406120e+00   1.8327279693863829e-08
   8.2031250000000000e-02   1.1560099420051981e+00   1.1560099486785547e+00   6.6733565340371115e-09
   8.9843750000000000e-02   1.0735947305708449e+00   1.0735947239916301e+00   6.5792147285748115e-09
   9.7656250000000000e-02   8.7696919050718614e-01   8.7696917248525508e-01   1.8021931058598284e-08
   1.0546875000000000e-01   5.7938727952404590e-01   5.7938725463235552e-01   2.4891690375561382e-08
   1.1328125000000000e-01   2.0726276107086264e-01   2.0726273551143160e-01   2.5559431043875591e-08
   1.2109375000000000e-01  -2.0172164009039223e-01  -2.0172166014383888e-01   2.0053446653234275e-08
   1.2890625000000000e-01  -6.0247076632878038e-01  -6.0247077611367073e-01   9.7848903424235800e-09
   1.3671875000000000e-01  -9.4794031599080442e-01  -9.4794031330961281e-01   2.6811916020719195e-09
   1.4453125000000000e-01  -1.1954839197903566e+00  -1.1954839054060313e+00   1.4384325286442845e-08
   1.5234375000000000e-01  -1.3131020560723807e+00  -1.3131020334215411e+00   2.2650839648363785e-08
   1.6015625000000000e-01  -1.2845237510971186e+00  -1.2845237254255653e+00   2.5671553327555330e-08
   1.6796875000000000e-01  -1.1121706277291905e+00  -1.1121706048711903e+00   2.2858000159331482e-08
   1.7578125000000000e-01  -8.1736860188350813e-01  -8.1736858691544390e-01   1.4968064232512290e-08
   1.8359375000000000e-01  -4.3763381776619997e-01  -4.3763381392242207e-01   3.8437779070754630e-09
   1.9140625000000000e-01  -2.1380743625261715e-02  -2.1380751613533842e-02   7.9882721271129498e-09
   1.9921875000000000e-01   3.7912085272866841e-01   3.7912083479794190e-01   1.7930726514681083e-08
   2.0703125000000000e-01   7.1537531209434724e-01   7.1537528827361618e-01   2.3820731054335909e-08
   2.1484375000000000e-01   9.4958754739401041e-01   9.4958752294872317e-01   2.4445287238883395e-08
   2.2265625000000000e-01   1.0597166508633757e+00   1.0597166311224477e+00   1.9740928003386671e-08
   2.3046875000000000e-01   1.0418308998796932e+00   1.0418308890345778e+00   1.0845115472335465e-08
   2.3828125000000000e-01   9.0944112808153199e-01   9.0944112831149315e-01   2.2996116122442345e-10
   2.4609375000000000e-01   6.9005079114710710e-01   6.9005080215808901e-01   1.1010981904036043e-08
   2.5390625000000000e-01   4.1966835980092948e-01   4.1966837898963205e-01   1.9188702571337757e-08
   2.6171875000000000e-01   1.3637936684506050e-01   1.3637938994248094e-01   2.3097420448481287e-08
   2.6953125000000000e-01  -1.2579716020329637e-01  -1.2579713823658231e-01   2.1966714058851977e-08
   2.7734375000000000e-01  -3.4166128512889282e-01  -3.4166126885943893e-01   1.6269453895212393e-08
   2.8515625000000000e-01  -4.9742057006705981e-01  -4.9742056268310697e-01   7.3839528380581498e-09
   2.9296875000000000e-01  -5.9081519672948302e-01  -5.9081519934205695e-01   2.6125739349680543e-09
   3.0078125000000000e-01  -6.2899341895807959e-01  -6.2899343054150025e-01   1.1583420667093947e-08
   3.0859375000000000e-01  -6.2479525411653780e-01  -6.2479527180973604e-01   1.7693198239854269e-08
   3.1640625000000000e-01  -5.9238902087607970e-01  -5.9238904079152077e-01   1.9915441074047635e-08
   3.2421875000000000e-01  -5.4328150273074438e-01  -5.4328152080701575e-01   1.8076271368627772e-08
   3.3203125000000000e-01  -4.8358118118773252e-01  -4.8358119411062944e-01   1.2922896919231874e-08
   3.3984375000000000e-01  -4.1307360773441615e-01  -4.1307361347639265e-01   5.7419765053801086e-09
   3.4765625000000000e-01  -3.2624231281679700e-01  -3.2624231093991696e-01   1.8768800402746422e-09
   3.5546875000000000e-01  -2.1492972167015167e-01  -2.1492971314911388e-01   8.5210377920308389e-09
   3.6328125000000000e-01  -7.1970936272353056e-02  -7.1970923169228956e-02   1.3103124099633767e-08
   3.7109375000000000e-01   1.0508004961082199e-01   1.0508006475615790e-01   1.5145335915955904e-08
   3.7890625000000000e-01   3.1103860942710326e-01   3.1103862405249610e-01   1.4625392841249862e-08
   3.8671875000000000e-01   5.3173833042077956e-01   5.3173834239512119e-01   1.1974341629361618e-08
   3.9453125000000000e-01   7.4467397433043314e-01   7.4467398213767777e-01   7.8072446285659680e-09
   4.0234375000000000e-01   9.2167044561274025e-01   9.2167044839899870e-01   2.7862584461857409e-09
   4.1015625000000000e-01   1.0331961874720030e+00   1.0331961850232230e+00   2.4487800676098459e-09
   4.1796875000000000e-01   1.0535914537074746e+00   1.0535914464123457e+00   7.2951289453726531e-09
   4.2578125000000000e-01   9.6626364957577160e-01   9.6626363836431606e-01   1.1211455541726423e-08
   4.3359375000000000e-01   7.6785420265655169e-01   7.6785418897414415e-01   1.3682407540294150e-08
   4.4140625000000000e-01   4.7051549503852175e-01   4.7051548076986444e-01   1.4268657311244937e-08
   4.4921875000000000e-01   1.0173254792898455e-01   1.0173253526907178e-01   1.2659912770884851e-08
   4.5703125000000000e-01  -2.9846519351597106e-01  -2.9846520235375618e-01   8.8377851148457864e-09
   4.6484375000000000e-01  -6.8259974842299609e-01  -6.8259975157431674e-01   3.1513206488753553e-09
   4.7265625000000000e-01  -1.0024213307415255e+00  -1.0024213271435305e+00   3.5979950130382576e-09
   4.8046875000000000e-01  -1.2161229747302154e+00  -1.2161229644703548e+00   1.0259860516725894e-08
   4.8828125000000000e-01  -1.2949034347513206e+00  -1.2949034192849778e+00   1.5466342873082795e-08
   4.9609375000000000e-01  -1.2277457450396201e+00  -1.2277457270540051e+00   1.7985614997328980e-08
   5.0390625000000000e-01  -1.0235391638711746e+00  -1.0235391468969055e+00   1.6974269101410755e-08
   5.1171875000000000e-01  -7.1009861490675197e-01  -7.1009860254492574e-01   1.2361826229323469e-08
   5.1953125000000000e-01  -3.3015826741827708e-01  -3.3015826255537362e-01   4.8629034687941441e-09
   5.2734375000000000e-01   6.5056964226632985e-02   6.5056960216276064e-02   4.0103569215466095e-09
   5.3515625000000000e-01   4.2364341264288125e-01   4.2364340029360104e-01   1.2349280209544844e-08
   5.4296875000000000e-01   7.0091678094315657e-01   7.0091676274655912e-01   1.8196597451058949e-08
   5.5078125000000000e-01   8.6606951049877390e-01   8.6606949036511971e-01   2.0133654188292383e-08
   5.5859375000000000e-01   9.0647084473441164e-01   9.0647082715840521e-01   1.7576006428043911e-08
   5.6640625000000000e-01   8.2890749165891131e-01   8.2890748059439923e-01   1.1064512084324463e-08
   5.7421875000000000e-01   6.5760504164960298e-01   6.5760503959307048e-01   2.0565324998500500e-09
   5.8203125000000000e-01   4.2943818453811938e-01   4.2943819185173049e-01   7.3136111056193442e-09
   5.8984375000000000e-01   1.8722385019791574e-01   1.8722386505058275e-01   1.4852667012954512e-08
   5.9765625000000000e-01  -2.7694971985712958e-02  -2.7694953234336055e-02   1.8751376902603756e-08
   6.0546875000000000e-01  -1.8228109982535964e-01  -1.8228108166296819e-01   1.8162391451914672e-08
   6.1328125000000000e-01  -2.5690808275044624e-01  -2.5690806943156658e-01   1.3318879665824568e-08
   6.2109375000000000e-01  -2.4794578149928106e-01  -2.4794577593120998e-01   5.5680710875360973e-09
   6.2890625000000000e-01  -1.6750868178933592e-01  -1.6750868491090734e-01   3.1215714180188314e-09
   6.3671875000000000e-01  -4.0552747744953890e-02  -4.0552758319790723e-02   1.0574836832588641e-08
   6.4453125000000000e-01   1.0005475872716703e-01   1.0005474381145420e-01   1.4915712831520267e-08
   6.5234375000000000e-01   2.1956897823824112e-01   2.1956896298706330e-01   1.5251177820641004e-08
   6.6015625000000000e-01   2.8746266962787798e-01   2.8746265795062703e-01   1.1677250943975537e-08
   6.6796875000000000e-01   2.8260580993104656e-01   2.8260580455673373e-01   5.3743128280991925e-09
   6.7578125000000000e-01   1.9676909509576218e-01   1.9676909695223699e-01   1.8564748072158466e-09
   6.8359375000000000e-01   3.6004375834204849e-02   3.6004383788499982e-02   7.9542951322841837e-09
   6.9140625000000000e-01  -1.8019817745372643e-01  -1.8019816615821907e-01   1.1295507362785173e-08
   6.9921875000000000e-01  -4.2175453355895187e-01  -4.2175452254039569e-01   1.1018556178576944e-08
   7.0703125000000000e-01  -6.5235667545238740e-01  -6.5235666809365089e-01   7.3587365090332924e-09
   7.1484375000000000e-01  -8.3472658461974936e-01  -8.3472658316673154e-01   1.4530178171767716e-09
   7.2265625000000000e-01  -9.3604086745827386e-01  -9.3604087230771849e-01   4.8494446236446720e-09
   7.3046875000000000e-01  -9.3282391094102945e-01  -9.3282392054791363e-01   9.6068841770602376e-09
   7.3828125000000000e-01  -8.1468740963628239e-01  -8.1468742086706358e-01   1.1230781193916073e-08
   7.4609375000000000e-01  -5.8642838400480746e-01  -5.8642839308060357e-01   9.0757961146437083e-09
   8.7890625000000000e-01  -9.5661992087590053e-01  -9.5661989195130548e-01   2.8924595052437496e-08
   8.8671875000000000e-01  -7.0090356557002598e-01  -7.0090354362319274e-01   2.1946833239638863e-08
   8.9453125000000000e-01  -3.7085292281796473e-01  -3.7085291388560154e-01   8.9323631824456129e-09
   9.0234375000000000e-01  -1.5127810250990364e-02  -1.5127817041291873e-02   6.7903015085746254e-09
   9.1015625000000000e-01   3.1639796448801455e-01   3.1639794344878952e-01   2.1039225028829378e-08
   9.1796875000000000e-01   5.7985415795335415e-01   5.7985412803186454e-01   2.9921489619333386e-08
   9.2578125000000000e-01   7.4326699676950869e-01   7.4326696580291196e-01   3.0966596731296647e-08
   9.3359375000000000e-01   7.9027050226423434e-01   7.9027047845790632e-01   2.3806328020015144e-08
   9.4140625000000000e-01   7.2121514656595176e-01   7.2121513620135036e-01   1.0364601399359685e-08
   9.4921875000000000e-01   5.5173677228615203e-01   5.5173677799523602e-01   5.7090839833406903e-09
   9.5703125000000000e-01   3.0928077100797502e-01   3.0928079102311640e-01   2.0015141377616175e-08
   9.6484375000000000e-01   2.8372980151004458e-02   2.8373008843622326e-02   2.8692617868447678e-08
   9.7265625000000000e-01  -2.5445937767247762e-01  -2.5445934822869337e-01   2.9443784244076454e-08
   9.8046875000000000e-01  -5.0529106134001289e-01  -5.0529103912743722e-01   2.2212575667701628e-08
   9.8828125000000000e-01  -6.9633026500792938e-01  -6.9633025587486352e-01   9.1330658591459724e-09
   9.9609375000000000e-01  -8.0809414017667314e-01  -8.0809414624175047e-01   6.0650773292536542e-09
   7.5390625000000000e-01  -2.6817564699079349e-01  -2.6817565052567044e-01   3.5348769467091756e-09
   7.6171875000000000e-01   1.0651223253504778e-01   1.0651223645327232e-01   3.9182245364921542e-09
   7.6953125000000000e-01   4.9445590589194910e-01   4.9445591696182811e-01   1.1069879013447803e-08
   7.7734375000000000e-01   8.4818187551527280e-01   8.4818189120300413e-01   1.5687731336200272e-08
   7.8515625000000000e-01   1.1221463143061086e+00   1.1221463303429844e+00   1.6036875827296626e-08
   7.9296875000000000e-01   1.2790556414229433e+00   1.2790556529757462e+00   1.1552802936520834e-08
   8.0078125000000000e-01   1.2953931065833877e+00   1.2953931095902886e+00   3.0069009504529731e-09
   8.0859375000000000e-01   1.1652931697551330e+00   1.1652931622596672e+00   7.4954658035863986e-09
   8.1640625000000000e-01   9.0207832553464884e-01   9.0207830840865311e-01   1.7125995732669708e-08
   8.2421875000000000e-01   5.3707905653610821e-01   5.3707903352812181e-01   2.3007986404977032e-08
   8.3203125000000000e-01   1.1576086734665490e-01   1.1576084420281034e-01   2.3143844563033866e-08
   8.3984375000000000e-01  -3.0837922323289052e-01  -3.0837924018229512e-01   1.6949404602062401e-08
   8.4765625000000000e-01  -6.8128908227963136e-01  -6.8128908792475151e-01   5.6451201491114489e-09
   8.5546875000000000e-01  -9.5608009258901239e-01  -9.5608008453083548e-01   8.0581769035248385e-09
   8.6328125000000000e-01  -1.0997687852410696e+00  -1.0997687647230519e+00   2.0518017729287408e-08
   8.7109375000000000e-01  -1.0979478026964229e+00  -1.0979477744135770e+00   2.8282845843108362e-08
