#                  Coord.                Numerical               Analytical                    Error
   3.9062500000000000e-03   1.4889309282129872e+00   1.4889309401139954e+00   1.1901008178938355e-08
   1.1718750000000000e-02   1.4153368871053607e+00   1.4153368855115858e+00   1.5937748898409154e-09
   1.9531250000000000e-02   1.1501894324489617e+00   1.1501894163152813e+00   1.6133680391661187e-08
   2.7343750000000000e-02   7.0559961717716813e-01   7.0559958969289438e-01   2.7484273745770338e-08
   3.5156250000000000e-02   1.2152523908196590e-01   1.2152520711159617e-01   3.1970369726574965e-08
   4.2968750000000000e-02  -5.3766378177155494e-01  -5.3766380953815351e-01   2.7766598575951207e-08
   5.0781250000000000e-02  -1.1910011284744517e+00  -1.1910011439613160e+00   1.5486864235469966e-08
   5.8593750000000000e-02  -1.7521094532191734e+00  -1.7521094513973221e+00   1.8218513364587352e-09
   6.6406250000000000e-02  -2.1420464315009755e+00  -2.1420464119505147e+00   1.9550460805817238e-08
   7.4218750000000000e-02  -2.3016895578475651e+00  -2.3016895250850653e+00   3.2762499824201541e-08
   8.2031250000000000e-02  -2.2015094934466193e+00  -2.2015094557736119e+00   3.7673007380334411e-08
   8.9843750000000000e-02  -1.8469627097272445e+00  -1.8469626770138059e+00   3.2713438624654145e-08
   9.7656250000000000e-02  -1.2784641009717164e+00  -1.2784640818964681e+00   1.9075248269828649e-08
   1.0546875000000000e-01  -5.6584445470250799e-01  -5.6584445436254249e-01   3.3996550019566030e-10
   1.1328125000000000e-01   2.0182585130446618e-01   2.0182583285901778e-01   1.8445448390913555e-08
   1.2109375000000000e-01   9.2934778764173309e-01   9.2934775535248715e-01   3.2289245943672995e-08
   1.2890625000000000e-01   1.5292402036804293e+00   1.5292401661117290e+00   3.7568700372858643e-08
   1.3671875000000000e-01   1.9340344424886797e+00   1.9340344093306265e+00   3.3158053192039461e-08
   1.4453125000000000e-01   2.1050614948255530e+00   2.1050614743857250e+00   2.0439828052332132e-08
   1.5234375000000000e-01   2.0364528160441826e+00   2.0364528129578021e+00   3.0863804845182585e-09
   1.6015625000000000e-01   1.7539552549167583e+00   1.7539552691465030e+00   1.4229744715876791e-08
   1.6796875000000000e-01   1.3090663159478495e+00   1.3090663429187681e+00   2.6970918609592331e-08
   1.7578125000000000e-01   7.6975593080507410e-01   7.6975596297898718e-01   3.2173913089295070e-08
   1.8359375000000000e-01   2.0952202585958565e-01   2.0952205484922198e-01   2.8989636330356561e-08
   1.9140625000000000e-01  -3.0333966137746465e-01  -3.0333964244161798e-01   1.8935846668455270e-08
   1.9921875000000000e-01  -7.1458164084193287e-01  -7.1458163572645328e-01   5.1154795954744259e-09
   2.0703125000000000e-01  -9.8978048580767386e-01  -9.8978049436646054e-01   8.5587866793801481e-09
   2.1484375000000000e-01  -1.1164966173716466e+00  -1.1164966360398869e+00   1.8668240286956461e-08
   2.2265625000000000e-01  -1.1029346066131995e+00  -1.1029346296206186e+00   2.3007419081011449e-08
   2.3046875000000000e-01  -9.7378127686200922e-01  -9.7378129811003844e-01   2.1248029224985032e-08
   2.3828125000000000e-01  -7.6426878655426467e-01  -7.6426880117836027e-01   1.4624095601156739e-08
   2.4609375000000000e-01  -5.1364752800947944e-01  -5.1364753357832771e-01   5.5688482714089105e-09
   2.5390625000000000e-01  -2.5916738360267744e-01  -2.5916738028536468e-01   3.3173127578223216e-09
   2.6171875000000000e-01  -3.1404977339245237e-02  -3.1404967518704460e-02   9.8205407764173636e-09
   2.6953125000000000e-01   1.4858635425084560e-01   1.4858636694016047e-01   1.2689314876634938e-08
   2.7734375000000000e-01   2.7020681132288543e-01   2.7020682326520945e-01   1.1942324018576755e-08
   2.8515625000000000e-01   3.3255097327852817e-01   3.3255098183088111e-01   8.5523529369524454e-09
   2.9296875000000000e-01   3.4241616672670161e-01   3.4241617078922787e-01   4.0625262598403822e-09
   3.0078125000000000e-01   3.1164007752572848e-01   3.1164007748436867e-01   4.1359804470175732e-11
   3.0859375000000000e-01   2.5431801550252875e-01   2.5431801277468363e-01   2.7278451164569617e-09
   3.1640625000000000e-01   1.8434880642543866e-01   1.8434880273204005e-01   3.6933986147236197e-09
   3.2421875000000000e-01   1.1360387816724846e-01   1.1360387489855074e-01   3.2686977152751595e-09
   3.3203125000000000e-01   5.0845588167530875e-02   5.0845585959492061e-02   2.2080388142886598e-09
   3.3984375000000000e-01   1.3709701027737513e-03   1.3709688225216705e-03   1.2802520807809331e-09
   3.4765625000000000e-01  -3.2752347183360668e-02  -3.2752348168000517e-02   9.8463984882224409e-10
   3.5546875000000000e-01  -5.2051053960713169e-02  -5.2051055315790129e-02   1.3550769603631885e-09
   3.6328125000000000e-01  -5.8817087185466931e-02  -5.8817089240829623e-02   2.0553626925434720e-09
   3.7109375000000000e-01  -5.6264548395250698e-02  -5.6264550930491659e-02   2.5352409616097304e-09
   3.7890625000000000e-01  -4.7804340811487454e-02  -4.7804343129212133e-02   2.3177246788463890e-09
   3.8671875000000000e-01  -3.6511642794971655e-02  -3.6511643980927835e-02   1.1859561804827834e-09
   3.9453125000000000e-01  -2.4808526521250995e-02  -2.4808525851218417e-02   6.7003257803177618e-10
   4.0234375000000000e-01  -1.4343086047799766e-02  -1.4343083330248134e-02   2.7175516316424453e-09
   4.1015625000000000e-01  -6.0209521831507259e-03  -6.0209479120821065e-03   4.2710686194366576e-09
   4.1796875000000000e-01  -1.3479060568569220e-04  -1.3478584105718031e-04   4.7646285118827132e-09
   4.2578125000000000e-01   3.4606117527560508e-03   3.4606157098161206e-03   3.9570600698056457e-09
   4.3359375000000000e-01   5.1699962547772614e-03   5.1699982959359046e-03   2.0411586431484663e-09
   4.4140625000000000e-01   5.5045533514780339e-03   5.5045529357790595e-03   4.1569897437504499e-10
   4.4921875000000000e-01   4.9687546521483246e-03   4.9687520028770188e-03   2.6492713058046125e-09
   4.5703125000000000e-01   3.9901771881445097e-03   3.9901732146824850e-03   3.9734620246867358e-09
   4.6484375000000000e-01   2.8873796507136889e-03   2.8873756395667105e-03   4.0111469783686571e-09
   4.7265625000000000e-01   1.8665617238540167e-03   1.8665588949482329e-03   2.8289057838869897e-09
   4.8046875000000000e-01   1.0365372483141779e-03   1.0365363509954883e-03   8.9731868962127093e-10
   4.8828125000000000e-01   4.3255365584964349e-04   4.3255472531892475e-04   1.0694692812547243e-09
   4.9609375000000000e-01   4.1705944554196876e-05   4.1708317970191628e-05   2.3734159947512456e-09
   5.0390625000000000e-01  -1.7471888896770241e-04  -1.7471631815937740e-04   2.5708083250088401e-09
   5.1171875000000000e-01  -2.6426573033901221e-04  -2.6426409136512933e-04   1.6389738828810098e-09
   5.1953125000000000e-01  -2.7218643039221167e-04  -2.7218644844672642e-04   1.8054514751720402e-11
   5.2734375000000000e-01  -2.3548398639547212e-04  -2.3548570424659668e-04   1.7178511245604083e-09
   5.3515625000000000e-01  -1.8087297684781024e-04  -1.8087572509212484e-04   2.7482443146025198e-09
   5.4296875000000000e-01  -1.2528534254275590e-04  -1.2528797264221308e-04   2.6300994571798984e-09
   5.5078125000000000e-01  -7.7718822660970707e-05  -7.7720122877814323e-05   1.3002168436154152e-09
   5.5859375000000000e-01  -4.1529768754764953e-05  -4.1528920495438844e-05   8.4825932610926814e-10
   5.6640625000000000e-01  -1.6600171314925140e-05  -1.6597083550429325e-05   3.0877644958150752e-09
   5.7421875000000000e-01  -1.0907737960975935e-06  -1.0861733861865265e-06   4.6004099110669733e-09
   5.8203125000000000e-01   7.3041126501361521e-06   7.3088751291376008e-06   4.7624790014487344e-09
   5.8984375000000000e-01   1.0563918760103184e-05   1.0567292576203903e-05   3.3738161007187110e-09
   5.9765625000000000e-01   9.9259824238189460e-06   9.9267293340022201e-06   7.4691018327417756e-10
   6.0546875000000000e-01   5.7641043303244727e-06   5.7617301812638223e-06   2.3741490606504209e-09
   6.1328125000000000e-01  -2.2881086182772748e-06  -2.2931509432269023e-06   5.0423249496274411e-09
   6.2109375000000000e-01  -1.4977274472927014e-05  -1.4983685561491316e-05   6.4110885643018647e-09
   6.2890625000000000e-01  -3.2812253617642651e-05  -3.2818265565075650e-05   6.0119474329988561e-09
   6.3671875000000000e-01  -5.5168328372330071e-05  -5.5172243751194636e-05   3.9153788645654311e-09
   6.4453125000000000e-01  -7.9143195615778334e-05  -7.9143911655035369e-05   7.1603925703479527e-10
   6.5234375000000000e-01  -9.8302701904253207e-05  -9.8300049528174250e-05   2.6523760789570533e-09
   6.6015625000000000e-01  -1.0162032527533005e-04  -1.0161511212768986e-04   5.2131476401874079e-09
   6.6796875000000000e-01  -7.3117196346654808e-05  -7.3110945059919058e-05   6.2512867357497051e-09
   6.7578125000000000e-01   7.0998392089246001e-06   7.1053761406528151e-06   5.5369317282149966e-09
   6.8359375000000000e-01   1.5960656764915193e-04   1.5960995177228087e-04   3.3841231289412268e-09
   6.9140625000000000e-01   3.9954242568017082e-04   3.9954295909948263e-04   5.3341931181361338e-10
   6.9921875000000000e-01   7.2732784074420402e-04   7.2732573338232733e-04   2.1073618766903959e-09
   7.0703125000000000e-01   1.1167637603184523e-03   1.1167599967362844e-03   3.7635821679201514e-09
   7.1484375000000000e-01   1.5022997654863374e-03   1.5022957198890805e-03   4.0455972569360121e-09
   7.2265625000000000e-01   1.7687970693754675e-03   1.7687940112565536e-03   3.0581189139171350e-09
   7.3046875000000000e-01   1.7486537282791225e-03   1.7486523918241858e-03   1.3364549367352041e-09
   7.3828125000000000e-01   1.2322080756731395e-03   1.2322084507505641e-03   3.7507742463131766e-10
   7.4609375000000000e-01  -2.7542927278361926e-06  -2.7528872836625514e-06   1.4054441736412787e-09
   8.7890625000000000e-01   9.7150863800706033e-02   9.7150861683732589e-02   2.1169734437664900e-09
   8.8671875000000000e-01   3.4014373164939687e-02   3.4014376270055872e-02   3.1051161850093045e-09
   8.9453125000000000e-01  -5.9595361154322589e-02  -5.9595353370952682e-02   7.7833699069218554e-09
   9.0234375000000000e-01  -1.7807837629376502e-01  -1.7807836609061981e-01   1.0203145217602128e-08
   9.1015625000000000e-01  -3.0939769373142406e-01  -3.0939768455846101e-01   9.1729630558035069e-09
   9.1796875000000000e-01  -4.3534917187423422e-01  -4.3534916720359634e-01   4.6706378764582723e-09
   9.2578125000000000e-01  -5.3313051151270829e-01  -5.3313051368476483e-01   2.1720565346328158e-09
   9.3359375000000000e-01  -5.7824916947923632e-01  -5.7824917866735193e-01   9.1881156016881960e-09
   9.4140625000000000e-01  -5.4853365893195694e-01  -5.4853367289077759e-01   1.3958820654913495e-08
   9.4921875000000000e-01  -4.2872055637513201e-01  -4.2872057083758502e-01   1.4462453012953347e-08
   9.5703125000000000e-01  -2.1484350386129022e-01  -2.1484351383824868e-01   9.9769584538389466e-09
   9.6484375000000000e-01   8.2483021435054704e-02   8.2483020127436121e-02   1.3076185828575504e-09
   9.7265625000000000e-01   4.3675921280838625e-01   4.3675922196198907e-01   9.1536028201666397e-09
   9.8046875000000000e-01   8.0692256109127314e-01   8.0692257931289257e-01   1.8221619435543346e-08
   9.8828125000000000e-01   1.1415395842432432e+00   1.1415396069509751e+00   2.2707731917037677e-08
   9.9609375000000000e-01   1.3855801067885392e+00   1.3855801274529664e+00   2.0664427280436826e-08
   7.5390625000000000e-01  -2.1384770815362129e-03  -2.1384756719783180e-03   1.4095578948838949e-09
   7.6171875000000000e-01  -5.2420316437351419e-03  -5.2420311494686773e-03   4.9426646456240952e-10
   7.6953125000000000e-01  -9.1744557896722735e-03  -9.1744566100004157e-03   8.2032814222032790e-10
   7.7734375000000000e-01  -1.3499756612079816e-02  -1.3499758435880327e-02   1.8238005116549827e-09
   7.8515625000000000e-01  -1.7418139448633057e-02  -1.7418141351887354e-02   1.9032542972197142e-09
   7.9296875000000000e-01  -1.9754610309109265e-02  -1.9754611126859157e-02   8.1774989210692262e-10
   8.0078125000000000e-01  -1.9035816005369650e-02  -1.9035814828976948e-02   1.1763927020014275e-09
   8.0859375000000000e-01  -1.3681586746799283e-02  -1.3681583376389705e-02   3.3704095781655896e-09
   8.1640625000000000e-01  -2.3209431837050401e-03  -2.3209383332856966e-03   4.8504193435154608e-09
   8.2421875000000000e-01   1.5784954774825239e-02   1.5784959613665439e-02   4.8388402000554276e-09
   8.3203125000000000e-01   4.0265728002730025e-02   4.0265731037157630e-02   3.0344276050198182e-09
   8.3984375000000000e-01   6.9200723526103222e-02   6.9200723312696846e-02   2.1340637590405720e-10
   8.4765625000000000e-01   9.8834498432143800e-02   9.8834494491834290e-02   3.9403095092316320e-09
   8.5546875000000000e-01   1.2358185722246753e-01   1.2358185036780416e-01   6.8546633785748767e-09
   8.6328125000000000e-01   1.3643973285939220e-01   1.3643972507876040e-01   7.7806318055095858e-09
   8.7109375000000000e-01   1.2987243239748142e-01   1.2987242628183279e-01   6.1156486264035692e-09
