#                  Coord.                Numerical               Analytical                    Error
   3.9062500000000000e-03   7.8770813352983782e-01   7.8770812933260947e-01   4.1972283426616741e-09
   1.1718750000000000e-02   8.1762352846515363e-01   8.1762352275437689e-01   5.7107767403863363e-09
   1.9531250000000000e-02   8.5796892658939439e-01   8.5796891303978740e-01   1.3549606991958285e-08
   2.7343750000000000e-02   9.0745200032176987e-01   9.0745197864444038e-01   2.1677329486990971e-08
   3.5156250000000000e-02   9.6436829639614430e-01   9.6436827214627752e-01   2.4249866781289597e-08
   4.2968750000000000e-02   1.0267197984288055e+00   1.0267197772891135e+00   2.1139691996907573e-08
   5.0781250000000000e-02   1.0923446730486424e+00   1.0923446552461535e+00   1.7802488816442974e-08
   5.8593750000000000e-02   1.1590493976384655e+00   1.1590493778203734e+00   1.9818092056311798e-08
   6.6406250000000000e-02   1.2247345357345436e+00   1.2247345085596519e+00   2.7174891670256329e-08
   7.4218750000000000e-02   1.2875061815511732e+00   1.2875061480499137e+00   3.3501259544266304e-08
   8.2031250000000000e-02   1.3457664888272929e+00   1.3457664572783588e+00   3.1548934131819806e-08
   8.9843750000000000e-02   1.3982786047333120e+00   1.3982785849231869e+00   1.9810125095887088e-08
   9.7656250000000000e-02   1.4442035607243155e+00   1.4442035560151973e+00   4.7091182064917803e-09
   1.0546875000000000e-01   1.4831089891799083e+00   1.4831089935891650e+00   4.4092567375031422e-09
   1.1328125000000000e-01   1.5149516925383908e+00   1.5149516955192510e+00   2.9808602253211802e-09
   1.2109375000000000e-01   1.5400378615460084e+00   1.5400378570196276e+00   4.5263808257089977e-09
   1.2890625000000000e-01   1.5589659647134986e+00   1.5589659569976648e+00   7.7158337496996410e-09
   1.3671875000000000e-01   1.5725579374008734e+00   1.5725579388318804e+00   1.4310070906020655e-09
   1.4453125000000000e-01   1.5817843088910850e+00   1.5817843303493033e+00   2.1458218313341604e-08
   1.5234375000000000e-01   1.5876884226379686e+00   1.5876884647208673e+00   4.2082898721318429e-08
   1.6015625000000000e-01   1.5913140937187409e+00   1.5913141450015418e+00   5.1282800894725256e-08
   1.6796875000000000e-01   1.5936400836272970e+00   1.5936401280601482e+00   4.4432851176168242e-08
   1.7578125000000000e-01   1.5955238376522580e+00   1.5955238653555048e+00   2.7703246807675441e-08
   1.8359375000000000e-01   1.5976561469161292e+00   1.5976561602627206e+00   1.3346591387630724e-08
   1.9140625000000000e-01   1.6005278377842074e+00   1.6005278482709351e+00   1.0486727708425292e-08
   1.9921875000000000e-01   1.6044092477290328e+00   1.6044092660091520e+00   1.8280119196134592e-08
   2.0703125000000000e-01   1.6093430435381670e+00   1.6093430706660630e+00   2.7127895929623946e-08
   2.1484375000000000e-01   1.6151507585052736e+00   1.6151507846258792e+00   2.6120605678414677e-08
   2.2265625000000000e-01   1.6214531336993538e+00   1.6214531452555061e+00   1.1556152257341523e-08
   2.3046875000000000e-01   1.6277038495595173e+00   1.6277038388371912e+00   1.0722326138079552e-08
   2.3828125000000000e-01   1.6332354801959930e+00   1.6332354502505757e+00   2.9945417256982410e-08
   2.4609375000000000e-01   1.6373155382204130e+00   1.6373154995056891e+00   3.8714723871180468e-08
   2.5390625000000000e-01   1.6392094075735590e+00   1.6392093696713947e+00   3.7902164295999796e-08
   2.6171875000000000e-01   1.6382459561872220e+00   1.6382459212335416e+00   3.4953680394522735e-08
   2.6953125000000000e-01   1.6338808602869601e+00   1.6338808235607187e+00   3.6726241381401792e-08
   2.7734375000000000e-01   1.6257523338284199e+00   1.6257522896686656e+00   4.4159754297723453e-08
   2.8515625000000000e-01   1.6137241509768987e+00   1.6137240995520405e+00   5.1424858149573538e-08
   2.9296875000000000e-01   1.5979116354623442e+00   1.5979115840221023e+00   5.1440241843891954e-08
   3.0078125000000000e-01   1.5786876076713525e+00   1.5786875660186630e+00   4.1652689519722230e-08
   3.0859375000000000e-01   1.5566670078084164e+00   1.5566669816047871e+00   2.6203629266419171e-08
   3.1640625000000000e-01   1.5326708356177094e+00   1.5326708232114818e+00   1.2406227600791908e-08
   3.2421875000000000e-01   1.5076719306123976e+00   1.5076719257757947e+00   4.8366028959634377e-09
   3.3203125000000000e-01   1.4827267252145946e+00   1.4827267232475256e+00   1.9670689521689155e-09
   3.3984375000000000e-01   1.4588982537548418e+00   1.4588982563684669e+00   2.6136250941277694e-09
   3.4765625000000000e-01   1.4371762911269930e+00   1.4371763056902518e+00   1.4563258821098657e-08
   3.5546875000000000e-01   1.4184005038709329e+00   1.4184005379883842e+00   3.4117451308546265e-08
   3.6328125000000000e-01   1.4031920003557870e+00   1.4031920551368058e+00   5.4781018832272821e-08
   3.7109375000000000e-01   1.3918977842473428e+00   1.3918978518708676e+00   6.7623524779847344e-08
   3.7890625000000000e-01   1.3845515186917876e+00   1.3845515855956607e+00   6.6903873108259404e-08
   3.8671875000000000e-01   1.3808528442022552e+00   1.3808528986352480e+00   5.4432992779851475e-08
   3.9453125000000000e-01   1.3801664012051427e+00   1.3801664393085495e+00   3.8103406874157031e-08
   4.0234375000000000e-01   1.3815407499365284e+00   1.3815407771019439e+00   2.7165415472651944e-08
   4.1015625000000000e-01   1.3837465867150436e+00   1.3837466123075963e+00   2.5592552743702868e-08
   4.1796875000000000e-01   1.3853329726367736e+00   1.3853330023874937e+00   2.9750720109689155e-08
   4.2578125000000000e-01   1.3846996639634683e+00   1.3846996945578023e+00   3.0594333955136221e-08
   4.3359375000000000e-01   1.3801829706546616e+00   1.3801829911188459e+00   2.0464184347090963e-08
   4.4140625000000000e-01   1.3701518310071166e+00   1.3701518295727100e+00   1.4344065935034678e-09
   4.4921875000000000e-01   1.3531099568539673e+00   1.3531099289268602e+00   2.7927107071334945e-08
   4.5703125000000000e-01   1.3277990380389018e+00   1.3277989894534969e+00   4.8585404810452815e-08
   4.6484375000000000e-01   1.2932971994473368e+00   1.2932971426375408e+00   5.6809795978551847e-08
   4.7265625000000000e-01   1.2491063293602862e+00   1.2491062756775262e+00   5.3682760015050235e-08
   4.8046875000000000e-01   1.1952217026052794e+00   1.1952216560829088e+00   4.6522370622525955e-08
   4.8828125000000000e-01   1.1321776336900800e+00   1.1321775911367689e+00   4.2553311097037749e-08
   4.9609375000000000e-01   1.0610638023795698e+00   1.0610637582954900e+00   4.4084079720008162e-08
   5.0390625000000000e-01   9.8350839465559181e-01   9.8350834743067117e-01   4.7224920640687174e-08
   5.1171875000000000e-01   9.0162623956632904e-01   9.0162619336639160e-01   4.6199937431268268e-08
   5.1953125000000000e-01   8.1793253613548955e-01   8.1793249840901006e-01   3.7726479495958642e-08
   5.2734375000000000e-01   7.3522536320077181e-01   7.3522533971024506e-01   2.3490526745995055e-08
   5.3515625000000000e-01   6.5644268999507538e-01   6.5644268184576837e-01   8.1493070069882378e-09
   5.4296875000000000e-01   5.8450182180180033e-01   5.8450182579299381e-01   3.9911934868186449e-09
   5.5078125000000000e-01   5.2213089441511218e-01   5.2213090614039459e-01   1.1725282411667592e-08
   5.5859375000000000e-01   4.7170302219389465e-01   4.7170303865203200e-01   1.6458137352959312e-08
   5.6640625000000000e-01   4.3508391092253285e-01   4.3508393151726044e-01   2.0594727589973161e-08
   5.7421875000000000e-01   4.1350316812509047e-01   4.1350319366554811e-01   2.5540457637696079e-08
   5.8203125000000000e-01   4.0745823046883356e-01   4.0745826158972170e-01   3.1120888144275938e-08
   5.8984375000000000e-01   4.1665790347352377e-01   4.1665793910921944e-01   3.5635695672109335e-08
   5.9765625000000000e-01   4.4001012197824874e-01   4.4001015852670333e-01   3.6548454596108115e-08
   6.0546875000000000e-01   4.7565587096166367e-01   4.7565590252137208e-01   3.1559708402184583e-08
   6.1328125000000000e-01   5.2104843180401028e-01   5.2104845191881255e-01   2.0114802268267340e-08
   6.2109375000000000e-01   5.7307440771687468e-01   5.7307441250985980e-01   4.7929851199057794e-09
   6.2890625000000000e-01   6.2821048224930442e-01   6.2821047294880494e-01   9.3004994816681119e-09
   6.3671875000000000e-01   6.8270769933222897e-01   6.8270768226032286e-01   1.7071906110999180e-08
   6.4453125000000000e-01   7.3279333170396332e-01   7.3279331455726326e-01   1.7146700059811337e-08
   6.5234375000000000e-01   7.7487920829562507e-01   7.7487919462336330e-01   1.3672261767183613e-08
   6.6015625000000000e-01   8.0576476915839412e-01   8.0576475554496141e-01   1.3613432714443263e-08
   6.6796875000000000e-01   8.2282315346708435e-01   8.2282313206700108e-01   2.1400083261013947e-08
   6.7578125000000000e-01   8.2415931508608109e-01   8.2415927991891191e-01   3.5167169176730795e-08
   6.8359375000000000e-01   8.0873048943942161e-01   8.0873044197788868e-01   4.7461532926007521e-08
   6.9140625000000000e-01   7.7642126335282080e-01   7.7642121243009654e-01   5.0922724259550023e-08
   6.9921875000000000e-01   7.2806794147553267e-01   7.2806789773111125e-01   4.3744421418523416e-08
   7.0703125000000000e-01   6.6542974839850000e-01   6.6542971719948363e-01   3.1199016370386801e-08
   7.1484375000000000e-01   5.9110749148597386e-01   5.9110747032852218e-01   2.1157451679520989e-08
   7.2265625000000000e-01   5.0841345700502938e-01   5.0841343890773538e-01   1.8097293996710562e-08
   7.3046875000000000e-01   4.2119931108057118e-01   4.2119929082077634e-01   2.0259794841770429e-08
   7.3828125000000000e-01   3.3365143120497487e-01   3.3365140907608037e-01   2.2128894494599649e-08
   7.4609375000000000e-01   2.5006521891840233e-01   2.5006519918442971e-01   1.9733972622670848e-08
   8.7890625000000000e-01   8.4269876566639867e-01   8.4269872727188255e-01   3.8394516121975641e-08
   8.8671875000000000e-01   8.9524217126867833e-01   8.9524214171096061e-01   2.9557717717842991e-08
   8.9453125000000000e-01   9.3313265976002702e-01   9.3313264501132287e-01   1.4748704146860803e-08
   9.0234375000000000e-01   9.5612868194925194e-01   9.5612867817800140e-01   3.7712505340792291e-09
   9.1015625000000000e-01   9.6481083497657638e-01   9.6481083129322553e-01   3.6833508465505815e-09
   9.1796875000000000e-01   9.6051662656869286e-01   9.6051661358952001e-01   1.2979172847593645e-08
   9.2578125000000000e-01   9.4523654766351550e-01   9.4523652510723322e-01   2.2556282286423368e-08
   9.3359375000000000e-01   9.2147895458894757e-01   9.2147893139929238e-01   2.3189655196098613e-08
   9.4140625000000000e-01   8.9211257062226568e-01   8.9211255748077278e-01   1.3141492893886664e-08
   9.4921875000000000e-01   8.6019615422691342e-01   8.6019615472539301e-01   4.9847959093796135e-10
   9.5703125000000000e-01   8.2880507462055730e-01   8.2880508236742778e-01   7.7468704784422471e-09
   9.6484375000000000e-01   8.0086423414222119e-01   8.0086423810915108e-01   3.9669298956823695e-09
   9.7265625000000000e-01   7.7899604303854231e-01   7.7899603635734127e-01   6.6812010368622055e-09
   9.8046875000000000e-01   7.6539104891525533e-01   7.6539103371897055e-01   1.5196284786078706e-08
   9.8828125000000000e-01   7.6170741369895933e-01   7.6170739813580135e-01   1.5563157984566089e-08
   9.9609375000000000e-01   7.6900377051012525e-01   7.6900376101446488e-01   9.4956603691187524e-09
   7.5390625000000000e-01   1.7461138897526077e-01   1.7461137534333601e-01   1.3631924755674873e-08
   7.6171875000000000e-01   1.1110788649977948e-01   1.1110787875369940e-01   7.7460800829154408e-09
   7.6953125000000000e-01   6.2810885008845990e-02   6.2810879890149454e-02   5.1186965360772163e-09
   7.7734375000000000e-01   3.2237263957713092e-02   3.2237258537067257e-02   5.4206458349748132e-09
   7.8515625000000000e-01   2.1029103745427508e-02   2.1029097602921067e-02   6.1425064409870167e-09
   7.9296875000000000e-01   2.9868187528036483e-02   2.9868181663591370e-02   5.8644451135514419e-09
   8.0078125000000000e-01   5.8445426116472854e-02   5.8445420225560610e-02   5.8909122441219708e-09
   8.0859375000000000e-01   1.0548672739381813e-01   1.0548671885799903e-01   8.5358191070916689e-09
   8.1640625000000000e-01   1.6883333817035834e-01   1.6883332420886690e-01   1.3961491435177109e-08
   8.2421875000000000e-01   2.4557132649726096e-01   2.4557130739557048e-01   1.9101690479361721e-08
   8.3203125000000000e-01   3.3220187427157699e-01   3.3220185386899587e-01   2.0402581124567831e-08
   8.3984375000000000e-01   4.2484162020047678e-01   4.2484160248844283e-01   1.7712033950623152e-08
   8.4765625000000000e-01   5.1944060330696373e-01   5.1944058804732818e-01   1.5259635555153750e-08
   8.5546875000000000e-01   6.1200451952550239e-01   6.1200450135938156e-01   1.8166120829832266e-08
   8.6328125000000000e-01   6.9880806315541699e-01   6.9880803607411512e-01   2.7081301867681873e-08
   8.7109375000000000e-01   7.7658705522629456e-01   7.7658701874658376e-01   3.6479710807668653e-08
