#                  Coord.                Numerical               Analytical                    Error
   3.9062500000000000e-03  -8.8905245932453403e-01  -8.8905247588141589e-01   1.6556881865525952e-08
   1.1718750000000000e-02  -1.1048707231335091e+00  -1.1048707309624208e+00   7.8289117411145526e-09
   1.9531250000000000e-02  -1.2375664046140591e+00  -1.2375664028990081e+00   1.7150509901142641e-09
   2.7343750000000000e-02  -1.2697408990747956e+00  -1.2697408895900653e+00   9.4847303344636202e-09
   3.5156250000000000e-02  -1.1921270569355165e+00  -1.1921270432703082e+00   1.3665208298263565e-08
   4.2968750000000000e-02  -1.0054335049479419e+00  -1.0054334912585747e+00   1.3689367195368618e-08
   5.0781250000000000e-02  -7.2120077891933931e-01  -7.2120076873147110e-01   1.0187868215716378e-08
   5.8593750000000000e-02  -3.6146222665349953e-01  -3.6146222196275374e-01   4.6907457917910733e-09
   6.6406250000000000e-02   4.2835671615887597e-02   4.2835670625815551e-02   9.9007204518164471e-10
   7.4218750000000000e-02   4.5453258509915601e-01   4.5453257981187584e-01   5.2872801692416260e-09
   8.2031250000000000e-02   8.3380795817884346e-01   8.3380795085263693e-01   7.3262065303225654e-09
   8.9843750000000000e-02   1.1422194966861252e+00   1.1422194896723501e+00   7.0137751162491213e-09
   9.7656250000000000e-02   1.3468004750124298e+00   1.3468004700566178e+00   4.9558119830095393e-09
   1.0546875000000000e-01   1.4237798106506863e+00   1.4237798085403526e+00   2.1103336855787802e-09
   1.1328125000000000e-01   1.3615192695324914e+00   1.3615192700536809e+00   5.2118953597357631e-10
   1.2109375000000000e-01   1.1623259682121068e+00   1.1623259704370941e+00   2.2249873055102398e-09
   1.2890625000000000e-01   8.4289026991269334e-01   8.4289027259246685e-01   2.6797735142025658e-09
   1.3671875000000000e-01   4.3321617573178411e-01   4.3321617773526738e-01   2.0034832681758985e-09
   1.4453125000000000e-01  -2.5949271863337751e-02  -2.5949271234840907e-02   6.2849684484556079e-10
   1.5234375000000000e-01  -4.8702458000419580e-01  -4.8702458090963258e-01   9.0543678110677206e-10
   1.6015625000000000e-01  -9.0051474490174088e-01  -9.0051474697627065e-01   2.0745297701907361e-09
   1.6796875000000000e-01  -1.2204676576148010e+00  -1.2204676601029851e+00   2.4881841031998420e-09
   1.7578125000000000e-01  -1.4098722092998874e+00  -1.4098722112366400e+00   1.9367525361246862e-09
   1.8359375000000000e-01  -1.4453461748111076e+00  -1.4453461752522065e+00   4.4109893515553722e-10
   1.9140625000000000e-01  -1.3204828224398319e+00  -1.3204828206920114e+00   1.7478205549537051e-09
   1.9921875000000000e-01  -1.0473356134447021e+00  -1.0473356092685107e+00   4.1761913927018668e-09
   2.0703125000000000e-01  -6.5571684737642411e-01  -6.5571684112306761e-01   6.2533564992861557e-09
   2.1484375000000000e-01  -1.9024968463502001e-01  -1.9024967729824838e-01   7.3367716346695033e-09
   2.2265625000000000e-01   2.9458916915029182e-01   2.9458917601963613e-01   6.8693443155964928e-09
   2.3046875000000000e-01   7.4090864607099605e-01   7.4090865062590683e-01   4.5549107818843027e-09
   2.3828125000000000e-01   1.0945587807132262e+00   1.0945587812427797e+00   5.2955351215189239e-10
   2.4609375000000000e-01   1.3120903501094243e+00   1.3120903455480033e+00   4.5614210186784021e-09
   2.5390625000000000e-01   1.3665796524133182e+00   1.3665796427895209e+00   9.6237973146173772e-09
   2.6171875000000000e-01   1.2514836835309875e+00   1.2514836701884036e+00   1.3342583926601037e-08
   2.6953125000000000e-01   9.8191938958195712e-01   9.8191937504832538e-01   1.4533631742530417e-08
   2.7734375000000000e-01   5.9308768691889402e-01   5.9308767440625343e-01   1.2512640590323088e-08
   2.8515625000000000e-01   1.3594744392964300e-01   1.3594743655286229e-01   7.3767807140523445e-09
   2.9296875000000000e-01  -3.2936508554524563e-01  -3.2936508560489342e-01   5.9647786709859929e-11
   3.0078125000000000e-01  -7.4153549361736126e-01  -7.4153548578717809e-01   7.8301831685223533e-09
   3.0859375000000000e-01  -1.0464149103228664e+00  -1.0464148959011799e+00   1.4421686511667531e-08
   3.1640625000000000e-01  -1.2045386879551507e+00  -1.2045386698656171e+00   1.8089533648790734e-08
   3.2421875000000000e-01  -1.1967213434341151e+00  -1.1967213254944971e+00   1.7939618013329550e-08
   3.3203125000000000e-01  -1.0268656514019638e+00  -1.0268656373556122e+00   1.4046351637375665e-08
   3.3984375000000000e-01  -7.2150103319685854e-01  -7.2150102577578168e-01   7.4210768641336244e-09
   3.4765625000000000e-01  -3.2603539041542978e-01  -3.2603539072704291e-01   3.1161312419314413e-10
   3.5546875000000000e-01   1.0180164105774593e-01   1.0180163367818271e-01   7.3795632243855991e-09
   3.6328125000000000e-01   5.0040319000249411e-01   5.0040317762651287e-01   1.2375981239820533e-08
   3.7109375000000000e-01   8.1337768055061377e-01   8.1337766594123329e-01   1.4609380483143752e-08
   3.7890625000000000e-01   9.9791248068947647e-01   9.9791246648708365e-01   1.4202392817352916e-08
   3.8671875000000000e-01   1.0311078159736167e+00   1.0311078040697867e+00   1.1903829921777742e-08
   3.9453125000000000e-01   9.1326743150391632e-01   9.1326742285269036e-01   8.6512259578341855e-09
   4.0234375000000000e-01   6.6759356600712927e-01   6.6759356075884879e-01   5.2482804768771985e-09
   4.1015625000000000e-01   3.3629969095253592e-01   3.3629968893046541e-01   2.0220705110318704e-09
   4.1796875000000000e-01  -2.6265134099056439e-02  -2.6265132965148690e-02   1.1339077489458393e-09
   4.2578125000000000e-01  -3.6238866585843893e-01  -3.6238866125080782e-01   4.6076311099874090e-09
   4.3359375000000000e-01  -6.2024515563321980e-01  -6.2024514698034894e-01   8.6528708642674701e-09
   4.4140625000000000e-01  -7.6210640852149647e-01  -7.6210639543457848e-01   1.3086917993732072e-08
   4.4921875000000000e-01  -7.7015699960304584e-01  -7.7015698256204312e-01   1.7041002720041831e-08
   4.5703125000000000e-01  -6.4894989706755624e-01  -6.4894987792436920e-01   1.9143187035552955e-08
   4.6484375000000000e-01  -4.2410451824768042e-01  -4.2410450034196795e-01   1.7905712468291313e-08
   4.7265625000000000e-01  -1.3749205527367023e-01  -1.3749204289254072e-01   1.2381129510519173e-08
   4.8046875000000000e-01   1.6023935116901677e-01   1.6023935379653484e-01   2.6275180642354456e-09
   4.8828125000000000e-01   4.1848346038493861e-01   4.1848345045016383e-01   9.9347747806177722e-09
   4.9609375000000000e-01   5.9528927509605800e-01   5.9528925239504482e-01   2.2701013180359553e-08
   5.0390625000000000e-01   6.6426213975482840e-01   6.6426210741738712e-01   3.2337441280283485e-08
   5.1171875000000000e-01   6.1856097335142934e-01   6.1856093754898733e-01   3.5802442011068081e-08
   5.1953125000000000e-01   4.7133282807659349e-01   4.7133279691435553e-01   3.1162237956738892e-08
   5.2734375000000000e-01   2.5257986828694751e-01   2.5257984979801329e-01   1.8488934216964736e-08
   5.3515625000000000e-01   3.1075556005785705e-03   3.1075556453930256e-03   4.4814455098241002e-11
   5.4296875000000000e-01  -2.3326695791212942e-01  -2.3326693755707298e-01   2.0355056445930941e-08
   5.5078125000000000e-01  -4.1776182852322657e-01  -4.1776179099596961e-01   3.7527256968594713e-08
   5.5859375000000000e-01  -5.2342700006333254e-01  -5.2342695312456367e-01   4.6938768871740422e-08
   5.6640625000000000e-01  -5.3945092655583204e-01  -5.3945088085835324e-01   4.5697478801010050e-08
   5.7421875000000000e-01  -4.7224082471143630e-01  -4.7224079132986979e-01   3.3381566511003768e-08
   5.8203125000000000e-01  -3.4317873623198025e-01  -3.4317872375700986e-01   1.2474970390030649e-08
   5.8984375000000000e-01  -1.8360410270806216e-01  -1.8360411498720486e-01   1.2279142702631418e-08
   5.9765625000000000e-01  -2.8102219106563853e-02  -2.8102253948920779e-02   3.4842356926717555e-08
   6.0546875000000000e-01   9.2518102519283704e-02   9.2518052936117298e-02   4.9583166406019785e-08
   6.1328125000000000e-01   1.5715391884028210e-01   1.5715386625309047e-01   5.2587191629038799e-08
   6.2109375000000000e-01   1.5810434544842811e-01   1.5810430252336799e-01   4.2925060117493530e-08
   6.2890625000000000e-01   1.0188226823412704e-01   1.0188224549964801e-01   2.2734479021568887e-08
   6.3671875000000000e-01   7.0997731906938671e-03   7.0997762513691299e-03   3.0606752627129752e-09
   6.4453125000000000e-01  -1.0001368745600313e-01  -1.0001365940625248e-01   2.8049750647185512e-08
   6.5234375000000000e-01  -1.9143493745759996e-01  -1.9143489140427164e-01   4.6053328317530173e-08
   6.6015625000000000e-01  -2.4325029399795375e-01  -2.4325024139490531e-01   5.2603048444899159e-08
   6.6796875000000000e-01  -2.4041342098917293e-01  -2.4041337483777031e-01   4.6151402616212422e-08
   6.7578125000000000e-01  -1.7942859344776912e-01  -1.7942856501383619e-01   2.8433932930393979e-08
   6.8359375000000000e-01  -6.8512710666858836e-02  -6.8512706641194285e-02   4.0256645517100509e-09
   6.9140625000000000e-01   7.4652099231465041e-02   7.4652078360950835e-02   2.0870514205739710e-08
   6.9921875000000000e-01   2.2695389393054158e-01   2.2695385392501830e-01   4.0005523282982125e-08
   7.0703125000000000e-01   3.6470298971561654e-01   3.6470294102692408e-01   4.8688692466658523e-08
   7.1484375000000000e-01   4.6821053825969955e-01   4.6821049329644038e-01   4.4963259171471037e-08
   7.2265625000000000e-01   5.2513296881568872e-01   5.2513293874295819e-01   3.0072730528019065e-08
   7.3046875000000000e-01   5.3195949474184845e-01   5.3195948668344450e-01   8.0584039441333744e-09
   7.3828125000000000e-01   4.9347963916298554e-01   4.9347965448055975e-01   1.5317574209028351e-08
   7.4609375000000000e-01   4.2053797192184461e-01   4.2053800601629293e-01   3.4094448320143300e-08
   8.7890625000000000e-01  -2.9264916437650951e-01  -2.9264917433829313e-01   9.9617836202270382e-09
   8.8671875000000000e-01  -7.4650779572061815e-02  -7.4650805428051553e-02   2.5855989738143847e-08
   8.9453125000000000e-01   1.6416875391684055e-01   1.6416871926167106e-01   3.4655169484087978e-08
   9.0234375000000000e-01   4.0449408121818337e-01   4.0449404687668011e-01   3.4341503252210970e-08
   9.1015625000000000e-01   6.2655169267399158e-01   6.2655166739166401e-01   2.5282327564823959e-08
   9.1796875000000000e-01   8.1201810463924284e-01   8.1201809443221185e-01   1.0207030998188316e-08
   9.2578125000000000e-01   9.4546684875051068e-01   9.4546685549942511e-01   6.7489144273125135e-09
   9.3359375000000000e-01   1.0152966927265423e+00   1.0152967138102791e+00   2.1083736756466465e-08
   9.4140625000000000e-01   1.0142262478729585e+00   1.0142262771517514e+00   2.9278792945675036e-08
   9.4921875000000000e-01   9.3951987845122731e-01   9.3951990802592555e-01   2.9574698245937725e-08
   9.5703125000000000e-01   7.9310969255861008e-01   7.9310971502247385e-01   2.2463863769139891e-08
   9.6484375000000000e-01   5.8170771867901128e-01   5.8170772898599721e-01   1.0306985931407553e-08
   9.7265625000000000e-01   3.1689219838236321e-01   3.1689219506596750e-01   3.3163957136039812e-09
   9.8046875000000000e-01   1.5044335004727622e-02   1.5044320222977609e-02   1.4781750013251327e-08
   9.8828125000000000e-01  -3.0305335305806680e-01  -3.0305337435482249e-01   2.1296755692290503e-08
   9.9609375000000000e-01  -6.1314303318798014e-01  -6.1314305490135379e-01   2.1713373654641543e-08
   7.5390625000000000e-01   3.2675436041039285e-01   3.2675440401405875e-01   4.3603665900171507e-08
   7.6171875000000000e-01   2.2507806744560369e-01   2.2507810915128582e-01   4.1705682130022126e-08
   7.6953125000000000e-01   1.2501727432578014e-01   1.2501730344276649e-01   2.9116986349775331e-08
   7.7734375000000000e-01   3.1159568125618833e-02   3.1159577553806782e-02   9.4281879491064924e-09
   7.8515625000000000e-01  -5.6761802973439288e-02  -5.6761815095828665e-02   1.2122389377033915e-08
   7.9296875000000000e-01  -1.4240231632811146e-01  -1.4240234617015698e-01   2.9842045529138161e-08
   8.0078125000000000e-01  -2.3042960002934754e-01  -2.3042963929236807e-01   3.9263020529256565e-08
   8.0859375000000000e-01  -3.2392659651165479e-01  -3.2392663459695886e-01   3.8085304077117854e-08
   8.1640625000000000e-01  -4.2228559612867833e-01  -4.2228562304442369e-01   2.6915745354738618e-08
   8.2421875000000000e-01  -5.2014769764364555e-01  -5.2014770650573006e-01   8.8620845106746060e-09
   8.3203125000000000e-01  -6.0765714031545615e-01  -6.0765712917765047e-01   1.1137805677741142e-08
   8.3984375000000000e-01  -6.7196408732731439e-01  -6.7196405949681048e-01   2.7830503901427051e-08
   8.4765625000000000e-01  -6.9960876578919384e-01  -6.9960872894282011e-01   3.6846373729915172e-08
   8.5546875000000000e-01  -6.7922628361145321e-01  -6.7922624759502293e-01   3.6016430282614920e-08
   8.6328125000000000e-01  -6.0396527621723828e-01  -6.0396525050687222e-01   2.5710366058362411e-08
   8.7109375000000000e-01  -4.7311516775998402e-01  -4.7311515887381628e-01   8.8861677460805311e-09
