#                  Coord.                Numerical               Analytical                    Error
   3.9062500000000000e-03   6.3945647464057853e-01   6.3945644941825375e-01   2.5222324784301975e-08
   1.1718750000000000e-02   3.5097310152766908e-01   3.5097308523243420e-01   1.6295234883667575e-08
   1.9531250000000000e-02   5.3793553690295983e-03   5.3793515415518703e-03   3.8274777279870276e-09
   2.7343750000000000e-02  -3.4703587644061812e-01  -3.4703586788527041e-01   8.5553477080502205e-09
   3.5156250000000000e-02  -6.5408103172026089e-01  -6.5408101418878339e-01   1.7531477491949943e-08
   4.2968750000000000e-02  -8.6946630179571949e-01  -8.6946628078601274e-01   2.1009706752117552e-08
   5.0781250000000000e-02  -9.5981894483156083e-01  -9.5981892617538145e-01   1.8656179379128446e-08
   5.8593750000000000e-02  -9.0977891565475055e-01  -9.0977890384108373e-01   1.1813666822568791e-08
   6.6406250000000000e-02  -7.2435348426651969e-01  -7.2435348129627741e-01   2.9702422743582702e-09
   7.4218750000000000e-02  -4.2815605570599252e-01  -4.2815606084745067e-01   5.1414581481168398e-09
   8.2031250000000000e-02  -6.1660488009225120e-02  -6.1660498377876932e-02   1.0368651812142637e-08
   8.9843750000000000e-02   3.2491791854919028e-01   3.2491790678178356e-01   1.1767406715712525e-08
   9.7656250000000000e-02   6.7912897832618158e-01   6.7912896861425298e-01   9.7119285946689615e-09
   1.0546875000000000e-01   9.5398639746966329e-01   9.5398639182719014e-01   5.6424731553761376e-09
   1.1328125000000000e-01   1.1146507276728479e+00   1.1146507262793688e+00   1.3934791098790811e-09
   1.2109375000000000e-01   1.1430721779096211e+00   1.1430721793803658e+00   1.4707446371886590e-09
   1.2890625000000000e-01   1.0399173242271931e+00   1.0399173264980606e+00   2.2708674940474793e-09
   1.3671875000000000e-01   8.2355869934510484e-01   8.2355870064036296e-01   1.2952581229797033e-09
   1.4453125000000000e-01   5.2639236950440782e-01   5.2639236915539023e-01   3.4901759260463905e-10
   1.5234375000000000e-01   1.8918475177759442e-01   1.8918475044927166e-01   1.3283227573435141e-09
   1.6015625000000000e-01  -1.4553796130395694e-01  -1.4553796190263635e-01   5.9867941160085536e-10
   1.6796875000000000e-01  -4.3991075378180439e-01  -4.3991075175281008e-01   2.0289943059026427e-09
   1.7578125000000000e-01  -6.6588358616392074e-01  -6.6588358035267436e-01   5.8112463729997899e-09
   1.8359375000000000e-01  -8.0829221373513627e-01  -8.0829220453164941e-01   9.2034868615087362e-09
   1.9140625000000000e-01  -8.6543769686336514e-01  -8.6543768634680429e-01   1.0516560844386902e-08
   1.9921875000000000e-01  -8.4724444898678408e-01  -8.4724444049630632e-01   8.4904777652994312e-09
   2.0703125000000000e-01  -7.7152458013007430e-01  -7.7152457716806622e-01   2.9620080832515328e-09
   2.1484375000000000e-01  -6.5922433489067234e-01  -6.5922433988919971e-01   4.9985273697927823e-09
   2.2265625000000000e-01  -5.2969646535982295e-01  -5.2969647853864321e-01   1.3178820257309098e-08
   2.3046875000000000e-01  -3.9699510535138227e-01  -3.9699512430986483e-01   1.8958482561615142e-08
   2.3828125000000000e-01  -2.6793552985136415e-01  -2.6793554989243029e-01   2.0041066139953045e-08
   2.4609375000000000e-01  -1.4225215592399271e-01  -1.4225217129747181e-01   1.5373479100855292e-08
   2.5390625000000000e-01  -1.4710373729946498e-02  -1.4710379216198466e-02   5.4862519683479549e-09
   2.6171875000000000e-01   1.2141618675059300e-01   1.2141619410813366e-01   7.3575406600578930e-09
   2.6953125000000000e-01   2.7040457534001217e-01   2.7040459498676911e-01   1.9646756943547672e-08
   2.7734375000000000e-01   4.3069183369276498e-01   4.3069186145411875e-01   2.7761353771360575e-08
   2.8515625000000000e-01   5.9293408490084965e-01   5.9293411378584682e-01   2.8884997171907401e-08
   2.9296875000000000e-01   7.4009563267492451e-01   7.4009565472895822e-01   2.2054033710361409e-08
   3.0078125000000000e-01   8.4969328649758313e-01   8.4969329498289581e-01   8.4853126747219676e-09
   3.0859375000000000e-01   8.9782930592256294e-01   8.9782929742280937e-01   8.4997535676478719e-09
   3.1640625000000000e-01   8.6422551308465312e-01   8.6422548869724936e-01   2.4387403763093118e-08
   3.2421875000000000e-01   7.3721380570143813e-01   7.3721377108487329e-01   3.4616564836831287e-08
   3.3203125000000000e-01   5.1760132958878802e-01   5.1760129358495488e-01   3.6003833137066010e-08
   3.3984375000000000e-01   2.2052066975631393e-01   2.2052064209245748e-01   2.7663856455584224e-08
   3.4765625000000000e-01  -1.2524414390980104e-01  -1.2524415538895545e-01   1.1479154404803182e-08
   3.5546875000000000e-01  -4.8047673140402331e-01  -4.8047672298802468e-01   8.4159986202259063e-09
   3.6328125000000000e-01  -8.0081914574962942e-01  -8.0081911911574744e-01   2.6633881988757935e-08
   3.7109375000000000e-01  -1.0432610781041043e+00  -1.0432610399714426e+00   3.8132661694945114e-08
   3.7890625000000000e-01  -1.1727264717753916e+00  -1.1727264322271966e+00   3.9548194941119164e-08
   3.8671875000000000e-01  -1.1676400890107099e+00  -1.1676400586607862e+00   3.0349923685335511e-08
   3.9453125000000000e-01  -1.0235458822590116e+00  -1.0235458693016013e+00   1.2957410255864943e-08
   4.0234375000000000e-01  -7.5419773644025967e-01  -7.5419774428065911e-01   7.8403994407949540e-09
   4.1015625000000000e-01  -3.8997676618248606e-01  -3.8997679247147043e-01   2.6288984378286528e-08
   4.1796875000000000e-01   2.6076952199274670e-02   2.6076914927716344e-02   3.7271558325779885e-08
   4.2578125000000000e-01   4.4397325482526218e-01   4.4397321699281250e-01   3.7832449673036450e-08
   4.3359375000000000e-01   8.1334977188148916e-01   8.1334974388584280e-01   2.7995646356693271e-08
   4.4140625000000000e-01   1.0899740609321258e+00   1.0899740501270527e+00   1.0805073058506309e-08
   4.4921875000000000e-01   1.2412978140269646e+00   1.2412978226695268e+00   8.6425622214392206e-09
   4.5703125000000000e-01   1.2503776327887379e+00   1.2503776574670240e+00   2.4678286081325496e-08
   4.6484375000000000e-01   1.1177331605418979e+00   1.1177331933411283e+00   3.2799230442748240e-08
   4.7265625000000000e-01   8.6099372793789664e-01   8.6099375888805718e-01   3.0950160545550887e-08
   4.8046875000000000e-01   5.1245164227501594e-01   5.1245166240679252e-01   2.0131776579113136e-08
   4.8828125000000000e-01   1.1486898056146075e-01   1.1486898454437466e-01   3.9829139153457760e-09
   4.9609375000000000e-01  -2.8393750254067524e-01  -2.8393751490077201e-01   1.2360096779406859e-08
   5.0390625000000000e-01  -6.3708680245202076e-01  -6.3708682634571812e-01   2.3893697354004928e-08
   5.1171875000000000e-01  -9.0448922356124206e-01  -9.0448925083183507e-01   2.7270593006001320e-08
   5.1953125000000000e-01  -1.0578557821941932e+00  -1.0578558039201695e+00   2.1725976351305576e-08
   5.2734375000000000e-01  -1.0842186493513095e+00  -1.0842186587232567e+00   9.3719472182840491e-09
   5.3515625000000000e-01  -9.8746456723003051e-01  -9.8746456156412887e-01   5.6659016367532899e-09
   5.4296875000000000e-01  -7.8760467509515908e-01  -7.8760465661228618e-01   1.8482872898850644e-08
   5.5078125000000000e-01  -5.1779033364087990e-01  -5.1779030860161712e-01   2.5039262774306792e-08
   5.5859375000000000e-01  -2.1940639385777688e-01  -2.1940637056344259e-01   2.3294334294821084e-08
   5.6640625000000000e-01   6.4114449188125769e-02   6.4114463092583243e-02   1.3904457474289700e-08
   5.7421875000000000e-01   2.9386576957141525e-01   2.9386576942909659e-01   1.4231865685943035e-10
   5.8203125000000000e-01   4.4141317371079680e-01   4.4141315930478303e-01   1.4406013770784654e-08
   5.8984375000000000e-01   4.9312984609319549e-01   4.9312982159045349e-01   2.4502742002052713e-08
   5.9765625000000000e-01   4.5215050765974735e-01   4.5215048032025329e-01   2.7339494057532221e-08
   6.0546875000000000e-01   3.3753831969492776e-01   3.3753829758325093e-01   2.2111676822866855e-08
   6.1328125000000000e-01   1.8072576006911162e-01   1.8072574970901664e-01   1.0360094976347156e-08
   6.2109375000000000e-01   1.9776216698843156e-02   1.9776221170400399e-02   4.4715572425357841e-09
   6.2890625000000000e-01  -1.0757469027283073e-01  -1.0757467205548300e-01   1.8217347727556010e-08
   6.3671875000000000e-01  -1.7088495873584802e-01  -1.7088493161446949e-01   2.7121378531891338e-08
   6.4453125000000000e-01  -1.5272816252533281e-01  -1.5272813369518293e-01   2.8830149878533717e-08
   6.5234375000000000e-01  -5.2115769670139277e-02  -5.2115746521864348e-02   2.3148274928830315e-08
   6.6015625000000000e-01   1.1503657394639924e-01   1.1503658573174690e-01   1.1785347656112499e-08
   6.6796875000000000e-01   3.1852316643919559e-01   3.1852316430466143e-01   2.1345341605361057e-09
   6.7578125000000000e-01   5.1910240198902835e-01   5.1910238687089472e-01   1.5118133633862385e-08
   6.8359375000000000e-01   6.7546165711060191e-01   6.7546163299548634e-01   2.4115115571099466e-08
   6.9140625000000000e-01   7.5164556082691358e-01   7.5164553349609509e-01   2.7330818497262044e-08
   6.9921875000000000e-01   7.2361510784205174e-01   7.2361508341871994e-01   2.4423331801415316e-08
   7.0703125000000000e-01   5.8376897362483937e-01   5.8376895713415655e-01   1.6490682819281233e-08
   7.1484375000000000e-01   3.4263853973862163e-01   3.4263853420840118e-01   5.5302204482465811e-09
   7.2265625000000000e-01   2.7489466606594525e-02   2.7489472616691730e-02   6.0100972046339685e-09
   7.3046875000000000e-01  -3.2187671423648806e-01  -3.2187669835590726e-01   1.5880580794824795e-08
   7.3828125000000000e-01  -6.5933545561071638e-01  -6.5933543328906774e-01   2.2321648640577507e-08
   7.4609375000000000e-01  -9.3954960149404587e-01  -9.3954957708910514e-01   2.4404940734967795e-08
   8.7890625000000000e-01   8.6725010346145923e-02   8.6725009585868734e-02   7.6027718842741621e-10
   8.8671875000000000e-01  -2.4846857820720641e-01  -2.4846859416425288e-01   1.5957046461956281e-08
   8.9453125000000000e-01  -5.5857248850969077e-01  -5.5857251598558355e-01   2.7475892783179745e-08
   9.0234375000000000e-01  -8.1425143355884133e-01  -8.1425146583335761e-01   3.2274516281738386e-08
   9.1015625000000000e-01  -9.8934297461151954e-01  -9.8934300351854243e-01   2.8907022886492939e-08
   9.1796875000000000e-01  -1.0638375455895557e+00  -1.0638375637278243e+00   1.8138268664813495e-08
   9.2578125000000000e-01  -1.0268969637121390e+00  -1.0268969663768097e+00   2.6646707063093800e-09
   9.3359375000000000e-01  -8.7936382726914208e-01  -8.7936381383438500e-01   1.3434757084596072e-08
   9.4140625000000000e-01  -6.3514444417957472e-01  -6.3514441825224621e-01   2.5927328506369918e-08
   9.4921875000000000e-01  -3.2092958806172622e-01  -3.2092955657326727e-01   3.1488458951400844e-08
   9.5703125000000000e-01   2.6048545185893810e-02   2.6048573947800493e-02   2.8761906682717164e-08
   9.6484375000000000e-01   3.6217692152231185e-01   3.6217694012491891e-01   1.8602607065876242e-08
   9.7265625000000000e-01   6.4310224953836159e-01   6.4310225347370209e-01   3.9353404979181050e-09
   9.8046875000000000e-01   8.3006557718368634e-01   8.3006556596929670e-01   1.1214389639135902e-08
   9.8828125000000000e-01   8.9592123493377707e-01   8.9592121219256660e-01   2.2741210470300643e-08
   9.9609375000000000e-01   8.2978968536179720e-01   8.2978965760252510e-01   2.7759272103189403e-08
   7.5390625000000000e-01  -1.1247478714962058e+00  -1.1247478495818015e+00   2.1914404291223377e-08
   7.6171875000000000e-01  -1.1900612282750618e+00  -1.1900612128484074e+00   1.5426654398353890e-08
   7.6953125000000000e-01  -1.1266245813694526e+00  -1.1266245753312571e+00   6.0381954991584053e-09
   7.7734375000000000e-01  -9.4209545812102802e-01  -9.4209546275441192e-01   4.6333838987777654e-09
   7.8515625000000000e-01  -6.5871784241458442e-01  -6.5871785716750542e-01   1.4752920995952934e-08
   7.9296875000000000e-01  -3.0947239802203902e-01  -3.0947242040614020e-01   2.2384101183714478e-08
   8.0078125000000000e-01   6.6873625123497329e-02   6.6873599211275114e-02   2.5912222215151992e-08
   8.0859375000000000e-01   4.3091529623141378e-01   4.3091527196428298e-01   2.4267130804833670e-08
   8.1640625000000000e-01   7.4715256662198015e-01   7.4715254923053742e-01   1.7391442730385620e-08
   8.2421875000000000e-01   9.8736255091748926e-01   9.8736254460992612e-01   6.3075631384634789e-09
   8.3203125000000000e-01   1.1325546914006379e+00   1.1325546982015222e+00   6.8008843001621244e-09
   8.3984375000000000e-01   1.1735742983027555e+00   1.1735743173897377e+00   1.9086982216975912e-08
   8.4765625000000000e-01   1.1106550289247656e+00   1.1106550564665458e+00   2.7541780189821452e-08
   8.5546875000000000e-01   9.5233166211680775e-01   9.5233169201482204e-01   2.9898014286544594e-08
   8.6328125000000000e-01   7.1409999629286602e-01   7.1410002145739893e-01   2.5164532901911230e-08
   8.7109375000000000e-01   4.1707688589631603e-01   4.1707690004405501e-01   1.4147738980341273e-08
