#                  Coord.                Numerical               Analytical                    Error
   3.9062500000000000e-03   2.9039154876932166e-01   2.9039154872799672e-01   4.1324943467202502e-11
   1.1718750000000000e-02   5.2124987995254779e-01   5.2124987992054828e-01   3.1999514149561037e-11
   1.9531250000000000e-02   7.4396701219114747e-01   7.4396701218798134e-01   3.1661340216260214e-12
   2.7343750000000000e-02   9.2447970302832205e-01   9.2447970306284744e-01   3.4525382552885731e-11
   3.5156250000000000e-02   1.0272038345264269e+00   1.0272038345734495e+00   4.7022608029578805e-11
   4.2968750000000000e-02   1.0205045511747775e+00   1.0205045512171766e+00   4.2399195265829803e-11
   5.0781250000000000e-02   8.8264336718192171e-01   8.8264336720162040e-01   1.9698687125924152e-11
   5.8593750000000000e-02   6.0721359482845894e-01   6.0721359480728110e-01   2.1177837261632249e-11
   6.6406250000000000e-02   2.0698139483434325e-01   2.0698139477981203e-01   5.4531212878572433e-11
   7.4218750000000000e-02  -2.8484398016028312e-01  -2.8484398021864454e-01   5.8361426802377991e-11
   8.2031250000000000e-02  -8.1656692353729365e-01  -8.1656692356937732e-01   3.2083669054827624e-11
   8.9843750000000000e-02  -1.3233420558379383e+00  -1.3233420558263027e+00   1.1635581387281491e-11
   9.7656250000000000e-02  -1.7354330417715194e+00  -1.7354330417186963e+00   5.2823079244035398e-11
   1.0546875000000000e-01  -1.9883290731606555e+00  -1.9883290730657486e+00   9.4906971170871657e-11
   1.1328125000000000e-01  -2.0331764611210121e+00  -2.0331764610059810e+00   1.1503109575983217e-10
   1.2109375000000000e-01  -1.8457478214191292e+00  -1.8457478212977887e+00   1.2134049320877693e-10
   1.2890625000000000e-01  -1.4322550783663577e+00  -1.4322550782707857e+00   9.5571994762622126e-11
   1.3671875000000000e-01  -8.3073100648675824e-01  -8.3073100637864550e-01   1.0811274098188051e-10
   1.4453125000000000e-01  -1.0740394087791781e-01  -1.0740394080798264e-01   6.9935168767187861e-11
   1.5234375000000000e-01   6.5164581938003308e-01   6.5164581943571442e-01   5.5681348420932864e-11
   1.6015625000000000e-01   1.3523926019082508e+00   1.3523926019162291e+00   7.9782846995612999e-12
   1.6796875000000000e-01   1.9064825973085453e+00   1.9064825973068917e+00   1.6535661728767082e-12
   1.7578125000000000e-01   2.2443294250876704e+00   2.2443294250618089e+00   2.5861535135618396e-11
   1.8359375000000000e-01   2.3254813875478537e+00   2.3254813875413034e+00   6.5503158452884236e-12
   1.9140625000000000e-01   2.1444931839400962e+00   2.1444931839134997e+00   2.6596502777920250e-11
   1.9921875000000000e-01   1.7313110740681992e+00   1.7313110740514923e+00   1.6706858119164281e-11
   2.0703125000000000e-01   1.1461459664304676e+00   1.1461459663909190e+00   3.9548586627802251e-11
   2.1484375000000000e-01   4.6977599255290209e-01   4.6977599252404634e-01   2.8855751121881212e-11
   2.2265625000000000e-01  -2.0899915422399989e-01  -2.0899915428537066e-01   6.1370769577351325e-11
   2.3046875000000000e-01  -8.0658381964069892e-01  -8.0658381968525650e-01   4.4557579848003570e-11
   2.3828125000000000e-01  -1.2562900198267619e+00  -1.2562900198662843e+00   3.9522385364421098e-11
   2.4609375000000000e-01  -1.5166882091168803e+00  -1.5166882090858320e+00   3.1048275062062203e-11
   2.5390625000000000e-01  -1.5754609143553784e+00  -1.5754609143101099e+00   4.5268455650671058e-11
   2.6171875000000000e-01  -1.4484689085550191e+00  -1.4484689085608022e+00   5.7831517352724404e-12
   2.6953125000000000e-01  -1.1745872257986729e+00  -1.1745872258324064e+00   3.3733460469420606e-11
   2.7734375000000000e-01  -8.0754843916748453e-01  -8.0754843924189479e-01   7.4410255734846942e-11
   2.8515625000000000e-01  -4.0642722252701319e-01  -4.0642722259490160e-01   6.7888417110140153e-11
   2.9296875000000000e-01  -2.6463203239743681e-02  -2.6463203292396060e-02   5.2652378984552328e-11
   3.0078125000000000e-01   2.8833082231851020e-01   2.8833082230987106e-01   8.6391449549694244e-12
   3.0859375000000000e-01   5.0981046985044332e-01   5.0981046985850664e-01   8.0633277832475869e-12
   3.1640625000000000e-01   6.2722296412418277e-01   6.2722296415492840e-01   3.0745628265549385e-11
   3.2421875000000000e-01   6.4582814881437633e-01   6.4582814884985051e-01   3.5474179149730389e-11
   3.3203125000000000e-01   5.8329714462831095e-01   5.8329714466215465e-01   3.3843705615765884e-11
   3.3984375000000000e-01   4.6484117429360217e-01   4.6484117429354321e-01   5.8952842607595812e-14
   3.4765625000000000e-01   3.1808205914854260e-01   3.1808205913047155e-01   1.8071044660672442e-11
   3.5546875000000000e-01   1.6854380018392479e-01   1.6854380015057907e-01   3.3345715078070270e-11
   3.6328125000000000e-01   3.6377977568125136e-02   3.6377977532750537e-02   3.5374599083315417e-11
   3.7109375000000000e-01  -6.5392114160768691e-02  -6.5392114206817162e-02   4.6048470592197077e-11
   3.7890625000000000e-01  -1.3114005217795335e-01  -1.3114005220972069e-01   3.1767338759536301e-11
   3.8671875000000000e-01  -1.6169689097643908e-01  -1.6169689101220577e-01   3.5766695161143502e-11
   3.9453125000000000e-01  -1.6262958562736726e-01  -1.6262958565552105e-01   2.8153784858986342e-11
   4.0234375000000000e-01  -1.4220168383674542e-01  -1.4220168384701817e-01   1.0272754868978495e-11
   4.1015625000000000e-01  -1.0942744333262264e-01  -1.0942744332478453e-01   7.8381051649145661e-12
   4.1796875000000000e-01  -7.2515721284532250e-02  -7.2515721269484190e-02   1.5048060020284026e-11
   4.2578125000000000e-01  -3.7859340547869012e-02  -3.7859340533458165e-02   1.4410847515300418e-11
   4.3359375000000000e-01  -9.5916844906757514e-03  -9.5916844886435228e-03   2.0322285521068295e-12
   4.4140625000000000e-01   1.0371500097400226e-02   1.0371500103353656e-02   5.9534304569508478e-12
   4.4921875000000000e-01   2.1948865459837198e-02   2.1948865459191027e-02   6.4617061701355283e-13
   4.5703125000000000e-01   2.6331658553639919e-02   2.6331658549452547e-02   4.1873726708274717e-12
   4.6484375000000000e-01   2.5390522516633044e-02   2.5390522511435656e-02   5.1973876591393520e-12
   4.7265625000000000e-01   2.1160156131681675e-02   2.1160156137241693e-02   5.5600177240044957e-12
   4.8046875000000000e-01   1.5464401217422692e-02   1.5464401223541677e-02   6.1189855266041704e-12
   4.8828125000000000e-01   9.7002579146057890e-03   9.7002579188915066e-03   4.2857176141275488e-12
   4.9609375000000000e-01   4.7654376877624919e-03   4.7654376900773867e-03   2.3148948036233463e-12
   5.0390625000000000e-01   1.0936702489163731e-03   1.0936702475639660e-03   1.3524071185849751e-12
   5.1171875000000000e-01  -1.2452630355805658e-03  -1.2452630362759596e-03   6.9539382932526372e-13
   5.1953125000000000e-01  -2.4207222991793568e-03  -2.4207222943592914e-03   4.8200653537944227e-12
   5.2734375000000000e-01  -2.7221559423895223e-03  -2.7221559366849730e-03   5.7045492461715863e-12
   5.3515625000000000e-01  -2.4644814389138854e-03  -2.4644814359038886e-03   3.0099967657237769e-12
   5.4296875000000000e-01  -1.9254162132657845e-03  -1.9254162109363223e-03   2.3294621440128616e-12
   5.5078125000000000e-01  -1.3137056788354721e-03  -1.3137056811120598e-03   2.2765877724650885e-12
   5.5859375000000000e-01  -7.6195469858357425e-04  -7.6195469903114126e-04   4.4756700515874437e-13
   5.6640625000000000e-01  -3.3566497405092212e-04  -3.3566497390032774e-04   1.5059438071562958e-13
   5.7421875000000000e-01  -5.0364541244148988e-05  -5.0364543642900094e-05   2.3987511060591035e-12
   5.8203125000000000e-01   1.0956814594889387e-04   1.0956814557907940e-04   3.6981447635101028e-13
   5.8984375000000000e-01   1.7451921420303849e-04   1.7451921469838549e-04   4.9534700885360550e-13
   5.9765625000000000e-01   1.7767506630486261e-04   1.7767506698742046e-04   6.8255785138499059e-13
   6.0546875000000000e-01   1.4780141970913063e-04   1.4780142021703980e-04   5.0790917153521742e-13
   6.1328125000000000e-01   1.0605262452060107e-04   1.0605262481624625e-04   2.9564518151323216e-13
   6.2109375000000000e-01   6.5637076560339078e-05   6.5637077486411962e-05   9.2607288482669803e-13
   6.2890625000000000e-01   3.3130892956280258e-05   3.3130892832515768e-05   1.2376449013860522e-13
   6.3671875000000000e-01   1.0451487673033328e-05   1.0451487974450176e-05   3.0141684876922991e-13
   6.4453125000000000e-01  -3.1784884448009748e-06  -3.1784877662289009e-06   6.7857207390069796e-13
   6.5234375000000000e-01  -9.6378634249132819e-06  -9.6378633465752094e-06   7.8338072519775620e-14
   6.6015625000000000e-01  -1.0807677283836929e-05  -1.0807676276797405e-05   1.0070395241985018e-12
   6.6796875000000000e-01  -7.9427502176350407e-06  -7.9427520318002240e-06   1.8141651832989441e-12
   6.7578125000000000e-01  -1.4280364695939147e-06  -1.4280354395210558e-06   1.0300728589459360e-12
   6.8359375000000000e-01   9.1676315838943101e-06   9.1676316915082841e-06   1.0761397401990412e-13
   6.9140625000000000e-01   2.4793626475958327e-05   2.4793624260240947e-05   2.2157173794020487e-12
   6.9921875000000000e-01   4.6385171027207435e-05   4.6385171899323698e-05   8.7211626267034992e-13
   7.0703125000000000e-01   7.4074790119584501e-05   7.4074788261721639e-05   1.8578628625766022e-12
   7.1484375000000000e-01   1.0612516532355937e-04   1.0612516855976545e-04   3.2362060757963954e-12
   7.2265625000000000e-01   1.3760622822429089e-04   1.3760622761887858e-04   6.0541231316352251e-13
   7.3046875000000000e-01   1.5893951773779554e-04   1.5893951596292411e-04   1.7748714282138367e-12
   7.3828125000000000e-01   1.5459123126944574e-04   1.5459123522874039e-04   3.9592946434428844e-12
   7.4609375000000000e-01   1.0239868126078267e-04   1.0239868063864807e-04   6.2213460023854278e-13
   8.7890625000000000e-01   4.1359321479632109e-02   4.1359321474791072e-02   4.8410372932572443e-12
   8.8671875000000000e-01   4.6230807491447812e-02   4.6230807493095737e-02   1.6479248521328316e-12
   8.9453125000000000e-01   4.5328019778461820e-02   4.5328019787879273e-02   9.4174529285950825e-12
   9.0234375000000000e-01   3.5891872689898387e-02   3.5891872682600662e-02   7.2977249243599829e-12
   9.1015625000000000e-01   1.5461713363937398e-02   1.5461713349383094e-02   1.4554303942593272e-11
   9.1796875000000000e-01  -1.7506632868366328e-02  -1.7506632881360382e-02   1.2994053749659784e-11
   9.2578125000000000e-01  -6.2939997112602272e-02  -6.2939997124951838e-02   1.2349565814417929e-11
   9.3359375000000000e-01  -1.1847720951579101e-01  -1.1847720952853162e-01   1.2740614119266525e-11
   9.4140625000000000e-01  -1.7898054803160435e-01  -1.7898054801758104e-01   1.4023310290767199e-11
   9.4921875000000000e-01  -2.3640072458351402e-01  -2.3640072455550884e-01   2.8005181507140264e-11
   9.5703125000000000e-01  -2.8015516618600833e-01  -2.8015516614997843e-01   3.6029901284706511e-11
   9.6484375000000000e-01  -2.9812785866926261e-01  -2.9812785865340080e-01   1.5861811863970843e-11
   9.7265625000000000e-01  -2.7830569758621548e-01  -2.7830569757445756e-01   1.1757927964595183e-11
   9.8046875000000000e-01  -2.1093845947523854e-01  -2.1093845946733839e-01   7.9001527542033045e-12
   9.8828125000000000e-01  -9.0965106406586740e-02  -9.0965106412128072e-02   5.5413312827212735e-12
   9.9609375000000000e-01   7.9684349283900058e-02   7.9684349253896655e-02   3.0003402540224045e-11
   7.5390625000000000e-01  -2.5768021528068470e-05  -2.5768018625757042e-05   2.9023114274840008e-12
   7.6171875000000000e-01  -2.6113495909329512e-04  -2.6113495656995421e-04   2.5233409112201954e-12
   7.6953125000000000e-01  -6.3202987777288757e-04  -6.3202987933303704e-04   1.5601494705516639e-12
   7.7734375000000000e-01  -1.1540489471098751e-03  -1.1540489505579502e-03   3.4480751587295799e-12
   7.8515625000000000e-01  -1.8162215726955258e-03  -1.8162215705487706e-03   2.1467552128312528e-12
   7.9296875000000000e-01  -2.5639988484057446e-03  -2.5639988455806416e-03   2.8251029987602649e-12
   8.0078125000000000e-01  -3.2813297666644350e-03  -3.2813297700257007e-03   3.3612656928638796e-12
   8.0859375000000000e-01  -3.7758658951994048e-03  -3.7758658880335506e-03   7.1658542814823090e-12
   8.1640625000000000e-01  -3.7731686739161199e-03  -3.7731686722491005e-03   1.6670193871137773e-12
   8.2421875000000000e-01  -2.9272093379359050e-03  -2.9272093381454067e-03   2.0950168683198100e-13
   8.3203125000000000e-01  -8.5480166175287003e-04  -8.5480166911575941e-04   7.3628893780541826e-12
   8.3984375000000000e-01   2.7998379889305489e-03   2.7998379796949236e-03   9.2356252853753595e-12
   8.4765625000000000e-01   8.2681103300212937e-03   8.2681103334928674e-03   3.4715737229351618e-12
   8.5546875000000000e-01   1.5532046809104364e-02   1.5532046802150508e-02   6.9538558938875283e-12
   8.6328125000000000e-01   2.4185024385569971e-02   2.4185024378003642e-02   7.5663295073802317e-12
   8.7109375000000000e-01   3.3302730103692890e-02   3.3302730099861406e-02   3.8314837413899738e-12
