#                  Coord.                Numerical               Analytical                    Error
   3.9062500000000000e-03   7.9931898394292311e-01   7.9931895497044947e-01   2.8972473642419061e-08
   1.1718750000000000e-02   5.7268025542200851e-01   5.7268023233428100e-01   2.3087727507586919e-08
   1.9531250000000000e-02   2.7950451800828191e-01   2.7950450435855828e-01   1.3649723629161059e-08
   2.7343750000000000e-02  -4.5373507638764861e-02  -4.5373510186986411e-02   2.5482215504357697e-09
   3.5156250000000000e-02  -3.6064830509061624e-01  -3.6064829668923171e-01   8.4013845325081604e-09
   4.2968750000000000e-02  -6.2514663811534288e-01  -6.2514662058218262e-01   1.7533160256988367e-08
   5.0781250000000000e-02  -8.0470828287547758e-01  -8.0470825930648682e-01   2.3568990759059716e-08
   5.8593750000000000e-02  -8.7805705864024242e-01  -8.7805703306312377e-01   2.5577118645259134e-08
   6.6406250000000000e-02  -8.4053425743219357e-01  -8.4053423422358031e-01   2.3208613253444810e-08
   7.4218750000000000e-02  -7.0494972401455103e-01  -7.0494970732250450e-01   1.6692046522770454e-08
   8.2031250000000000e-02  -4.9933949385098669e-01  -4.9933948680993639e-01   7.0410502983619949e-09
   8.9843750000000000e-02  -2.6199968745875030e-01  -2.6199969158445147e-01   4.1257011695883250e-09
   9.7656250000000000e-02  -3.4681459223017748e-02  -3.4681473897160288e-02   1.4674142539972124e-08
   1.0546875000000000e-01   1.4481857473100201e-01   1.4481855224009968e-01   2.2490902334970642e-08
   1.1328125000000000e-01   2.4932087054945493e-01   2.4932084471979749e-01   2.5829657440690212e-08
   1.2109375000000000e-01   2.6696363813521751e-01   2.6696361421379144e-01   2.3921426062223361e-08
   1.2890625000000000e-01   2.0308968086211426e-01   2.0308966380016552e-01   1.7061948742735922e-08
   1.3671875000000000e-01   7.8985690441170903e-02   7.8985683671072768e-02   6.7700981348783884e-09
   1.4453125000000000e-01  -7.2284745300608563e-02  -7.2284740693042956e-02   4.6075656068289561e-09
   1.5234375000000000e-01  -2.1218871356954885e-01  -2.1218869902744728e-01   1.4542101578474131e-08
   1.6015625000000000e-01  -3.0402744438815804e-01  -3.0402742349871598e-01   2.0889442065019637e-08
   1.6796875000000000e-01  -3.1992287243071071e-01  -3.1992284998389831e-01   2.2446812408816186e-08
   1.7578125000000000e-01  -2.4624217834009687e-01  -2.4624215913114589e-01   1.9208950985394324e-08
   1.8359375000000000e-01  -8.6500587190191172e-02  -8.6500574874268266e-02   1.2315922906513954e-08
   1.9140625000000000e-01   1.3876992174478001e-01   1.3876992540775945e-01   3.6629794475384614e-09
   1.9921875000000000e-01   3.9517048182863768e-01   3.9517047714927783e-01   4.6793598440508788e-09
   2.0703125000000000e-01   6.4007176257999732e-01   6.4007175156825402e-01   1.1011743294986331e-08
   2.1484375000000000e-01   8.2978594466211797e-01   8.2978593028952019e-01   1.4372597778589125e-08
   2.2265625000000000e-01   9.2706854385214099e-01   9.2706852921608707e-01   1.4636053924377279e-08
   2.3046875000000000e-01   9.0769178568835285e-01   9.0769177329682194e-01   1.2391530912481130e-08
   2.3828125000000000e-01   7.6498522347177378e-01   7.6498521485802451e-01   8.6137492694149387e-09
   2.4609375000000000e-01   5.1157185822571871e-01   5.1157185391355253e-01   4.3121661796874378e-09
   2.5390625000000000e-01   1.7798402985483355e-01   1.7798402964641033e-01   2.0842322312475403e-10
   2.6171875000000000e-01  -1.9165057737071989e-01  -1.9165057405212774e-01   3.3185921510803240e-09
   2.6953125000000000e-01  -5.4618687858823300e-01  -5.4618687239526309e-01   6.1929699146645589e-09
   2.7734375000000000e-01  -8.3526895968798454e-01  -8.3526895125607525e-01   8.4319092819029606e-09
   2.8515625000000000e-01  -1.0171262455731807e+00  -1.0171262356114774e+00   9.9617032400800554e-09
   2.9296875000000000e-01  -1.0651159595879849e+00  -1.0651159490938202e+00   1.0494164648378046e-08
   3.0078125000000000e-01  -9.7196578710148340e-01  -9.7196577746898449e-01   9.6324989096174818e-09
   3.0859375000000000e-01  -7.5103842851095715e-01  -7.5103842146829691e-01   7.0426602327700039e-09
   3.1640625000000000e-01  -4.3441821430701277e-01  -4.3441821156255389e-01   2.7444588823755112e-09
   3.2421875000000000e-01  -6.8129765850754045e-02  -6.8129768598905266e-02   2.7481512204774461e-09
   3.3203125000000000e-01   2.9474572737386978e-01   2.9474571900362928e-01   8.3702405007102243e-09
   3.3984375000000000e-01   6.0196618339281915e-01   6.0196617063564661e-01   1.2757172540567296e-08
   3.4765625000000000e-01   8.0980504062576508e-01   8.0980502603665283e-01   1.4589112251606196e-08
   3.5546875000000000e-01   8.8934065414350139e-01   8.8934064106684274e-01   1.3076658644806116e-08
   3.6328125000000000e-01   8.3044199171300703e-01   8.3044198345492515e-01   8.2580818849820048e-09
   3.7109375000000000e-01   6.4292294487723189e-01   6.4292294371883718e-01   1.1583947134852224e-09
   3.7890625000000000e-01   3.5479223502203594e-01   3.5479224148326144e-01   6.4612254990770168e-09
   3.8671875000000000e-01   7.9662501089858579e-03   7.9662626465564264e-03   1.2537570568543766e-08
   3.9453125000000000e-01  -3.4783362521282363e-01  -3.4783360997180063e-01   1.5241022999212817e-08
   4.0234375000000000e-01  -6.6205993005425479e-01  -6.6205991632697692e-01   1.3727277869968191e-08
   4.1015625000000000e-01  -8.9019515283104711e-01  -8.9019514452751769e-01   8.3035294196065479e-09
   4.1796875000000000e-01  -9.9957501569148366e-01  -9.9957501515285074e-01   5.3863291604727692e-10
   4.2578125000000000e-01  -9.7347494885266783e-01  -9.7347495612869661e-01   7.2760287794793044e-09
   4.3359375000000000e-01  -8.1303143718594917e-01  -8.1303144988775655e-01   1.2701807383663777e-08
   4.4140625000000000e-01  -5.3686699735634758e-01  -5.3686701137355286e-01   1.4017205285377088e-08
   4.4921875000000000e-01  -1.7856502574796798e-01  -1.7856503642583155e-01   1.0677863565566881e-08
   4.5703125000000000e-01   2.1762885416927857e-01   2.1762885051800956e-01   3.6512690093637445e-09
   4.6484375000000000e-01   6.0233239450544351e-01   6.0233239941822303e-01   4.9127795165304633e-09
   4.7265625000000000e-01   9.2712605604797127e-01   9.2712606825688237e-01   1.2208911104316655e-08
   4.8046875000000000e-01   1.1505272800248392e+00   1.1505272957649622e+00   1.5740122982776938e-08
   4.8828125000000000e-01   1.2431545366905450e+00   1.2431545507239703e+00   1.4033425310699954e-08
   4.9609375000000000e-01   1.1914696881599292e+00   1.1914696954270476e+00   7.2671184625505703e-09
   5.0390625000000000e-01   9.9962341754531492e-01   9.9962341476190486e-01   2.7834100579937626e-09
   5.1171875000000000e-01   6.8912680698963658e-01   6.8912679385322229e-01   1.3136414289682818e-08
   5.1953125000000000e-01   2.9632360800891233e-01   2.9632358759057736e-01   2.0418334967242657e-08
   5.2734375000000000e-01  -1.3207973802304210e-01  -1.3207976008963285e-01   2.2066590749103554e-08
   5.3515625000000000e-01  -5.4489167896418000e-01  -5.4489169594873865e-01   1.6984558648402981e-08
   5.4296875000000000e-01  -8.9295907876948244e-01  -8.9295908490202303e-01   6.1325405864565141e-09
   5.5078125000000000e-01  -1.1354450955737936e+00  -1.1354450878189701e+00   7.7548234500568469e-09
   5.5859375000000000e-01  -1.2449725796766142e+00  -1.2449725589328238e+00   2.0743790463129130e-08
   5.6640625000000000e-01  -1.2108934410925354e+00  -1.2108934121318040e+00   2.8960731368599113e-08
   5.7421875000000000e-01  -1.0402251307647237e+00  -1.0402251011461030e+00   2.9618620667193341e-08
   5.8203125000000000e-01  -7.5616313152901526e-01  -7.5616310950197829e-01   2.2027036972183112e-08
   5.8984375000000000e-01  -3.9446678909642990e-01  -3.9446678132441843e-01   7.7720114788348837e-09
   5.9765625000000000e-01   1.6497784931096282e-03   1.6497690102832265e-03   9.4828264017229880e-09
   6.0546875000000000e-01   3.8727569630822767e-01   3.8727567121370593e-01   2.5094521738378006e-08
   6.1328125000000000e-01   7.2131179164995018e-01   7.2131175705803086e-01   3.4591919328974541e-08
   6.2109375000000000e-01   9.7094687467538965e-01   9.7094683955737349e-01   3.5118016161739263e-08
   6.2890625000000000e-01   1.1145727262892859e+00   1.1145727001592096e+00   2.6130076324903939e-08
   6.3671875000000000e-01   1.1429389883165013e+00   1.1429389785094279e+00   9.8070733756117079e-09
   6.4453125000000000e-01   1.0586800362681474e+00   1.0586800457589951e+00   9.4908476633293049e-09
   6.5234375000000000e-01   8.7460458677019270e-01   8.7460461329511563e-01   2.6524922924764383e-08
   6.6015625000000000e-01   6.1127379936904580e-01   6.1127383587111606e-01   3.6502070255295394e-08
   6.6796875000000000e-01   2.9438719682565340e-01   2.9438723336621214e-01   3.6540558745468132e-08
   6.7578125000000000e-01  -4.7632809886886569e-02  -4.7632783433572322e-02   2.6453314247443238e-08
   6.8359375000000000e-01  -3.8566755859202623e-01  -3.8566754964846661e-01   8.9435596151155039e-09
   6.9140625000000000e-01  -6.9155588979931559e-01  -6.9155590096849617e-01   1.1169180580417049e-08
   6.9921875000000000e-01  -9.3953881327725619e-01  -9.3953884148726230e-01   2.8210006108864150e-08
   7.0703125000000000e-01  -1.1077046200729517e+00  -1.1077046573742393e+00   3.7301287614255330e-08
   7.1484375000000000e-01  -1.1795762479202772e+00  -1.1795762836167178e+00   3.5696440692234432e-08
   7.2265625000000000e-01  -1.1458257146706823e+00  -1.1458257383560144e+00   2.3685332140033211e-08
   7.3046875000000000e-01  -1.0059071767506649e+00  -1.0059071812673313e+00   4.5166663742435276e-09
   7.3828125000000000e-01  -7.6923755428022900e-01  -7.6923753788512650e-01   1.6395102497845926e-08
   7.4609375000000000e-01  -4.5548343004122510e-01  -4.5548339696884715e-01   3.3072377947362952e-08
   8.7890625000000000e-01  -7.4980305864779262e-01  -7.4980307934045054e-01   2.0692657920484692e-08
   8.8671875000000000e-01  -7.0588497041195386e-01  -7.0588500990080683e-01   3.9488852965341437e-08
   8.9453125000000000e-01  -6.3855501319383490e-01  -6.3855506125730743e-01   4.8063472535275764e-08
   9.0234375000000000e-01  -5.5935857520826049e-01  -5.5935861995735492e-01   4.4749094429974434e-08
   9.1015625000000000e-01  -4.7350798593402121e-01  -4.7350801685200961e-01   3.0917988391720996e-08
   9.1796875000000000e-01  -3.7962816380578462e-01  -3.7962817435930685e-01   1.0553522222789269e-08
   9.2578125000000000e-01  -2.7149124953519344e-01  -2.7149123846316336e-01   1.1072030070558014e-08
   9.3359375000000000e-01  -1.4127165416489165e-01  -1.4127162542800276e-01   2.8736888896263579e-08
   9.4140625000000000e-01   1.6512602104383146e-02   1.6512640770383290e-02   3.8666000144738089e-08
   9.4921875000000000e-01   2.0138347001559864e-01   2.0138350926426515e-01   3.9248666511282337e-08
   9.5703125000000000e-01   4.0457041154605017e-01   4.0457044282500182e-01   3.1278951651003695e-08
   9.6484375000000000e-01   6.0864912649518010e-01   6.0864914386308733e-01   1.7367907223508894e-08
   9.7265625000000000e-01   7.8940499503763739e-01   7.8940499618256565e-01   1.1449282633080315e-09
   9.8046875000000000e-01   9.1967251333764122e-01   9.1967249953093344e-01   1.3806707777064275e-08
   9.8828125000000000e-01   9.7443993937453588e-01   9.7443991474022329e-01   2.4634312589810747e-08
   9.9609375000000000e-01   9.3618744335052428e-01   9.3618741356532997e-01   2.9785194310960605e-08
   7.5390625000000000e-01  -9.3573508223440904e-02  -9.3573467667283042e-02   4.0556157862581266e-08
   7.6171875000000000e-01   2.8074979569542358e-01   2.8074983215690980e-01   3.6461486219163675e-08
   7.6953125000000000e-01   6.2873365130775360e-01   6.2873367287878634e-01   2.1571032737810469e-08
   7.7734375000000000e-01   9.1334310603217006e-01   9.1334310588365741e-01   1.4851264662496533e-10
   7.8515625000000000e-01   1.1042107176601659e+00   1.1042106949160082e+00   2.2744157668341813e-08
   7.9296875000000000e-01   1.1819561403118883e+00   1.1819561005030517e+00   3.9808836671539893e-08
   8.0078125000000000e-01   1.1410526256023745e+00   1.1410525791749688e+00   4.6427405697713198e-08
   8.0859375000000000e-01   9.9063166093584198e-01   9.9063162049577835e-01   4.0440063631130840e-08
   8.1640625000000000e-01   7.5298208294209079e-01   7.5298205971426146e-01   2.3227829326621929e-08
   8.2421875000000000e-01   4.5994239841273471e-01   4.5994239918191487e-01   7.6918016400639999e-10
   8.3203125000000000e-01   1.4780880855316797e-01   1.4780883366775155e-01   2.5114583579455285e-08
   8.3984375000000000e-01  -1.4830950676776833e-01  -1.4830946346094276e-01   4.3306825570077478e-08
   8.4765625000000000e-01  -3.9963525799236693e-01  -3.9963520755460119e-01   5.0437765741762064e-08
   8.5546875000000000e-01  -5.8741506615060624e-01  -5.8741502147506286e-01   4.4675543375838345e-08
   8.6328125000000000e-01  -7.0450894283174237e-01  -7.0450891526053194e-01   2.7571210425847426e-08
   8.7109375000000000e-01  -7.5467106089880753e-01  -7.5467105717365457e-01   3.7251529638737679e-09
