# Vir_Max  : maximum virtual  memory size of a single process at the present
# Vir_Sum  : total   virtual  memory size of all processes    at the present
# Vir_Peak : maximum virtual  memory size of a single process during the entire simulation
# Phy_Max  : maximum physical memory size of a single process at the present
# Phy_Sum  : total   physical memory size of all processes    at the present
# Phy_Peak : maximum physical memory size of a single process during the entire simulation
#------------------------------------------------------------------------------------------

#         Time          Step         Vir_Max (MB)        Vir_Sum (MB)       Vir_Peak (MB)        Phy_Max (MB)        Phy_Sum (MB)       Phy_Peak (MB)
 0.0000000e+00             0             3841.97             3841.97             3843.11              299.96              299.96              300.47
 1.0879732e-03             1             3861.97             3861.97             3861.97              320.48              320.48              320.48
 2.1759465e-03             2             3873.97             3873.97             3873.97              336.52              336.52              336.52
 3.2639197e-03             3             3885.97             3885.97             3885.97              350.59              350.59              350.59
 4.3518930e-03             4             3901.97             3901.97             3901.97              365.18              365.18              365.18
 5.4398662e-03             5             3926.03             3926.03             3926.04              379.86              379.86              379.86
 6.5278395e-03             6             3934.03             3934.03             3934.04              393.84              393.84              393.84
 7.6158127e-03             7             3954.03             3954.03             3954.04              409.12              409.12              409.12
 8.7037860e-03             8             3962.03             3962.03             3962.04              423.00              423.00              423.00
 9.7917592e-03             9             3982.03             3982.03             3982.04              437.08              437.08              437.08
 1.0879732e-02            10             3994.03             3994.03             3994.04              451.07              451.07              451.07
 1.1967706e-02            11             4006.03             4006.03             4006.04              465.57              465.57              465.57
 1.3055679e-02            12             4026.09             4026.09             4026.10              480.08              480.08              480.08
 1.4143652e-02            13             4042.09             4042.09             4042.10              494.54              494.54              494.54
 1.5231625e-02            14             4054.09             4054.09             4054.10              508.48              508.48              508.48
 1.6319599e-02            15             4066.09             4066.09             4066.10              522.36              522.36              522.36
 1.7407572e-02            16             4078.09             4078.09             4078.10              537.21              537.21              537.21
 1.8495545e-02            17             4090.09             4090.09             4090.10              551.05              551.05              551.05
 1.9583518e-02            18             4114.09             4114.09             4114.10              565.75              565.75              565.76
 2.0671492e-02            19             4126.09             4126.09             4126.10              579.11              579.11              579.11
 2.1759465e-02            20             4138.09             4138.09             4138.10              593.54              593.54              593.54
 2.2847438e-02            21             4154.16             4154.16             4154.16              608.64              608.64              608.64
 2.3935411e-02            22             4170.16             4170.16             4170.16              622.11              622.11              622.11
 2.5023385e-02            23             4182.16             4182.16             4182.16              636.66              636.66              636.66
 2.6111358e-02            24             4194.16             4194.16             4194.16              651.39              651.39              651.39
 2.7199331e-02            25             4210.16             4210.16             4210.16              665.52              665.52              665.52
 2.8287304e-02            26             4230.16             4230.16             4230.16              679.48              679.48              679.48
 2.9375278e-02            27             4238.22             4238.22             4238.22              694.03              694.03              694.03
 3.0463251e-02            28             4250.22             4250.22             4250.22              708.33              708.33              708.33
 3.1551224e-02            29             4270.22             4270.22             4270.22              722.31              722.31              722.31
 3.2639197e-02            30             4290.22             4290.22             4290.22              736.96              736.96              736.96
 3.3727171e-02            31             4294.22             4294.22             4294.22              750.45              750.45              750.45
 3.4815144e-02            32             4314.22             4314.22             4314.22              765.23              765.23              765.23
 3.5903117e-02            33             4330.22             4330.22             4330.22              779.79              779.79              779.79
 3.6991090e-02            34             4338.22             4338.22             4338.22              793.20              793.20              793.20
 3.8079064e-02            35             4358.22             4358.22             4358.22              807.84              807.84              807.84
 3.9167037e-02            36             4370.22             4370.22             4370.22              822.25              822.25              822.25
 4.0255010e-02            37             4386.28             4386.28             4386.29              835.81              835.81              835.81
 4.1342983e-02            38             4398.28             4398.28             4398.29              851.19              851.19              851.19
 4.2430957e-02            39             4418.28             4418.28             4418.29              864.68              864.68              864.68
 4.3518930e-02            40             4430.28             4430.28             4430.29              879.72              879.72              879.72
 4.4606903e-02            41             4442.28             4442.28             4442.29              892.91              892.91              892.91
 4.5694876e-02            42             4454.28             4454.28             4454.29              908.14              908.14              908.14
 4.6782849e-02            43             4478.28             4478.28             4478.29              921.52              921.52              921.52
 4.7870823e-02            44             4486.28             4486.28             4486.29              935.99              935.99              935.99
 4.8958796e-02            45             4498.28             4498.28             4498.29              950.13              950.13              950.13
 5.0046769e-02            46             4518.34             4518.34             4518.35              964.53              964.53              964.53
 5.1134742e-02            47             4534.34             4534.34             4534.35              979.20              979.20              979.20
 5.2222716e-02            48             4542.34             4542.34             4542.35              992.32              992.32              992.32
 5.3310689e-02            49             4558.34             4558.34             4558.35             1007.59             1007.59             1007.59
 5.4398662e-02            50             4582.34             4582.34             4582.35             1021.11             1021.11             1021.11
 5.5486635e-02            51             4586.34             4586.34             4586.35             1035.34             1035.34             1035.34
 5.6574609e-02            52             4606.41             4606.41             4606.41             1049.46             1049.46             1049.46
 5.7662582e-02            53             4618.41             4618.41             4618.41             1063.58             1063.58             1063.58
 5.8750555e-02            54             4634.41             4634.41             4634.41             1078.12             1078.12             1078.12
 5.9838528e-02            55             4650.41             4650.41             4650.41             1092.81             1092.81             1092.81
 6.0926502e-02            56             4658.41             4658.41             4658.41             1107.08             1107.08             1107.09
 6.2014475e-02            57             4674.41             4674.41             4674.41             1120.89             1120.89             1120.89
 6.3102448e-02            58             4690.41             4690.41             4690.41             1135.08             1135.08             1135.08
 6.4190421e-02            59             4710.41             4710.41             4710.41             1149.18             1149.18             1149.18
 6.5278395e-02            60             4722.41             4722.41             4722.41             1163.46             1163.46             1163.46
 6.6366368e-02            61             4738.47             4738.47             4738.47             1177.79             1177.79             1177.79
 6.7454341e-02            62             4750.47             4750.47             4750.47             1192.35             1192.35             1192.35
 6.8542314e-02            63             4762.47             4762.47             4762.47             1205.96             1205.96             1205.96
 6.9630288e-02            64             4778.47             4778.47             4778.47             1220.37             1220.37             1220.37
 7.0718261e-02            65             4790.47             4790.47             4790.47             1234.30             1234.30             1234.30
 7.1806234e-02            66             4806.47             4806.47             4806.47             1249.19             1249.19             1249.19
 7.2894207e-02            67             4818.47             4818.47             4818.47             1263.26             1263.26             1263.26
 7.3982181e-02            68             4834.47             4834.47             4834.47             1277.93             1277.93             1277.93
 7.5070154e-02            69             4850.47             4850.47             4850.47             1291.71             1291.71             1291.71
 7.6158127e-02            70             4862.53             4862.53             4862.54             1306.50             1306.50             1306.50
 7.7246100e-02            71             4878.53             4878.53             4878.54             1319.89             1319.89             1319.89
 7.8334074e-02            72             4898.53             4898.53             4898.54             1335.04             1335.04             1335.04
 7.9422047e-02            73             4906.53             4906.53             4906.54             1348.99             1348.99             1348.99
 8.0510020e-02            74             4922.53             4922.53             4922.54             1363.48             1363.48             1363.48
 8.1597993e-02            75             4938.53             4938.53             4938.54             1376.98             1376.98             1376.98
 8.2685967e-02            76             4950.53             4950.53             4950.54             1391.42             1391.42             1391.42
 8.3773940e-02            77             4974.53             4974.53             4974.54             1405.12             1405.12             1405.12
 8.4861913e-02            78             4986.53             4986.53             4986.54             1419.18             1419.18             1419.18
 8.5949886e-02            79             4998.59             4998.59             4998.60             1433.28             1433.28             1433.28
 8.7037860e-02            80             5014.59             5014.59             5014.60             1447.96             1447.96             1447.96
 8.8125833e-02            81             5022.59             5022.59             5022.60             1461.99             1461.99             1461.99
 8.9213806e-02            82             5042.59             5042.59             5042.60             1476.61             1476.61             1476.61
 9.0301779e-02            83             5054.59             5054.59             5054.60             1490.74             1490.74             1490.74
 9.1389752e-02            84             5066.59             5066.59             5066.60             1505.00             1505.00             1505.00
 9.2477726e-02            85             5082.59             5082.59             5082.60             1519.89             1519.89             1519.89
 9.3565699e-02            86             5102.66             5102.66             5102.66             1533.55             1533.55             1533.55
 9.4653672e-02            87             5114.66             5114.66             5114.66             1548.34             1548.34             1548.34
 9.5741645e-02            88             5130.66             5130.66             5130.66             1562.87             1562.87             1562.87
 9.6829619e-02            89             5142.66             5142.66             5142.66             1575.82             1575.82             1575.82
 9.7917592e-02            90             5154.66             5154.66             5154.66             1590.32             1590.32             1590.32
 9.9005565e-02            91             5174.66             5174.66             5174.66             1604.60             1604.60             1604.60
 1.0009354e-01            92             5186.66             5186.66             5186.66             1619.15             1619.15             1619.15
 1.0118151e-01            93             5198.66             5198.66             5198.66             1633.59             1633.59             1633.59
 1.0226948e-01            94             5222.66             5222.66             5222.66             1647.39             1647.39             1647.39
 1.0335746e-01            95             5226.66             5226.66             5226.66             1661.95             1661.95             1661.95
 1.0444543e-01            96             5246.66             5246.66             5246.66             1675.45             1675.45             1675.45
 1.0553340e-01            97             5262.72             5262.72             5262.72             1689.92             1689.92             1689.92
 1.0662138e-01            98             5274.72             5274.72             5274.72             1704.17             1704.17             1704.17
 1.0770935e-01            99             5286.72             5286.72             5286.72             1718.91             1718.91             1718.91
 1.0879732e-01           100             5306.72             5306.72             5307.86             1733.80             1733.80             1733.81
