#                  Coord.                Numerical               Analytical                    Error
   9.7656250000000000e-04   9.9875957497884382e-01   1.0000000000000000e+00   1.2404250211561774e-03
   2.9296875000000000e-03   9.9875957497886747e-01   1.0000000000000000e+00   1.2404250211325296e-03
   4.8828125000000000e-03   9.9875957497866330e-01   1.0000000000000000e+00   1.2404250213366996e-03
   6.8359375000000000e-03   9.9875957497881507e-01   1.0000000000000000e+00   1.2404250211849321e-03
   8.7890625000000000e-03   9.9875957497879875e-01   1.0000000000000000e+00   1.2404250212012524e-03
   1.0742187500000000e-02   9.9875957497881185e-01   9.9999999999999989e-01   1.2404250211880408e-03
   1.2695312500000000e-02   9.9875957497879597e-01   9.9999999999999989e-01   1.2404250212039170e-03
   1.4648437500000000e-02   9.9875957497868495e-01   9.9999999999999989e-01   1.2404250213149393e-03
   1.6601562500000000e-02   9.9875957497882206e-01   1.0000000000000000e+00   1.2404250211779377e-03
   1.8554687500000000e-02   9.9875957497881063e-01   1.0000000000000000e+00   1.2404250211893730e-03
   2.0507812500000000e-02   9.9875957497876167e-01   1.0000000000000000e+00   1.2404250212383339e-03
   2.2460937500000000e-02   9.9875957497874646e-01   1.0000000000000000e+00   1.2404250212535439e-03
   2.4414062500000000e-02   9.9875957497882595e-01   1.0000000000000000e+00   1.2404250211740520e-03
   2.6367187500000000e-02   9.9875957497882117e-01   1.0000000000000000e+00   1.2404250211788259e-03
   2.8320312500000000e-02   9.9875957497872236e-01   1.0000000000000000e+00   1.2404250212776358e-03
   3.0273437500000000e-02   9.9875957497883483e-01   1.0000000000000000e+00   1.2404250211651702e-03
   3.2226562500000000e-02   9.9875957497882639e-01   1.0000000000000000e+00   1.2404250211736079e-03
   3.4179687500000000e-02   9.9875957497870393e-01   1.0000000000000000e+00   1.2404250212960655e-03
   3.6132812500000000e-02   9.9875957497884149e-01   1.0000000000000000e+00   1.2404250211585088e-03
   3.8085937500000000e-02   9.9875957497873546e-01   1.0000000000000000e+00   1.2404250212645351e-03
   4.0039062500000000e-02   9.9875957497878953e-01   1.0000000000000000e+00   1.2404250212104673e-03
   4.1992187500000000e-02   9.9875957497877710e-01   1.0000000000000000e+00   1.2404250212229018e-03
   4.3945312500000000e-02   9.9875957497876477e-01   1.0000000000000000e+00   1.2404250212352252e-03
   4.5898437500000000e-02   9.9875957497877388e-01   1.0000000000000000e+00   1.2404250212261214e-03
   4.7851562500000000e-02   9.9875957497877155e-01   1.0000000000000000e+00   1.2404250212284529e-03
   4.9804687500000000e-02   9.9875957497879531e-01   1.0000000000000000e+00   1.2404250212046941e-03
   5.1757812500000000e-02   9.9875957497880896e-01   1.0000000000000000e+00   1.2404250211910384e-03
   5.3710937500000000e-02   9.9875957497880985e-01   1.0000000000000000e+00   1.2404250211901502e-03
   5.5664062500000000e-02   9.9875957497879786e-01   1.0000000000000000e+00   1.2404250212021406e-03
   5.7617187500000000e-02   9.9875957497879420e-01   1.0000000000000000e+00   1.2404250212058043e-03
   5.9570312500000000e-02   9.9875957497879619e-01   1.0000000000000000e+00   1.2404250212038059e-03
   6.1523437500000000e-02   9.9875957497878431e-01   1.0000000000000000e+00   1.2404250212156853e-03
   6.3476562500000000e-02   9.9875957497878065e-01   1.0000000000000000e+00   1.2404250212193491e-03
   6.5429687500000000e-02   9.9875957497876189e-01   1.0000000000000000e+00   1.2404250212381118e-03
   6.7382812500000000e-02   9.9875957497876588e-01   1.0000000000000000e+00   1.2404250212341150e-03
   6.9335937500000000e-02   9.9875957497877155e-01   1.0000000000000000e+00   1.2404250212284529e-03
   7.1289062500000000e-02   9.9875957497877266e-01   9.9999999999999989e-01   1.2404250212272316e-03
   7.3242187500000000e-02   9.9875957497878265e-01   1.0000000000000000e+00   1.2404250212173507e-03
   7.5195312500000000e-02   9.9875957497879742e-01   1.0000000000000000e+00   1.2404250212025847e-03
   7.7148437500000000e-02   9.9875957497879186e-01   1.0000000000000000e+00   1.2404250212081358e-03
   7.9101562500000000e-02   9.9875957497879264e-01   1.0000000000000000e+00   1.2404250212073586e-03
   8.1054687500000000e-02   9.9875957497879275e-01   1.0000000000000000e+00   1.2404250212072476e-03
   8.3007812500000000e-02   9.9875957497879386e-01   1.0000000000000000e+00   1.2404250212061374e-03
   8.4960937500000000e-02   9.9875957497879120e-01   1.0000000000000000e+00   1.2404250212088019e-03
   8.6914062500000000e-02   9.9875957497878276e-01   1.0000000000000000e+00   1.2404250212172396e-03
   8.8867187500000000e-02   9.9875957497877288e-01   9.9999999999999989e-01   1.2404250212270096e-03
   9.0820312500000000e-02   9.9875957497876988e-01   1.0000000000000000e+00   1.2404250212301182e-03
   9.2773437500000000e-02   9.9875957497877221e-01   1.0000000000000002e+00   1.2404250212280088e-03
   9.4726562500000000e-02   9.9875957497877599e-01   1.0000000000000000e+00   1.2404250212240120e-03
   9.6679687500000000e-02   9.9875957497878987e-01   1.0000000000000000e+00   1.2404250212101342e-03
   9.8632812500000000e-02   9.9875957497878576e-01   1.0000000000000002e+00   1.2404250212144641e-03
   1.0058593750000000e-01   9.9875957497879175e-01   1.0000000000000000e+00   1.2404250212082468e-03
   1.0253906250000000e-01   9.9875957497879497e-01   1.0000000000000000e+00   1.2404250212050272e-03
   1.0449218750000000e-01   9.9875957497880208e-01   1.0000000000000000e+00   1.2404250211979218e-03
   1.0644531250000000e-01   9.9875957497879675e-01   1.0000000000000000e+00   1.2404250212032508e-03
   1.0839843750000000e-01   9.9875957497878043e-01   1.0000000000000000e+00   1.2404250212195711e-03
   1.1035156250000000e-01   9.9875957497877177e-01   9.9999999999999989e-01   1.2404250212281198e-03
   1.1230468750000000e-01   9.9875957497875867e-01   1.0000000000000000e+00   1.2404250212413315e-03
   1.1425781250000000e-01   9.9875957497877277e-01   1.0000000000000000e+00   1.2404250212272316e-03
   1.1621093750000000e-01   9.9875957497878742e-01   1.0000000000000000e+00   1.2404250212125767e-03
   1.1816406250000000e-01   9.9875957497878665e-01   1.0000000000000000e+00   1.2404250212133539e-03
   1.2011718750000000e-01   9.9875957497878798e-01   1.0000000000000000e+00   1.2404250212120216e-03
   1.2207031250000000e-01   9.9875957497878409e-01   9.9999999999999989e-01   1.2404250212157963e-03
   1.2402343750000000e-01   9.9875957497879986e-01   1.0000000000000000e+00   1.2404250212001422e-03
   2.1972656250000000e-01   9.9875957497879830e-01   1.0000000000000000e+00   1.2404250212016965e-03
   2.2167968750000000e-01   9.9875957497878498e-01   1.0000000000000000e+00   1.2404250212150192e-03
   2.2363281250000000e-01   9.9875957497880896e-01   1.0000000000000000e+00   1.2404250211910384e-03
   2.2558593750000000e-01   9.9875957497875589e-01   1.0000000000000000e+00   1.2404250212441070e-03
   2.2753906250000000e-01   9.9875957497882673e-01   1.0000000000000000e+00   1.2404250211732748e-03
   2.2949218750000000e-01   9.9875957497880197e-01   1.0000000000000000e+00   1.2404250211980328e-03
   2.3144531250000000e-01   9.9875957497868217e-01   9.9999999999999989e-01   1.2404250213177148e-03
   2.3339843750000000e-01   9.9875957497877832e-01   1.0000000000000000e+00   1.2404250212216805e-03
   2.3535156250000000e-01   9.9875957497885537e-01   1.0000000000000000e+00   1.2404250211446310e-03
   2.3730468750000000e-01   9.9875957497878898e-01   1.0000000000000000e+00   1.2404250212110224e-03
   2.3925781250000000e-01   9.9875957497870382e-01   1.0000000000000000e+00   1.2404250212961765e-03
   2.4121093750000000e-01   9.9875957497880274e-01   1.0000000000000000e+00   1.2404250211972556e-03
   2.4316406250000000e-01   9.9875957497882795e-01   1.0000000000000000e+00   1.2404250211720536e-03
   2.4511718750000000e-01   9.9875957497875134e-01   1.0000000000000000e+00   1.2404250212486589e-03
   2.4707031250000000e-01   9.9875957497881251e-01   1.0000000000000000e+00   1.2404250211874857e-03
   2.4902343750000000e-01   9.9875957497885148e-01   1.0000000000000000e+00   1.2404250211485168e-03
   1.8847656250000000e-01   9.9875957497877610e-01   1.0000000000000000e+00   1.2404250212239010e-03
   1.9042968750000000e-01   9.9875957497879519e-01   1.0000000000000000e+00   1.2404250212048051e-03
   1.9238281250000000e-01   9.9875957497882195e-01   9.9999999999999989e-01   1.2404250211779377e-03
   1.9433593750000000e-01   9.9875957497879897e-01   1.0000000000000000e+00   1.2404250212010304e-03
   1.9628906250000000e-01   9.9875957497874368e-01   1.0000000000000000e+00   1.2404250212563195e-03
   1.9824218750000000e-01   9.9875957497872558e-01   1.0000000000000000e+00   1.2404250212744161e-03
   2.0019531250000000e-01   9.9875957497879364e-01   1.0000000000000000e+00   1.2404250212063594e-03
   2.0214843750000000e-01   9.9875957497881784e-01   9.9999999999999989e-01   1.2404250211820456e-03
   2.0410156250000000e-01   9.9875957497876144e-01   1.0000000000000000e+00   1.2404250212385559e-03
   2.0605468750000000e-01   9.9875957497877998e-01   9.9999999999999989e-01   1.2404250212199042e-03
   2.0800781250000000e-01   9.9875957497877421e-01   1.0000000000000000e+00   1.2404250212257883e-03
   2.0996093750000000e-01   9.9875957497876167e-01   9.9999999999999989e-01   1.2404250212382228e-03
   2.1191406250000000e-01   9.9875957497877066e-01   1.0000000000000000e+00   1.2404250212293411e-03
   2.1386718750000000e-01   9.9875957497882595e-01   1.0000000000000000e+00   1.2404250211740520e-03
   2.1582031250000000e-01   9.9875957497883705e-01   1.0000000000000000e+00   1.2404250211629497e-03
   2.1777343750000000e-01   9.9875957497874090e-01   9.9999999999999989e-01   1.2404250212589840e-03
   1.5722656250000000e-01   9.9875957497878254e-01   1.0000000000000000e+00   1.2404250212174617e-03
   1.5917968750000000e-01   9.9875957497880619e-01   9.9999999999999989e-01   1.2404250211937029e-03
   1.6113281250000000e-01   9.9875957497877088e-01   1.0000000000000000e+00   1.2404250212291190e-03
   1.6308593750000000e-01   9.9875957497878720e-01   9.9999999999999989e-01   1.2404250212126877e-03
   1.6503906250000000e-01   9.9875957497880186e-01   9.9999999999999989e-01   1.2404250211980328e-03
   1.6699218750000000e-01   9.9875957497879531e-01   1.0000000000000000e+00   1.2404250212046941e-03
   1.6894531250000000e-01   9.9875957497880052e-01   1.0000000000000000e+00   1.2404250211994761e-03
   1.7089843750000000e-01   9.9875957497879375e-01   1.0000000000000000e+00   1.2404250212062484e-03
   1.7285156250000000e-01   9.9875957497879608e-01   1.0000000000000000e+00   1.2404250212039170e-03
   1.7480468750000000e-01   9.9875957497875334e-01   1.0000000000000000e+00   1.2404250212466605e-03
   1.7675781250000000e-01   9.9875957497872314e-01   1.0000000000000000e+00   1.2404250212768586e-03
   1.7871093750000000e-01   9.9875957497880341e-01   1.0000000000000000e+00   1.2404250211965895e-03
   1.8066406250000000e-01   9.9875957497882384e-01   1.0000000000000000e+00   1.2404250211761614e-03
   1.8261718750000000e-01   9.9875957497874068e-01   1.0000000000000000e+00   1.2404250212593171e-03
   1.8457031250000000e-01   9.9875957497878121e-01   1.0000000000000000e+00   1.2404250212187939e-03
   1.8652343750000000e-01   9.9875957497881829e-01   1.0000000000000000e+00   1.2404250211817125e-03
   1.2597656250000000e-01   9.9875957497879952e-01   1.0000000000000000e+00   1.2404250212004753e-03
   1.2792968750000000e-01   9.9875957497879675e-01   1.0000000000000000e+00   1.2404250212032508e-03
   1.2988281250000000e-01   9.9875957497877377e-01   1.0000000000000000e+00   1.2404250212262324e-03
   1.3183593750000000e-01   9.9875957497878320e-01   1.0000000000000000e+00   1.2404250212167955e-03
   1.3378906250000000e-01   9.9875957497875290e-01   1.0000000000000000e+00   1.2404250212471046e-03
   1.3574218750000000e-01   9.9875957497878010e-01   1.0000000000000000e+00   1.2404250212199042e-03
   1.3769531250000000e-01   9.9875957497878809e-01   1.0000000000000000e+00   1.2404250212119106e-03
   1.3964843750000000e-01   9.9875957497879031e-01   9.9999999999999989e-01   1.2404250212095791e-03
   1.4160156250000000e-01   9.9875957497877588e-01   9.9999999999999989e-01   1.2404250212240120e-03
   1.4355468750000000e-01   9.9875957497877876e-01   1.0000000000000000e+00   1.2404250212212364e-03
   1.4550781250000000e-01   9.9875957497879175e-01   9.9999999999999989e-01   1.2404250212081358e-03
   1.4746093750000000e-01   9.9875957497882228e-01   1.0000000000000000e+00   1.2404250211777157e-03
   1.4941406250000000e-01   9.9875957497879231e-01   1.0000000000000000e+00   1.2404250212076917e-03
   1.5136718750000000e-01   9.9875957497876910e-01   1.0000000000000000e+00   1.2404250212308954e-03
   1.5332031250000000e-01   9.9875957497876544e-01   1.0000000000000000e+00   1.2404250212345591e-03
   1.5527343750000000e-01   9.9875957497875012e-01   1.0000000000000000e+00   1.2404250212498802e-03
   3.4472656250000000e-01   9.9875957497867007e-01   1.0000000000000000e+00   1.2404250213299273e-03
   3.4667968750000000e-01   9.9875957497873391e-01   9.9999999999999989e-01   1.2404250212659784e-03
   3.4863281250000000e-01   9.9875957497881740e-01   1.0000000000000000e+00   1.2404250211826007e-03
   3.5058593750000000e-01   9.9875957497883583e-01   1.0000000000000000e+00   1.2404250211641710e-03
   3.5253906250000000e-01   9.9875957497880985e-01   1.0000000000000000e+00   1.2404250211901502e-03
   3.5449218750000000e-01   9.9875957497880796e-01   1.0000000000000000e+00   1.2404250211920376e-03
   3.5644531250000000e-01   9.9875957497880641e-01   1.0000000000000000e+00   1.2404250211935919e-03
   3.5839843750000000e-01   9.9875957497867363e-01   1.0000000000000000e+00   1.2404250213263746e-03
   3.6035156250000000e-01   9.9875957497866108e-01   1.0000000000000000e+00   1.2404250213389201e-03
   3.6230468750000000e-01   9.9875957497883383e-01   1.0000000000000000e+00   1.2404250211661694e-03
   3.6425781250000000e-01   9.9875957497885115e-01   1.0000000000000000e+00   1.2404250211488499e-03
   3.6621093750000000e-01   9.9875957497882051e-01   1.0000000000000000e+00   1.2404250211794920e-03
   3.6816406250000000e-01   9.9875957497893442e-01   9.9999999999999989e-01   1.2404250210654721e-03
   3.7011718750000000e-01   9.9875957497886181e-01   1.0000000000000000e+00   1.2404250211381918e-03
   3.7207031250000000e-01   9.9875957497869028e-01   1.0000000000000000e+00   1.2404250213097212e-03
   3.7402343750000000e-01   9.9875957497868773e-01   1.0000000000000000e+00   1.2404250213122747e-03
   3.1347656250000000e-01   9.9875957497886614e-01   1.0000000000000000e+00   1.2404250211338619e-03
   3.1542968750000000e-01   9.9875957497878287e-01   9.9999999999999989e-01   1.2404250212170176e-03
   3.1738281250000000e-01   9.9875957497869106e-01   1.0000000000000000e+00   1.2404250213089441e-03
   3.1933593750000000e-01   9.9875957497878209e-01   1.0000000000000000e+00   1.2404250212179058e-03
   3.2128906250000000e-01   9.9875957497881918e-01   1.0000000000000000e+00   1.2404250211808243e-03
   3.2324218750000000e-01   9.9875957497876200e-01   1.0000000000000000e+00   1.2404250212380008e-03
   3.2519531250000000e-01   9.9875957497879053e-01   1.0000000000000000e+00   1.2404250212094681e-03
   3.2714843750000000e-01   9.9875957497880652e-01   1.0000000000000000e+00   1.2404250211934809e-03
   3.2910156250000000e-01   9.9875957497877177e-01   1.0000000000000000e+00   1.2404250212282308e-03
   3.3105468750000000e-01   9.9875957497871415e-01   1.0000000000000000e+00   1.2404250212858514e-03
   3.3300781250000000e-01   9.9875957497873757e-01   1.0000000000000000e+00   1.2404250212624257e-03
   3.3496093750000000e-01   9.9875957497886714e-01   1.0000000000000000e+00   1.2404250211328627e-03
   3.3691406250000000e-01   9.9875957497885492e-01   1.0000000000000000e+00   1.2404250211450751e-03
   3.3886718750000000e-01   9.9875957497879353e-01   1.0000000000000000e+00   1.2404250212064705e-03
   3.4082031250000000e-01   9.9875957497883028e-01   1.0000000000000000e+00   1.2404250211697221e-03
   3.4277343750000000e-01   9.9875957497877099e-01   1.0000000000000000e+00   1.2404250212290080e-03
   2.8222656250000000e-01   9.9875957497875456e-01   1.0000000000000000e+00   1.2404250212454393e-03
   2.8417968750000000e-01   9.9875957497880830e-01   1.0000000000000000e+00   1.2404250211917045e-03
   2.8613281250000000e-01   9.9875957497882462e-01   1.0000000000000000e+00   1.2404250211753842e-03
   2.8808593750000000e-01   9.9875957497872769e-01   1.0000000000000002e+00   1.2404250212725287e-03
   2.9003906250000000e-01   9.9875957497881418e-01   1.0000000000000000e+00   1.2404250211858203e-03
   2.9199218750000000e-01   9.9875957497885492e-01   1.0000000000000000e+00   1.2404250211450751e-03
   2.9394531250000000e-01   9.9875957497878498e-01   9.9999999999999989e-01   1.2404250212149082e-03
   2.9589843750000000e-01   9.9875957497869550e-01   1.0000000000000000e+00   1.2404250213045032e-03
   2.9785156250000000e-01   9.9875957497877732e-01   1.0000000000000000e+00   1.2404250212226797e-03
   2.9980468750000000e-01   9.9875957497881618e-01   1.0000000000000000e+00   1.2404250211838219e-03
   3.0175781250000000e-01   9.9875957497875445e-01   1.0000000000000000e+00   1.2404250212455503e-03
   3.0371093750000000e-01   9.9875957497878176e-01   9.9999999999999989e-01   1.2404250212181278e-03
   3.0566406250000000e-01   9.9875957497880741e-01   1.0000000000000000e+00   1.2404250211925927e-03
   3.0761718750000000e-01   9.9875957497879830e-01   1.0000000000000000e+00   1.2404250212016965e-03
   3.0957031250000000e-01   9.9875957497876344e-01   1.0000000000000000e+00   1.2404250212365575e-03
   3.1152343750000000e-01   9.9875957497878654e-01   1.0000000000000000e+00   1.2404250212134649e-03
   2.5097656250000000e-01   9.9875957497877654e-01   1.0000000000000000e+00   1.2404250212234569e-03
   2.5292968750000000e-01   9.9875957497869972e-01   1.0000000000000000e+00   1.2404250213002843e-03
   2.5488281250000000e-01   9.9875957497875190e-01   1.0000000000000000e+00   1.2404250212481038e-03
   2.5683593750000000e-01   9.9875957497884416e-01   1.0000000000000000e+00   1.2404250211558443e-03
   2.5878906250000000e-01   9.9875957497877865e-01   1.0000000000000000e+00   1.2404250212213475e-03
   2.6074218750000000e-01   9.9875957497872880e-01   9.9999999999999989e-01   1.2404250212710854e-03
   2.6269531250000000e-01   9.9875957497881607e-01   9.9999999999999989e-01   1.2404250211838219e-03
   2.6464843750000000e-01   9.9875957497882595e-01   9.9999999999999989e-01   1.2404250211739409e-03
   2.6660156250000000e-01   9.9875957497875212e-01   1.0000000000000000e+00   1.2404250212478818e-03
   2.6855468750000000e-01   9.9875957497878365e-01   1.0000000000000000e+00   1.2404250212163515e-03
   2.7050781250000000e-01   9.9875957497885492e-01   1.0000000000000000e+00   1.2404250211450751e-03
   2.7246093750000000e-01   9.9875957497880063e-01   1.0000000000000000e+00   1.2404250211993650e-03
   2.7441406250000000e-01   9.9875957497869994e-01   1.0000000000000000e+00   1.2404250213000623e-03
   2.7636718750000000e-01   9.9875957497875711e-01   1.0000000000000000e+00   1.2404250212428858e-03
   2.7832031250000000e-01   9.9875957497881807e-01   1.0000000000000000e+00   1.2404250211819345e-03
   2.8027343750000000e-01   9.9875957497877788e-01   1.0000000000000000e+00   1.2404250212221246e-03
   3.7597656250000000e-01   9.9875957497872270e-01   1.0000000000000000e+00   1.2404250212773027e-03
   3.7792968750000000e-01   9.9875957497873258e-01   1.0000000000000000e+00   1.2404250212674217e-03
   3.7988281250000000e-01   9.9875957497881351e-01   9.9999999999999989e-01   1.2404250211863754e-03
   3.8183593750000000e-01   9.9875957497890611e-01   1.0000000000000000e+00   1.2404250210938939e-03
   3.8378906250000000e-01   9.9875957497887691e-01   1.0000000000000000e+00   1.2404250211230927e-03
   3.8574218750000000e-01   9.9875957497873158e-01   9.9999999999999989e-01   1.2404250212683099e-03
   3.8769531250000000e-01   9.9875957497860846e-01   1.0000000000000000e+00   1.2404250213915446e-03
   3.8964843750000000e-01   9.9875957497867618e-01   1.0000000000000000e+00   1.2404250213238210e-03
   3.9160156250000000e-01   9.9875957497877610e-01   1.0000000000000000e+00   1.2404250212239010e-03
   3.9355468750000000e-01   9.9875957497884371e-01   1.0000000000000000e+00   1.2404250211562884e-03
   3.9550781250000000e-01   9.9875957497894952e-01   9.9999999999999989e-01   1.2404250210503731e-03
   3.9746093750000000e-01   9.9875957497890300e-01   1.0000000000000000e+00   1.2404250210970025e-03
   3.9941406250000000e-01   9.9875957497877188e-01   1.0000000000000000e+00   1.2404250212281198e-03
   4.0136718750000000e-01   9.9875957497864465e-01   1.0000000000000000e+00   1.2404250213553514e-03
   4.0332031250000000e-01   9.9875957497861878e-01   1.0000000000000000e+00   1.2404250213812196e-03
   4.0527343750000000e-01   9.9875957497879497e-01   1.0000000000000000e+00   1.2404250212050272e-03
   4.0722656250000000e-01   9.9875957497881185e-01   1.0000000000000000e+00   1.2404250211881518e-03
   4.0917968750000000e-01   9.9875957497890078e-01   1.0000000000000000e+00   1.2404250210992229e-03
   4.1113281250000000e-01   9.9875957497895673e-01   1.0000000000000000e+00   1.2404250210432677e-03
   4.1308593750000000e-01   9.9875957497883805e-01   1.0000000000000000e+00   1.2404250211619505e-03
   4.1503906250000000e-01   9.9875957497867374e-01   9.9999999999999989e-01   1.2404250213261525e-03
   4.1699218750000000e-01   9.9875957497871171e-01   1.0000000000000000e+00   1.2404250212882939e-03
   4.1894531250000000e-01   9.9875957497874812e-01   1.0000000000000000e+00   1.2404250212518786e-03
   4.2089843750000000e-01   9.9875957497862844e-01   1.0000000000000000e+00   1.2404250213715606e-03
   4.2285156250000000e-01   9.9875957497887047e-01   1.0000000000000000e+00   1.2404250211295320e-03
   4.2480468750000000e-01   9.9875957497898649e-01   1.0000000000000000e+00   1.2404250210135137e-03
   4.2675781250000000e-01   9.9875957497875867e-01   1.0000000000000000e+00   1.2404250212413315e-03
   4.2871093750000000e-01   9.9875957497876322e-01   1.0000000000000000e+00   1.2404250212367796e-03
   4.3066406250000000e-01   9.9875957497864487e-01   1.0000000000000000e+00   1.2404250213551293e-03
   4.3261718750000000e-01   9.9875957497869483e-01   1.0000000000000000e+00   1.2404250213051693e-03
   4.3457031250000000e-01   9.9875957497867585e-01   1.0000000000000000e+00   1.2404250213241541e-03
   4.3652343750000000e-01   9.9875957497889778e-01   1.0000000000000000e+00   1.2404250211022205e-03
   4.3847656250000000e-01   9.9875957497901269e-01   1.0000000000000000e+00   1.2404250209873124e-03
   4.4042968750000000e-01   9.9875957497883061e-01   1.0000000000000000e+00   1.2404250211693890e-03
   4.4238281250000000e-01   9.9875957497876222e-01   1.0000000000000000e+00   1.2404250212377788e-03
   4.4433593750000000e-01   9.9875957497866230e-01   1.0000000000000000e+00   1.2404250213376988e-03
   4.4628906250000000e-01   9.9875957497867685e-01   1.0000000000000000e+00   1.2404250213231549e-03
   4.4824218750000000e-01   9.9875957497872092e-01   1.0000000000000000e+00   1.2404250212790791e-03
   4.5019531250000000e-01   9.9875957497881129e-01   1.0000000000000000e+00   1.2404250211887069e-03
   4.5214843750000000e-01   9.9875957497896750e-01   1.0000000000000000e+00   1.2404250210324985e-03
   4.5410156250000000e-01   9.9875957497889867e-01   1.0000000000000000e+00   1.2404250211013323e-03
   4.5605468750000000e-01   9.9875957497885504e-01   9.9999999999999989e-01   1.2404250211448531e-03
   4.5800781250000000e-01   9.9875957497867207e-01   1.0000000000000000e+00   1.2404250213279289e-03
   4.5996093750000000e-01   9.9875957497872192e-01   1.0000000000000000e+00   1.2404250212780799e-03
   4.6191406250000000e-01   9.9875957497873569e-01   1.0000000000000000e+00   1.2404250212643131e-03
   4.6386718750000000e-01   9.9875957497862222e-01   1.0000000000000000e+00   1.2404250213777779e-03
   4.6582031250000000e-01   9.9875957497889967e-01   9.9999999999999989e-01   1.2404250211002221e-03
   4.6777343750000000e-01   9.9875957497895018e-01   1.0000000000000000e+00   1.2404250210498180e-03
   4.6972656250000000e-01   9.9875957497878520e-01   1.0000000000000000e+00   1.2404250212147971e-03
   4.7167968750000000e-01   9.9875957497875123e-01   1.0000000000000000e+00   1.2404250212487700e-03
   4.7363281250000000e-01   9.9875957497864554e-01   1.0000000000000000e+00   1.2404250213544632e-03
   4.7558593750000000e-01   9.9875957497869772e-01   1.0000000000000000e+00   1.2404250213022827e-03
   4.7753906250000000e-01   9.9875957497867329e-01   1.0000000000000000e+00   1.2404250213267076e-03
   4.7949218750000000e-01   9.9875957497890089e-01   9.9999999999999989e-01   1.2404250210990009e-03
   4.8144531250000000e-01   9.9875957497901147e-01   9.9999999999999989e-01   1.2404250209884227e-03
   4.8339843750000000e-01   9.9875957497883028e-01   1.0000000000000000e+00   1.2404250211697221e-03
   4.8535156250000000e-01   9.9875957497876267e-01   1.0000000000000000e+00   1.2404250212373347e-03
   4.8730468750000000e-01   9.9875957497866152e-01   1.0000000000000000e+00   1.2404250213384760e-03
   4.8925781250000000e-01   9.9875957497867685e-01   1.0000000000000000e+00   1.2404250213231549e-03
   4.9121093750000000e-01   9.9875957497872181e-01   9.9999999999999989e-01   1.2404250212780799e-03
   4.9316406250000000e-01   9.9875957497881152e-01   1.0000000000000000e+00   1.2404250211884849e-03
   4.9511718750000000e-01   9.9875957497896861e-01   1.0000000000000000e+00   1.2404250210313883e-03
   4.9707031250000000e-01   9.9875957497889811e-01   1.0000000000000000e+00   1.2404250211018875e-03
   4.9902343750000000e-01   9.9875957497885548e-01   1.0000000000000000e+00   1.2404250211445200e-03
   5.0097656250000000e-01   9.9875957497867285e-01   9.9999999999999989e-01   1.2404250213270407e-03
   5.0292968750000000e-01   9.9875957497872270e-01   1.0000000000000000e+00   1.2404250212773027e-03
   5.0488281250000000e-01   9.9875957497873591e-01   1.0000000000000000e+00   1.2404250212640910e-03
   5.0683593750000000e-01   9.9875957497862278e-01   1.0000000000000000e+00   1.2404250213772228e-03
   5.0878906250000000e-01   9.9875957497889944e-01   1.0000000000000000e+00   1.2404250211005552e-03
   5.1074218750000000e-01   9.9875957497895063e-01   1.0000000000000000e+00   1.2404250210493739e-03
   5.1269531250000000e-01   9.9875957497878565e-01   1.0000000000000000e+00   1.2404250212143531e-03
   5.1464843750000000e-01   9.9875957497875123e-01   1.0000000000000000e+00   1.2404250212487700e-03
   5.1660156250000000e-01   9.9875957497864631e-01   1.0000000000000000e+00   1.2404250213536860e-03
   5.1855468750000000e-01   9.9875957497869794e-01   9.9999999999999989e-01   1.2404250213019496e-03
   5.2050781250000000e-01   9.9875957497867263e-01   1.0000000000000000e+00   1.2404250213273738e-03
   5.2246093750000000e-01   9.9875957497890067e-01   1.0000000000000000e+00   1.2404250210993339e-03
   5.2441406250000000e-01   9.9875957497901025e-01   1.0000000000000000e+00   1.2404250209897549e-03
   5.2636718750000000e-01   9.9875957497883039e-01   1.0000000000000000e+00   1.2404250211696111e-03
   5.2832031250000000e-01   9.9875957497876222e-01   1.0000000000000000e+00   1.2404250212377788e-03
   5.3027343750000000e-01   9.9875957497866130e-01   9.9999999999999989e-01   1.2404250213385870e-03
   5.3222656250000000e-01   9.9875957497867662e-01   1.0000000000000000e+00   1.2404250213233770e-03
   5.3417968750000000e-01   9.9875957497872137e-01   9.9999999999999989e-01   1.2404250212785239e-03
   5.3613281250000000e-01   9.9875957497881096e-01   1.0000000000000000e+00   1.2404250211890400e-03
   5.3808593750000000e-01   9.9875957497896761e-01   1.0000000000000000e+00   1.2404250210323875e-03
   5.4003906250000000e-01   9.9875957497889889e-01   1.0000000000000000e+00   1.2404250211011103e-03
   5.4199218750000000e-01   9.9875957497885448e-01   9.9999999999999989e-01   1.2404250211454082e-03
   5.4394531250000000e-01   9.9875957497867240e-01   1.0000000000000000e+00   1.2404250213275958e-03
   5.4589843750000000e-01   9.9875957497872148e-01   1.0000000000000000e+00   1.2404250212785239e-03
   5.4785156250000000e-01   9.9875957497873602e-01   1.0000000000000002e+00   1.2404250212642021e-03
   5.4980468750000000e-01   9.9875957497862133e-01   1.0000000000000000e+00   1.2404250213786661e-03
   5.5175781250000000e-01   9.9875957497889867e-01   1.0000000000000000e+00   1.2404250211013323e-03
   5.5371093750000000e-01   9.9875957497895063e-01   1.0000000000000000e+00   1.2404250210493739e-03
   5.5566406250000000e-01   9.9875957497878587e-01   9.9999999999999978e-01   1.2404250212139090e-03
   5.5761718750000000e-01   9.9875957497875112e-01   9.9999999999999989e-01   1.2404250212487700e-03
   5.5957031250000000e-01   9.9875957497864642e-01   1.0000000000000000e+00   1.2404250213535750e-03
   5.6152343750000000e-01   9.9875957497869727e-01   1.0000000000000000e+00   1.2404250213027268e-03
   5.6347656250000000e-01   9.9875957497867374e-01   1.0000000000000000e+00   1.2404250213262635e-03
   5.6542968750000000e-01   9.9875957497889956e-01   1.0000000000000000e+00   1.2404250211004442e-03
   5.6738281250000000e-01   9.9875957497901124e-01   1.0000000000000000e+00   1.2404250209887557e-03
   5.6933593750000000e-01   9.9875957497883028e-01   1.0000000000000000e+00   1.2404250211697221e-03
   5.7128906250000000e-01   9.9875957497876156e-01   1.0000000000000000e+00   1.2404250212384449e-03
   5.7324218750000000e-01   9.9875957497866374e-01   1.0000000000000002e+00   1.2404250213364776e-03
   5.7519531250000000e-01   9.9875957497867962e-01   1.0000000000000000e+00   1.2404250213203794e-03
   5.7714843750000000e-01   9.9875957497872547e-01   1.0000000000000000e+00   1.2404250212745271e-03
   5.7910156250000000e-01   9.9875957497880941e-01   9.9999999999999989e-01   1.2404250211904833e-03
   5.8105468750000000e-01   9.9875957497895107e-01   9.9999999999999989e-01   1.2404250210488188e-03
   5.8300781250000000e-01   9.9875957497886092e-01   1.0000000000000000e+00   1.2404250211390799e-03
   5.8496093750000000e-01   9.9875957497880130e-01   1.0000000000000000e+00   1.2404250211986989e-03
   5.8691406250000000e-01   9.9875957497862833e-01   1.0000000000000000e+00   1.2404250213716717e-03
   5.8886718750000000e-01   9.9875957497872281e-01   1.0000000000000000e+00   1.2404250212771917e-03
   5.9082031250000000e-01   9.9875957497879220e-01   1.0000000000000000e+00   1.2404250212078027e-03
   5.9277343750000000e-01   9.9875957497870282e-01   1.0000000000000000e+00   1.2404250212971757e-03
   5.9472656250000000e-01   9.9875957497894896e-01   1.0000000000000000e+00   1.2404250210510392e-03
   5.9667968750000000e-01   9.9875957497895218e-01   1.0000000000000000e+00   1.2404250210478196e-03
   5.9863281250000000e-01   9.9875957497878098e-01   1.0000000000000000e+00   1.2404250212190160e-03
   6.0058593750000000e-01   9.9875957497878698e-01   1.0000000000000000e+00   1.2404250212130208e-03
   6.0253906250000000e-01   9.9875957497869294e-01   1.0000000000000000e+00   1.2404250213070567e-03
   6.0449218750000000e-01   9.9875957497869439e-01   1.0000000000000000e+00   1.2404250213056134e-03
   6.0644531250000000e-01   9.9875957497862855e-01   1.0000000000000000e+00   1.2404250213714496e-03
   6.0839843750000000e-01   9.9875957497888135e-01   9.9999999999999989e-01   1.2404250211185408e-03
   6.1035156250000000e-01   9.9875957497900836e-01   1.0000000000000000e+00   1.2404250209916423e-03
   6.1230468750000000e-01   9.9875957497878420e-01   1.0000000000000000e+00   1.2404250212157963e-03
   6.1425781250000000e-01   9.9875957497870060e-01   9.9999999999999989e-01   1.2404250212992851e-03
   6.1621093750000000e-01   9.9875957497865930e-01   1.0000000000000000e+00   1.2404250213406964e-03
   6.1816406250000000e-01   9.9875957497870105e-01   9.9999999999999989e-01   1.2404250212988410e-03
   6.2011718750000000e-01   9.9875957497872248e-01   1.0000000000000000e+00   1.2404250212775247e-03
   6.2207031250000000e-01   9.9875957497883927e-01   1.0000000000000000e+00   1.2404250211607293e-03
   6.2402343750000000e-01   9.9875957497901313e-01   9.9999999999999989e-01   1.2404250209867573e-03
   6.2597656250000000e-01   9.9875957497886059e-01   1.0000000000000000e+00   1.2404250211394130e-03
   6.2792968750000000e-01   9.9875957497877055e-01   1.0000000000000000e+00   1.2404250212294521e-03
   6.2988281250000000e-01   9.9875957497862233e-01   1.0000000000000000e+00   1.2404250213776669e-03
   6.3183593750000000e-01   9.9875957497868162e-01   1.0000000000000000e+00   1.2404250213183809e-03
   6.3378906250000000e-01   9.9875957497877099e-01   9.9999999999999989e-01   1.2404250212288970e-03
   6.3574218750000000e-01   9.9875957497875889e-01   9.9999999999999989e-01   1.2404250212409984e-03
   6.3769531250000000e-01   9.9875957497897128e-01   9.9999999999999989e-01   1.2404250210286127e-03
   6.3964843750000000e-01   9.9875957497895307e-01   9.9999999999999989e-01   1.2404250210468204e-03
   6.4160156250000000e-01   9.9875957497878121e-01   1.0000000000000000e+00   1.2404250212187939e-03
   6.4355468750000000e-01   9.9875957497872891e-01   1.0000000000000000e+00   1.2404250212710854e-03
   6.4550781250000000e-01   9.9875957497869727e-01   1.0000000000000000e+00   1.2404250213027268e-03
   6.4746093750000000e-01   9.9875957497873913e-01   1.0000000000000000e+00   1.2404250212608714e-03
   6.4941406250000000e-01   9.9875957497862777e-01   9.9999999999999989e-01   1.2404250213721157e-03
   6.5136718750000000e-01   9.9875957497889378e-01   9.9999999999999989e-01   1.2404250211061063e-03
   6.5332031250000000e-01   9.9875957497895484e-01   1.0000000000000000e+00   1.2404250210451551e-03
   6.5527343750000000e-01   9.9875957497878387e-01   9.9999999999999989e-01   1.2404250212160184e-03
   6.5722656250000000e-01   9.9875957497875123e-01   1.0000000000000000e+00   1.2404250212487700e-03
   6.5917968750000000e-01   9.9875957497864620e-01   1.0000000000000000e+00   1.2404250213537971e-03
   6.6113281250000000e-01   9.9875957497869738e-01   9.9999999999999989e-01   1.2404250213025048e-03
   6.6308593750000000e-01   9.9875957497867318e-01   1.0000000000000000e+00   1.2404250213268186e-03
   6.6503906250000000e-01   9.9875957497890056e-01   1.0000000000000000e+00   1.2404250210994450e-03
   6.6699218750000000e-01   9.9875957497901102e-01   9.9999999999999978e-01   1.2404250209887557e-03
   6.6894531250000000e-01   9.9875957497883150e-01   1.0000000000000000e+00   1.2404250211685008e-03
   6.7089843750000000e-01   9.9875957497876078e-01   1.0000000000000000e+00   1.2404250212392220e-03
   6.7285156250000000e-01   9.9875957497866197e-01   1.0000000000000000e+00   1.2404250213380319e-03
   6.7480468750000000e-01   9.9875957497867707e-01   1.0000000000000000e+00   1.2404250213229329e-03
   6.7675781250000000e-01   9.9875957497872281e-01   1.0000000000000000e+00   1.2404250212771917e-03
   6.7871093750000000e-01   9.9875957497881218e-01   1.0000000000000000e+00   1.2404250211878187e-03
   6.8066406250000000e-01   9.9875957497896772e-01   9.9999999999999989e-01   1.2404250210321655e-03
   6.8261718750000000e-01   9.9875957497889933e-01   1.0000000000000000e+00   1.2404250211006662e-03
   6.8457031250000000e-01   9.9875957497885515e-01   1.0000000000000000e+00   1.2404250211448531e-03
   6.8652343750000000e-01   9.9875957497867285e-01   1.0000000000000000e+00   1.2404250213271517e-03
   7.1972656250000000e-01   9.9875957497877144e-01   1.0000000000000000e+00   1.2404250212285639e-03
   7.2167968750000000e-01   9.9875957497877155e-01   1.0000000000000000e+00   1.2404250212284529e-03
   7.2363281250000000e-01   9.9875957497899959e-01   1.0000000000000000e+00   1.2404250210004131e-03
   7.2558593750000000e-01   9.9875957497906676e-01   1.0000000000000000e+00   1.2404250209332446e-03
   7.2753906250000000e-01   9.9875957497906420e-01   1.0000000000000000e+00   1.2404250209357981e-03
   7.2949218750000000e-01   9.9875957497885204e-01   1.0000000000000000e+00   1.2404250211479617e-03
   7.3144531250000000e-01   9.9875957497888868e-01   1.0000000000000000e+00   1.2404250211113244e-03
   7.3339843750000000e-01   9.9875957497882806e-01   1.0000000000000000e+00   1.2404250211719425e-03
   7.3535156250000000e-01   9.9875957497847878e-01   9.9999999999999989e-01   1.2404250215211077e-03
   7.3730468750000000e-01   9.9875957497848633e-01   9.9999999999999989e-01   1.2404250215135582e-03
   7.3925781250000000e-01   9.9875957497846835e-01   1.0000000000000000e+00   1.2404250215316548e-03
   7.4121093750000000e-01   9.9875957497847878e-01   1.0000000000000000e+00   1.2404250215212187e-03
   7.4316406250000000e-01   9.9875957497871959e-01   9.9999999999999989e-01   1.2404250212803003e-03
   7.4511718750000000e-01   9.9875957497881784e-01   1.0000000000000000e+00   1.2404250211821566e-03
   7.4707031250000000e-01   9.9875957497892764e-01   1.0000000000000000e+00   1.2404250210723555e-03
   7.4902343750000000e-01   9.9875957497888002e-01   1.0000000000000000e+00   1.2404250211199841e-03
   6.8847656250000000e-01   9.9875957497872125e-01   1.0000000000000000e+00   1.2404250212787460e-03
   6.9042968750000000e-01   9.9875957497873313e-01   1.0000000000000000e+00   1.2404250212668666e-03
   6.9238281250000000e-01   9.9875957497861689e-01   1.0000000000000000e+00   1.2404250213831070e-03
   6.9433593750000000e-01   9.9875957497889101e-01   1.0000000000000000e+00   1.2404250211089929e-03
   6.9628906250000000e-01   9.9875957497894863e-01   1.0000000000000000e+00   1.2404250210513723e-03
   6.9824218750000000e-01   9.9875957497880630e-01   1.0000000000000000e+00   1.2404250211937029e-03
   7.0019531250000000e-01   9.9875957497881451e-01   9.9999999999999989e-01   1.2404250211853762e-03
   7.0214843750000000e-01   9.9875957497875689e-01   9.9999999999999989e-01   1.2404250212429968e-03
   7.0410156250000000e-01   9.9875957497881829e-01   1.0000000000000000e+00   1.2404250211817125e-03
   7.0605468750000000e-01   9.9875957497871437e-01   1.0000000000000000e+00   1.2404250212856294e-03
   7.0800781250000000e-01   9.9875957497878287e-01   1.0000000000000000e+00   1.2404250212171286e-03
   7.0996093750000000e-01   9.9875957497873902e-01   1.0000000000000000e+00   1.2404250212609824e-03
   7.1191406250000000e-01   9.9875957497854506e-01   1.0000000000000000e+00   1.2404250214549384e-03
   7.1386718750000000e-01   9.9875957497864087e-01   1.0000000000000000e+00   1.2404250213591261e-03
   7.1582031250000000e-01   9.9875957497875145e-01   1.0000000000000000e+00   1.2404250212485479e-03
   7.1777343750000000e-01   9.9875957497882906e-01   1.0000000000000000e+00   1.2404250211709433e-03
   9.6972656250000000e-01   9.9875957497865731e-01   1.0000000000000000e+00   1.2404250213426948e-03
   9.7167968750000000e-01   9.9875957497876877e-01   9.9999999999999989e-01   1.2404250212311174e-03
   9.7363281250000000e-01   9.9875957497885470e-01   1.0000000000000000e+00   1.2404250211452972e-03
   9.7558593750000000e-01   9.9875957497876988e-01   1.0000000000000000e+00   1.2404250212301182e-03
   9.7753906250000000e-01   9.9875957497891044e-01   1.0000000000000002e+00   1.2404250210897860e-03
   9.7949218750000000e-01   9.9875957497883416e-01   9.9999999999999989e-01   1.2404250211657253e-03
   9.8144531250000000e-01   9.9875957497884094e-01   9.9999999999999989e-01   1.2404250211589529e-03
   9.8339843750000000e-01   9.9875957497874601e-01   1.0000000000000000e+00   1.2404250212539880e-03
   9.8535156250000000e-01   9.9875957497858714e-01   1.0000000000000000e+00   1.2404250214128609e-03
   9.8730468750000000e-01   9.9875957497882584e-01   9.9999999999999989e-01   1.2404250211740520e-03
   9.8925781250000000e-01   9.9875957497885937e-01   1.0000000000000000e+00   1.2404250211406342e-03
   9.9121093750000000e-01   9.9875957497880830e-01   1.0000000000000002e+00   1.2404250211919265e-03
   9.9316406250000000e-01   9.9875957497879775e-01   1.0000000000000000e+00   1.2404250212022516e-03
   9.9511718750000000e-01   9.9875957497876289e-01   1.0000000000000000e+00   1.2404250212371126e-03
   9.9707031250000000e-01   9.9875957497875267e-01   1.0000000000000002e+00   1.2404250212475487e-03
   9.9902343750000000e-01   9.9875957497873469e-01   1.0000000000000000e+00   1.2404250212653123e-03
   9.3847656250000000e-01   9.9875957497835544e-01   1.0000000000000000e+00   1.2404250216445645e-03
   9.4042968750000000e-01   9.9875957497847745e-01   9.9999999999999989e-01   1.2404250215224399e-03
   9.4238281250000000e-01   9.9875957497848711e-01   9.9999999999999989e-01   1.2404250215127810e-03
   9.4433593750000000e-01   9.9875957497884171e-01   1.0000000000000000e+00   1.2404250211582868e-03
   9.4628906250000000e-01   9.9875957497894940e-01   1.0000000000000002e+00   1.2404250210508172e-03
   9.4824218750000000e-01   9.9875957497883583e-01   1.0000000000000000e+00   1.2404250211641710e-03
   9.5019531250000000e-01   9.9875957497900214e-01   9.9999999999999989e-01   1.2404250209977485e-03
   9.5214843750000000e-01   9.9875957497890366e-01   1.0000000000000000e+00   1.2404250210963363e-03
   9.5410156250000000e-01   9.9875957497894063e-01   1.0000000000000000e+00   1.2404250210593659e-03
   9.5605468750000000e-01   9.9875957497877399e-01   1.0000000000000000e+00   1.2404250212260104e-03
   9.5800781250000000e-01   9.9875957497890266e-01   1.0000000000000000e+00   1.2404250210973355e-03
   9.5996093750000000e-01   9.9875957497892109e-01   9.9999999999999989e-01   1.2404250210787948e-03
   9.6191406250000000e-01   9.9875957497885526e-01   9.9999999999999989e-01   1.2404250211446310e-03
   9.6386718750000000e-01   9.9875957497875278e-01   1.0000000000000000e+00   1.2404250212472157e-03
   9.6582031250000000e-01   9.9875957497860146e-01   1.0000000000000002e+00   1.2404250213987611e-03
   9.6777343750000000e-01   9.9875957497860501e-01   1.0000000000000000e+00   1.2404250213949863e-03
   9.0722656250000000e-01   9.9875957497848245e-01   1.0000000000000000e+00   1.2404250215175550e-03
   9.0917968750000000e-01   9.9875957497834766e-01   1.0000000000000000e+00   1.2404250216523360e-03
   9.1113281250000000e-01   9.9875957497838530e-01   1.0000000000000000e+00   1.2404250216146995e-03
   9.1308593750000000e-01   9.9875957497848478e-01   9.9999999999999989e-01   1.2404250215151125e-03
   9.1503906250000000e-01   9.9875957497881307e-01   9.9999999999999989e-01   1.2404250211868195e-03
   9.1699218750000000e-01   9.9875957497905488e-01   1.0000000000000000e+00   1.2404250209451240e-03
   9.1894531250000000e-01   9.9875957497884071e-01   1.0000000000000000e+00   1.2404250211592860e-03
   9.2089843750000000e-01   9.9875957497891565e-01   9.9999999999999989e-01   1.2404250210842349e-03
   9.2285156250000000e-01   9.9875957497896684e-01   1.0000000000000000e+00   1.2404250210331647e-03
   9.2480468750000000e-01   9.9875957497900969e-01   9.9999999999999989e-01   1.2404250209901990e-03
   9.2675781250000000e-01   9.9875957497895163e-01   1.0000000000000000e+00   1.2404250210483747e-03
   9.2871093750000000e-01   9.9875957497886891e-01   1.0000000000000000e+00   1.2404250211310863e-03
   9.3066406250000000e-01   9.9875957497900014e-01   1.0000000000000000e+00   1.2404250209998580e-03
   9.3261718750000000e-01   9.9875957497895385e-01   1.0000000000000000e+00   1.2404250210461543e-03
   9.3457031250000000e-01   9.9875957497873258e-01   1.0000000000000000e+00   1.2404250212674217e-03
   9.3652343750000000e-01   9.9875957497836521e-01   1.0000000000000000e+00   1.2404250216347945e-03
   8.7597656250000000e-01   9.9875957497887913e-01   1.0000000000000000e+00   1.2404250211208723e-03
   8.7792968750000000e-01   9.9875957497862644e-01   1.0000000000000000e+00   1.2404250213735590e-03
   8.7988281250000000e-01   9.9875957497827650e-01   1.0000000000000000e+00   1.2404250217235013e-03
   8.8183593750000000e-01   9.9875957497835377e-01   1.0000000000000000e+00   1.2404250216462298e-03
   8.8378906250000000e-01   9.9875957497859003e-01   1.0000000000000000e+00   1.2404250214099743e-03
   8.8574218750000000e-01   9.9875957497864809e-01   1.0000000000000000e+00   1.2404250213519097e-03
   8.8769531250000000e-01   9.9875957497893997e-01   1.0000000000000000e+00   1.2404250210600321e-03
   8.8964843750000000e-01   9.9875957497894852e-01   1.0000000000000000e+00   1.2404250210514833e-03
   8.9160156250000000e-01   9.9875957497883261e-01   1.0000000000000000e+00   1.2404250211673906e-03
   8.9355468750000000e-01   9.9875957497909207e-01   1.0000000000000000e+00   1.2404250209079315e-03
   8.9550781250000000e-01   9.9875957497903833e-01   1.0000000000000000e+00   1.2404250209616663e-03
   8.9746093750000000e-01   9.9875957497900192e-01   1.0000000000000000e+00   1.2404250209980816e-03
   8.9941406250000000e-01   9.9875957497877166e-01   1.0000000000000000e+00   1.2404250212283419e-03
   9.0136718750000000e-01   9.9875957497894718e-01   1.0000000000000000e+00   1.2404250210528156e-03
   9.0332031250000000e-01   9.9875957497896317e-01   9.9999999999999989e-01   1.2404250210367174e-03
   9.0527343750000000e-01   9.9875957497872969e-01   1.0000000000000000e+00   1.2404250212703083e-03
   8.4472656250000000e-01   9.9875957497896128e-01   1.0000000000000000e+00   1.2404250210387158e-03
   8.4667968750000000e-01   9.9875957497895407e-01   1.0000000000000000e+00   1.2404250210459322e-03
   8.4863281250000000e-01   9.9875957497873080e-01   1.0000000000000000e+00   1.2404250212691981e-03
   8.5058593750000000e-01   9.9875957497848145e-01   1.0000000000000000e+00   1.2404250215185542e-03
   8.5253906250000000e-01   9.9875957497834777e-01   1.0000000000000000e+00   1.2404250216522250e-03
   8.5449218750000000e-01   9.9875957497838530e-01   1.0000000000000000e+00   1.2404250216146995e-03
   8.5644531250000000e-01   9.9875957497848455e-01   9.9999999999999989e-01   1.2404250215153345e-03
   8.5839843750000000e-01   9.9875957497881396e-01   1.0000000000000000e+00   1.2404250211860424e-03
   8.6035156250000000e-01   9.9875957497905521e-01   1.0000000000000000e+00   1.2404250209447909e-03
   8.6230468750000000e-01   9.9875957497884205e-01   1.0000000000000000e+00   1.2404250211579537e-03
   8.6425781250000000e-01   9.9875957497891743e-01   1.0000000000000000e+00   1.2404250210825696e-03
   8.6621093750000000e-01   9.9875957497897039e-01   1.0000000000000000e+00   1.2404250210296119e-03
   8.6816406250000000e-01   9.9875957497901502e-01   1.0000000000000000e+00   1.2404250209849810e-03
   8.7011718750000000e-01   9.9875957497895895e-01   1.0000000000000000e+00   1.2404250210410472e-03
   8.7207031250000000e-01   9.9875957497886392e-01   1.0000000000000000e+00   1.2404250211360823e-03
   8.7402343750000000e-01   9.9875957497897061e-01   9.9999999999999989e-01   1.2404250210292789e-03
   8.1347656250000000e-01   9.9875957497886259e-01   1.0000000000000000e+00   1.2404250211374146e-03
   8.1542968750000000e-01   9.9875957497898626e-01   1.0000000000000000e+00   1.2404250210137358e-03
   8.1738281250000000e-01   9.9875957497896750e-01   1.0000000000000000e+00   1.2404250210324985e-03
   8.1933593750000000e-01   9.9875957497882040e-01   1.0000000000000000e+00   1.2404250211796031e-03
   8.2128906250000000e-01   9.9875957497860579e-01   1.0000000000000000e+00   1.2404250213942092e-03
   8.2324218750000000e-01   9.9875957497835577e-01   1.0000000000000002e+00   1.2404250216444535e-03
   8.2519531250000000e-01   9.9875957497834467e-01   1.0000000000000000e+00   1.2404250216553336e-03
   8.2714843750000000e-01   9.9875957497849210e-01   1.0000000000000000e+00   1.2404250215078960e-03
   8.2910156250000000e-01   9.9875957497875456e-01   1.0000000000000000e+00   1.2404250212454393e-03
   8.3105468750000000e-01   9.9875957497893353e-01   9.9999999999999989e-01   1.2404250210663603e-03
   8.3300781250000000e-01   9.9875957497884305e-01   9.9999999999999989e-01   1.2404250211568435e-03
   8.3496093750000000e-01   9.9875957497897727e-01   1.0000000000000000e+00   1.2404250210227286e-03
   8.3691406250000000e-01   9.9875957497898082e-01   1.0000000000000000e+00   1.2404250210191758e-03
   8.3886718750000000e-01   9.9875957497908974e-01   1.0000000000000000e+00   1.2404250209102630e-03
   8.4082031250000000e-01   9.9875957497899359e-01   1.0000000000000000e+00   1.2404250210064083e-03
   8.4277343750000000e-01   9.9875957497875900e-01   1.0000000000000000e+00   1.2404250212409984e-03
   7.8222656250000000e-01   9.9875957497901269e-01   1.0000000000000000e+00   1.2404250209873124e-03
   7.8417968750000000e-01   9.9875957497888113e-01   1.0000000000000000e+00   1.2404250211188739e-03
   7.8613281250000000e-01   9.9875957497890289e-01   1.0000000000000000e+00   1.2404250210971135e-03
   7.8808593750000000e-01   9.9875957497901535e-01   1.0000000000000000e+00   1.2404250209846479e-03
   7.9003906250000000e-01   9.9875957497895718e-01   1.0000000000000000e+00   1.2404250210428236e-03
   7.9199218750000000e-01   9.9875957497868562e-01   1.0000000000000000e+00   1.2404250213143841e-03
   7.9394531250000000e-01   9.9875957497841417e-01   9.9999999999999989e-01   1.2404250215857227e-03
   7.9589843750000000e-01   9.9875957497835666e-01   1.0000000000000000e+00   1.2404250216433432e-03
   7.9785156250000000e-01   9.9875957497842260e-01   1.0000000000000000e+00   1.2404250215773960e-03
   7.9980468750000000e-01   9.9875957497855894e-01   1.0000000000000000e+00   1.2404250214410606e-03
   8.0175781250000000e-01   9.9875957497878165e-01   1.0000000000000000e+00   1.2404250212183499e-03
   8.0371093750000000e-01   9.9875957497897405e-01   1.0000000000000002e+00   1.2404250210261702e-03
   8.0566406250000000e-01   9.9875957497883694e-01   1.0000000000000000e+00   1.2404250211630607e-03
   8.0761718750000000e-01   9.9875957497901457e-01   1.0000000000000000e+00   1.2404250209854251e-03
   8.0957031250000000e-01   9.9875957497895196e-01   1.0000000000000000e+00   1.2404250210480416e-03
   8.1152343750000000e-01   9.9875957497900525e-01   1.0000000000000000e+00   1.2404250209947509e-03
   7.5097656250000000e-01   9.9875957497907564e-01   1.0000000000000000e+00   1.2404250209243628e-03
   7.5292968750000000e-01   9.9875957497913970e-01   1.0000000000000000e+00   1.2404250208603029e-03
   7.5488281250000000e-01   9.9875957497889667e-01   1.0000000000000000e+00   1.2404250211033307e-03
   7.5683593750000000e-01   9.9875957497883794e-01   1.0000000000000000e+00   1.2404250211620615e-03
   7.5878906250000000e-01   9.9875957497888102e-01   1.0000000000000000e+00   1.2404250211189849e-03
   7.6074218750000000e-01   9.9875957497895496e-01   1.0000000000000000e+00   1.2404250210450440e-03
   7.6269531250000000e-01   9.9875957497877188e-01   1.0000000000000000e+00   1.2404250212281198e-03
   7.6464843750000000e-01   9.9875957497849621e-01   1.0000000000000000e+00   1.2404250215037882e-03
   7.6660156250000000e-01   9.9875957497835977e-01   1.0000000000000000e+00   1.2404250216402346e-03
   7.6855468750000000e-01   9.9875957497828360e-01   9.9999999999999989e-01   1.2404250217162849e-03
   7.7050781250000000e-01   9.9875957497857915e-01   1.0000000000000000e+00   1.2404250214208545e-03
   7.7246093750000000e-01   9.9875957497878809e-01   1.0000000000000000e+00   1.2404250212119106e-03
   7.7441406250000000e-01   9.9875957497903478e-01   1.0000000000000000e+00   1.2404250209652190e-03
   7.7636718750000000e-01   9.9875957497892853e-01   1.0000000000000000e+00   1.2404250210714673e-03
   7.7832031250000000e-01   9.9875957497875711e-01   9.9999999999999989e-01   1.2404250212427748e-03
   7.8027343750000000e-01   9.9875957497908985e-01   1.0000000000000000e+00   1.2404250209101519e-03
