#                  Coord.                Numerical               Analytical                    Error
   3.9062500000000000e-03  -3.4892730733888410e+66  -8.7048405827647313e-01   3.4892730733888410e+66
   1.1718750000000000e-02   3.8807484570527747e+65  -9.4019231402323455e-01   3.8807484570527747e+65
   1.9531250000000000e-02   3.0913222632812540e+66  -1.0065419146509162e+00   3.0913222632812540e+66
   2.7343750000000000e-02  -3.8616478245894690e+66  -1.0681901548545960e+00   3.8616478245894690e+66
   3.5156250000000000e-02   1.2373883382869558e+66  -1.1238226724494089e+00   1.2373883382869558e+66
   4.2968750000000000e-02   2.4441138687256688e+66  -1.1721988130018657e+00   2.4441138687256688e+66
   5.0781250000000000e-02  -3.9064464842525007e+66  -1.2121961577950835e+00   3.9064464842525007e+66
   5.8593750000000000e-02   1.8576574624303275e+66  -1.2428521512095507e+00   1.8576574624303275e+66
   6.6406250000000000e-02   1.8576582358163970e+66  -1.2634008267871131e+00   1.8576582358163970e+66
   7.4218750000000000e-02  -3.9064465894189237e+66  -1.2733028171636529e+00   3.9064465894189237e+66
   8.2031250000000000e-02   2.4441132736667544e+66  -1.2722671333623081e+00   2.4441132736667544e+66
   8.9843750000000000e-02   1.2373891853002272e+66  -1.2602635966627618e+00   1.2373891853002272e+66
   9.7656250000000000e-02  -3.8616481881898653e+66  -1.2375252769672003e+00   3.8616481881898653e+66
   1.0546875000000000e-01   3.0913218315949243e+66  -1.2045408052016178e+00   3.0913218315949243e+66
   1.1328125000000000e-01   3.8807569650976446e+65  -1.1620369504429187e+00   3.8807569650976446e+65
   1.2109375000000000e-01  -3.4892734631774468e+66  -1.1109523510761339e+00   3.4892734631774468e+66
   1.2890625000000000e-01   3.4892731054429180e+66  -1.0524037312562406e+00   3.4892731054429180e+66
   1.3671875000000000e-01  -3.8807490473346957e+65  -9.8764629161543105e-01   3.8807490473346957e+65
   1.4453125000000000e-01  -3.0913222496137565e+66  -9.1803021535769924e-01   3.0913222496137565e+66
   1.5234375000000000e-01   3.8616478725222501e+66  -8.4495536443545838e-01   3.8616478725222501e+66
   1.6015625000000000e-01  -1.2373883876440451e+66  -7.6982625095746604e-01   1.2373883876440451e+66
   1.6796875000000000e-01  -2.4441138797384643e+66  -6.9400926064046986e-01   2.4441138797384643e+66
   1.7578125000000000e-01   3.9064465422308859e+66  -6.1879389033025611e-01   3.9064465422308859e+66
   1.8359375000000000e-01  -1.8576574954572320e+66  -5.4535945942332376e-01   1.8576574954572320e+66
   1.9140625000000000e-01  -1.8576582687406397e+66  -4.7474838933846325e-01   1.8576582687406397e+66
   1.9921875000000000e-01   3.9064466474046145e+66  -4.0784674270570331e-01   3.9064466474046145e+66
   2.0703125000000000e-01  -2.4441132847900335e+66  -3.4537230191793505e-01   2.4441132847900335e+66
   2.1484375000000000e-01  -1.2373892345602586e+66  -2.8787007087709360e-01   1.2373892345602586e+66
   2.2265625000000000e-01   3.8616482361411547e+66  -2.3571472660490161e-01   3.8616482361411547e+66
   2.3046875000000000e-01  -3.0913218180410451e+66  -1.8911924664912644e-01   3.0913218180410451e+66
   2.3828125000000000e-01  -3.8807575545084727e+65  -1.4814870613841852e-01   3.8807575545084727e+65
   2.4609375000000000e-01   3.4892734952640991e+66  -1.1273808131262146e-01   3.4892734952640991e+66
   2.5390625000000000e-01  -3.4892730734018567e+66  -8.2712815120327202e-02   3.4892730734018567e+66
   2.6171875000000000e-01   3.8807484579238545e+65  -5.7810890774655052e-02   3.8807484579238545e+65
   2.6953125000000000e-01   3.0913222632112422e+66  -3.7705212722821194e-02   3.0913222632112422e+66
   2.7734375000000000e-01  -3.8616478246100342e+66  -2.2025200252082811e-02   3.8616478246100342e+66
   2.8515625000000000e-01   1.2373883383757658e+66  -1.0376644346635299e-02   1.2373883383757658e+66
   2.9296875000000000e-01   2.4441138686630210e+66  -2.3590505812143875e-03   2.4441138686630210e+66
   3.0078125000000000e-01  -3.9064464842822886e+66   2.4201222576179268e-03   3.9064464842822886e+66
   3.0859375000000000e-01   1.8576574625203062e+66   4.3347269047736160e-03   1.8576574625203062e+66
   3.1640625000000000e-01   1.8576582357623421e+66   3.7329075014669926e-03   1.8576582357623421e+66
   3.2421875000000000e-01  -3.9064465894588090e+66   9.3382899226144222e-04   3.9064465894588090e+66
   3.3203125000000000e-01   2.4441132737590723e+66  -3.7719735259886108e-03   2.4441132737590723e+66
   3.3984375000000000e-01   1.2373891852523680e+66  -1.0118903679569639e-02   1.2373891852523680e+66
   3.4765625000000000e-01  -3.8616481882358185e+66  -1.7859681921332027e-02   3.8616481882358185e+66
   3.5546875000000000e-01   3.0913218316843646e+66  -2.6756321060269192e-02   3.0913218316843646e+66
   3.6328125000000000e-01   3.8807569647341333e+65  -3.6569329081556655e-02   3.8807569647341333e+65
   3.7109375000000000e-01  -3.4892734632343908e+66  -4.7045854709624885e-02   3.4892734632343908e+66
   3.7890625000000000e-01   3.4892731055351880e+66  -5.7907559026566441e-02   3.4892731055351880e+66
   3.8671875000000000e-01  -3.8807490476543376e+65  -6.8839043622299603e-02   3.8807490476543376e+65
   3.9453125000000000e-01  -3.0913222496744390e+66  -7.9477687988609352e-02   3.0913222496744390e+66
   4.0234375000000000e-01   3.8616478726101659e+66  -8.9405741008761391e-02   3.8616478726101659e+66
   4.1015625000000000e-01  -1.2373883876653142e+66  -9.8145467923200211e-02   1.2373883876653142e+66
   4.1796875000000000e-01  -2.4441138798067041e+66  -1.0515807000461128e-01   2.4441138798067041e+66
   4.2578125000000000e-01   3.9064465423163458e+66  -1.0984696565633625e-01   3.9064465423163458e+66
   4.3359375000000000e-01  -1.8576574954695492e+66  -1.1156584737213604e-01   1.8576574954695492e+66
   4.4140625000000000e-01  -1.8576582688141595e+66  -1.0963171074281386e-01   1.8576582688141595e+66
   4.4921875000000000e-01   3.9064466474856422e+66  -1.0334279504686356e-01   3.9064466474856422e+66
   4.5703125000000000e-01  -2.4441132847923761e+66  -9.2001089629407479e-02   2.4441132847923761e+66
   4.6484375000000000e-01  -1.2373892346389758e+66  -7.4938760018687628e-02   1.2373892346389758e+66
   4.7265625000000000e-01   3.8616482362174659e+66  -5.1547549852973829e-02   3.8616482362174659e+66
   4.8046875000000000e-01  -3.0913218180340879e+66  -2.1309939063008473e-02   3.0913218180340879e+66
   4.8828125000000000e-01  -3.8807575553356321e+65   1.6169393547200293e-02   3.8807575553356321e+65
   4.9609375000000000e-01   3.4892734953352344e+66   6.1133423543055947e-02   3.4892734953352344e+66
   5.0390625000000000e-01  -3.4892730733887295e+66   1.1364565626171053e-01   3.4892730733887295e+66
   5.1171875000000000e-01   3.8807484570525708e+65   1.7356772039631144e-01   3.8807484570525708e+65
   5.1953125000000000e-01   3.0913222632811294e+66   2.4054326064074491e-01   3.0913222632811294e+66
   5.2734375000000000e-01  -3.8616478245893440e+66   3.1398948895418460e-01   3.8616478245893440e+66
   5.3515625000000000e-01   1.2373883382869954e+66   3.9309743296211841e-01   1.2373883382869954e+66
   5.4296875000000000e-01   2.4441138687254945e+66   4.7684151360600929e-01   2.4441138687254945e+66
   5.5078125000000000e-01  -3.9064464842524453e+66   5.6399861405716489e-01   3.9064464842524453e+66
   5.5859375000000000e-01   1.8576574624304188e+66   6.5317629582502867e-01   1.8576574624304188e+66
   5.6640625000000000e-01   1.8576582358162466e+66   7.4284930775993829e-01   1.8576582358162466e+66
   5.7421875000000000e-01  -3.9064465894188960e+66   8.3140305291597238e-01   3.9064465894188960e+66
   5.8203125000000000e-01   2.4441132736668726e+66   9.1718225983442703e-01   2.4441132736668726e+66
   5.8984375000000000e-01   1.2373891853000824e+66   9.9854277812487180e-01   1.2373891853000824e+66
   5.9765625000000000e-01  -3.8616481881898414e+66   1.0739042068003919e+00   3.8616481881898414e+66
   6.0546875000000000e-01   3.0913218315950938e+66   1.1418009833831821e+00   3.0913218315950938e+66
   6.1328125000000000e-01   3.8807569650968322e+65   1.2009296188953682e+00   3.8807569650968322e+65
   6.2109375000000000e-01  -3.4892734631774587e+66   1.2501899553065869e+00   3.4892734631774587e+66
   6.2890625000000000e-01   3.4892731054430580e+66   1.2887186351439763e+00   3.4892731054430580e+66
   6.3671875000000000e-01  -3.8807490473353659e+65   1.3159133866267263e+00   3.8807490473353659e+65
   6.4453125000000000e-01  -3.0913222496138381e+66   1.3314472139598816e+00   3.0913222496138381e+66
   6.5234375000000000e-01   3.8616478725223691e+66   1.3352721088972004e+00   3.8616478725223691e+66
   6.6015625000000000e-01  -1.2373883876441218e+66   1.3276124320071321e+00   1.2373883876441218e+66
   6.6796875000000000e-01  -2.4441138797385791e+66   1.3089486166062998e+00   2.4441138797385791e+66
   6.7578125000000000e-01   3.9064465422310461e+66   1.2799922946190057e+00   3.9064465422310461e+66
   6.8359375000000000e-01  -1.8576574954572597e+66   1.2416543065826871e+00   1.8576574954572597e+66
   6.9140625000000000e-01  -1.8576582687407681e+66   1.1950073194946640e+00   1.8576582687407681e+66
   6.9921875000000000e-01   3.9064466474047125e+66   1.1412449259499258e+00   3.9064466474047125e+66
   7.0703125000000000e-01  -2.4441132847899980e+66   1.0816391340189462e+00   2.4441132847899980e+66
   7.1484375000000000e-01  -1.2373892345603871e+66   1.0174980853516917e+00   1.2373892345603871e+66
   7.2265625000000000e-01   3.8616482361412393e+66   9.5012567172827889e-01   3.8616482361412393e+66
   7.3046875000000000e-01  -3.0913218180409751e+66   8.8078447582165287e-01   3.0913218180409751e+66
   7.3828125000000000e-01  -3.8807575545099520e+65   8.1066316213590595e-01   3.8807575545099520e+65
   7.4609375000000000e-01   3.4892734952642098e+66   7.4084911265730702e-01   3.4892734952642098e+66
   8.7890625000000000e-01   3.4892731055351873e+66  -1.0961420336825111e-02   3.4892731055351873e+66
   8.8671875000000000e-01  -3.8807490476555049e+65  -4.0683534695534110e-02   3.8807490476555049e+65
   8.9453125000000000e-01  -3.0913222496743043e+66  -7.2312150220647867e-02   3.0913222496743043e+66
   9.0234375000000000e-01   3.8616478726101501e+66  -1.0646187868006811e-01   3.8616478726101501e+66
   9.1015625000000000e-01  -1.2373883876654676e+66  -1.4368741918831071e-01   1.2373883876654676e+66
   9.1796875000000000e-01  -2.4441138798065668e+66  -1.8446345026445679e-01   2.4441138798065668e+66
   9.2578125000000000e-01   3.9064465423164049e+66  -2.2916434888675224e-01   3.9064465423164049e+66
   9.3359375000000000e-01  -1.8576574954696880e+66  -2.7804440579931988e-01   1.8576574954696880e+66
   9.4140625000000000e-01  -1.8576582688140540e+66  -3.3121937336285018e-01   1.8576582688140540e+66
   9.4921875000000000e-01   3.9064466474856863e+66  -3.8865031213388340e-01   3.9064466474856863e+66
   9.5703125000000000e-01  -2.4441132847925889e+66  -4.5013077870930390e-01   2.4441132847925889e+66
   9.6484375000000000e-01  -1.2373892346389028e+66  -5.1527840649161893e-01   1.2373892346389028e+66
   9.7265625000000000e-01   3.8616482362175729e+66  -5.8353186330694939e-01   3.8616482362175729e+66
   9.8046875000000000e-01  -3.0913218180342506e+66  -6.5415402090328834e-01   3.0913218180342506e+66
   9.8828125000000000e-01  -3.8807575553352786e+65  -7.2624194305452283e-01   3.8807575553352786e+65
   9.9609375000000000e-01   3.4892734953353631e+66  -7.9874399962540044e-01   3.4892734953353631e+66
   7.5390625000000000e-01  -3.4892730734017317e+66   6.7230676247112764e-01   3.4892730734017317e+66
   7.6171875000000000e-01   3.8807484579223411e+65   6.0586176560870009e-01   3.8807484579223411e+65
   7.6953125000000000e-01   3.0913222632112535e+66   5.4219082984877109e-01   3.0913222632112535e+66
   7.7734375000000000e-01  -3.8616478246099586e+66   4.8181681622675604e-01   3.8616478246099586e+66
   7.8515625000000000e-01   1.2373883383756166e+66   4.2510851504920766e-01   1.2373883383756166e+66
   7.9296875000000000e-01   2.4441138686630277e+66   3.7228439077210945e-01   2.4441138686630277e+66
   8.0078125000000000e-01  -3.9064464842821786e+66   3.2341953383440686e-01   3.9064464842821786e+66
   8.0859375000000000e-01   1.8576574625201958e+66   2.7845506463159053e-01   1.8576574625201958e+66
   8.1640625000000000e-01   1.8576582357623212e+66   2.3720929561480350e-01   1.8576582357623212e+66
   8.2421875000000000e-01  -3.9064465894586661e+66   1.9939006129135955e-01   3.9064465894586661e+66
   8.3203125000000000e-01   2.4441132737590068e+66   1.6460775978288189e-01   2.4441132737590068e+66
   8.3984375000000000e-01   1.2373891852523087e+66   1.3238879940601650e-01   1.2373891852523087e+66
   8.4765625000000000e-01  -3.8616481882356456e+66   1.0218929497127613e-01   3.8616481882356456e+66
   8.5546875000000000e-01   3.0913218316843119e+66   7.3408997180691937e-02   3.0913218316843119e+66
   8.6328125000000000e-01   3.8807569647328304e+65   4.5405552039197709e-02   3.8807569647328304e+65
   8.7109375000000000e-01  -3.4892734632342164e+66   1.7509265077091198e-02   3.4892734632342164e+66
