#                  Coord.                Numerical               Analytical                    Error
   3.9062500000000000e-03  -2.2214335520514084e+20   8.8827660599694847e-01   2.2214335520514084e+20
   1.1718750000000000e-02   4.9219191239403561e+19   1.0032862948419996e+00   4.9219191239403561e+19
   1.9531250000000000e-02   1.5254899919251181e+20   1.1238140171747142e+00   1.5254899919251181e+20
   2.7343750000000000e-02  -2.0486012285933968e+20   1.2485212968416379e+00   2.0486012285933968e+20
   3.5156250000000000e-02   6.3049191360200942e+19   1.3758239335432785e+00   6.3049191360200942e+19
   4.2968750000000000e-02   1.4266302806220148e+20   1.5039163348257882e+00   1.4266302806220148e+20
   5.0781250000000000e-02  -2.2449833211469355e+20   1.6308068153212838e+00   2.2449833211469355e+20
   5.8593750000000000e-02   1.0658212523889515e+20   1.7543632841269927e+00   1.0658212523889515e+20
   6.6406250000000000e-02   1.0658541475391686e+20   1.8723681406965738e+00   1.0658541475391686e+20
   7.4218750000000000e-02  -2.2449805532396762e+20   1.9825806175215566e+00   2.2449805532396762e+20
   8.2031250000000000e-02   1.4265943875634151e+20   2.0828042844127537e+00   1.4265943875634151e+20
   8.9843750000000000e-02   6.3052276970139640e+19   2.1709570034430992e+00   6.3052276970139640e+19
   9.7656250000000000e-02  -2.0485941234917641e+20   2.2451403303619895e+00   2.0485941234917641e+20
   1.0546875000000000e-01   1.5254525120888239e+20   2.3037052249363037e+00   1.5254525120888239e+20
   1.1328125000000000e-01   4.9221962190503862e+19   2.3453109766110694e+00   4.9221962190503862e+19
   1.2109375000000000e-01  -2.2214217497047446e+20   2.3689744785883375e+00   2.2214217497047446e+20
   1.2890625000000000e-01   2.2217166066670974e+20   2.3741073854532315e+00   2.2217166066670974e+20
   1.3671875000000000e-01  -4.9275532595052921e+19   2.3605392465322903e+00   4.9275532595052921e+19
   1.4453125000000000e-01  -1.5253344309162859e+20   2.3285253872537983e+00   1.5253344309162859e+20
   1.5234375000000000e-01   2.0490354904047157e+20   2.2787390723798620e+00   2.0490354904047157e+20
   1.6015625000000000e-01  -6.3097165500892553e+19   2.2122482801098036e+00   6.3097165500892553e+19
   1.6796875000000000e-01  -1.4266982625883288e+20   2.1304781938902329e+00   1.4266982625883288e+20
   1.7578125000000000e-01   2.2455098396062797e+20   2.0351612295616555e+00   2.2455098396062797e+20
   1.8359375000000000e-01  -1.0661521851236462e+20   1.9282770143905812e+00   1.0661521851236462e+20
   1.9140625000000000e-01  -1.0661245440127995e+20   1.8119851850743176e+00   1.0661245440127995e+20
   1.9921875000000000e-01   2.2455113510811805e+20   1.6885541484753623e+00   2.2455113510811805e+20
   2.0703125000000000e-01  -1.4267274997562003e+20   1.5602890389047901e+00   1.4267274997562003e+20
   2.1484375000000000e-01  -6.3094508583062299e+19   1.4294620098772104e+00   6.3094508583062299e+19
   2.2265625000000000e-01   2.0490390945205669e+20   1.2982477299498150e+00   2.0490390945205669e+20
   2.3046875000000000e-01  -1.5253639985925246e+20   1.1686665364482343e+00   1.5253639985925246e+20
   2.3828125000000000e-01  -4.9273113715288834e+19   1.0425371714528775e+00   4.9273113715288834e+19
   2.4609375000000000e-01   2.2217232995643166e+20   9.2144042119594038e-01   2.2217232995643166e+20
   2.5390625000000000e-01  -2.2214517405088140e+20   8.0669434543356267e-01   2.2214517405088140e+20
   2.6171875000000000e-01   4.9224332402185216e+19   6.9934115909335548e-01   4.9224332402185216e+19
   2.6953125000000000e-01   1.5254589726590661e+20   6.0014525242790318e-01   1.5254589726590661e+20
   2.7734375000000000e-01  -2.0486230152798142e+20   5.0960133955513620e-01   2.0486230152798142e+20
   2.8515625000000000e-01   6.3054310728421376e+19   4.2795133199626906e-01   6.3054310728421376e+19
   2.9296875000000000e-01   1.4266041212677353e+20   3.5520825781629911e-01   1.4266041212677353e+20
   3.0078125000000000e-01  -2.2450098910160113e+20   2.9118539306469815e-01   2.2450098910160113e+20
   3.0859375000000000e-01   1.0658720936680550e+20   2.3552873647654041e-01   1.0658720936680550e+20
   3.1640625000000000e-01   1.0658333966044291e+20   1.8775102936631269e-01   1.0658333966044291e+20
   3.2421875000000000e-01  -2.2450123723553492e+20   1.4726568303064300e-01   2.2450123723553492e+20
   3.3203125000000000e-01   1.4266454652040562e+20   1.1341920460401665e-01   1.4266454652040562e+20
   3.3984375000000000e-01   6.3050613934059086e+19   8.5520986177332323e-02   6.3050613934059086e+19
   3.4765625000000000e-01  -2.0486289592463855e+20   6.2869618172583949e-02   2.0486289592463855e+20
   3.5546875000000000e-01   1.5255010719737315e+20   4.4775185290263871e-02   1.5255010719737315e+20
   3.6328125000000000e-01   4.9220969726341267e+19   3.0577283667590584e-02   4.9220969726341267e+19
   3.7109375000000000e-01  -2.2214618106851194e+20   1.9658746965002444e-02   2.2214618106851194e+20
   3.7890625000000000e-01   2.2217656263896033e+20   1.1455277024944895e-02   2.2217656263896033e+20
   3.8671875000000000e-01  -4.9276106670758584e+19   5.4613359659310377e-03   4.9276106670758584e+19
   3.9453125000000000e-01  -1.5253778906242148e+20   1.2327695623954415e-03   1.5253778906242148e+20
   4.0234375000000000e-01   2.0490818701646086e+20  -1.6133015540842298e-03   2.0490818701646086e+20
   4.1015625000000000e-01  -6.3097167509340414e+19  -3.4007613255314434e-03   6.3097167509340414e+19
   4.1796875000000000e-01  -1.4267445175282765e+20  -4.3983969416103892e-03   1.4267445175282765e+20
   4.2578125000000000e-01   2.2455531221154025e+20  -4.8249031355754122e-03   2.2455531221154025e+20
   4.3359375000000000e-01  -1.0661465689410809e+20  -4.8545359866886033e-03   1.0661465689410809e+20
   4.4140625000000000e-01  -1.0661728128514140e+20  -4.6230298009881854e-03   1.0661728128514140e+20
   4.4921875000000000e-01   2.2455505974644916e+20  -4.2334657422884187e-03   2.2455505974644916e+20
   4.5703125000000000e-01  -1.4267156751314213e+20  -3.7618557323028773e-03   1.4267156751314213e+20
   4.6484375000000000e-01  -6.3099570438894682e+19  -3.2622753354208446e-03   6.3099570438894682e+19
   4.7265625000000000e-01   2.0490750851468299e+20  -2.7714417917803118e-03   2.0490750851468299e+20
   4.8046875000000000e-01  -1.5253476884677178e+20  -2.3126861870544952e-03   1.5253476884677178e+20
   4.8828125000000000e-01  -4.9278170957775266e+19  -1.8993111461096442e-03   4.9278170957775266e+19
   4.9609375000000000e-01   2.2217538794350949e+20  -1.5373574816224308e-03   2.2217538794350949e+20
   5.0390625000000000e-01  -2.2214301962648293e+20  -1.2278256446116432e-03   2.2214301962648293e+20
   5.1171875000000000e-01   4.9219031051547435e+19  -9.6841178048768834e-04   4.9219031051547435e+19
   5.1953125000000000e-01   1.5254880378633411e+20  -7.5482510706226193e-04   1.5254880378633411e+20
   5.2734375000000000e-01  -2.0485979223762449e+20  -5.8175469870282777e-04   2.0485979223762449e+20
   5.3515625000000000e-01   6.3049103788064563e+19  -4.4355103767324900e-04   6.3049103788064563e+19
   5.4296875000000000e-01   1.4266276451065437e+20  -3.3468219923801209e-04   1.4266276451065437e+20
   5.5078125000000000e-01  -2.2449800709366861e+20  -2.5001739979722148e-04   2.2449800709366861e+20
   5.5859375000000000e-01   1.0658210311186616e+20  -1.8498277032023426e-04   1.0658210311186616e+20
   5.6640625000000000e-01   1.0658510710078638e+20  -1.3562631358682124e-04   1.0658510710078638e+20
   5.7421875000000000e-01  -2.2449776261372772e+20  -9.8621553446362825e-05   2.2449776261372772e+20
   5.8203125000000000e-01   1.4265949086088713e+20  -7.1232698795257483e-05   1.4265949086088713e+20
   5.8984375000000000e-01   6.3051937701335794e+19  -5.1258389319661852e-05   6.3051937701335794e+19
   5.9765625000000000e-01  -2.0485916814033692e+20  -3.6966314899420333e-05   2.0485916814033692e+20
   6.0546875000000000e-01   1.5254537943516751e+20  -2.7027174502299225e-05   1.5254537943516751e+20
   6.1328125000000000e-01   4.9221600863895822e+19  -2.0453475328551031e-05   4.9221600863895822e+19
   6.2109375000000000e-01  -2.2214197827651846e+20  -1.6546448108302150e-05   2.2214197827651846e+20
   6.2890625000000000e-01   2.2217183055497118e+20  -1.4852731489758157e-05   2.2217183055497118e+20
   6.3671875000000000e-01  -4.9275876644222247e+19  -1.5131315082222630e-05   4.9275876644222247e+19
   6.4453125000000000e-01  -1.5253331441229568e+20  -1.7330386210966116e-05   1.5253331441229568e+20
   6.5234375000000000e-01   2.0490377997795413e+20  -2.1573065810236589e-05   2.0490377997795413e+20
   6.6015625000000000e-01  -6.3097495311889015e+19  -2.8150417279176575e-05   6.3097495311889015e+19
   6.6796875000000000e-01  -1.4266976547904427e+20  -3.7519448306675939e-05   1.4266976547904427e+20
   6.7578125000000000e-01   2.2455125283930391e+20  -5.0302985402026477e-05   2.2455125283930391e+20
   6.8359375000000000e-01  -1.0661550753783269e+20  -6.7287174548553652e-05   1.0661550753783269e+20
   6.9140625000000000e-01  -1.0661247046491862e+20  -8.9410844983995059e-05   1.0661247046491862e+20
   6.9921875000000000e-01   2.2455143145874106e+20  -1.1773897043768947e-04   2.2455143145874106e+20
   7.0703125000000000e-01  -1.4267298719587148e+20  -1.5340989029978902e-04   1.4267298719587148e+20
   7.1484375000000000e-01  -6.3094595213342941e+19  -1.9754275109585621e-04   6.3094595213342941e+19
   7.2265625000000000e-01   2.0490421320646961e+20  -2.5108776922910298e-04   2.0490421320646961e+20
   7.3046875000000000e-01  -1.5253657196260517e+20  -3.1459742239703386e-04   1.5253657196260517e+20
   7.3828125000000000e-01  -4.9273263970072429e+19  -3.8789164194175097e-04   4.9273263970072429e+19
   7.4609375000000000e-01   2.2217262387826773e+20  -4.6958468491119085e-04   2.2217262387826773e+20
   8.7890625000000000e-01   2.2217636572190668e+20   3.3973816409845800e-02   2.2217636572190668e+20
   8.8671875000000000e-01  -4.9276181311676858e+19   4.5706061501587007e-02   4.9276181311676858e+19
   8.9453125000000000e-01  -1.5253752626207218e+20   6.0449845339944581e-02   1.5253752626207218e+20
   9.0234375000000000e-01   2.0490804456242125e+20   7.8742926898645038e-02   2.0490804456242125e+20
   9.1015625000000000e-01  -6.3097320103806755e+19   1.0116453706806895e-01   6.3097320103806755e+19
   9.1796875000000000e-01  -1.4267417292016476e+20   1.2832544819732822e-01   1.4267417292016476e+20
   9.2578125000000000e-01   2.2455523021956543e+20   1.6085441586703988e-01   2.2455523021956543e+20
   9.3359375000000000e-01  -1.0661487352737186e+20   1.9938084741830991e-01   1.0661487352737186e+20
   9.4140625000000000e-01  -1.0661701177438346e+20   2.4451373332652881e-01   1.0661701177438346e+20
   9.4921875000000000e-01   2.2455505333366011e+20   2.9681709515326715e-01   2.2455505333366011e+20
   9.5703125000000000e-01  -1.4267184301834111e+20   3.5678244958166466e-01   1.4267184301834111e+20
   9.6484375000000000e-01  -6.3099322562522685e+19   4.2479905020610453e-01   6.3099322562522685e+19
   9.7265625000000000e-01   2.0490757586800620e+20   5.0112293204406599e-01   2.0490757586800620e+20
   9.8046875000000000e-01  -1.5253508231618029e+20   5.8584603000076207e-01   1.5253508231618029e+20
   9.8828125000000000e-01  -4.9277967597229097e+19   6.7886685167585425e-01   4.9277967597229097e+19
   9.9609375000000000e-01   2.2217553408153561e+20   7.7986433633225016e-01   2.2217553408153561e+20
   7.5390625000000000e-01  -2.2214527467083642e+20  -5.5643590979493002e-04   2.2214527467083642e+20
   7.6171875000000000e-01   4.9224134825381798e+19  -6.4248159464919369e-04   4.9224134825381798e+19
   7.6953125000000000e-01   1.5254615581824408e+20  -7.1790080209758263e-04   1.5254615581824408e+20
   7.7734375000000000e-01  -2.0486231992631751e+20  -7.6756585122079871e-04   2.0486231992631751e+20
   7.8515625000000000e-01   6.3054071301818237e+19  -7.6922809305651036e-04   6.3054071301818237e+19
   7.9296875000000000e-01   1.4266062922676001e+20  -6.9129342441521700e-04   1.4266062922676001e+20
   8.0078125000000000e-01  -2.2450093522131082e+20  -4.9015041776244678e-04   2.2450093522131082e+20
   8.0859375000000000e-01   1.0658695473046916e+20  -1.0702820898562753e-04   1.0658695473046916e+20
   8.1640625000000000e-01   1.0658349245959487e+20   5.3561759931207670e-04   1.0658349245959487e+20
   8.2421875000000000e-01  -2.2450110875652116e+20   1.5381639765204539e-03   2.2450110875652116e+20
   8.3203125000000000e-01   1.4266428899464779e+20   3.0282604909179223e-03   1.4266428899464779e+20
   8.3984375000000000e-01   6.3050696994585813e+19   5.1655414027475021e-03   6.3050696994585813e+19
   8.4765625000000000e-01  -2.0486270653381211e+20   8.1464486397036882e-03   2.0486270653381211e+20
   8.5546875000000000e-01   1.5254986829314330e+20   1.2208946528433410e-02   1.5254986829314330e+20
   8.6328125000000000e-01   4.9220975773753745e+19   1.7636848115970685e-02   4.9220975773753745e+19
   8.7109375000000000e-01  -2.2214594544274483e+20   2.4763412397348396e-02   2.2214594544274483e+20
