# Ref time     : 0.0000000e+00
# Ref step     : 0

# Mass_Psi     : total ELBDM mass
# MomX/Y/Z_Psi : total ELBDM momentum
# Ekin_Psi     : total ELBDM kinetic energy
# Epot_Psi     : total ELBDM potential energy
# Esel_Psi     : total ELBDM self-interaction energy
# Etot_Psi     : total ELBDM energy

# AErr         : absolute error --> (now - ref)
# RErr         : relative error --> (now - ref) / abs(ref)
#---------------------------------------------------------------------------------------------------------------------------------------------------------------------------------------

#        [ 1]        [ 2]            [ 3]            [ 4]            [ 5]            [ 6]            [ 7]            [ 8]            [ 9]            [10]            [11]            [12]            [13]            [14]            [15]            [16]            [17]            [18]            [19]            [20]            [21]            [22]            [23]            [24]            [25]            [26]            [27]            [28]            [29]            [30]            [31]            [32]            [33]            [34]            [35]            [36]            [37]            [38]            [39]            [40]            [41]            [42]            [43]            [44]            [45]            [46]            [47]            [48]            [49]            [50]            [51]            [52]            [53]            [54]            [55]            [56]            [57]            [58]            [59]            [60]            [61]            [62]            [63]            [64]            [65]            [66]            [67]            [68]            [69]            [70]            [71]            [72]            [73]            [74]            [75]            [76]            [77]            [78]            [79]            [80]
#        Time        Step        Mass_Psi   Mass_Psi_AErr   Mass_Psi_RErr        MomX_Psi   MomX_Psi_AErr   MomX_Psi_RErr        MomY_Psi   MomY_Psi_AErr   MomY_Psi_RErr        MomZ_Psi   MomZ_Psi_AErr   MomZ_Psi_RErr        Ekin_Psi   Ekin_Psi_AErr   Ekin_Psi_RErr        Epot_Psi   Epot_Psi_AErr   Epot_Psi_RErr        Esel_Psi   Esel_Psi_AErr   Esel_Psi_RErr        Etot_Psi   Etot_Psi_AErr   Etot_Psi_RErr           Phase      Phase_AErr      Phase_RErr
0.0000000e+00           0   9.7656250e-04   0.0000000e+00   0.0000000e+00   7.8420435e-02   0.0000000e+00   0.0000000e+00   0.0000000e+00   0.0000000e+00            -nan   0.0000000e+00   0.0000000e+00            -nan   3.1486795e+00   0.0000000e+00   0.0000000e+00   0.0000000e+00   0.0000000e+00            -nan   0.0000000e+00   0.0000000e+00            -nan   3.1486795e+00   0.0000000e+00   0.0000000e+00  -9.0235025e-17   0.0000000e+00   0.0000000e+00
1.9428094e-06           1   9.6352710e-04  -1.3035403e-05  -1.3348253e-02   7.7373659e-02  -1.0467758e-03  -1.3348253e-02   0.0000000e+00   0.0000000e+00            -nan   0.0000000e+00   0.0000000e+00            -nan   3.1066501e+00  -4.2029370e-02  -1.3348253e-02   0.0000000e+00   0.0000000e+00            -nan   0.0000000e+00   0.0000000e+00            -nan   3.1066501e+00  -4.2029370e-02  -1.3348253e-02   6.4753928e-05   6.4753928e-05   7.1761412e+11
3.8856187e-06           2   9.5066569e-04  -2.5896807e-05  -2.6518330e-02   7.6340856e-02  -2.0795790e-03  -2.6518330e-02   0.0000000e+00   0.0000000e+00            -nan   0.0000000e+00   0.0000000e+00            -nan   3.0651818e+00  -8.3497722e-02  -2.6518330e-02   0.0000000e+00   0.0000000e+00            -nan   0.0000000e+00   0.0000000e+00            -nan   3.0651818e+00  -8.3497722e-02  -2.6518330e-02   5.2065421e-05   5.2065421e-05   5.7699791e+11
5.8284281e-06           3   9.3797597e-04  -3.8586533e-05  -3.9512609e-02   7.5321839e-02  -3.0985960e-03  -3.9512609e-02   0.0000000e+00   0.0000000e+00            -nan   0.0000000e+00   0.0000000e+00            -nan   3.0242670e+00  -1.2441254e-01  -3.9512609e-02   0.0000000e+00   0.0000000e+00            -nan   0.0000000e+00   0.0000000e+00            -nan   3.0242670e+00  -1.2441254e-01  -3.9512609e-02   1.7716055e-05   1.7716055e-05   1.9633236e+11
7.7712375e-06           4   9.2545563e-04  -5.1106873e-05  -5.2333438e-02   7.4316424e-02  -4.1040110e-03  -5.2333438e-02   0.0000000e+00   0.0000000e+00            -nan   0.0000000e+00   0.0000000e+00            -nan   2.9838983e+00  -1.6478122e-01  -5.2333438e-02   0.0000000e+00   0.0000000e+00            -nan   0.0000000e+00   0.0000000e+00            -nan   2.9838983e+00  -1.6478122e-01  -5.2333438e-02  -2.3602875e-05  -2.3602875e-05  -2.6157110e+11
9.7140468e-06           5   9.1310241e-04  -6.3460089e-05  -6.4983131e-02   7.3324430e-02  -5.0960054e-03  -6.4983131e-02   0.0000000e+00   0.0000000e+00            -nan   0.0000000e+00   0.0000000e+00            -nan   2.9440684e+00  -2.0461105e-01  -6.4983131e-02   0.0000000e+00   0.0000000e+00            -nan   0.0000000e+00   0.0000000e+00            -nan   2.9440684e+00  -2.0461105e-01  -6.4983131e-02  2.7813888e-309   9.0235025e-17   1.0000000e+00
1.1656856e-05           6   9.0091409e-04  -7.5648411e-05  -7.7463972e-02   7.2345677e-02  -6.0747584e-03  -7.7463972e-02   0.0000000e+00   0.0000000e+00            -nan   0.0000000e+00   0.0000000e+00            -nan   2.9047703e+00  -2.4390922e-01  -7.7463972e-02   0.0000000e+00   0.0000000e+00            -nan   0.0000000e+00   0.0000000e+00            -nan   2.9047703e+00  -2.4390922e-01  -7.7463972e-02  2.7813888e-309   9.0235025e-17   1.0000000e+00
1.3599666e-05           7   8.8888846e-04  -8.7674040e-05  -8.9778217e-02   7.1379988e-02  -7.0404468e-03  -8.9778217e-02   0.0000000e+00   0.0000000e+00            -nan   0.0000000e+00   0.0000000e+00            -nan   2.8659967e+00  -2.8268283e-01  -8.9778217e-02   0.0000000e+00   0.0000000e+00            -nan   0.0000000e+00   0.0000000e+00            -nan   2.8659967e+00  -2.8268283e-01  -8.9778217e-02  2.7813888e-309   9.0235025e-17   1.0000000e+00
1.5542475e-05           8   8.7702335e-04  -9.9539148e-05  -1.0192809e-01   7.0427190e-02  -7.9932449e-03  -1.0192809e-01   0.0000000e+00   0.0000000e+00            -nan   0.0000000e+00   0.0000000e+00            -nan   2.8277406e+00  -3.2093888e-01  -1.0192809e-01   0.0000000e+00   0.0000000e+00            -nan   0.0000000e+00   0.0000000e+00            -nan   2.8277406e+00  -3.2093888e-01  -1.0192809e-01  2.7813888e-309   9.0235025e-17   1.0000000e+00
1.7485284e-05           9   8.6531662e-04  -1.1124588e-04  -1.1391578e-01   6.9487110e-02  -8.9333249e-03  -1.1391578e-01   0.0000000e+00   0.0000000e+00            -nan   0.0000000e+00   0.0000000e+00            -nan   2.7899952e+00  -3.5868427e-01  -1.1391578e-01   0.0000000e+00   0.0000000e+00            -nan   0.0000000e+00   0.0000000e+00            -nan   2.7899952e+00  -3.5868427e-01  -1.1391578e-01   5.1152546e-05   5.1152546e-05   5.6688127e+11
1.9428094e-05          10   8.5376616e-04  -1.2279634e-04  -1.2574345e-01   6.8559579e-02  -9.8608564e-03  -1.2574345e-01   0.0000000e+00   0.0000000e+00            -nan   0.0000000e+00   0.0000000e+00            -nan   2.7527537e+00  -3.9592584e-01  -1.2574345e-01   0.0000000e+00   0.0000000e+00            -nan   0.0000000e+00   0.0000000e+00            -nan   2.7527537e+00  -3.9592584e-01  -1.2574345e-01   7.6230878e-05   7.6230878e-05   8.4480364e+11
