# Ref time     : 0.0000000e+00
# Ref step     : 0

# Mass_Psi     : total ELBDM mass
# MomX/Y/Z_Psi : total ELBDM momentum
# Ekin_Psi     : total ELBDM kinetic energy
# Epot_Psi     : total ELBDM potential energy
# Esel_Psi     : total ELBDM self-interaction energy
# Etot_Psi     : total ELBDM energy

# AErr         : absolute error --> (now - ref)
# RErr         : relative error --> (now - ref) / abs(ref)
#---------------------------------------------------------------------------------------------------------------------------------------------------------------------------------------

#        [ 1]        [ 2]            [ 3]            [ 4]            [ 5]            [ 6]            [ 7]            [ 8]            [ 9]            [10]            [11]            [12]            [13]            [14]            [15]            [16]            [17]            [18]            [19]            [20]            [21]            [22]            [23]            [24]            [25]            [26]            [27]            [28]            [29]            [30]            [31]            [32]            [33]            [34]            [35]            [36]            [37]            [38]            [39]            [40]            [41]            [42]            [43]            [44]            [45]            [46]            [47]            [48]            [49]            [50]            [51]            [52]            [53]            [54]            [55]            [56]            [57]            [58]            [59]            [60]            [61]            [62]            [63]            [64]            [65]            [66]            [67]            [68]            [69]            [70]            [71]            [72]            [73]            [74]            [75]            [76]            [77]            [78]            [79]            [80]
#        Time        Step        Mass_Psi   Mass_Psi_AErr   Mass_Psi_RErr        MomX_Psi   MomX_Psi_AErr   MomX_Psi_RErr        MomY_Psi   MomY_Psi_AErr   MomY_Psi_RErr        MomZ_Psi   MomZ_Psi_AErr   MomZ_Psi_RErr        Ekin_Psi   Ekin_Psi_AErr   Ekin_Psi_RErr        Epot_Psi   Epot_Psi_AErr   Epot_Psi_RErr        Esel_Psi   Esel_Psi_AErr   Esel_Psi_RErr        Etot_Psi   Etot_Psi_AErr   Etot_Psi_RErr           Phase      Phase_AErr      Phase_RErr
0.0000000e+00           0   9.7656250e-04   0.0000000e+00   0.0000000e+00   1.3633125e-01   0.0000000e+00   0.0000000e+00   0.0000000e+00   0.0000000e+00            -nan   0.0000000e+00   0.0000000e+00            -nan   9.5161390e+00   0.0000000e+00   0.0000000e+00   0.0000000e+00   0.0000000e+00            -nan   0.0000000e+00   0.0000000e+00            -nan   9.5161390e+00   0.0000000e+00   0.0000000e+00   4.2687814e-18   0.0000000e+00   0.0000000e+00
1.9428094e-06           1   9.7656250e-04   5.6871608e-14   5.8236527e-11   1.3633125e-01   7.9388440e-12   5.8232021e-11  -5.3414463e-35  -5.3414463e-35            -inf   4.2317797e-36   4.2317797e-36             inf   9.5161390e+00   5.2813576e-10   5.5498954e-11   0.0000000e+00   0.0000000e+00            -nan   0.0000000e+00   0.0000000e+00            -nan   9.5161390e+00   5.2813576e-10   5.5498954e-11   0.0000000e+00  -4.2687814e-18  -1.0000000e+00
3.8856187e-06           2   9.7656250e-04   1.1635419e-13   1.1914669e-10   1.3633125e-01   1.6089630e-11   1.1801865e-10  -2.3224308e-31  -2.3224308e-31            -inf   4.4724908e-30   4.4724908e-30             inf   9.5161390e+00   1.0968524e-09   1.1526233e-10   0.0000000e+00   0.0000000e+00            -nan   0.0000000e+00   0.0000000e+00            -nan   9.5161390e+00   1.0968524e-09   1.1526233e-10   0.0000000e+00  -4.2687814e-18  -1.0000000e+00
5.8284281e-06           3   9.7656250e-04   1.8353439e-13   1.8793922e-10   1.3633125e-01   2.5534325e-11   1.8729620e-10   3.2715591e-30   3.2715591e-30             inf  -1.4869624e-30  -1.4869624e-30            -inf   9.5161390e+00   1.7647679e-09   1.8544999e-10   0.0000000e+00   0.0000000e+00            -nan   0.0000000e+00   0.0000000e+00            -nan   9.5161390e+00   1.7647679e-09   1.8544999e-10   0.0000000e+00  -4.2687814e-18  -1.0000000e+00
7.7712375e-06           4   9.7656250e-04   2.5559589e-13   2.6173019e-10   1.3633125e-01   3.5593278e-11   2.6107939e-10   3.8286524e-30   3.8286524e-30             inf  -3.3346996e-30  -3.3346996e-30            -inf   9.5161390e+00   2.4590712e-09   2.5841060e-10   0.0000000e+00   0.0000000e+00            -nan   0.0000000e+00   0.0000000e+00            -nan   9.5161390e+00   2.4590712e-09   2.5841060e-10   0.0000000e+00  -4.2687814e-18  -1.0000000e+00
9.7140468e-06           5   9.7656250e-04   3.2628501e-13   3.3411585e-10   1.3633125e-01   4.5582010e-11   3.3434749e-10   2.2091933e-29   2.2091933e-29             inf   3.0331711e-30   3.0331711e-30             inf   9.5161390e+00   3.1550069e-09   3.3154275e-10   0.0000000e+00   0.0000000e+00            -nan   0.0000000e+00   0.0000000e+00            -nan   9.5161390e+00   3.1550069e-09   3.3154275e-10   0.0000000e+00  -4.2687814e-18  -1.0000000e+00
1.1656856e-05           6   9.7656250e-04   3.9511168e-13   4.0459436e-10   1.3633125e-01   5.5053184e-11   4.0381927e-10   3.7770520e-29   3.7770520e-29             inf  -1.3256513e-29  -1.3256513e-29            -inf   9.5161390e+00   3.8110510e-09   4.0048291e-10   0.0000000e+00   0.0000000e+00            -nan   0.0000000e+00   0.0000000e+00            -nan   9.5161390e+00   3.8110510e-09   4.0048291e-10   0.0000000e+00  -4.2687814e-18  -1.0000000e+00
1.3599666e-05           7   9.7656250e-04   4.6100818e-13   4.7207238e-10   1.3633125e-01   6.4330402e-11   4.7186836e-10   2.8634185e-29   2.8634185e-29             inf   3.7342241e-29   3.7342241e-29             inf   9.5161390e+00   4.4639066e-09   4.6908800e-10   0.0000000e+00   0.0000000e+00            -nan   0.0000000e+00   0.0000000e+00            -nan   9.5161390e+00   4.4639066e-09   4.6908800e-10   0.0000000e+00  -4.2687814e-18  -1.0000000e+00
1.5542475e-05           8   9.7656250e-04   5.2889680e-13   5.4159033e-10   1.3633125e-01   7.3704876e-11   5.4063083e-10   1.9012829e-29   1.9012829e-29             inf   2.1918624e-29   2.1918624e-29             inf   9.5161390e+00   5.1167834e-09   5.3769533e-10   0.0000000e+00   0.0000000e+00            -nan   0.0000000e+00   0.0000000e+00            -nan   9.5161390e+00   5.1167834e-09   5.3769533e-10   0.0000000e+00  -4.2687814e-18  -1.0000000e+00
1.7485284e-05           9   9.7656250e-04   5.9689862e-13   6.1122418e-10   1.3633125e-01   8.3341001e-11   6.1131254e-10  -3.2065554e-29  -3.2065554e-29            -inf   6.0516860e-29   6.0516860e-29             inf   9.5161390e+00   5.7895733e-09   6.0839520e-10   0.0000000e+00   0.0000000e+00            -nan   0.0000000e+00   0.0000000e+00            -nan   9.5161390e+00   5.7895733e-09   6.0839520e-10   0.0000000e+00  -4.2687814e-18  -1.0000000e+00
1.9428094e-05          10   9.7656250e-04   6.6744527e-13   6.8346395e-10   1.3633125e-01   9.3054092e-11   6.8255880e-10  -7.5649300e-29  -7.5649300e-29            -inf  -3.7934657e-29  -3.7934657e-29            -inf   9.5161390e+00   6.4653580e-09   6.7940979e-10   0.0000000e+00   0.0000000e+00            -nan   0.0000000e+00   0.0000000e+00            -nan   9.5161390e+00   6.4653580e-09   6.7940979e-10   0.0000000e+00  -4.2687814e-18  -1.0000000e+00
2.1370903e-05          11   9.7656250e-04   7.3456215e-13   7.5219164e-10   1.3633125e-01   1.0258533e-10   7.5247114e-10  -3.5487835e-29  -3.5487835e-29            -inf  -3.5196273e-29  -3.5196273e-29            -inf   9.5161390e+00   7.1271540e-09   7.4895438e-10   0.0000000e+00   0.0000000e+00            -nan   0.0000000e+00   0.0000000e+00            -nan   9.5161390e+00   7.1271540e-09   7.4895438e-10   0.0000000e+00  -4.2687814e-18  -1.0000000e+00
2.3313712e-05          12   9.7656250e-04   8.0187137e-13   8.2111629e-10   1.3633125e-01   1.1192031e-10   8.2094390e-10  -1.3541204e-28  -1.3541204e-28            -inf   1.0007353e-28   1.0007353e-28             inf   9.5161390e+00   7.7773041e-09   8.1727517e-10   0.0000000e+00   0.0000000e+00            -nan   0.0000000e+00   0.0000000e+00            -nan   9.5161390e+00   7.7773041e-09   8.1727517e-10   0.0000000e+00  -4.2687814e-18  -1.0000000e+00
2.5256522e-05          13   9.7656250e-04   8.6847543e-13   8.8931884e-10   1.3633125e-01   1.2121465e-10   8.8911861e-10  -1.1945980e-28  -1.1945980e-28            -inf   1.0867031e-28   1.0867031e-28             inf   9.5161390e+00   8.4373486e-09   8.8663571e-10   0.0000000e+00   0.0000000e+00            -nan   0.0000000e+00   0.0000000e+00            -nan   9.5161390e+00   8.4373486e-09   8.8663571e-10   0.0000000e+00  -4.2687814e-18  -1.0000000e+00
2.7199331e-05          14   9.7656250e-04   9.3676434e-13   9.5924668e-10   1.3633125e-01   1.3078016e-10   9.5928239e-10  -1.8569634e-28  -1.8569634e-28            -inf   5.0978210e-29   5.0978210e-29             inf   9.5161390e+00   9.0966399e-09   9.5591709e-10   0.0000000e+00   0.0000000e+00            -nan   0.0000000e+00   0.0000000e+00            -nan   9.5161390e+00   9.0966399e-09   9.5591709e-10   0.0000000e+00  -4.2687814e-18  -1.0000000e+00
2.9142140e-05          15   9.7656250e-04   1.0049971e-12   1.0291170e-09   1.3633125e-01   1.4030202e-10   1.0291259e-09  -1.6695473e-28  -1.6695473e-28            -inf   3.1867592e-29   3.1867592e-29             inf   9.5161390e+00   9.7653228e-09   1.0261854e-09   0.0000000e+00   0.0000000e+00            -nan   0.0000000e+00   0.0000000e+00            -nan   9.5161390e+00   9.7653228e-09   1.0261854e-09   0.0000000e+00  -4.2687814e-18  -1.0000000e+00
3.1084950e-05          16   9.7656250e-04   1.0747447e-12   1.1005385e-09   1.3633125e-01   1.4997378e-10   1.1000690e-09  -2.2360494e-28  -2.2360494e-28            -inf   5.1468937e-29   5.1468937e-29             inf   9.5161390e+00   1.0436322e-08   1.0966971e-09   0.0000000e+00   0.0000000e+00            -nan   0.0000000e+00   0.0000000e+00            -nan   9.5161390e+00   1.0436322e-08   1.0966971e-09   0.0000000e+00  -4.2687814e-18  -1.0000000e+00
3.3027759e-05          17   9.7656250e-04   1.1425613e-12   1.1699828e-09   1.3633125e-01   1.5959814e-10   1.1706644e-09  -2.2730858e-28  -2.2730858e-28            -inf   2.3784464e-29   2.3784464e-29             inf   9.5161390e+00   1.1103722e-08   1.1668306e-09   0.0000000e+00   0.0000000e+00            -nan   0.0000000e+00   0.0000000e+00            -nan   9.5161390e+00   1.1103722e-08   1.1668306e-09   0.0000000e+00  -4.2687814e-18  -1.0000000e+00
3.4970569e-05          18   9.7656250e-04   1.2101444e-12   1.2391879e-09   1.3633125e-01   1.6897625e-10   1.2394536e-09  -1.5690243e-28  -1.5690243e-28            -inf   3.9194504e-29   3.9194504e-29             inf   9.5161390e+00   1.1765788e-08   1.2364036e-09   0.0000000e+00   0.0000000e+00            -nan   0.0000000e+00   0.0000000e+00            -nan   9.5161390e+00   1.1765788e-08   1.2364036e-09   0.0000000e+00  -4.2687814e-18  -1.0000000e+00
3.6913378e-05          19   9.7656250e-04   1.2782980e-12   1.3089771e-09   1.3633125e-01   1.7830257e-10   1.3078628e-09  -1.3424406e-28  -1.3424406e-28            -inf  -8.4910785e-29  -8.4910785e-29            -inf   9.5161390e+00   1.2416940e-08   1.3048297e-09   0.0000000e+00   0.0000000e+00            -nan   0.0000000e+00   0.0000000e+00            -nan   9.5161390e+00   1.2416940e-08   1.3048297e-09   0.0000000e+00  -4.2687814e-18  -1.0000000e+00
3.8856187e-05          20   9.7656250e-04   1.3444972e-12   1.3767651e-09   1.3633125e-01   1.8770319e-10   1.3768171e-09  -1.6771865e-28  -1.6771865e-28            -inf   1.0429007e-29   1.0429007e-29             inf   9.5161390e+00   1.3077402e-08   1.3742341e-09   0.0000000e+00   0.0000000e+00            -nan   0.0000000e+00   0.0000000e+00            -nan   9.5161390e+00   1.3077402e-08   1.3742341e-09   0.0000000e+00  -4.2687814e-18  -1.0000000e+00
4.0798997e-05          21   9.7656250e-04   1.4124027e-12   1.4463004e-09   1.3633125e-01   1.9723490e-10   1.4467329e-09  -1.9506854e-28  -1.9506854e-28            -inf   5.4247861e-29   5.4247861e-29             inf   9.5161390e+00   1.3737772e-08   1.4436287e-09   0.0000000e+00   0.0000000e+00            -nan   0.0000000e+00   0.0000000e+00            -nan   9.5161390e+00   1.3737772e-08   1.4436287e-09   0.0000000e+00  -4.2687814e-18  -1.0000000e+00
4.2741806e-05          22   9.7656250e-04   1.4811399e-12   1.5166872e-09   1.3633125e-01   2.0678614e-10   1.5167920e-09  -2.0037414e-28  -2.0037414e-28            -inf   3.9401253e-29   3.9401253e-29             inf   9.5161390e+00   1.4409739e-08   1.5142422e-09   0.0000000e+00   0.0000000e+00            -nan   0.0000000e+00   0.0000000e+00            -nan   9.5161390e+00   1.4409739e-08   1.5142422e-09   0.0000000e+00  -4.2687814e-18  -1.0000000e+00
4.4684615e-05          23   9.7656250e-04   1.5503733e-12   1.5875823e-09   1.3633125e-01   2.1631275e-10   1.5866703e-09  -4.2629285e-28  -4.2629285e-28            -inf  -1.2439574e-28  -1.2439574e-28            -inf   9.5161390e+00   1.5075660e-08   1.5842202e-09   0.0000000e+00   0.0000000e+00            -nan   0.0000000e+00   0.0000000e+00            -nan   9.5161390e+00   1.5075660e-08   1.5842202e-09   0.0000000e+00  -4.2687814e-18  -1.0000000e+00
4.6627425e-05          24   9.7656250e-04   1.6193104e-12   1.6581738e-09   1.3633125e-01   2.2601973e-10   1.6578718e-09  -4.4512165e-28  -4.4512165e-28            -inf  -2.3122227e-29  -2.3122227e-29            -inf   9.5161390e+00   1.5754559e-08   1.6555620e-09   0.0000000e+00   0.0000000e+00            -nan   0.0000000e+00   0.0000000e+00            -nan   9.5161390e+00   1.5754559e-08   1.6555620e-09   0.0000000e+00  -4.2687814e-18  -1.0000000e+00
4.8570234e-05          25   9.7656250e-04   1.6875002e-12   1.7280002e-09   1.3633125e-01   2.3554192e-10   1.7277178e-09  -3.9953669e-28  -3.9953669e-28            -inf   9.3106459e-29   9.3106459e-29             inf   9.5161390e+00   1.6417200e-08   1.7251955e-09   0.0000000e+00   0.0000000e+00            -nan   0.0000000e+00   0.0000000e+00            -nan   9.5161390e+00   1.6417200e-08   1.7251955e-09   0.0000000e+00  -4.2687814e-18  -1.0000000e+00
5.0513043e-05          26   9.7656250e-04   1.7543512e-12   1.7964557e-09   1.3633125e-01   2.4495012e-10   1.7967276e-09  -3.5212673e-28  -3.5212673e-28            -inf   8.1018191e-29   8.1018191e-29             inf   9.5161390e+00   1.7070043e-08   1.7937993e-09   0.0000000e+00   0.0000000e+00            -nan   0.0000000e+00   0.0000000e+00            -nan   9.5161390e+00   1.7070043e-08   1.7937993e-09   0.0000000e+00  -4.2687814e-18  -1.0000000e+00
5.2455853e-05          27   9.7656250e-04   1.8218797e-12   1.8656048e-09   1.3633125e-01   2.5432378e-10   1.8654842e-09  -3.3876483e-28  -3.3876483e-28            -inf   1.1157471e-28   1.1157471e-28             inf   9.5161390e+00   1.7721916e-08   1.8623011e-09   0.0000000e+00   0.0000000e+00            -nan   0.0000000e+00   0.0000000e+00            -nan   9.5161390e+00   1.7721916e-08   1.8623011e-09   0.0000000e+00  -4.2687814e-18  -1.0000000e+00
5.4398662e-05          28   9.7656250e-04   1.8888253e-12   1.9341571e-09   1.3633125e-01   2.6366545e-10   1.9340060e-09  -3.8775939e-28  -3.8775939e-28            -inf   6.8692143e-29   6.8692143e-29             inf   9.5161390e+00   1.8377275e-08   1.9311692e-09   0.0000000e+00   0.0000000e+00            -nan   0.0000000e+00   0.0000000e+00            -nan   9.5161390e+00   1.8377275e-08   1.9311692e-09   0.0000000e+00  -4.2687814e-18  -1.0000000e+00
5.6341472e-05          29   9.7656250e-04   1.9568709e-12   2.0038358e-09   1.3633125e-01   2.7312444e-10   2.0033884e-09  -4.9079262e-28  -4.9079262e-28            -inf   7.8036178e-29   7.8036178e-29             inf   9.5161390e+00   1.9040671e-08   2.0008820e-09   0.0000000e+00   0.0000000e+00            -nan   0.0000000e+00   0.0000000e+00            -nan   9.5161390e+00   1.9040671e-08   2.0008820e-09   0.0000000e+00  -4.2687814e-18  -1.0000000e+00
5.8284281e-05          30   9.7656250e-04   2.0249785e-12   2.0735780e-09   1.3633125e-01   2.8279970e-10   2.0743572e-09  -4.8698362e-28  -4.8698362e-28            -inf   9.5360495e-29   9.5360495e-29             inf   9.5161390e+00   1.9707658e-08   2.0709720e-09   0.0000000e+00   0.0000000e+00            -nan   0.0000000e+00   0.0000000e+00            -nan   9.5161390e+00   1.9707658e-08   2.0709720e-09   0.0000000e+00  -4.2687814e-18  -1.0000000e+00
6.0227090e-05          31   9.7656250e-04   2.0942156e-12   2.1444768e-09   1.3633125e-01   2.9237568e-10   2.1445977e-09  -5.7552252e-28  -5.7552252e-28            -inf   6.7874538e-29   6.7874538e-29             inf   9.5161390e+00   2.0381043e-08   2.1417344e-09   0.0000000e+00   0.0000000e+00            -nan   0.0000000e+00   0.0000000e+00            -nan   9.5161390e+00   2.0381043e-08   2.1417344e-09   0.0000000e+00  -4.2687814e-18  -1.0000000e+00
6.2169900e-05          32   9.7656250e-04   2.1633084e-12   2.2152278e-09   1.3633125e-01   3.0192393e-10   2.2146348e-09  -5.7939859e-28  -5.7939859e-28            -inf   4.5030072e-29   4.5030072e-29             inf   9.5161390e+00   2.1049072e-08   2.2119340e-09   0.0000000e+00   0.0000000e+00            -nan   0.0000000e+00   0.0000000e+00            -nan   9.5161390e+00   2.1049072e-08   2.2119340e-09   0.0000000e+00  -4.2687814e-18  -1.0000000e+00
6.4112709e-05          33   9.7656250e-04   2.2320086e-12   2.2855768e-09   1.3633125e-01   3.1160491e-10   2.2856456e-09  -6.5938680e-28  -6.5938680e-28            -inf   1.0340969e-28   1.0340969e-28             inf   9.5161390e+00   2.1716076e-08   2.2820259e-09   0.0000000e+00   0.0000000e+00            -nan   0.0000000e+00   0.0000000e+00            -nan   9.5161390e+00   2.1716076e-08   2.2820259e-09   0.0000000e+00  -4.2687814e-18  -1.0000000e+00
6.6055518e-05          34   9.7656250e-04   2.2995546e-12   2.3547440e-09   1.3633125e-01   3.2100292e-10   2.3545807e-09  -7.6067319e-28  -7.6067319e-28            -inf   1.4747086e-28   1.4747086e-28             inf   9.5161390e+00   2.2378609e-08   2.3516480e-09   0.0000000e+00   0.0000000e+00            -nan   0.0000000e+00   0.0000000e+00            -nan   9.5161390e+00   2.2378609e-08   2.3516480e-09   0.0000000e+00  -4.2687814e-18  -1.0000000e+00
6.7998328e-05          35   9.7656250e-04   2.3664521e-12   2.4232469e-09   1.3633125e-01   3.3046163e-10   2.4239610e-09  -8.2506430e-28  -8.2506430e-28            -inf   1.9908728e-28   1.9908728e-28             inf   9.5161390e+00   2.3035819e-08   2.4207106e-09   0.0000000e+00   0.0000000e+00            -nan   0.0000000e+00   0.0000000e+00            -nan   9.5161390e+00   2.3035819e-08   2.4207106e-09   0.0000000e+00  -4.2687814e-18  -1.0000000e+00
6.9941137e-05          36   9.7656250e-04   2.4347839e-12   2.4932187e-09   1.3633125e-01   3.3976591e-10   2.4922086e-09  -9.9684304e-28  -9.9684304e-28            -inf   2.7081538e-28   2.7081538e-28             inf   9.5161390e+00   2.3684693e-08   2.4888974e-09   0.0000000e+00   0.0000000e+00            -nan   0.0000000e+00   0.0000000e+00            -nan   9.5161390e+00   2.3684693e-08   2.4888974e-09   0.0000000e+00  -4.2687814e-18  -1.0000000e+00
7.1883946e-05          37   9.7656250e-04   2.5015931e-12   2.5616314e-09   1.3633125e-01   3.4924796e-10   2.5617602e-09  -9.6509428e-28  -9.6509428e-28            -inf   2.8100671e-28   2.8100671e-28             inf   9.5161390e+00   2.4351300e-08   2.5589475e-09   0.0000000e+00   0.0000000e+00            -nan   0.0000000e+00   0.0000000e+00            -nan   9.5161390e+00   2.4351300e-08   2.5589475e-09   0.0000000e+00  -4.2687814e-18  -1.0000000e+00
7.3826756e-05          38   9.7656250e-04   2.5700351e-12   2.6317160e-09   1.3633125e-01   3.5878561e-10   2.6317196e-09  -1.1032503e-27  -1.1032503e-27            -inf   2.0479299e-28   2.0479299e-28             inf   9.5161390e+00   2.5013131e-08   2.6284958e-09   0.0000000e+00   0.0000000e+00            -nan   0.0000000e+00   0.0000000e+00            -nan   9.5161390e+00   2.5013131e-08   2.6284958e-09   0.0000000e+00  -4.2687814e-18  -1.0000000e+00
7.5769565e-05          39   9.7656250e-04   2.6390194e-12   2.7023559e-09   1.3633125e-01   3.6833986e-10   2.7018007e-09  -1.1126926e-27  -1.1126926e-27            -inf   2.7546172e-28   2.7546172e-28             inf   9.5161390e+00   2.5684605e-08   2.6990573e-09   0.0000000e+00   0.0000000e+00            -nan   0.0000000e+00   0.0000000e+00            -nan   9.5161390e+00   2.5684605e-08   2.6990573e-09   0.0000000e+00  -4.2687814e-18  -1.0000000e+00
7.7712375e-05          40   9.7656250e-04   2.7077080e-12   2.7726930e-09   1.3633125e-01   3.7793838e-10   2.7722065e-09  -1.0981959e-27  -1.0981959e-27            -inf   3.4245519e-28   3.4245519e-28             inf   9.5161390e+00   2.6354183e-08   2.7694197e-09   0.0000000e+00   0.0000000e+00            -nan   0.0000000e+00   0.0000000e+00            -nan   9.5161390e+00   2.6354183e-08   2.7694197e-09   0.0000000e+00  -4.2687814e-18  -1.0000000e+00
7.9655184e-05          41   9.7656250e-04   2.7763159e-12   2.8429474e-09   1.3633125e-01   3.8751446e-10   2.8424479e-09  -9.0754687e-28  -9.0754687e-28            -inf   4.1620054e-28   4.1620054e-28             inf   9.5161390e+00   2.7019578e-08   2.8393425e-09   0.0000000e+00   0.0000000e+00            -nan   0.0000000e+00   0.0000000e+00            -nan   9.5161390e+00   2.7019578e-08   2.8393425e-09   0.0000000e+00  -4.2687814e-18  -1.0000000e+00
8.1597993e-05          42   9.7656250e-04   2.8437678e-12   2.9120182e-09   1.3633125e-01   3.9687204e-10   2.9110864e-09  -9.2786100e-28  -9.2786100e-28            -inf   3.3284740e-28   3.3284740e-28             inf   9.5161390e+00   2.7675455e-08   2.9082651e-09   0.0000000e+00   0.0000000e+00            -nan   0.0000000e+00   0.0000000e+00            -nan   9.5161390e+00   2.7675455e-08   2.9082651e-09   0.0000000e+00  -4.2687814e-18  -1.0000000e+00
8.3540803e-05          43   9.7656250e-04   2.9102014e-12   2.9800462e-09   1.3633125e-01   4.0626844e-10   2.9800097e-09  -7.8028098e-28  -7.8028098e-28            -inf   2.6029714e-28   2.6029714e-28             inf   9.5161390e+00   2.8331918e-08   2.9772493e-09   0.0000000e+00   0.0000000e+00            -nan   0.0000000e+00   0.0000000e+00            -nan   9.5161390e+00   2.8331918e-08   2.9772493e-09   0.0000000e+00  -4.2687814e-18  -1.0000000e+00
8.5483612e-05          44   9.7656250e-04   2.9779916e-12   3.0494633e-09   1.3633125e-01   4.1581516e-10   3.0500356e-09  -7.2029058e-28  -7.2029058e-28            -inf   2.6497060e-28   2.6497060e-28             inf   9.5161390e+00   2.8989330e-08   3.0463332e-09   0.0000000e+00   0.0000000e+00            -nan   0.0000000e+00   0.0000000e+00            -nan   9.5161390e+00   2.8989330e-08   3.0463332e-09   0.0000000e+00  -4.2687814e-18  -1.0000000e+00
8.7426421e-05          45   9.7656250e-04   3.0464604e-12   3.1195755e-09   1.3633125e-01   4.2539458e-10   3.1203014e-09  -6.4121257e-28  -6.4121257e-28            -inf   4.2239419e-28   4.2239419e-28             inf   9.5161390e+00   2.9656549e-08   3.1164477e-09   0.0000000e+00   0.0000000e+00            -nan   0.0000000e+00   0.0000000e+00            -nan   9.5161390e+00   2.9656549e-08   3.1164477e-09   0.0000000e+00  -4.2687814e-18  -1.0000000e+00
8.9369231e-05          46   9.7656250e-04   3.1147190e-12   3.1894722e-09   1.3633125e-01   4.3486253e-10   3.1897496e-09  -5.2817512e-28  -5.2817512e-28            -inf   4.5557854e-28   4.5557854e-28             inf   9.5161390e+00   3.0322534e-08   3.1864324e-09   0.0000000e+00   0.0000000e+00            -nan   0.0000000e+00   0.0000000e+00            -nan   9.5161390e+00   3.0322534e-08   3.1864324e-09   0.0000000e+00  -4.2687814e-18  -1.0000000e+00
9.1312040e-05          47   9.7656250e-04   3.1839893e-12   3.2604051e-09   1.3633125e-01   4.4443704e-10   3.2599793e-09  -3.3078386e-28  -3.3078386e-28            -inf   5.2688860e-28   5.2688860e-28             inf   9.5161390e+00   3.0994094e-08   3.2570031e-09   0.0000000e+00   0.0000000e+00            -nan   0.0000000e+00   0.0000000e+00            -nan   9.5161390e+00   3.0994094e-08   3.2570031e-09   0.0000000e+00  -4.2687814e-18  -1.0000000e+00
9.3254849e-05          48   9.7656250e-04   3.2525246e-12   3.3305851e-09   1.3633125e-01   4.5407733e-10   3.3306915e-09  -2.6207246e-28  -2.6207246e-28            -inf   6.1439438e-28   6.1439438e-28             inf   9.5161390e+00   3.1665493e-08   3.3275568e-09   0.0000000e+00   0.0000000e+00            -nan   0.0000000e+00   0.0000000e+00            -nan   9.5161390e+00   3.1665493e-08   3.3275568e-09   0.0000000e+00  -4.2687814e-18  -1.0000000e+00
9.5197659e-05          49   9.7656250e-04   3.3204860e-12   3.4001777e-09   1.3633125e-01   4.6351820e-10   3.3999410e-09  -2.5912723e-28  -2.5912723e-28            -inf   6.1466670e-28   6.1466670e-28             inf   9.5161390e+00   3.2325836e-08   3.3969487e-09   0.0000000e+00   0.0000000e+00            -nan   0.0000000e+00   0.0000000e+00            -nan   9.5161390e+00   3.2325836e-08   3.3969487e-09   0.0000000e+00  -4.2687814e-18  -1.0000000e+00
9.7140468e-05          50   9.7656250e-04   3.3873861e-12   3.4686833e-09   1.3633125e-01   4.7291207e-10   3.4688458e-09  -7.4988201e-29  -7.4988201e-29            -inf   7.1108049e-28   7.1108049e-28             inf   9.5161390e+00   3.2983108e-08   3.4660179e-09   0.0000000e+00   0.0000000e+00            -nan   0.0000000e+00   0.0000000e+00            -nan   9.5161390e+00   3.2983108e-08   3.4660179e-09   0.0000000e+00  -4.2687814e-18  -1.0000000e+00
9.9083278e-05          51   9.7656250e-04   3.4549388e-12   3.5378573e-09   1.3633125e-01   4.8227666e-10   3.5375358e-09   2.0527563e-28   2.0527563e-28             inf   8.8765610e-28   8.8765610e-28             inf   9.5161390e+00   3.3634413e-08   3.5344600e-09   0.0000000e+00   0.0000000e+00            -nan   0.0000000e+00   0.0000000e+00            -nan   9.5161390e+00   3.3634413e-08   3.5344600e-09   0.0000000e+00  -4.2687814e-18  -1.0000000e+00
1.0102609e-04          52   9.7656250e-04   3.5228795e-12   3.6074286e-09   1.3633125e-01   4.9170515e-10   3.6066944e-09  -1.9389877e-29  -1.9389877e-29            -inf   1.2021332e-27   1.2021332e-27             inf   9.5161390e+00   3.4291519e-08   3.6035118e-09   0.0000000e+00   0.0000000e+00            -nan   0.0000000e+00   0.0000000e+00            -nan   9.5161390e+00   3.4291519e-08   3.6035118e-09   0.0000000e+00  -4.2687814e-18  -1.0000000e+00
1.0296890e-04          53   9.7656250e-04   3.5905072e-12   3.6766794e-09   1.3633125e-01   5.0122947e-10   3.6765561e-09   6.5414355e-29   6.5414355e-29             inf   1.3475833e-27   1.3475833e-27             inf   9.5161390e+00   3.4955015e-08   3.6732350e-09   0.0000000e+00   0.0000000e+00            -nan   0.0000000e+00   0.0000000e+00            -nan   9.5161390e+00   3.4955015e-08   3.6732350e-09   0.0000000e+00  -4.2687814e-18  -1.0000000e+00
1.0491171e-04          54   9.7656250e-04   3.6593137e-12   3.7471373e-09   1.3633125e-01   5.1082663e-10   3.7469519e-09   7.5599106e-29   7.5599106e-29             inf   1.3468261e-27   1.3468261e-27             inf   9.5161390e+00   3.5626389e-08   3.7437861e-09   0.0000000e+00   0.0000000e+00            -nan   0.0000000e+00   0.0000000e+00            -nan   9.5161390e+00   3.5626389e-08   3.7437861e-09   0.0000000e+00  -4.2687814e-18  -1.0000000e+00
1.0685452e-04          55   9.7656250e-04   3.7283414e-12   3.8178216e-09   1.3633125e-01   5.2046598e-10   3.8176573e-09  -7.3439151e-29  -7.3439151e-29            -inf   1.1053999e-27   1.1053999e-27             inf   9.5161390e+00   3.6300426e-08   3.8146170e-09   0.0000000e+00   0.0000000e+00            -nan   0.0000000e+00   0.0000000e+00            -nan   9.5161390e+00   3.6300426e-08   3.8146170e-09   0.0000000e+00  -4.2687814e-18  -1.0000000e+00
1.0879732e-04          56   9.7656250e-04   3.7966381e-12   3.8877574e-09   1.3633125e-01   5.3001284e-10   3.8876842e-09   2.6284514e-29   2.6284514e-29             inf   1.2073944e-27   1.2073944e-27             inf   9.5161390e+00   3.6965645e-08   3.8845213e-09   0.0000000e+00   0.0000000e+00            -nan   0.0000000e+00   0.0000000e+00            -nan   9.5161390e+00   3.6965645e-08   3.8845213e-09   0.0000000e+00  -4.2687814e-18  -1.0000000e+00
1.1074013e-04          57   9.7656250e-04   3.8649966e-12   3.9577566e-09   1.3633125e-01   5.3951468e-10   3.9573810e-09  -1.4621001e-28  -1.4621001e-28            -inf   9.9835463e-28   9.9835463e-28             inf   9.5161390e+00   3.7628780e-08   3.9542067e-09   0.0000000e+00   0.0000000e+00            -nan   0.0000000e+00   0.0000000e+00            -nan   9.5161390e+00   3.7628780e-08   3.9542067e-09   0.0000000e+00  -4.2687814e-18  -1.0000000e+00
1.1268294e-04          58   9.7656250e-04   3.9323809e-12   4.0267580e-09   1.3633125e-01   5.4898638e-10   4.0268566e-09  -2.0949640e-28  -2.0949640e-28            -inf   1.0489524e-27   1.0489524e-27             inf   9.5161390e+00   3.8290320e-08   4.0237244e-09   0.0000000e+00   0.0000000e+00            -nan   0.0000000e+00   0.0000000e+00            -nan   9.5161390e+00   3.8290320e-08   4.0237244e-09   0.0000000e+00  -4.2687814e-18  -1.0000000e+00
1.1462575e-04          59   9.7656250e-04   3.9999976e-12   4.0959975e-09   1.3633125e-01   5.5831217e-10   4.0952620e-09  -4.6767164e-29  -4.6767164e-29            -inf   9.4005353e-28   9.4005353e-28             inf   9.5161390e+00   3.8943163e-08   4.0923281e-09   0.0000000e+00   0.0000000e+00            -nan   0.0000000e+00   0.0000000e+00            -nan   9.5161390e+00   3.8943163e-08   4.0923281e-09   0.0000000e+00  -4.2687814e-18  -1.0000000e+00
1.1656856e-04          60   9.7656250e-04   4.0673918e-12   4.1650092e-09   1.3633125e-01   5.6776719e-10   4.1646153e-09   7.2030358e-29   7.2030358e-29             inf   9.0687159e-28   9.0687159e-28             inf   9.5161390e+00   3.9605354e-08   4.1619142e-09   0.0000000e+00   0.0000000e+00            -nan   0.0000000e+00   0.0000000e+00            -nan   9.5161390e+00   3.9605354e-08   4.1619142e-09   0.0000000e+00  -4.2687814e-18  -1.0000000e+00
1.1851137e-04          61   9.7656250e-04   4.1354671e-12   4.2347184e-09   1.3633125e-01   5.7726340e-10   4.2342707e-09   8.0262938e-29   8.0262938e-29             inf   8.0894075e-28   8.0894075e-28             inf   9.5161390e+00   4.0264304e-08   4.2311597e-09   0.0000000e+00   0.0000000e+00            -nan   0.0000000e+00   0.0000000e+00            -nan   9.5161390e+00   4.0264304e-08   4.2311597e-09   0.0000000e+00  -4.2687814e-18  -1.0000000e+00
1.2045418e-04          62   9.7656250e-04   4.2034134e-12   4.3042954e-09   1.3633125e-01   5.8684996e-10   4.3045888e-09   3.3568227e-28   3.3568227e-28             inf   7.6804295e-28   7.6804295e-28             inf   9.5161390e+00   4.0930823e-08   4.3012007e-09   0.0000000e+00   0.0000000e+00            -nan   0.0000000e+00   0.0000000e+00            -nan   9.5161390e+00   4.0930823e-08   4.3012007e-09   0.0000000e+00  -4.2687814e-18  -1.0000000e+00
1.2239699e-04          63   9.7656250e-04   4.2722022e-12   4.3747350e-09   1.3633125e-01   5.9638960e-10   4.3745628e-09   3.5575065e-28   3.5575065e-28             inf   7.7495135e-28   7.7495135e-28             inf   9.5161390e+00   4.1598485e-08   4.3713616e-09   0.0000000e+00   0.0000000e+00            -nan   0.0000000e+00   0.0000000e+00            -nan   9.5161390e+00   4.1598485e-08   4.3713616e-09   0.0000000e+00  -4.2687814e-18  -1.0000000e+00
1.2433980e-04          64   9.7656250e-04   4.3407545e-12   4.4449326e-09   1.3633125e-01   6.0594171e-10   4.4446283e-09   4.8065963e-28   4.8065963e-28             inf   7.5091041e-28   7.5091041e-28             inf   9.5161390e+00   4.2266269e-08   4.4415355e-09   0.0000000e+00   0.0000000e+00            -nan   0.0000000e+00   0.0000000e+00            -nan   9.5161390e+00   4.2266269e-08   4.4415355e-09   0.0000000e+00  -4.2687814e-18  -1.0000000e+00
1.2628261e-04          65   9.7656250e-04   4.4083877e-12   4.5141890e-09   1.3633125e-01   6.1537039e-10   4.5137883e-09   3.1212179e-28   3.1212179e-28             inf   8.1865061e-28   8.1865061e-28             inf   9.5161390e+00   4.2928756e-08   4.5111527e-09   0.0000000e+00   0.0000000e+00            -nan   0.0000000e+00   0.0000000e+00            -nan   9.5161390e+00   4.2928756e-08   4.5111527e-09   0.0000000e+00  -4.2687814e-18  -1.0000000e+00
1.2822542e-04          66   9.7656250e-04   4.4764487e-12   4.5838835e-09   1.3633125e-01   6.2484756e-10   4.5833041e-09   3.7902648e-28   3.7902648e-28             inf   7.2672672e-28   7.2672672e-28             inf   9.5161390e+00   4.3593859e-08   4.5810448e-09   0.0000000e+00   0.0000000e+00            -nan   0.0000000e+00   0.0000000e+00            -nan   9.5161390e+00   4.3593859e-08   4.5810448e-09   0.0000000e+00  -4.2687814e-18  -1.0000000e+00
1.3016823e-04          67   9.7656250e-04   4.5439407e-12   4.6529953e-09   1.3633125e-01   6.3432620e-10   4.6528306e-09   6.8345654e-28   6.8345654e-28             inf   6.4127189e-28   6.4127189e-28             inf   9.5161390e+00   4.4251157e-08   4.6501168e-09   0.0000000e+00   0.0000000e+00            -nan   0.0000000e+00   0.0000000e+00            -nan   9.5161390e+00   4.4251157e-08   4.6501168e-09   0.0000000e+00  -4.2687814e-18  -1.0000000e+00
1.3211104e-04          68   9.7656250e-04   4.6119278e-12   4.7226141e-09   1.3633125e-01   6.4377503e-10   4.7221385e-09   8.3542219e-28   8.3542219e-28             inf   4.6834726e-28   4.6834726e-28             inf   9.5161390e+00   4.4909763e-08   4.7193261e-09   0.0000000e+00   0.0000000e+00            -nan   0.0000000e+00   0.0000000e+00            -nan   9.5161390e+00   4.4909763e-08   4.7193261e-09   0.0000000e+00  -4.2687814e-18  -1.0000000e+00
1.3405385e-04          69   9.7656250e-04   4.6806194e-12   4.7929543e-09   1.3633125e-01   6.5337460e-10   4.7925521e-09   7.7946018e-28   7.7946018e-28             inf   6.1596960e-28   6.1596960e-28             inf   9.5161390e+00   4.5573508e-08   4.7890755e-09   0.0000000e+00   0.0000000e+00            -nan   0.0000000e+00   0.0000000e+00            -nan   9.5161390e+00   4.5573508e-08   4.7890755e-09   0.0000000e+00  -4.2687814e-18  -1.0000000e+00
1.3599666e-04          70   9.7656250e-04   4.7488730e-12   4.8628459e-09   1.3633125e-01   6.6298636e-10   4.8630551e-09   7.0584923e-28   7.0584923e-28             inf   4.3383151e-28   4.3383151e-28             inf   9.5161390e+00   4.6249244e-08   4.8600850e-09   0.0000000e+00   0.0000000e+00            -nan   0.0000000e+00   0.0000000e+00            -nan   9.5161390e+00   4.6249244e-08   4.8600850e-09   0.0000000e+00  -4.2687814e-18  -1.0000000e+00
1.3793946e-04          71   9.7656250e-04   4.8177230e-12   4.9333484e-09   1.3633125e-01   6.7250455e-10   4.9328717e-09   7.5593713e-28   7.5593713e-28             inf   2.0035834e-28   2.0035834e-28             inf   9.5161390e+00   4.6912836e-08   4.9298183e-09   0.0000000e+00   0.0000000e+00            -nan   0.0000000e+00   0.0000000e+00            -nan   9.5161390e+00   4.6912836e-08   4.9298183e-09   0.0000000e+00  -4.2687814e-18  -1.0000000e+00
1.3988227e-04          72   9.7656250e-04   4.8851353e-12   5.0023785e-09   1.3633125e-01   6.8198622e-10   5.0024204e-09   5.6100144e-28   5.6100144e-28             inf   3.1966662e-28   3.1966662e-28             inf   9.5161390e+00   4.7576224e-08   4.9995302e-09   0.0000000e+00   0.0000000e+00            -nan   0.0000000e+00   0.0000000e+00            -nan   9.5161390e+00   4.7576224e-08   4.9995302e-09   0.0000000e+00  -4.2687814e-18  -1.0000000e+00
1.4182508e-04          73   9.7656250e-04   4.9533862e-12   5.0722675e-09   1.3633125e-01   6.9140449e-10   5.0715042e-09   5.1160543e-28   5.1160543e-28             inf   5.8400267e-28   5.8400267e-28             inf   9.5161390e+00   4.8233584e-08   5.0686086e-09   0.0000000e+00   0.0000000e+00            -nan   0.0000000e+00   0.0000000e+00            -nan   9.5161390e+00   4.8233584e-08   5.0686086e-09   0.0000000e+00  -4.2687814e-18  -1.0000000e+00
1.4376789e-04          74   9.7656251e-04   5.0205738e-12   5.1410676e-09   1.3633125e-01   7.0082268e-10   5.1405873e-09   5.3775883e-28   5.3775883e-28             inf   7.5034914e-28   7.5034914e-28             inf   9.5161390e+00   4.8892772e-08   5.1378792e-09   0.0000000e+00   0.0000000e+00            -nan   0.0000000e+00   0.0000000e+00            -nan   9.5161390e+00   4.8892772e-08   5.1378792e-09   0.0000000e+00  -4.2687814e-18  -1.0000000e+00
1.4571070e-04          75   9.7656251e-04   5.0878427e-12   5.2099509e-09   1.3633125e-01   7.1029704e-10   5.2100825e-09   7.2261604e-28   7.2261604e-28             inf   7.3423941e-28   7.3423941e-28             inf   9.5161390e+00   4.9549321e-08   5.2068724e-09   0.0000000e+00   0.0000000e+00            -nan   0.0000000e+00   0.0000000e+00            -nan   9.5161390e+00   4.9549321e-08   5.2068724e-09   0.0000000e+00  -4.2687814e-18  -1.0000000e+00
1.4765351e-04          76   9.7656251e-04   5.1558425e-12   5.2795828e-09   1.3633125e-01   7.1975834e-10   5.2794818e-09   9.2178743e-28   9.2178743e-28             inf   5.6773699e-28   5.6773699e-28             inf   9.5161390e+00   5.0209280e-08   5.2762239e-09   0.0000000e+00   0.0000000e+00            -nan   0.0000000e+00   0.0000000e+00            -nan   9.5161390e+00   5.0209280e-08   5.2762239e-09   0.0000000e+00  -4.2687814e-18  -1.0000000e+00
1.4959632e-04          77   9.7656251e-04   5.2248880e-12   5.3502853e-09   1.3633125e-01   7.2937156e-10   5.3499955e-09   6.1914719e-28   6.1914719e-28             inf   6.2344880e-28   6.2344880e-28             inf   9.5161390e+00   5.0878072e-08   5.3465036e-09   0.0000000e+00   0.0000000e+00            -nan   0.0000000e+00   0.0000000e+00            -nan   9.5161390e+00   5.0878072e-08   5.3465036e-09   0.0000000e+00  -4.2687814e-18  -1.0000000e+00
1.5153913e-04          78   9.7656251e-04   5.2926528e-12   5.4196765e-09   1.3633125e-01   7.3878395e-10   5.4190361e-09   8.1927866e-28   8.1927866e-28             inf   8.3859641e-28   8.3859641e-28             inf   9.5161390e+00   5.1552856e-08   5.4174131e-09   0.0000000e+00   0.0000000e+00            -nan   0.0000000e+00   0.0000000e+00            -nan   9.5161390e+00   5.1552856e-08   5.4174131e-09   0.0000000e+00  -4.2687814e-18  -1.0000000e+00
1.5348194e-04          79   9.7656251e-04   5.3617985e-12   5.4904816e-09   1.3633125e-01   7.4852641e-10   5.4904978e-09   9.8053566e-28   9.8053566e-28             inf   7.6892339e-28   7.6892339e-28             inf   9.5161390e+00   5.2216031e-08   5.4871026e-09   0.0000000e+00   0.0000000e+00            -nan   0.0000000e+00   0.0000000e+00            -nan   9.5161390e+00   5.2216031e-08   5.4871026e-09   0.0000000e+00  -4.2687814e-18  -1.0000000e+00
1.5542475e-04          80   9.7656251e-04   5.4300906e-12   5.5604128e-09   1.3633125e-01   7.5805473e-10   5.5603887e-09   9.1333703e-28   9.1333703e-28             inf   9.2222038e-28   9.2222038e-28             inf   9.5161390e+00   5.2880790e-08   5.5569585e-09   0.0000000e+00   0.0000000e+00            -nan   0.0000000e+00   0.0000000e+00            -nan   9.5161390e+00   5.2880790e-08   5.5569585e-09   0.0000000e+00  -4.2687814e-18  -1.0000000e+00
1.5736756e-04          81   9.7656251e-04   5.4982642e-12   5.6302225e-09   1.3633125e-01   7.6751300e-10   5.6297658e-09   9.3875969e-28   9.3875969e-28             inf   1.0822363e-27   1.0822363e-27             inf   9.5161390e+00   5.3543529e-08   5.6266022e-09   0.0000000e+00   0.0000000e+00            -nan   0.0000000e+00   0.0000000e+00            -nan   9.5161390e+00   5.3543529e-08   5.6266022e-09   0.0000000e+00  -4.2687814e-18  -1.0000000e+00
1.5931037e-04          82   9.7656251e-04   5.5650538e-12   5.6986151e-09   1.3633125e-01   7.7690473e-10   5.6986549e-09   8.7448139e-28   8.7448139e-28             inf   9.6947385e-28   9.6947385e-28             inf   9.5161390e+00   5.4202564e-08   5.6958567e-09   0.0000000e+00   0.0000000e+00            -nan   0.0000000e+00   0.0000000e+00            -nan   9.5161390e+00   5.4202564e-08   5.6958567e-09   0.0000000e+00  -4.2687814e-18  -1.0000000e+00
1.6125318e-04          83   9.7656251e-04   5.6328050e-12   5.7679923e-09   1.3633125e-01   7.8629495e-10   5.7675328e-09   8.5305648e-28   8.5305648e-28             inf   9.1544843e-28   9.1544843e-28             inf   9.5161390e+00   5.4859546e-08   5.7648954e-09   0.0000000e+00   0.0000000e+00            -nan   0.0000000e+00   0.0000000e+00            -nan   9.5161390e+00   5.4859546e-08   5.7648954e-09   0.0000000e+00  -4.2687814e-18  -1.0000000e+00
1.6319599e-04          84   9.7656251e-04   5.7006604e-12   5.8374763e-09   1.3633125e-01   7.9580162e-10   5.8372650e-09   9.4916877e-28   9.4916877e-28             inf   8.5803800e-28   8.5803800e-28             inf   9.5161390e+00   5.5516610e-08   5.8339427e-09   0.0000000e+00   0.0000000e+00            -nan   0.0000000e+00   0.0000000e+00            -nan   9.5161390e+00   5.5516610e-08   5.8339427e-09   0.0000000e+00  -4.2687814e-18  -1.0000000e+00
1.6513880e-04          85   9.7656251e-04   5.7689925e-12   5.9074483e-09   1.3633125e-01   8.0532384e-10   5.9071112e-09   9.0019988e-28   9.0019988e-28             inf   9.1978832e-28   9.1978832e-28             inf   9.5161390e+00   5.6183140e-08   5.9039848e-09   0.0000000e+00   0.0000000e+00            -nan   0.0000000e+00   0.0000000e+00            -nan   9.5161390e+00   5.6183140e-08   5.9039848e-09   0.0000000e+00  -4.2687814e-18  -1.0000000e+00
1.6708161e-04          86   9.7656251e-04   5.8376997e-12   5.9778045e-09   1.3633125e-01   8.1493295e-10   5.9775948e-09   1.2042724e-27   1.2042724e-27             inf   8.7346393e-28   8.7346393e-28             inf   9.5161390e+00   5.6851578e-08   5.9742273e-09   0.0000000e+00   0.0000000e+00            -nan   0.0000000e+00   0.0000000e+00            -nan   9.5161390e+00   5.6851578e-08   5.9742273e-09   0.0000000e+00  -4.2687814e-18  -1.0000000e+00
1.6902441e-04          87   9.7656251e-04   5.9060868e-12   6.0478329e-09   1.3633125e-01   8.2446949e-10   6.0475460e-09   1.1382728e-27   1.1382728e-27             inf   9.6017199e-28   9.6017199e-28             inf   9.5161390e+00   5.7522385e-08   6.0447189e-09   0.0000000e+00   0.0000000e+00            -nan   0.0000000e+00   0.0000000e+00            -nan   9.5161390e+00   5.7522385e-08   6.0447189e-09   0.0000000e+00  -4.2687814e-18  -1.0000000e+00
1.7096722e-04          88   9.7656251e-04   5.9743228e-12   6.1177066e-09   1.3633125e-01   8.3391885e-10   6.1168578e-09   1.2553837e-27   1.2553837e-27             inf   8.2233395e-28   8.2233395e-28             inf   9.5161390e+00   5.8183216e-08   6.1141621e-09   0.0000000e+00   0.0000000e+00            -nan   0.0000000e+00   0.0000000e+00            -nan   9.5161390e+00   5.8183216e-08   6.1141621e-09   0.0000000e+00  -4.2687814e-18  -1.0000000e+00
1.7291003e-04          89   9.7656251e-04   6.0421147e-12   6.1871255e-09   1.3633125e-01   8.4338275e-10   6.1862762e-09   1.2556017e-27   1.2556017e-27             inf   1.0255067e-27   1.0255067e-27             inf   9.5161390e+00   5.8843474e-08   6.1835451e-09   0.0000000e+00   0.0000000e+00            -nan   0.0000000e+00   0.0000000e+00            -nan   9.5161390e+00   5.8843474e-08   6.1835451e-09   0.0000000e+00  -4.2687814e-18  -1.0000000e+00
1.7485284e-04          90   9.7656251e-04   6.1101762e-12   6.2568204e-09   1.3633125e-01   8.5287846e-10   6.2559280e-09   1.3076018e-27   1.3076018e-27             inf   1.1042196e-27   1.1042196e-27             inf   9.5161390e+00   5.9502648e-08   6.2528141e-09   0.0000000e+00   0.0000000e+00            -nan   0.0000000e+00   0.0000000e+00            -nan   9.5161390e+00   5.9502648e-08   6.2528141e-09   0.0000000e+00  -4.2687814e-18  -1.0000000e+00
1.7679565e-04          91   9.7656251e-04   6.1774724e-12   6.3257317e-09   1.3633125e-01   8.6235941e-10   6.3254714e-09   1.4379646e-27   1.4379646e-27             inf   1.0083077e-27   1.0083077e-27             inf   9.5161390e+00   6.0163771e-08   6.3222880e-09   0.0000000e+00   0.0000000e+00            -nan   0.0000000e+00   0.0000000e+00            -nan   9.5161390e+00   6.0163771e-08   6.3222880e-09   0.0000000e+00  -4.2687814e-18  -1.0000000e+00
1.7873846e-04          92   9.7656251e-04   6.2445678e-12   6.3944374e-09   1.3633125e-01   8.7182001e-10   6.3948656e-09   1.4339030e-27   1.4339030e-27             inf   9.0106062e-28   9.0106062e-28             inf   9.5161390e+00   6.0829208e-08   6.3922152e-09   0.0000000e+00   0.0000000e+00            -nan   0.0000000e+00   0.0000000e+00            -nan   9.5161390e+00   6.0829208e-08   6.3922152e-09   0.0000000e+00  -4.2687814e-18  -1.0000000e+00
1.8068127e-04          93   9.7656251e-04   6.3132811e-12   6.4647998e-09   1.3633125e-01   8.8141566e-10   6.4652505e-09   1.2712235e-27   1.2712235e-27             inf   1.0264855e-27   1.0264855e-27             inf   9.5161390e+00   6.1493626e-08   6.4620353e-09   0.0000000e+00   0.0000000e+00            -nan   0.0000000e+00   0.0000000e+00            -nan   9.5161390e+00   6.1493626e-08   6.4620353e-09   0.0000000e+00  -4.2687814e-18  -1.0000000e+00
1.8262408e-04          94   9.7656251e-04   6.3825401e-12   6.5357211e-09   1.3633125e-01   8.9093133e-10   6.5350486e-09   1.4902002e-27   1.4902002e-27             inf   1.0175433e-27   1.0175433e-27             inf   9.5161390e+00   6.2160948e-08   6.5321606e-09   0.0000000e+00   0.0000000e+00            -nan   0.0000000e+00   0.0000000e+00            -nan   9.5161390e+00   6.2160948e-08   6.5321606e-09   0.0000000e+00  -4.2687814e-18  -1.0000000e+00
1.8456689e-04          95   9.7656251e-04   6.4502503e-12   6.6050563e-09   1.3633125e-01   9.0044203e-10   6.6048103e-09   1.3704401e-27   1.3704401e-27             inf   1.0249892e-27   1.0249892e-27             inf   9.5161390e+00   6.2825201e-08   6.6019634e-09   0.0000000e+00   0.0000000e+00            -nan   0.0000000e+00   0.0000000e+00            -nan   9.5161390e+00   6.2825201e-08   6.6019634e-09   0.0000000e+00  -4.2687814e-18  -1.0000000e+00
1.8650970e-04          96   9.7656251e-04   6.5183390e-12   6.6747792e-09   1.3633125e-01   9.0998181e-10   6.6747854e-09   1.8091412e-27   1.8091412e-27             inf   1.0234039e-27   1.0234039e-27             inf   9.5161390e+00   6.3489725e-08   6.6717947e-09   0.0000000e+00   0.0000000e+00            -nan   0.0000000e+00   0.0000000e+00            -nan   9.5161390e+00   6.3489725e-08   6.6717947e-09   0.0000000e+00  -4.2687814e-18  -1.0000000e+00
1.8845251e-04          97   9.7656251e-04   6.5859341e-12   6.7439965e-09   1.3633125e-01   9.1946328e-10   6.7443327e-09   2.0008109e-27   2.0008109e-27             inf   7.9186083e-28   7.9186083e-28             inf   9.5161390e+00   6.4145196e-08   6.7406746e-09   0.0000000e+00   0.0000000e+00            -nan   0.0000000e+00   0.0000000e+00            -nan   9.5161390e+00   6.4145196e-08   6.7406746e-09   0.0000000e+00  -4.2687814e-18  -1.0000000e+00
1.9039532e-04          98   9.7656251e-04   6.6536989e-12   6.8133876e-09   1.3633125e-01   9.2878844e-10   6.8127334e-09   1.9571699e-27   1.9571699e-27             inf   2.3871054e-28   2.3871054e-28             inf   9.5161390e+00   6.4807958e-08   6.8103207e-09   0.0000000e+00   0.0000000e+00            -nan   0.0000000e+00   0.0000000e+00            -nan   9.5161390e+00   6.4807958e-08   6.8103207e-09   0.0000000e+00  -4.2687814e-18  -1.0000000e+00
1.9233813e-04          99   9.7656251e-04   6.7214288e-12   6.8827430e-09   1.3633125e-01   9.3831515e-10   6.8826125e-09   1.9312383e-27   1.9312383e-27             inf   2.8908192e-28   2.8908192e-28             inf   9.5161390e+00   6.5467328e-08   6.8796103e-09   0.0000000e+00   0.0000000e+00            -nan   0.0000000e+00   0.0000000e+00            -nan   9.5161390e+00   6.5467328e-08   6.8796103e-09   0.0000000e+00  -4.2687814e-18  -1.0000000e+00
1.9428094e-04         100   9.7656251e-04   6.7896448e-12   6.9525963e-09   1.3633125e-01   9.4780697e-10   6.9522358e-09   1.8575743e-27   1.8575743e-27             inf   3.1163280e-28   3.1163280e-28             inf   9.5161390e+00   6.6136304e-08   6.9499094e-09   0.0000000e+00   0.0000000e+00            -nan   0.0000000e+00   0.0000000e+00            -nan   9.5161390e+00   6.6136304e-08   6.9499094e-09   0.0000000e+00  -4.2687814e-18  -1.0000000e+00
