# Ref time     : 0.0000000e+00
# Ref step     : 0

# Mass_Psi     : total ELBDM mass
# MomX/Y/Z_Psi : total ELBDM momentum
# Ekin_Psi     : total ELBDM kinetic energy
# Epot_Psi     : total ELBDM potential energy
# Esel_Psi     : total ELBDM self-interaction energy
# Etot_Psi     : total ELBDM energy

# AErr         : absolute error --> (now - ref)
# RErr         : relative error --> (now - ref) / abs(ref)
#---------------------------------------------------------------------------------------------------------------------------------------------------------------------------------------

#        [ 1]        [ 2]            [ 3]            [ 4]            [ 5]            [ 6]            [ 7]            [ 8]            [ 9]            [10]            [11]            [12]            [13]            [14]            [15]            [16]            [17]            [18]            [19]            [20]            [21]            [22]            [23]            [24]            [25]            [26]            [27]            [28]            [29]            [30]            [31]            [32]            [33]            [34]            [35]            [36]            [37]            [38]            [39]            [40]            [41]            [42]            [43]            [44]            [45]            [46]            [47]            [48]            [49]            [50]            [51]            [52]            [53]            [54]            [55]            [56]            [57]            [58]            [59]            [60]            [61]            [62]            [63]            [64]            [65]            [66]            [67]            [68]            [69]            [70]            [71]            [72]            [73]            [74]            [75]            [76]            [77]            [78]            [79]            [80]
#        Time        Step        Mass_Psi   Mass_Psi_AErr   Mass_Psi_RErr        MomX_Psi   MomX_Psi_AErr   MomX_Psi_RErr        MomY_Psi   MomY_Psi_AErr   MomY_Psi_RErr        MomZ_Psi   MomZ_Psi_AErr   MomZ_Psi_RErr        Ekin_Psi   Ekin_Psi_AErr   Ekin_Psi_RErr        Epot_Psi   Epot_Psi_AErr   Epot_Psi_RErr        Esel_Psi   Esel_Psi_AErr   Esel_Psi_RErr        Etot_Psi   Etot_Psi_AErr   Etot_Psi_RErr           Phase      Phase_AErr      Phase_RErr
0.0000000e+00           0   9.7656250e-04   0.0000000e+00   0.0000000e+00   1.3374940e-01   0.0000000e+00   0.0000000e+00   0.0000000e+00   0.0000000e+00            -nan   0.0000000e+00   0.0000000e+00            -nan   9.1591185e+00   0.0000000e+00   0.0000000e+00   0.0000000e+00   0.0000000e+00            -nan   0.0000000e+00   0.0000000e+00            -nan   9.1591185e+00   0.0000000e+00   0.0000000e+00  -1.3529591e-17   0.0000000e+00   0.0000000e+00
1.9428094e-06           1   9.7656230e-04  -1.9815953e-10  -2.0291536e-07   1.3374938e-01  -2.7139969e-08  -2.0291656e-07   0.0000000e+00   0.0000000e+00            -nan   0.0000000e+00   0.0000000e+00            -nan   9.1591166e+00  -1.8585411e-06  -2.0291703e-07   0.0000000e+00   0.0000000e+00            -nan   0.0000000e+00   0.0000000e+00            -nan   9.1591166e+00  -1.8585411e-06  -2.0291703e-07  4.3658748e+237  4.3658748e+237  3.2269082e+254
3.8856187e-06           2   9.7656210e-04  -3.9632581e-10  -4.0583763e-07   1.3374935e-01  -5.4280507e-08  -4.0583737e-07   0.0000000e+00   0.0000000e+00            -nan   0.0000000e+00   0.0000000e+00            -nan   9.1591148e+00  -3.7170793e-06  -4.0583373e-07   0.0000000e+00   0.0000000e+00            -nan   0.0000000e+00   0.0000000e+00            -nan   9.1591148e+00  -3.7170793e-06  -4.0583373e-07  1.4349966e+174  1.4349966e+174  1.0606356e+191
5.8284281e-06           3   9.7656191e-04  -5.9448356e-10  -6.0875117e-07   1.3374932e-01  -8.1420248e-08  -6.0875222e-07   0.0000000e+00   0.0000000e+00            -nan   0.0000000e+00   0.0000000e+00            -nan   9.1591129e+00  -5.5756467e-06  -6.0875364e-07   0.0000000e+00   0.0000000e+00            -nan   0.0000000e+00   0.0000000e+00            -nan   9.1591129e+00  -5.5756467e-06  -6.0875364e-07  1.2485336e+174  1.2485336e+174  9.2281694e+190
7.7712375e-06           4   9.7656171e-04  -7.9265017e-10  -8.1167377e-07   1.3374930e-01  -1.0856083e-07  -8.1167333e-07   0.0000000e+00   0.0000000e+00            -nan   0.0000000e+00   0.0000000e+00            -nan   9.1591111e+00  -7.4341998e-06  -8.1167198e-07   0.0000000e+00   0.0000000e+00            -nan   0.0000000e+00   0.0000000e+00            -nan   9.1591111e+00  -7.4341998e-06  -8.1167198e-07  1.1263176e+174  1.1263176e+174  8.3248457e+190
9.7140468e-06           5   9.7656151e-04  -9.9080925e-10  -1.0145887e-06   1.3374927e-01  -1.3570057e-07  -1.0145882e-06   0.0000000e+00   0.0000000e+00            -nan   0.0000000e+00   0.0000000e+00            -nan   9.1591092e+00  -9.2927378e-06  -1.0145887e-06   0.0000000e+00   0.0000000e+00            -nan   0.0000000e+00   0.0000000e+00            -nan   9.1591092e+00  -9.2927378e-06  -1.0145887e-06  1.5579390e+174  1.5579390e+174  1.1515049e+191
1.1656856e-05           6   9.7656131e-04  -1.1889688e-09  -1.2175040e-06   1.3374924e-01  -1.6284053e-07  -1.2175047e-06   0.0000000e+00   0.0000000e+00            -nan   0.0000000e+00   0.0000000e+00            -nan   9.1591074e+00  -1.1151317e-05  -1.2175099e-06   0.0000000e+00   0.0000000e+00            -nan   0.0000000e+00   0.0000000e+00            -nan   9.1591074e+00  -1.1151317e-05  -1.2175099e-06  1.3738904e+174  1.3738904e+174  1.0154708e+191
1.3599666e-05           7   9.7656111e-04  -1.3871350e-09  -1.4204263e-06   1.3374921e-01  -1.8998107e-07  -1.4204255e-06   0.0000000e+00   0.0000000e+00            -nan   0.0000000e+00   0.0000000e+00            -nan   9.1591055e+00  -1.3009817e-05  -1.4204224e-06   0.0000000e+00   0.0000000e+00            -nan   0.0000000e+00   0.0000000e+00            -nan   9.1591055e+00  -1.3009817e-05  -1.4204224e-06  1.1874275e+174  1.1874275e+174  8.7765216e+190
1.5542475e-05           8   9.7656091e-04  -1.5852928e-09  -1.6233398e-06   1.3374919e-01  -2.1712080e-07  -1.6233403e-06   0.0000000e+00   0.0000000e+00            -nan   0.0000000e+00   0.0000000e+00            -nan   9.1591036e+00  -1.4868383e-05  -1.6233422e-06   0.0000000e+00   0.0000000e+00            -nan   0.0000000e+00   0.0000000e+00            -nan   9.1591036e+00  -1.4868383e-05  -1.6233422e-06  1.0009645e+174  1.0009645e+174  7.3983350e+190
1.7485284e-05           9   9.7656072e-04  -1.7834589e-09  -1.8262619e-06   1.3374916e-01  -2.4426117e-07  -1.8262599e-06   0.0000000e+00   0.0000000e+00            -nan   0.0000000e+00   0.0000000e+00            -nan   9.1591018e+00  -1.6726936e-05  -1.8262605e-06   0.0000000e+00   0.0000000e+00            -nan   0.0000000e+00   0.0000000e+00            -nan   9.1591018e+00  -1.6726936e-05  -1.8262605e-06  5.9640600e-315   1.3529591e-17   1.0000000e+00
1.9428094e-05          10   9.7656052e-04  -1.9816184e-09  -2.0291773e-06   1.3374913e-01  -2.7140114e-07  -2.0291764e-06   0.0000000e+00   0.0000000e+00            -nan   0.0000000e+00   0.0000000e+00            -nan   9.1590999e+00  -1.8585474e-05  -2.0291772e-06   0.0000000e+00   0.0000000e+00            -nan   0.0000000e+00   0.0000000e+00            -nan   9.1590999e+00  -1.8585474e-05  -2.0291772e-06  5.9640600e-315   1.3529591e-17   1.0000000e+00
