#                  Coord.                Numerical               Analytical                    Error
   5.0390625000000000e-01  -2.1869459329311486e-01   9.7540833843316010e-01   1.1941029317262750e+00
   5.1171875000000000e-01  -6.1509127332069391e-01  -7.8810919356929521e-01   1.7301792024860130e-01
   5.1953125000000000e-01  -8.9296240466419163e-01   4.4947620716444864e-01   1.3424386118286402e+00
   5.2734375000000000e-01  -9.9939926124499112e-01  -2.4534164011477150e-02   9.7486509723351400e-01
   5.3515625000000000e-01  -9.1393780304875305e-01  -4.0511896400022912e-01   5.0881883904852399e-01
   5.4296875000000000e-01  -6.5297278746585363e-01   7.5698057580641231e-01   1.4099533632722658e+00
   5.5078125000000000e-01  -2.6662966918450148e-01  -9.6348570726258997e-01   6.9685603807808849e-01
   5.5859375000000000e-01   1.7090827088025920e-01   9.8498095107929473e-01   8.1407268019903556e-01
   5.6640625000000000e-01   5.7563316747353799e-01  -8.1733876014985340e-01   1.3929719276233914e+00
   5.7421875000000000e-01   8.6982630234036040e-01   4.9275002498121534e-01   3.7707627735914506e-01
   5.8203125000000000e-01   9.9699192243041779e-01  -7.3542733388799381e-02   1.0705346558192173e+00
   5.8984375000000000e-01   9.3270763197955453e-01  -3.5978633784014963e-01   1.2924939698197042e+00
   5.9765625000000000e-01   6.8932005671225816e-01   7.2402872782803229e-01   3.4708671115774137e-02
   6.0546875000000000e-01   3.1364541576158689e-01  -9.4924209790050362e-01   1.2628875136620905e+00
   6.1328125000000000e-01  -1.2263905088509502e-01   9.9218065834014313e-01   1.1148197092252381e+00
   6.2109375000000000e-01  -5.3474997008189795e-01  -8.4459928606680734e-01   3.0984931598490939e-01
   6.2890625000000000e-01  -8.4459041411966540e-01   5.3483676482804798e-01   1.3794271789477133e+00
   6.3671875000000000e-01  -9.9216780277459860e-01  -1.2237413187986208e-01   8.6979367089473647e-01
   6.4453125000000000e-01  -9.4922784973487195e-01  -3.1358695487870564e-01   6.3564089485616626e-01
   6.5234375000000000e-01  -7.2404106583940220e-01   6.8933263122688748e-01   1.4133736970662896e+00
   6.6015625000000000e-01  -3.5979618442020178e-01  -9.3271168118077852e-01   5.7291549676057674e-01
   6.6796875000000000e-01   7.3549761051208584e-02   9.9699011549028760e-01   9.2344035443907901e-01
   6.7578125000000000e-01   4.9275538359979798e-01  -8.6982509832546562e-01   1.3625804819252636e+00
   6.8359375000000000e-01   8.1733422758230800e-01   5.7563503606224165e-01   2.4169919152006636e-01
   6.9140625000000000e-01   9.8497749834979054e-01  -1.7091072036851812e-01   1.1558882187183086e+00
   6.9921875000000000e-01   9.6348867023346618e-01  -2.6663211347593241e-01   1.2301207837093986e+00
   7.0703125000000000e-01   7.5698397553708463e-01   6.5297587193870910e-01   1.0400810359837553e-01
   7.1484375000000000e-01   4.0511262317893121e-01  -9.1393428032519375e-01   1.3190469035041250e+00
   7.2265625000000000e-01  -2.4389965118339837e-02   9.9939773612619487e-01   1.0237877012445347e+00
   7.3046875000000000e-01  -4.4948342972417887e-01  -8.9295542573457698e-01   4.4347199601039811e-01
   7.3828125000000000e-01  -7.8810548478685605e-01   6.1504655207488679e-01   1.4031520368617429e+00
   7.4609375000000000e-01  -9.7543711341003225e-01  -2.1903556996179521e-01   7.5640154344823707e-01
   8.7890625000000000e-01  -5.3487276944511863e-01  -8.4459893623592586e-01   3.0972616679080722e-01
   8.8671875000000000e-01  -1.2235138770292842e-01   9.9218057829672501e-01   1.1145319659996535e+00
   8.9453125000000000e-01   3.1360144332048562e-01  -9.4924230301462964e-01   1.2628437463351152e+00
   9.0234375000000000e-01   6.8932412932172693e-01   7.2402917871339822e-01   3.4705049391671294e-02
   9.1015625000000000e-01   9.3270701373912779e-01  -3.5978694791710986e-01   1.2924939616562376e+00
   9.1796875000000000e-01   9.9699159712057395e-01  -7.3542081268141865e-02   1.0705336783887158e+00
   9.2578125000000000e-01   8.6982300562980663e-01   4.9274945603793818e-01   3.7707354959186845e-01
   9.3359375000000000e-01   5.7564227984635374e-01  -8.1733838363324895e-01   1.3929806634796027e+00
   9.4140625000000000e-01   1.7094522986442789e-01   9.8498083928860403e-01   8.1403560942417608e-01
   9.4921875000000000e-01  -2.6660859796771763e-01  -9.6348588166405991e-01   6.9687728369634228e-01
   9.5703125000000000e-01  -6.5296765607762652e-01   7.5698100291121206e-01   1.4099486589888386e+00
   9.6484375000000000e-01  -9.1393850520944508e-01  -4.0511956179509900e-01   5.0881894341434608e-01
   9.7265625000000000e-01  -9.9939935690223103e-01  -2.4533510315953196e-02   9.7486584658627784e-01
   9.8046875000000000e-01  -8.9295509813672658e-01   4.4947562309180933e-01   1.3424307212285358e+00
   9.8828125000000000e-01  -6.1504577342494993e-01  -7.8810879127401190e-01   1.7306301784906197e-01
   9.9609375000000000e-01  -2.1904111868688364e-01   9.7540819516451649e-01   1.1944493138514001e+00
   7.5390625000000000e-01  -9.7545457445019312e-01  -2.1903493195758061e-01   7.5641964249261251e-01
   7.6171875000000000e-01  -7.8807777234688159e-01   6.1504603658114343e-01   1.4031238089280249e+00
   7.6953125000000000e-01  -4.4945458148433654e-01  -8.9295513173711671e-01   4.4350055025278018e-01
   7.7734375000000000e-01  -2.4548596899991400e-02   9.9939772007887051e-01   1.0239463169788618e+00
   7.8515625000000000e-01   4.0510901948507522e-01  -9.1393454530943519e-01   1.3190435647945105e+00
   7.9296875000000000e-01   7.5698778139266165e-01   6.5297636707186768e-01   1.0401141432079397e-01
   8.0078125000000000e-01   9.6349028040528029e-01  -2.6663274368178419e-01   1.2301230240870644e+00
   8.0859375000000000e-01   9.8497861263544828e-01  -1.7091007610294867e-01   1.1558886887383970e+00
   8.1640625000000000e-01   8.1733874916743354e-01   5.7563450144974004e-01   2.4170424771769350e-01
   8.2421875000000000e-01   4.9274510414751838e-01  -8.6982477602305219e-01   1.3625698801705706e+00
   8.3203125000000000e-01   7.3489836866016831e-02   9.9699006738697382e-01   9.2350023052095698e-01
   8.3984375000000000e-01  -3.5980030533368640e-01  -9.3271191651343077e-01   5.7291161117974432e-01
   8.4765625000000000e-01  -7.2403736088184512e-01   6.8933310480659715e-01   1.4133704656884423e+00
   8.5546875000000000e-01  -9.4923264537091201e-01  -3.1358757576797341e-01   6.3564506960293854e-01
   8.6328125000000000e-01  -9.9216342408535785e-01  -1.2237348290503000e-01   8.6978994118032782e-01
   8.7109375000000000e-01  -8.4463965576617950e-01   5.3483621238471646e-01   1.3794758681508958e+00
   3.9062500000000000e-03   2.1904110887108058e-01  -9.7540833843315389e-01   1.1944494473042344e+00
   1.1718750000000000e-02   6.1504576549423040e-01   7.8810919356928266e-01   1.7306342807505226e-01
   1.9531250000000000e-02   8.9295509361357339e-01  -4.4947620716441211e-01   1.3424313007779856e+00
   2.7343750000000000e-02   9.9939935665537227e-01   2.4534164011443361e-02   9.7486519264392890e-01
   3.5156250000000000e-02   9.1393850928598952e-01   4.0511896400025349e-01   5.0881954528573603e-01
   4.2968750000000000e-02   6.5296766369553561e-01  -7.5698057580642508e-01   1.4099482395019607e+00
   5.0781250000000000e-02   2.6660860766500660e-01   9.6348570726260097e-01   6.9687709959759436e-01
   5.8593750000000000e-02  -1.7094521995374845e-01  -9.8498095107929384e-01   8.1403573112554539e-01
   6.6406250000000000e-02  -5.7564227162153614e-01   8.1733876014985440e-01   1.3929810317713907e+00
   7.4218750000000000e-02  -8.6982300067129859e-01  -4.9275002498122306e-01   3.7707297569007553e-01
   8.2031250000000000e-02  -9.9699159638063717e-01   7.3542733388815257e-02   1.0705343297694525e+00
   8.9843750000000000e-02  -9.3270701735940287e-01   3.5978633784018116e-01   1.2924933551995841e+00
   9.7656250000000000e-02  -6.8932413660723635e-01  -7.2402872782805061e-01   3.4704591220814263e-02
   1.0546875000000000e-01  -3.1360145287305030e-01   9.4924209790050973e-01   1.2628435507735600e+00
   1.1328125000000000e-01   1.2235137771832547e-01  -9.9218065834014157e-01   1.1145320360584670e+00
   1.2109375000000000e-01   5.3487276094608049e-01   8.4459928606680446e-01   3.0972652512072396e-01
   1.2890625000000000e-01   8.4463965038376454e-01  -5.3483676482805542e-01   1.3794764152118200e+00
   1.3671875000000000e-01   9.9216342285409642e-01   1.2237413187987789e-01   8.6978929097421853e-01
   1.4453125000000000e-01   9.4923264852672684e-01   3.1358695487868377e-01   6.3564569364804302e-01
   1.5234375000000000e-01   7.2403736781808592e-01  -6.8933263122691202e-01   1.4133699990449979e+00
   1.6015625000000000e-01   3.5980031471807244e-01   9.3271168118078551e-01   5.7291136646271301e-01
   1.6796875000000000e-01  -7.3489826831487581e-02  -9.9699011549028616e-01   9.2350028865879863e-01
   1.7578125000000000e-01  -4.9274509539499184e-01   8.6982509832546306e-01   1.3625701937204548e+00
   1.8359375000000000e-01  -8.1733874337469126e-01  -5.7563503606223732e-01   2.4170370731245394e-01
   1.9140625000000000e-01  -9.8497861091552696e-01   1.7091072036852681e-01   1.1558893312840537e+00
   1.9921875000000000e-01  -9.6349028308847007e-01   2.6663211347591020e-01   1.2301223965643802e+00
   2.0703125000000000e-01  -7.5698778796369359e-01  -6.5297587193873474e-01   1.0401191602495885e-01
   2.1484375000000000e-01  -4.0510902868161508e-01   9.1393428032520174e-01   1.3190433090068168e+00
   2.2265625000000000e-01   2.4548586843555278e-02  -9.9939773612619431e-01   1.0239463229697496e+00
   2.3046875000000000e-01   4.4945457249805593e-01   8.9295542573457454e-01   4.4350085323651861e-01
   2.3828125000000000e-01   7.8807776615713276e-01  -6.1504655207488257e-01   1.4031243182320154e+00
   2.4609375000000000e-01   9.7545457224670651e-01   2.1903556996180382e-01   7.5641900228490266e-01
   2.5390625000000000e-01   9.7543711561448776e-01   2.1903493195757198e-01   7.5640218365691581e-01
   2.6171875000000000e-01   7.8810549097579519e-01  -6.1504603658112533e-01   1.4031515275569206e+00
   2.6953125000000000e-01   4.4948343870975815e-01   8.9295513173713192e-01   4.4347169302737377e-01
   2.7734375000000000e-01   2.4389975228440827e-02  -9.9939772007887107e-01   1.0237876953073120e+00
   2.8515625000000000e-01  -4.0511261398144932e-01   9.1393454530943874e-01   1.3190471592908881e+00
   2.9296875000000000e-01  -7.5698396896636311e-01  -6.5297636707187434e-01   1.0400760189448877e-01
   3.0078125000000000e-01  -9.6348866755030638e-01   2.6663274368179268e-01   1.2301214112320991e+00
   3.0859375000000000e-01  -9.8497750006980422e-01   1.7091007610293998e-01   1.1558875761727443e+00
   3.1640625000000000e-01  -8.1733423337507483e-01  -5.7563450144970962e-01   2.4169973192536520e-01
   3.2421875000000000e-01  -4.9275539235271898e-01   8.6982477602306185e-01   1.3625801683757808e+00
   3.3203125000000000e-01  -7.3549771083868787e-02  -9.9699006738697526e-01   9.2344029630310653e-01
   3.3984375000000000e-01   3.5979617503454514e-01   9.3271191651343388e-01   5.7291574147888880e-01
   3.4765625000000000e-01   7.2404105890296266e-01  -6.8933310480660348e-01   1.4133741637095660e+00
   3.5546875000000000e-01   9.4922784657887727e-01   3.1358757576798180e-01   6.3564027081089547e-01
   3.6328125000000000e-01   9.9216780400552329e-01   1.2237348290502124e-01   8.6979432110050203e-01
   3.7109375000000000e-01   8.4459041950279479e-01  -5.3483621238468493e-01   1.3794266318874797e+00
   3.7890625000000000e-01   5.3474997858461415e-01   8.4459893623590598e-01   3.0984895765129183e-01
   3.8671875000000000e-01   1.2263906084323875e-01  -9.9218057829672746e-01   1.1148196391399663e+00
   3.9453125000000000e-01  -3.1364540621048148e-01   9.4924230301462353e-01   1.2628877092251050e+00
   4.0234375000000000e-01  -6.8932004942637171e-01  -7.2402917871340433e-01   3.4709129287032625e-02
   4.1015625000000000e-01  -9.3270762835912857e-01   3.5978694791711807e-01   1.2924945762762468e+00
   4.1796875000000000e-01  -9.9699192317027807e-01   7.3542081268133067e-02   1.0705340044384111e+00
   4.2578125000000000e-01  -8.6982630729860411e-01  -4.9274945603793052e-01   3.7707685126067358e-01
   4.3359375000000000e-01  -5.7563317569874295e-01   8.1733838363322753e-01   1.3929715593319705e+00
   4.4140625000000000e-01  -1.7090828079242690e-01  -9.8498083928860736e-01   8.1407255849618043e-01
   4.4921875000000000e-01   2.6662965948927642e-01   9.6348588166405469e-01   6.9685622217477827e-01
   4.5703125000000000e-01   6.5297277984857527e-01  -7.5698100291121784e-01   1.4099537827597932e+00
   4.6484375000000000e-01   9.1393779897198590e-01   4.0511956179510705e-01   5.0881823717687880e-01
   4.7265625000000000e-01   9.9939926149189162e-01   2.4533510315944376e-02   9.7486575117594720e-01
   4.8046875000000000e-01   8.9296240918715175e-01  -4.4947562309180150e-01   1.3424380322789533e+00
   4.8828125000000000e-01   6.1509128125087420e-01   7.8810879127398892e-01   1.7301751002311472e-01
   4.9609375000000000e-01   2.1869460312249750e-01  -9.7540819516450838e-01   1.1941027982870058e+00
