#                  Coord.                Numerical               Analytical                    Error
   5.0390625000000000e-01   2.0694120518859171e-01   1.9037212667467807e+00   1.6967800615581889e+00
   5.1171875000000000e-01   6.9931612538026511e-01   1.2429166146967721e+00   5.4360048931650695e-01
   5.1953125000000000e-01   1.5619372377883964e+00   4.0448807120389052e-01   1.1574491665845059e+00
   5.2734375000000000e-01   2.0199343407757349e+00   1.5058487681242072e-03   2.0184284920076108e+00
   5.3515625000000000e-01   1.6862465665158786e+00   3.2863596115970972e-01   1.3576106053561690e+00
   5.4296875000000000e-01   8.4214294454544292e-01   1.1466764762934307e+00   3.0453353174798781e-01
   5.5078125000000000e-01   1.3352296856166521e-01   1.8574651818509524e+00   1.7239422132892872e+00
   5.5859375000000000e-01   6.6514617220048061e-02   1.9412638292473394e+00   1.8747492120272913e+00
   5.6640625000000000e-01   6.7038067856489503e-01   1.3367977219503777e+00   6.6641704338548269e-01
   5.7421875000000000e-01   1.5069000625781648e+00   4.8606059660668000e-01   1.0208394659714848e+00
   5.8203125000000000e-01   1.9814971409185871e+00   1.1122866089890326e-02   1.9703742748286968e+00
   5.8984375000000000e-01   1.7489623531317013e+00   2.5926537816231476e-01   1.4896969749693865e+00
   5.9765625000000000e-01   9.6073329920053019e-01   1.0490429950273299e+00   8.8309695826799706e-02
   6.0546875000000000e-01   1.8464112701937443e-01   1.8029597151990497e+00   1.6183185881796753e+00
   6.1328125000000000e-01   1.3546210431513529e-02   1.9697415065250259e+00   1.9561952960935123e+00
   6.2109375000000000e-01   5.9647804133955273e-01   1.4274352830294530e+00   8.3095724168990026e-01
   6.2890625000000000e-01   1.4035219274024222e+00   5.7258263941180676e-01   8.3093928799061545e-01
   6.3671875000000000e-01   1.9864521264672235e+00   3.0263310786456610e-02   1.9561888156807670e+00
   6.4453125000000000e-01   1.8153589035879325e+00   1.9702847449979477e-01   1.6183304290881377e+00
   6.5234375000000000e-01   1.0392667409500866e+00   9.5093720290971373e-01   8.8329538040372912e-02
   6.6015625000000000e-01   2.5103768844310698e-01   1.7407213075473367e+00   1.4896836191042298e+00
   6.6796875000000000e-01   1.8510606187065688e-02   1.9888800429803051e+00   1.9703694367932394e+00
   6.7578125000000000e-01   4.9309990402145459e-01   1.5139564086728585e+00   1.0208565046514040e+00
   6.8359375000000000e-01   1.3296192837499168e+00   6.6322094504969642e-01   6.6639833870022036e-01
   6.9140625000000000e-01   1.9334849046486871e+00   5.8742849912086892e-02   1.8747420547366000e+00
   6.9921875000000000e-01   1.8664770360423617e+00   1.4252462557674139e-01   1.7239524104656203e+00
   7.0703125000000000e-01   1.1578570946731543e+00   8.5330391234830394e-01   3.0455318232485040e-01
   7.1484375000000000e-01   3.1375347077244342e-01   1.6713493487846431e+00   1.3575958780121997e+00
   7.2265625000000000e-01  -1.9934342731787947e-02   1.9984951240448479e+00   2.0184294667766358e+00
   7.3046875000000000e-01   4.3806273227748643e-01   1.5955278531437891e+00   1.1574651208663027e+00
   7.3828125000000000e-01   1.3006838353313577e+00   7.5710261708870119e-01   5.4358121824265648e-01
   7.4609375000000000e-01   1.7930587406660781e+00   9.6287209936633089e-02   1.6967715307294449e+00
   8.7890625000000000e-01   5.9647807316781176e-01   1.4274173605877760e+00   8.3093928741996426e-01
   8.8671875000000000e-01   1.3546222214906273e-02   1.9697366892134867e+00   1.9561904669985803e+00
   8.9453125000000000e-01   1.8464110438574435e-01   1.8029715255003449e+00   1.6183304211146006e+00
   9.0234375000000000e-01   9.6073325875595172e-01   1.0490627970905202e+00   8.8329538334568469e-02
   9.1015625000000000e-01   1.7489623260094902e+00   2.5927869245266799e-01   1.4896836335568222e+00
   9.1796875000000000e-01   1.9814971469523097e+00   1.1119957019627313e-02   1.9703771899326825e+00
   9.2578125000000000e-01   1.5069000968587822e+00   4.8604359132674557e-01   1.0208565055320367e+00
   9.3359375000000000e-01   6.7038071608884042e-01   1.3367790549500831e+00   6.6639833886124267e-01
   9.4140625000000000e-01   6.6514630676922940e-02   1.9412571500878344e+00   1.8747425194109115e+00
   9.4921875000000000e-01   1.3352294801609563e-01   1.8574753744232622e+00   1.7239524264071666e+00
   9.5703125000000000e-01   8.4214290505214351e-01   1.1466960876517027e+00   3.0455318259955921e-01
   9.6484375000000000e-01   1.6862465370126758e+00   3.2865065121569892e-01   1.3575958857969770e+00
   9.7265625000000000e-01   2.0199343427315100e+00   1.5048759551407054e-03   2.0184294667763694e+00
   9.8046875000000000e-01   1.5619372698947827e+00   4.0447214685602273e-01   1.1574651230387598e+00
   9.8828125000000000e-01   6.9931616428574372e-01   1.2428973829110717e+00   5.4358121862532793e-01
   9.9609375000000000e-01   2.0694122174679797e-01   1.9037127900633641e+00   1.6967715683165663e+00
   7.5390625000000000e-01   1.7930587572245300e+00   9.6278733253216342e-02   1.6967800239713138e+00
   7.6171875000000000e-01   1.3006838742367171e+00   7.5708338530322128e-01   5.4360048893349577e-01
   7.6953125000000000e-01   4.3806276438386826e-01   1.5955119287961042e+00   1.1574491644122360e+00
   7.7734375000000000e-01  -1.9934340775841743e-02   1.9984941512318755e+00   2.0184284920077173e+00
   7.8515625000000000e-01   3.1375344126933780e-01   1.6713640388402955e+00   1.3576105975709578e+00
   7.9296875000000000e-01   1.1578570551797698e+00   8.5332352370657594e-01   3.0453353147319384e-01
   8.0078125000000000e-01   1.8664770154967421e+00   1.4253481814905111e-01   1.7239421973476909e+00
   8.0859375000000000e-01   1.9334849181056792e+00   5.8736170752658245e-02   1.8747487473530211e+00
   8.1640625000000000e-01   1.3296193212742822e+00   6.6320227804940179e-01   6.6641704322488038e-01
   8.2421875000000000e-01   4.9309993830247451e-01   1.5139394033933140e+00   1.0208394650908394e+00
   8.3203125000000000e-01   1.8510612221621325e-02   1.9888771339101088e+00   1.9703665216884874e+00
   8.3984375000000000e-01   2.5103766132084432e-01   1.7407346218379951e+00   1.4896969605171508e+00
   8.4765625000000000e-01   1.0392667005056777e+00   9.5095700497290403e-01   8.8309695532773680e-02
   8.5546875000000000e-01   1.8153588809549155e+00   1.9704028480108982e-01   1.6183185961538258e+00
   8.6328125000000000e-01   1.9864521382505775e+00   3.0258493474917492e-02   1.9561936447756600e+00
   8.7109375000000000e-01   1.4035219592300316e+00   5.7256471697054090e-01   8.3095724225949075e-01
   3.9062500000000000e-03   2.0694120518844880e-01   1.9037212667468091e+00   1.6967800615583604e+00
   1.1718750000000000e-02   6.9931612538027055e-01   1.2429166146967003e+00   5.4360048931642979e-01
   1.9531250000000000e-02   1.5619372377884155e+00   4.0448807120389663e-01   1.1574491665845188e+00
   2.7343750000000000e-02   2.0199343407757016e+00   1.5058487681290922e-03   2.0184284920075726e+00
   3.5156250000000000e-02   1.6862465665158288e+00   3.2863596115974092e-01   1.3576106053560879e+00
   4.2968750000000000e-02   8.4214294454542060e-01   1.1466764762933881e+00   3.0453353174796749e-01
   5.0781250000000000e-02   1.3352296856166160e-01   1.8574651818508863e+00   1.7239422132892246e+00
   5.8593750000000000e-02   6.6514617220023275e-02   1.9412638292473252e+00   1.8747492120273019e+00
   6.6406250000000000e-02   6.7038067856483197e-01   1.3367977219504450e+00   6.6641704338561303e-01
   7.4218750000000000e-02   1.5069000625780977e+00   4.8606059660659529e-01   1.0208394659715023e+00
   8.2031250000000000e-02   1.9814971409185638e+00   1.1122866089892436e-02   1.9703742748286714e+00
   8.9843750000000000e-02   1.7489623531317233e+00   2.5926537816226669e-01   1.4896969749694566e+00
   9.7656250000000000e-02   9.6073329920054285e-01   1.0490429950273719e+00   8.8309695826829016e-02
   1.0546875000000000e-01   1.8464112701934229e-01   1.8029597151990240e+00   1.6183185881796818e+00
   1.1328125000000000e-01   1.3546210431517854e-02   1.9697415065250639e+00   1.9561952960935460e+00
   1.2109375000000000e-01   5.9647804133973115e-01   1.4274352830294406e+00   8.3095724168970941e-01
   1.2890625000000000e-01   1.4035219274022572e+00   5.7258263941189713e-01   8.3093928799036010e-01
   1.3671875000000000e-01   1.9864521264672339e+00   3.0263310786439401e-02   1.9561888156807945e+00
   1.4453125000000000e-01   1.8153589035879549e+00   1.9702847449976901e-01   1.6183304290881859e+00
   1.5234375000000000e-01   1.0392667409500453e+00   9.5093720290961392e-01   8.8329538040431421e-02
   1.6015625000000000e-01   2.5103768844306729e-01   1.7407213075473460e+00   1.4896836191042788e+00
   1.6796875000000000e-01   1.8510606187107603e-02   1.9888800429803113e+00   1.9703694367932036e+00
   1.7578125000000000e-01   4.9309990402157100e-01   1.5139564086729931e+00   1.0208565046514222e+00
   1.8359375000000000e-01   1.3296192837500311e+00   6.6322094504968354e-01   6.6639833870034759e-01
   1.9140625000000000e-01   1.9334849046487352e+00   5.8742849912120532e-02   1.8747420547366147e+00
   1.9921875000000000e-01   1.8664770360423437e+00   1.4252462557677759e-01   1.7239524104655661e+00
   2.0703125000000000e-01   1.1578570946731277e+00   8.5330391234831748e-01   3.0455318232481021e-01
   2.1484375000000000e-01   3.1375347077244620e-01   1.6713493487845690e+00   1.3575958780121229e+00
   2.2265625000000000e-01  -1.9934342731772779e-02   1.9984951240448416e+00   2.0184294667766145e+00
   2.3046875000000000e-01   4.3806273227748332e-01   1.5955278531437782e+00   1.1574651208662949e+00
   2.3828125000000000e-01   1.3006838353313905e+00   7.5710261708879811e-01   5.4358121824259242e-01
   2.4609375000000000e-01   1.7930587406662695e+00   9.6287209936627205e-02   1.6967715307296423e+00
   2.5390625000000000e-01   1.7930587572245362e+00   9.6278733253222115e-02   1.6967800239713142e+00
   2.6171875000000000e-01   1.3006838742368207e+00   7.5708338530334474e-01   5.4360048893347601e-01
   2.6953125000000000e-01   4.3806276438390801e-01   1.5955119287961150e+00   1.1574491644122071e+00
   2.7734375000000000e-01  -1.9934340775877239e-02   1.9984941512318706e+00   2.0184284920077480e+00
   2.8515625000000000e-01   3.1375344126931909e-01   1.6713640388402011e+00   1.3576105975708821e+00
   2.9296875000000000e-01   1.1578570551798104e+00   8.5332352370656239e-01   3.0453353147324802e-01
   3.0078125000000000e-01   1.8664770154967869e+00   1.4253481814910252e-01   1.7239421973476845e+00
   3.0859375000000000e-01   1.9334849181056446e+00   5.8736170752662908e-02   1.8747487473529816e+00
   3.1640625000000000e-01   1.3296193212741678e+00   6.6320227804962872e-01   6.6641704322453910e-01
   3.2421875000000000e-01   4.9309993830236304e-01   1.5139394033934233e+00   1.0208394650910602e+00
   3.3203125000000000e-01   1.8510612221590478e-02   1.9888771339101106e+00   1.9703665216885200e+00
   3.3984375000000000e-01   2.5103766132085570e-01   1.7407346218377571e+00   1.4896969605169015e+00
   3.4765625000000000e-01   1.0392667005055818e+00   9.5095700497254976e-01   8.8309695533032029e-02
   3.5546875000000000e-01   1.8153588809546435e+00   1.9704028480094626e-01   1.6183185961536972e+00
   3.6328125000000000e-01   1.9864521382503353e+00   3.0258493474948245e-02   1.9561936447753872e+00
   3.7109375000000000e-01   1.4035219592301849e+00   5.7256471697055322e-01   8.3095724225963163e-01
   3.7890625000000000e-01   5.9647807316757773e-01   1.4274173605881995e+00   8.3093928742062173e-01
   3.8671875000000000e-01   1.3546222215179708e-02   1.9697366892135726e+00   1.9561904669983929e+00
   3.9453125000000000e-01   1.8464110438605949e-01   1.8029715255002010e+00   1.6183304211141416e+00
   4.0234375000000000e-01   9.6073325875604931e-01   1.0490627970903930e+00   8.8329538334343649e-02
   4.1015625000000000e-01   1.7489623260094733e+00   2.5927869245265878e-01   1.4896836335568144e+00
   4.1796875000000000e-01   1.9814971469523699e+00   1.1119957019696036e-02   1.9703771899326739e+00
   4.2578125000000000e-01   1.5069000968589690e+00   4.8604359132714725e-01   1.0208565055318217e+00
   4.3359375000000000e-01   6.7038071608904137e-01   1.3367790549503100e+00   6.6639833886126865e-01
   4.4140625000000000e-01   6.6514630677012174e-02   1.9412571500879152e+00   1.8747425194109031e+00
   4.4921875000000000e-01   1.3352294801607112e-01   1.8574753744232551e+00   1.7239524264071839e+00
   4.5703125000000000e-01   8.4214290505211498e-01   1.1466960876516894e+00   3.0455318259957442e-01
   4.6484375000000000e-01   1.6862465370127400e+00   3.2865065121535186e-01   1.3575958857973882e+00
   4.7265625000000000e-01   2.0199343427316307e+00   1.5048759551525848e-03   2.0184294667764782e+00
   4.8046875000000000e-01   1.5619372698948342e+00   4.0447214685621635e-01   1.1574651230386177e+00
   4.8828125000000000e-01   6.9931616428571219e-01   1.2428973829113055e+00   5.4358121862559328e-01
   4.9609375000000000e-01   2.0694122174686644e-01   1.9037127900633699e+00   1.6967715683165034e+00
